0.203,0.146,-0.015,0.208,0.208,0.249,0.249
0.203,-0.050,-0.015,0.235,0.235,0.247,0.247
0.203,-0.245,-0.015,0.220,0.220,0.255,0.255
0.204,-0.392,-0.015,0.224,0.224,0.255,0.255
0.203,-0.164,-0.015,0.220,0.220,0.255,0.255
0.200,0.097,-0.015,0.221,0.221,0.250,0.250
0.198,0.195,-0.015,0.208,0.208,0.249,0.249
0.200,0.163,-0.015,0.221,0.221,0.249,0.249
0.204,0.146,-0.016,0.214,0.214,0.256,0.256
0.205,0.130,-0.016,0.218,0.218,0.252,0.252
0.204,-0.050,-0.016,0.221,0.221,0.259,0.259
0.203,-0.262,-0.016,0.224,0.224,0.253,0.253
0.202,-0.343,-0.016,0.232,0.232,0.256,0.256
0.203,-0.327,-0.016,0.221,0.221,0.258,0.258
0.203,-0.311,-0.016,0.240,0.240,0.279,0.279
0.203,-0.311,-0.016,0.227,0.227,0.290,0.290
0.203,-0.294,-0.016,0.233,0.233,0.276,0.276
0.203,-0.278,-0.016,0.230,0.230,0.266,0.266
0.201,-0.327,-0.016,0.241,0.241,0.275,0.275
0.199,-0.262,-0.017,0.226,0.226,0.276,0.276
0.198,-0.311,-0.017,0.240,0.240,0.253,0.253
0.201,-0.294,-0.016,0.233,0.233,0.270,0.270
0.205,-0.311,-0.015,0.237,0.237,0.276,0.276
0.206,-0.115,-0.015,0.215,0.215,0.273,0.273
0.204,0.146,-0.015,0.238,0.238,0.264,0.264
0.203,0.636,-0.014,0.218,0.218,0.262,0.262
0.203,1.272,-0.014,0.224,0.224,0.261,0.261
0.203,1.713,-0.014,0.220,0.220,0.244,0.244
0.203,2.186,-0.014,0.241,0.241,0.253,0.253
0.203,2.823,-0.015,0.217,0.217,0.272,0.272
0.203,3.557,-0.015,0.241,0.241,0.259,0.259
0.201,4.340,-0.007,0.217,0.217,0.252,0.252
0.199,5.091,0.003,0.235,0.235,0.247,0.247
0.198,5.891,0.009,0.212,0.212,0.256,0.256
0.203,6.788,-0.020,0.238,0.238,0.237,0.237
0.206,7.539,-0.047,0.221,0.221,0.255,0.255
0.207,8.306,-0.049,0.237,0.237,0.259,0.259
0.206,8.975,-0.040,0.226,0.226,0.258,0.258
0.204,9.824,-0.024,0.240,0.240,0.250,0.250
0.204,10.787,-0.021,0.235,0.235,0.250,0.250
0.204,11.701,-0.028,0.238,0.238,0.250,0.250
0.204,12.500,-0.028,0.243,0.243,0.258,0.258
0.204,13.202,-0.029,0.240,0.240,0.256,0.256
0.204,13.904,-0.027,0.230,0.230,0.262,0.262
0.202,14.655,0.006,0.244,0.244,0.258,0.258
0.202,15.373,0.004,0.237,0.237,0.264,0.264
0.201,16.140,0.018,0.237,0.237,0.252,0.252
0.202,16.842,-0.004,0.233,0.233,0.255,0.255
0.207,17.641,-0.077,0.238,0.238,0.249,0.249
0.207,18.212,-0.080,0.235,0.235,0.259,0.259
0.206,18.523,-0.075,0.230,0.230,0.258,0.258
0.205,18.816,-0.041,0.232,0.232,0.253,0.253
0.205,19.192,-0.046,0.218,0.218,0.250,0.250
0.205,19.649,-0.039,0.217,0.217,0.240,0.240
0.206,19.844,-0.073,0.203,0.203,0.237,0.237
0.206,19.877,-0.065,0.206,0.206,0.217,0.217
0.205,19.844,-0.051,0.200,0.200,0.230,0.230
0.205,19.812,-0.053,0.215,0.215,0.250,0.250
0.203,19.828,-0.011,0.201,0.201,0.237,0.237
0.203,19.812,-0.001,0.224,0.224,0.238,0.238
0.201,19.844,0.037,0.200,0.200,0.235,0.235
0.208,19.877,-0.100,0.218,0.218,0.240,0.240
0.209,20.204,-0.119,0.208,0.208,0.227,0.227
0.210,20.628,-0.137,0.230,0.230,0.230,0.230
0.208,20.758,-0.108,0.206,0.206,0.253,0.253
0.207,20.628,-0.080,0.241,0.241,0.240,0.240
0.207,20.644,-0.087,0.215,0.215,0.244,0.244
0.208,20.742,-0.116,0.235,0.235,0.240,0.240
0.208,20.856,-0.106,0.220,0.220,0.255,0.255
0.209,21.117,-0.129,0.238,0.238,0.238,0.238
0.208,21.313,-0.108,0.223,0.223,0.256,0.256
0.205,21.313,-0.037,0.229,0.229,0.255,0.255
0.204,21.313,-0.024,0.223,0.223,0.261,0.261
0.206,21.362,-0.062,0.229,0.229,0.249,0.249
0.209,21.574,-0.118,0.224,0.224,0.258,0.258
0.211,21.836,-0.176,0.224,0.224,0.255,0.255
0.211,22.146,-0.173,0.227,0.227,0.240,0.240
0.211,22.276,-0.163,0.224,0.224,0.249,0.249
0.210,22.407,-0.153,0.215,0.215,0.253,0.253
0.210,22.619,-0.158,0.230,0.230,0.252,0.252
0.210,22.798,-0.143,0.223,0.223,0.255,0.255
0.210,22.815,-0.146,0.212,0.212,0.247,0.247
0.211,22.864,-0.169,0.220,0.220,0.252,0.252
0.210,23.060,-0.152,0.211,0.211,0.241,0.241
0.208,23.304,-0.106,0.218,0.218,0.250,0.250
0.206,23.598,-0.053,0.206,0.206,0.252,0.252
0.208,23.843,-0.113,0.224,0.224,0.246,0.246
0.212,24.153,-0.209,0.206,0.206,0.247,0.247
0.214,24.708,-0.237,0.221,0.221,0.252,0.252
0.214,25.524,-0.249,0.208,0.208,0.252,0.252
0.213,26.601,-0.234,0.224,0.224,0.247,0.247
0.213,28.021,-0.211,0.209,0.209,0.249,0.249
0.213,29.816,-0.210,0.232,0.232,0.255,0.255
0.213,31.970,-0.225,0.227,0.227,0.255,0.255
0.214,34.435,-0.246,0.246,0.246,0.267,0.267
0.215,36.785,-0.280,0.226,0.226,0.264,0.264
0.214,38.841,-0.252,0.249,0.249,0.278,0.278
0.212,40.636,-0.164,0.230,0.230,0.255,0.255
0.212,42.252,-0.157,0.243,0.243,0.272,0.272
0.210,43.737,-0.100,0.240,0.240,0.281,0.281
0.211,45.173,-0.143,0.249,0.249,0.270,0.270
0.216,46.544,-0.342,0.221,0.221,0.262,0.262
0.218,47.850,-0.471,0.244,0.244,0.261,0.261
0.218,49.057,-0.435,0.224,0.224,0.273,0.273
0.215,50.281,-0.333,0.247,0.247,0.262,0.262
0.218,51.522,-0.445,0.226,0.226,0.266,0.266
0.217,52.631,-0.407,0.246,0.246,0.261,0.261
0.217,53.660,-0.396,0.221,0.221,0.259,0.259
0.218,54.541,-0.478,0.241,0.241,0.253,0.253
0.219,55.292,-0.500,0.227,0.227,0.273,0.273
0.217,55.928,-0.395,0.237,0.237,0.252,0.252
0.214,56.271,-0.256,0.221,0.221,0.259,0.259
0.215,56.352,-0.293,0.240,0.240,0.255,0.255
0.219,56.548,-0.521,0.227,0.227,0.261,0.261
0.221,56.695,-0.610,0.235,0.235,0.253,0.253
0.222,56.630,-0.683,0.230,0.230,0.258,0.258
0.221,56.434,-0.630,0.238,0.238,0.273,0.273
0.219,56.124,-0.548,0.235,0.235,0.252,0.252
0.220,55.781,-0.595,0.226,0.226,0.246,0.246
0.221,55.340,-0.615,0.235,0.235,0.259,0.259
0.221,54.818,-0.628,0.229,0.229,0.256,0.256
0.222,54.247,-0.691,0.230,0.230,0.256,0.256
0.222,53.513,-0.709,0.224,0.224,0.249,0.249
0.222,52.778,-0.695,0.237,0.237,0.259,0.259
0.219,51.913,-0.532,0.230,0.230,0.255,0.255
0.218,51.048,-0.503,0.232,0.232,0.258,0.258
0.222,50.281,-0.694,0.237,0.237,0.259,0.259
0.225,49.416,-0.841,0.241,0.241,0.259,0.259
0.226,48.535,-0.901,0.221,0.221,0.253,0.253
0.226,47.523,-0.890,0.243,0.243,0.255,0.255
0.225,46.446,-0.837,0.221,0.221,0.244,0.244
0.225,45.189,-0.840,0.227,0.227,0.249,0.249
0.226,44.129,-0.889,0.211,0.211,0.249,0.249
0.226,43.329,-0.865,0.229,0.229,0.244,0.244
0.227,42.546,-0.931,0.209,0.209,0.230,0.230
0.227,41.615,-0.938,0.223,0.223,0.232,0.232
0.226,40.701,-0.885,0.201,0.201,0.227,0.227
0.225,39.983,-0.860,0.229,0.229,0.203,0.203
0.223,39.428,-0.770,0.206,0.206,0.226,0.226
0.225,38.727,-0.844,0.220,0.220,0.240,0.240
0.229,38.107,-0.980,0.214,0.214,0.237,0.237
0.233,37.650,-1.129,0.227,0.227,0.233,0.233
0.232,37.388,-1.099,0.212,0.212,0.237,0.237
0.231,37.078,-1.080,0.226,0.226,0.237,0.237
0.231,36.736,-1.073,0.221,0.221,0.232,0.232
0.230,36.524,-1.049,0.226,0.226,0.241,0.241
0.232,36.491,-1.091,0.218,0.218,0.250,0.250
0.232,36.572,-1.091,0.227,0.227,0.246,0.246
0.233,36.948,-1.160,0.229,0.229,0.249,0.249
0.233,37.356,-1.136,0.218,0.218,0.246,0.246
0.230,37.633,-1.046,0.221,0.221,0.255,0.255
0.230,37.960,-1.025,0.218,0.218,0.249,0.249
0.231,38.417,-1.055,0.224,0.224,0.252,0.252
0.234,38.923,-1.199,0.208,0.208,0.252,0.252
0.238,39.347,-1.329,0.230,0.230,0.253,0.253
0.237,39.624,-1.320,0.224,0.224,0.252,0.252
0.236,39.918,-1.271,0.224,0.224,0.264,0.264
0.238,40.375,-1.332,0.218,0.218,0.253,0.253
0.236,40.848,-1.271,0.226,0.226,0.258,0.258
0.238,41.468,-1.362,0.215,0.215,0.253,0.253
0.238,42.187,-1.345,0.217,0.217,0.246,0.246
0.239,42.921,-1.390,0.212,0.212,0.256,0.256
0.239,43.672,-1.371,0.227,0.227,0.249,0.249
0.238,44.357,-1.323,0.204,0.204,0.255,0.255
0.235,44.912,-1.214,0.235,0.235,0.250,0.250
0.237,45.728,-1.292,0.212,0.212,0.250,0.250
0.239,46.593,-1.382,0.224,0.224,0.243,0.243
0.244,47.311,-1.624,0.211,0.211,0.246,0.246
0.244,47.866,-1.631,0.230,0.230,0.246,0.246
0.243,48.290,-1.560,0.211,0.211,0.252,0.252
0.243,48.796,-1.593,0.227,0.227,0.267,0.267
0.243,49.172,-1.558,0.224,0.224,0.253,0.253
0.244,49.384,-1.653,0.240,0.240,0.252,0.252
0.245,49.384,-1.662,0.233,0.233,0.261,0.261
0.245,49.367,-1.662,0.258,0.258,0.273,0.273
0.246,49.416,-1.723,0.247,0.247,0.272,0.272
0.245,49.726,-1.692,0.250,0.250,0.272,0.272
0.243,50.118,-1.569,0.243,0.243,0.285,0.285
0.243,50.444,-1.584,0.253,0.253,0.269,0.269
0.245,50.836,-1.687,0.244,0.244,0.272,0.272
0.249,51.522,-1.861,0.243,0.243,0.276,0.276
0.251,52.191,-1.990,0.244,0.244,0.270,0.270
0.250,52.713,-1.947,0.247,0.247,0.261,0.261
0.251,53.235,-1.987,0.235,0.235,0.270,0.270
0.249,53.708,-1.902,0.246,0.246,0.252,0.252
0.250,54.116,-1.961,0.238,0.238,0.266,0.266
0.252,54.280,-2.044,0.233,0.233,0.269,0.269
0.252,54.312,-2.058,0.237,0.237,0.266,0.266
0.253,54.231,-2.085,0.232,0.232,0.261,0.261
0.252,54.247,-2.031,0.229,0.229,0.258,0.258
0.251,54.165,-1.972,0.229,0.229,0.255,0.255
0.249,53.872,-1.893,0.241,0.241,0.241,0.241
0.252,53.366,-2.044,0.233,0.233,0.250,0.250
0.256,52.860,-2.272,0.235,0.235,0.266,0.266
0.258,52.419,-2.350,0.224,0.224,0.253,0.253
0.259,52.207,-2.399,0.244,0.244,0.249,0.249
0.257,52.240,-2.310,0.224,0.224,0.250,0.250
0.257,52.370,-2.326,0.241,0.241,0.247,0.247
0.258,52.582,-2.345,0.217,0.217,0.246,0.246
0.259,52.778,-2.417,0.252,0.252,0.252,0.252
0.260,52.811,-2.483,0.229,0.229,0.255,0.255
0.261,52.811,-2.494,0.259,0.259,0.255,0.255
0.260,52.860,-2.466,0.252,0.252,0.256,0.256
0.259,53.007,-2.394,0.273,0.273,0.253,0.253
0.257,52.892,-2.334,0.267,0.267,0.255,0.255
0.262,52.354,-2.545,0.282,0.282,0.250,0.250
0.265,51.587,-2.707,0.266,0.266,0.255,0.255
0.266,50.852,-2.772,0.290,0.290,0.256,0.256
0.267,50.249,-2.839,0.270,0.270,0.259,0.259
0.266,49.482,-2.766,0.284,0.284,0.258,0.258
0.266,48.617,-2.755,0.264,0.264,0.258,0.258
0.267,47.931,-2.833,0.298,0.298,0.253,0.253
0.267,47.360,-2.830,0.264,0.264,0.241,0.241
0.268,46.936,-2.864,0.281,0.281,0.243,0.243
0.268,46.413,-2.866,0.252,0.252,0.246,0.246
0.269,46.038,-2.900,0.262,0.262,0.235,0.235
0.267,45.842,-2.805,0.246,0.246,0.230,0.230
0.266,45.744,-2.763,0.246,0.246,0.232,0.232
0.269,45.500,-2.899,0.247,0.247,0.238,0.238
0.272,45.026,-3.052,0.247,0.247,0.227,0.227
0.274,44.488,-3.163,0.244,0.244,0.237,0.237
0.276,43.982,-3.215,0.240,0.240,0.246,0.246
0.275,43.460,-3.197,0.252,0.252,0.241,0.241
0.274,43.084,-3.154,0.233,0.233,0.237,0.237
0.274,42.888,-3.140,0.233,0.233,0.246,0.246
0.276,42.872,-3.222,0.232,0.232,0.247,0.247
0.277,43.003,-3.254,0.237,0.237,0.246,0.246
0.277,43.149,-3.285,0.215,0.215,0.240,0.240
0.278,43.084,-3.325,0.218,0.218,0.250,0.250
0.278,42.954,-3.297,0.206,0.206,0.253,0.253
0.276,42.905,-3.227,0.224,0.224,0.255,0.255
0.276,42.905,-3.237,0.201,0.201,0.269,0.269
0.282,42.921,-3.467,0.218,0.218,0.256,0.256
0.282,42.921,-3.504,0.206,0.206,0.241,0.241
0.283,42.937,-3.553,0.218,0.218,0.249,0.249
0.284,43.003,-3.560,0.198,0.198,0.253,0.253
0.284,43.247,-3.557,0.223,0.223,0.252,0.252
0.284,43.460,-3.571,0.208,0.208,0.252,0.252
0.284,43.770,-3.589,0.227,0.227,0.267,0.267
0.286,43.982,-3.656,0.218,0.218,0.258,0.258
0.287,44.259,-3.698,0.238,0.238,0.250,0.250
0.287,44.455,-3.686,0.211,0.211,0.252,0.252
0.287,44.732,-3.688,0.240,0.240,0.247,0.247
0.286,44.896,-3.660,0.215,0.215,0.250,0.250
0.285,44.912,-3.636,0.229,0.229,0.246,0.246
0.288,44.912,-3.747,0.215,0.215,0.252,0.252
0.293,44.814,-3.968,0.230,0.230,0.249,0.249
0.294,44.553,-4.011,0.214,0.214,0.249,0.249
0.294,44.390,-4.011,0.221,0.221,0.249,0.249
0.293,44.259,-3.968,0.237,0.237,0.255,0.255
0.294,44.063,-4.016,0.246,0.246,0.256,0.256
0.295,43.900,-4.059,0.250,0.250,0.255,0.255
0.296,43.868,-4.108,0.252,0.252,0.253,0.253
0.296,43.949,-4.091,0.266,0.266,0.264,0.264
0.297,44.259,-4.159,0.273,0.273,0.293,0.293
0.297,44.781,-4.161,0.270,0.270,0.278,0.278
0.296,45.287,-4.113,0.270,0.270,0.278,0.278
0.295,45.761,-4.081,0.281,0.281,0.273,0.273
0.296,45.908,-4.130,0.266,0.266,0.272,0.272
0.301,45.924,-4.336,0.282,0.282,0.253,0.253
0.304,45.891,-4.466,0.269,0.269,0.273,0.273
0.304,45.956,-4.456,0.270,0.270,0.285,0.285
0.304,46.185,-4.454,0.269,0.269,0.272,0.272
0.304,46.348,-4.471,0.275,0.275,0.272,0.272
0.305,46.413,-4.500,0.258,0.258,0.266,0.266
0.305,46.316,-4.540,0.270,0.270,0.269,0.269
0.307,46.087,-4.612,0.261,0.261,0.258,0.258
0.307,45.908,-4.631,0.278,0.278,0.264,0.264
0.307,45.761,-4.634,0.261,0.261,0.262,0.262
0.308,45.548,-4.653,0.290,0.290,0.266,0.266
0.306,45.336,-4.589,0.269,0.269,0.262,0.262
0.308,45.043,-4.653,0.282,0.282,0.275,0.275
0.312,44.847,-4.848,0.264,0.264,0.256,0.256
0.315,44.781,-4.980,0.282,0.282,0.253,0.253
0.314,44.618,-4.924,0.253,0.253,0.258,0.258
0.315,44.422,-4.963,0.273,0.273,0.262,0.262
0.315,44.357,-4.982,0.241,0.241,0.261,0.261
0.315,44.455,-4.983,0.258,0.258,0.259,0.259
0.317,44.781,-5.069,0.224,0.224,0.270,0.270
0.317,45.173,-5.060,0.246,0.246,0.259,0.259
0.318,45.434,-5.120,0.215,0.215,0.256,0.256
0.319,45.418,-5.135,0.226,0.226,0.258,0.258
0.318,45.336,-5.107,0.201,0.201,0.261,0.261
0.317,45.043,-5.063,0.211,0.211,0.255,0.255
0.319,44.863,-5.139,0.191,0.191,0.262,0.262
0.324,44.814,-5.392,0.200,0.200,0.279,0.279
0.326,44.879,-5.462,0.182,0.182,0.262,0.262
0.327,44.961,-5.499,0.194,0.194,0.250,0.250
0.325,45.173,-5.411,0.171,0.171,0.253,0.253
0.326,45.353,-5.471,0.192,0.192,0.255,0.255
0.326,45.483,-5.481,0.166,0.166,0.256,0.256
0.328,45.614,-5.537,0.163,0.163,0.249,0.249
0.328,45.646,-5.580,0.150,0.150,0.246,0.246
0.330,45.565,-5.634,0.142,0.142,0.249,0.249
0.331,45.206,-5.681,0.131,0.131,0.243,0.243
0.331,44.896,-5.676,0.127,0.127,0.229,0.229
0.330,44.814,-5.658,0.140,0.140,0.227,0.227
0.330,44.781,-5.635,0.125,0.125,0.230,0.230
0.334,44.586,-5.813,0.142,0.142,0.232,0.232
0.336,44.422,-5.926,0.139,0.139,0.215,0.215
0.338,44.341,-6.025,0.157,0.157,0.237,0.237
0.337,44.292,-5.976,0.163,0.163,0.241,0.241
0.338,43.998,-6.023,0.174,0.174,0.240,0.240
0.339,43.508,-6.042,0.169,0.169,0.229,0.229
0.340,43.068,-6.097,0.192,0.192,0.235,0.235
0.341,42.807,-6.115,0.186,0.186,0.241,0.241
0.342,42.562,-6.173,0.214,0.214,0.240,0.240
0.343,42.431,-6.200,0.209,0.209,0.249,0.249
0.344,42.366,-6.242,0.224,0.224,0.252,0.252
0.342,42.480,-6.165,0.211,0.211,0.249,0.249
0.342,42.431,-6.179,0.243,0.243,0.250,0.250
0.345,42.415,-6.325,0.241,0.241,0.246,0.246
0.350,42.350,-6.516,0.278,0.278,0.247,0.247
0.349,42.138,-6.495,0.269,0.269,0.247,0.247
0.350,41.925,-6.512,0.296,0.296,0.253,0.253
0.351,41.893,-6.566,0.279,0.279,0.258,0.258
0.353,41.811,-6.624,0.307,0.307,0.256,0.256
0.353,41.550,-6.631,0.302,0.302,0.250,0.250
0.353,41.060,-6.648,0.322,0.322,0.252,0.252
0.355,40.522,-6.737,0.310,0.310,0.253,0.253
0.355,40.114,-6.730,0.328,0.328,0.256,0.256
0.355,39.836,-6.708,0.313,0.313,0.255,0.255
0.352,39.543,-6.624,0.325,0.325,0.255,0.255
0.356,39.118,-6.753,0.307,0.307,0.256,0.256
0.360,38.661,-6.907,0.328,0.328,0.255,0.255
0.363,38.368,-7.033,0.328,0.328,0.261,0.261
0.364,38.107,-7.062,0.334,0.334,0.253,0.253
0.363,38.025,-7.039,0.356,0.356,0.261,0.261
0.364,37.992,-7.073,0.362,0.362,0.258,0.258
0.365,37.992,-7.098,0.362,0.362,0.258,0.258
0.366,38.009,-7.139,0.369,0.369,0.261,0.261
0.367,38.009,-7.189,0.383,0.383,0.258,0.258
0.368,38.009,-7.209,0.374,0.374,0.259,0.259
0.369,37.976,-7.278,0.372,0.372,0.266,0.266
0.369,37.943,-7.257,0.385,0.385,0.275,0.275
0.368,37.699,-7.221,0.394,0.394,0.285,0.285
0.369,37.519,-7.247,0.374,0.374,0.285,0.285
0.369,37.372,-7.258,0.395,0.395,0.279,0.279
0.375,37.193,-7.489,0.369,0.369,0.275,0.275
0.377,36.915,-7.541,0.374,0.374,0.284,0.284
0.379,36.670,-7.623,0.357,0.357,0.282,0.282
0.377,36.426,-7.571,0.351,0.351,0.270,0.270
0.378,36.181,-7.595,0.333,0.333,0.275,0.275
0.378,36.034,-7.586,0.342,0.342,0.281,0.281
0.379,36.001,-7.627,0.307,0.307,0.281,0.281
0.381,36.018,-7.696,0.313,0.313,0.273,0.273
0.382,35.969,-7.724,0.279,0.279,0.273,0.273
0.383,35.724,-7.760,0.287,0.287,0.266,0.266
0.384,35.561,-7.795,0.250,0.250,0.267,0.267
0.383,35.512,-7.766,0.255,0.255,0.266,0.266
0.383,35.544,-7.775,0.221,0.221,0.258,0.258
0.386,35.528,-7.885,0.232,0.232,0.262,0.262
0.390,35.577,-8.041,0.200,0.200,0.258,0.258
0.392,35.561,-8.081,0.203,0.203,0.281,0.281
0.392,35.544,-8.094,0.174,0.174,0.261,0.261
0.393,35.463,-8.120,0.175,0.175,0.253,0.253
0.393,35.234,-8.116,0.136,0.136,0.264,0.264
0.394,34.973,-8.163,0.150,0.150,0.258,0.258
0.395,34.696,-8.213,0.114,0.114,0.264,0.264
0.397,34.630,-8.264,0.121,0.121,0.264,0.264
0.397,34.826,-8.279,0.101,0.101,0.276,0.276
0.396,35.022,-8.238,0.110,0.110,0.256,0.256
0.396,35.104,-8.251,0.082,0.082,0.253,0.253
0.398,35.104,-8.295,0.098,0.098,0.255,0.255
0.400,35.038,-8.391,0.076,0.076,0.258,0.258
0.405,35.038,-8.547,0.078,0.078,0.258,0.258
0.406,35.055,-8.570,0.055,0.055,0.262,0.262
0.406,35.038,-8.586,0.066,0.066,0.270,0.270
0.407,35.153,-8.619,0.056,0.056,0.261,0.261
0.408,35.365,-8.645,0.064,0.064,0.255,0.255
0.409,35.610,-8.693,0.056,0.056,0.253,0.253
0.409,35.903,-8.701,0.053,0.053,0.253,0.253
0.411,36.050,-8.747,0.061,0.061,0.247,0.247
0.413,36.083,-8.830,0.046,0.046,0.244,0.244
0.413,36.067,-8.818,0.061,0.061,0.217,0.217
0.412,36.099,-8.803,0.058,0.058,0.233,0.233
0.412,36.426,-8.800,0.063,0.063,0.233,0.233
0.414,36.834,-8.872,0.060,0.060,0.224,0.224
0.419,37.111,-9.040,0.087,0.087,0.223,0.223
0.422,37.405,-9.170,0.075,0.075,0.227,0.227
0.421,37.486,-9.134,0.096,0.096,0.230,0.230
0.422,37.552,-9.186,0.096,0.096,0.209,0.209
0.423,37.437,-9.192,0.121,0.121,0.232,0.232
0.423,37.176,-9.222,0.111,0.111,0.237,0.237
0.425,37.095,-9.269,0.130,0.130,0.237,0.237
0.427,37.291,-9.344,0.124,0.124,0.232,0.232
0.428,37.486,-9.391,0.143,0.143,0.233,0.233
0.429,37.535,-9.420,0.128,0.128,0.237,0.237
0.427,37.552,-9.341,0.157,0.157,0.230,0.230
0.427,37.437,-9.365,0.145,0.145,0.247,0.247
0.432,37.193,-9.553,0.162,0.162,0.249,0.249
0.434,37.078,-9.634,0.145,0.145,0.244,0.244
0.437,37.291,-9.718,0.179,0.179,0.240,0.240
0.437,37.503,-9.742,0.162,0.162,0.250,0.250
0.438,37.535,-9.782,0.172,0.172,0.250,0.250
0.438,37.519,-9.769,0.174,0.174,0.244,0.244
0.439,37.421,-9.816,0.183,0.183,0.247,0.247
0.440,37.225,-9.847,0.177,0.177,0.252,0.252
0.443,37.013,-9.933,0.194,0.194,0.252,0.252
0.444,37.029,-9.992,0.203,0.203,0.253,0.253
0.445,37.225,-10.038,0.204,0.204,0.264,0.264
0.444,37.193,-9.977,0.201,0.201,0.252,0.252
0.443,37.078,-9.960,0.200,0.200,0.247,0.247
0.446,36.915,-10.064,0.212,0.212,0.250,0.250
0.451,36.687,-10.237,0.197,0.197,0.252,0.252
0.453,36.458,-10.326,0.209,0.209,0.264,0.264
0.454,36.197,-10.344,0.189,0.189,0.246,0.246
0.454,36.148,-10.347,0.203,0.203,0.259,0.259
0.455,36.328,-10.396,0.188,0.188,0.244,0.244
0.456,36.605,-10.425,0.209,0.209,0.250,0.250
0.458,36.850,-10.513,0.203,0.203,0.252,0.252
0.457,37.062,-10.480,0.211,0.211,0.259,0.259
0.459,37.029,-10.531,0.217,0.217,0.255,0.255
0.459,37.046,-10.557,0.229,0.229,0.261,0.261
0.459,36.997,-10.551,0.215,0.215,0.258,0.258
0.458,36.948,-10.513,0.235,0.235,0.276,0.276
0.460,36.703,-10.570,0.226,0.226,0.291,0.291
0.465,36.458,-10.772,0.237,0.237,0.272,0.272
0.470,36.083,-10.946,0.223,0.223,0.267,0.267
0.471,35.642,-10.979,0.246,0.246,0.267,0.267
0.473,35.202,-11.031,0.221,0.221,0.276,0.276
0.471,35.022,-10.988,0.240,0.240,0.247,0.247
0.473,34.957,-11.040,0.215,0.215,0.266,0.266
0.475,34.745,-11.123,0.238,0.238,0.285,0.285
0.476,34.565,-11.151,0.208,0.208,0.264,0.264
0.477,34.598,-11.169,0.240,0.240,0.266,0.266
0.479,34.957,-11.250,0.217,0.217,0.261,0.261
0.479,35.463,-11.244,0.233,0.233,0.262,0.262
0.477,35.903,-11.202,0.221,0.221,0.259,0.259
0.478,36.197,-11.210,0.240,0.240,0.261,0.261
0.484,36.491,-11.449,0.221,0.221,0.256,0.256
0.487,36.834,-11.535,0.237,0.237,0.255,0.255
0.489,37.046,-11.638,0.221,0.221,0.253,0.253
0.490,36.980,-11.649,0.240,0.240,0.264,0.264
0.489,36.719,-11.633,0.212,0.212,0.258,0.258
0.491,36.540,-11.695,0.243,0.243,0.253,0.253
0.492,36.409,-11.742,0.223,0.223,0.256,0.256
0.493,36.213,-11.751,0.237,0.237,0.255,0.255
0.495,36.067,-11.845,0.227,0.227,0.253,0.253
0.496,36.099,-11.874,0.253,0.253,0.252,0.252
0.496,36.344,-11.879,0.235,0.235,0.256,0.256
0.495,36.670,-11.846,0.237,0.237,0.262,0.262
0.496,37.291,-11.862,0.243,0.243,0.266,0.266
0.501,37.813,-12.066,0.241,0.241,0.261,0.261
0.505,38.172,-12.220,0.220,0.220,0.259,0.259
0.506,38.384,-12.269,0.240,0.240,0.262,0.262
0.507,38.596,-12.305,0.246,0.246,0.262,0.262
0.507,38.972,-12.305,0.246,0.246,0.249,0.249
0.509,39.690,-12.365,0.249,0.249,0.261,0.261
0.509,40.375,-12.388,0.244,0.244,0.266,0.266
0.511,40.930,-12.461,0.250,0.250,0.259,0.259
0.513,41.322,-12.541,0.224,0.224,0.259,0.259
0.515,41.485,-12.599,0.243,0.243,0.255,0.255
0.515,41.583,-12.615,0.217,0.217,0.249,0.249
0.515,41.828,-12.603,0.224,0.224,0.230,0.230
0.514,42.382,-12.562,0.208,0.208,0.238,0.238
0.516,43.166,-12.679,0.227,0.227,0.224,0.224
0.520,43.851,-12.827,0.217,0.217,0.238,0.238
0.525,44.227,-13.070,0.229,0.229,0.243,0.243
0.525,44.161,-13.053,0.214,0.214,0.244,0.244
0.525,43.900,-13.062,0.237,0.237,0.232,0.232
0.527,43.574,-13.132,0.214,0.214,0.237,0.237
0.527,43.476,-13.143,0.232,0.232,0.243,0.243
0.530,43.655,-13.286,0.224,0.224,0.218,0.218
0.531,43.900,-13.310,0.237,0.237,0.243,0.243
0.533,43.933,-13.410,0.226,0.226,0.255,0.255
0.533,43.933,-13.425,0.246,0.246,0.250,0.250
0.534,43.965,-13.441,0.230,0.230,0.246,0.246
0.535,44.292,-13.476,0.253,0.253,0.243,0.243
0.535,44.814,-13.514,0.226,0.226,0.249,0.249
0.540,45.336,-13.725,0.247,0.247,0.244,0.244
0.541,45.826,-13.770,0.229,0.229,0.256,0.256
0.544,46.250,-13.896,0.237,0.237,0.267,0.267
0.545,46.479,-13.929,0.237,0.237,0.249,0.249
0.545,46.756,-13.966,0.246,0.246,0.249,0.249
0.547,46.936,-14.024,0.238,0.238,0.252,0.252
0.548,47.229,-14.085,0.235,0.235,0.252,0.252
0.550,47.458,-14.173,0.244,0.244,0.258,0.258
0.552,47.735,-14.279,0.230,0.230,0.252,0.252
0.552,47.866,-14.275,0.241,0.241,0.259,0.259
0.553,47.931,-14.326,0.238,0.238,0.255,0.255
0.552,47.882,-14.291,0.233,0.233,0.253,0.253
0.556,47.866,-14.455,0.226,0.226,0.241,0.241
0.558,47.882,-14.590,0.230,0.230,0.252,0.252
0.562,47.768,-14.755,0.223,0.223,0.252,0.252
0.564,47.556,-14.870,0.232,0.232,0.253,0.253
0.565,47.295,-14.917,0.221,0.221,0.252,0.252
0.565,46.919,-14.886,0.237,0.237,0.252,0.252
0.567,46.642,-14.988,0.220,0.220,0.256,0.256
0.568,46.626,-15.035,0.223,0.223,0.241,0.241
0.569,46.805,-15.094,0.229,0.229,0.255,0.255
0.572,47.034,-15.218,0.243,0.243,0.262,0.262
0.573,47.654,-15.273,0.230,0.230,0.261,0.261
0.575,48.535,-15.369,0.249,0.249,0.258,0.258
0.574,49.123,-15.309,0.246,0.246,0.290,0.290
0.574,49.220,-15.322,0.261,0.261,0.279,0.279
0.575,49.172,-15.359,0.240,0.240,0.299,0.299
0.580,49.074,-15.636,0.262,0.262,0.276,0.276
0.583,49.090,-15.786,0.243,0.243,0.273,0.273
0.585,48.959,-15.869,0.258,0.258,0.273,0.273
0.586,48.878,-15.908,0.244,0.244,0.279,0.279
0.586,48.910,-15.926,0.256,0.256,0.272,0.272
0.589,49.220,-16.051,0.240,0.240,0.269,0.269
0.589,49.710,-16.062,0.259,0.259,0.301,0.301
0.591,50.249,-16.180,0.247,0.247,0.270,0.270
0.592,50.689,-16.234,0.256,0.256,0.256,0.256
0.595,50.852,-16.348,0.240,0.240,0.262,0.262
0.595,50.852,-16.377,0.256,0.256,0.256,0.256
0.595,50.885,-16.387,0.233,0.233,0.255,0.255
0.597,51.195,-16.439,0.244,0.244,0.256,0.256
0.598,51.652,-16.538,0.240,0.240,0.270,0.270
0.604,52.125,-16.843,0.240,0.240,0.256,0.256
0.606,52.321,-16.928,0.233,0.233,0.258,0.258
0.607,52.338,-16.990,0.244,0.244,0.255,0.255
0.608,52.289,-17.018,0.233,0.233,0.258,0.258
0.608,52.191,-17.046,0.249,0.249,0.255,0.255
0.611,51.897,-17.177,0.237,0.237,0.253,0.253
0.613,51.407,-17.304,0.243,0.243,0.250,0.250
0.614,50.885,-17.341,0.241,0.241,0.258,0.258
0.616,50.444,-17.432,0.227,0.227,0.256,0.256
0.615,50.281,-17.390,0.241,0.241,0.258,0.258
0.615,50.330,-17.402,0.237,0.237,0.259,0.259
0.619,50.608,-17.579,0.241,0.241,0.259,0.259
0.621,50.722,-17.678,0.230,0.230,0.259,0.259
0.625,50.477,-17.916,0.249,0.249,0.255,0.255
0.628,49.971,-18.053,0.226,0.226,0.266,0.266
0.628,49.449,-18.060,0.240,0.240,0.269,0.269
0.628,49.302,-18.046,0.233,0.233,0.262,0.262
0.631,49.172,-18.182,0.249,0.249,0.258,0.258
0.632,48.927,-18.271,0.229,0.229,0.240,0.240
0.634,48.470,-18.372,0.235,0.235,0.258,0.258
0.636,47.931,-18.426,0.211,0.211,0.267,0.267
0.637,47.491,-18.502,0.230,0.230,0.255,0.255
0.638,47.311,-18.524,0.211,0.211,0.252,0.252
0.638,47.360,-18.533,0.235,0.235,0.241,0.241
0.638,47.262,-18.554,0.206,0.206,0.237,0.237
0.644,46.952,-18.800,0.218,0.218,0.249,0.249
0.646,46.544,-18.897,0.200,0.200,0.240,0.240
0.648,46.250,-19.032,0.226,0.226,0.229,0.229
0.650,45.989,-19.108,0.214,0.214,0.243,0.243
0.650,45.842,-19.122,0.227,0.227,0.244,0.244
0.652,45.924,-19.183,0.220,0.220,0.249,0.249
0.653,46.136,-19.255,0.232,0.232,0.249,0.249
0.655,46.446,-19.347,0.221,0.221,0.267,0.267
0.657,46.805,-19.432,0.232,0.232,0.244,0.244
0.659,47.262,-19.515,0.233,0.233,0.241,0.241
0.661,47.784,-19.612,0.241,0.241,0.253,0.253
0.660,48.160,-19.547,0.227,0.227,0.253,0.253
0.660,48.013,-19.553,0.230,0.230,0.255,0.255
0.665,47.360,-19.783,0.221,0.221,0.258,0.258
0.668,46.250,-19.941,0.224,0.224,0.264,0.264
0.670,45.043,-20.026,0.229,0.229,0.255,0.255
0.672,43.982,-20.132,0.227,0.227,0.255,0.255
0.672,42.921,-20.135,0.243,0.243,0.258,0.258
0.674,41.746,-20.215,0.220,0.220,0.259,0.259
0.676,40.604,-20.289,0.235,0.235,0.261,0.261
0.677,39.641,-20.327,0.215,0.215,0.259,0.259
0.679,39.053,-20.403,0.230,0.230,0.246,0.246
0.681,38.890,-20.471,0.220,0.220,0.252,0.252
0.681,38.955,-20.502,0.241,0.241,0.250,0.250
0.681,38.906,-20.491,0.212,0.212,0.253,0.253
0.682,38.547,-20.540,0.220,0.220,0.252,0.252
0.684,37.731,-20.602,0.214,0.214,0.247,0.247
0.689,36.785,-20.772,0.233,0.233,0.247,0.247
0.692,35.903,-20.906,0.221,0.221,0.246,0.246
0.693,34.826,-20.929,0.232,0.232,0.249,0.249
0.694,33.896,-20.976,0.208,0.208,0.244,0.244
0.696,33.553,-21.047,0.221,0.221,0.243,0.243
0.698,33.880,-21.098,0.201,0.201,0.244,0.244
0.699,34.337,-21.142,0.230,0.230,0.235,0.235
0.701,34.647,-21.199,0.217,0.217,0.250,0.250
0.702,34.484,-21.254,0.232,0.232,0.256,0.256
0.704,33.896,-21.312,0.221,0.221,0.252,0.252
0.704,33.162,-21.321,0.243,0.243,0.252,0.252
0.705,32.590,-21.338,0.227,0.227,0.270,0.270
0.705,32.068,-21.357,0.255,0.255,0.273,0.273
0.712,31.334,-21.566,0.230,0.230,0.304,0.304
0.713,30.648,-21.602,0.246,0.246,0.275,0.275
0.715,29.767,-21.661,0.221,0.221,0.267,0.267
0.717,28.902,-21.712,0.237,0.237,0.272,0.272
0.718,28.266,-21.738,0.226,0.226,0.275,0.275
0.719,28.004,-21.766,0.223,0.223,0.272,0.272
0.721,27.727,-21.840,0.229,0.229,0.273,0.273
0.723,27.384,-21.887,0.227,0.227,0.285,0.285
0.724,27.172,-21.897,0.218,0.218,0.275,0.275
0.726,27.058,-21.971,0.218,0.218,0.270,0.270
0.727,26.764,-21.988,0.224,0.224,0.270,0.270
0.726,26.405,-21.964,0.214,0.214,0.267,0.267
0.727,26.013,-22.003,0.224,0.224,0.261,0.261
0.732,25.426,-22.132,0.220,0.220,0.255,0.255
0.735,24.822,-22.192,0.221,0.221,0.235,0.235
0.737,24.267,-22.236,0.209,0.209,0.256,0.256
0.738,23.876,-22.269,0.220,0.220,0.267,0.267
0.739,23.729,-22.285,0.215,0.215,0.259,0.259
0.741,23.712,-22.332,0.215,0.215,0.249,0.249
0.744,23.761,-22.408,0.212,0.212,0.255,0.255
0.744,23.729,-22.410,0.215,0.215,0.252,0.252
0.747,23.582,-22.476,0.204,0.204,0.256,0.256
0.749,23.043,-22.520,0.218,0.218,0.249,0.249
0.747,22.390,-22.473,0.221,0.221,0.252,0.252
0.746,21.738,-22.471,0.227,0.227,0.247,0.247
0.749,20.971,-22.534,0.209,0.209,0.255,0.255
0.752,20.367,-22.584,0.237,0.237,0.240,0.240
0.758,19.844,-22.713,0.211,0.211,0.250,0.250
0.760,19.453,-22.746,0.232,0.232,0.250,0.250
0.759,19.371,-22.731,0.215,0.215,0.247,0.247
0.761,19.616,-22.760,0.238,0.238,0.252,0.252
0.763,19.893,-22.801,0.217,0.217,0.252,0.252
0.764,20.155,-22.825,0.233,0.233,0.249,0.249
0.766,20.301,-22.864,0.221,0.221,0.235,0.235
0.768,20.269,-22.910,0.232,0.232,0.246,0.246
0.769,19.991,-22.919,0.218,0.218,0.250,0.250
0.771,19.747,-22.964,0.235,0.235,0.246,0.246
0.771,19.453,-22.970,0.218,0.218,0.246,0.246
0.771,19.159,-22.967,0.224,0.224,0.224,0.224
0.772,18.572,-22.986,0.201,0.201,0.230,0.230
0.777,17.951,-23.085,0.211,0.211,0.218,0.218
0.780,17.413,-23.129,0.211,0.211,0.235,0.235
0.782,16.907,-23.168,0.206,0.206,0.221,0.221
0.783,16.597,-23.185,0.215,0.215,0.229,0.229
0.784,16.646,-23.199,0.211,0.211,0.233,0.233
0.786,16.809,-23.232,0.217,0.217,0.233,0.233
0.787,16.874,-23.254,0.203,0.203,0.235,0.235
0.789,16.874,-23.279,0.220,0.220,0.244,0.244
0.791,16.923,-23.313,0.211,0.211,0.238,0.238
0.793,17.037,-23.356,0.220,0.220,0.237,0.237
0.792,16.744,-23.341,0.204,0.204,0.232,0.232
0.793,16.417,-23.354,0.224,0.224,0.243,0.243
0.795,16.221,-23.378,0.206,0.206,0.246,0.246
0.796,16.026,-23.404,0.226,0.226,0.246,0.246
0.802,15.895,-23.493,0.211,0.211,0.270,0.270
0.804,15.830,-23.521,0.240,0.240,0.252,0.252
0.804,15.895,-23.532,0.211,0.211,0.238,0.238
0.806,15.960,-23.559,0.233,0.233,0.246,0.246
0.807,16.189,-23.579,0.211,0.211,0.256,0.256
0.809,16.368,-23.598,0.232,0.232,0.247,0.247
0.811,16.385,-23.635,0.203,0.203,0.252,0.252
0.812,16.417,-23.659,0.233,0.233,0.258,0.258
0.814,16.352,-23.689,0.215,0.215,0.255,0.255
0.815,16.352,-23.697,0.232,0.232,0.249,0.249
0.815,16.368,-23.700,0.223,0.223,0.255,0.255
0.815,16.385,-23.712,0.232,0.232,0.255,0.255
0.820,16.385,-23.790,0.224,0.224,0.255,0.255
0.824,16.385,-23.850,0.229,0.229,0.249,0.249
0.825,16.401,-23.865,0.221,0.221,0.246,0.246
0.827,16.352,-23.895,0.221,0.221,0.256,0.256
0.828,16.287,-23.920,0.209,0.209,0.256,0.256
0.828,16.075,-23.925,0.224,0.224,0.247,0.247
0.831,15.797,-23.966,0.217,0.217,0.247,0.247
0.833,15.454,-23.991,0.223,0.223,0.246,0.246
0.833,14.948,-24.003,0.221,0.221,0.255,0.255
0.836,14.540,-24.037,0.221,0.221,0.250,0.250
0.837,14.247,-24.060,0.233,0.233,0.259,0.259
0.837,14.018,-24.054,0.235,0.235,0.261,0.261
0.837,13.871,-24.051,0.238,0.238,0.275,0.275
0.839,13.871,-24.085,0.233,0.233,0.269,0.269
0.843,13.871,-24.143,0.235,0.235,0.264,0.264
0.847,13.904,-24.199,0.237,0.237,0.276,0.276
0.850,13.790,-24.233,0.243,0.243,0.264,0.264
0.850,13.512,-24.231,0.226,0.226,0.267,0.267
0.851,13.088,-24.250,0.246,0.246,0.275,0.275
0.852,12.794,-24.265,0.221,0.221,0.272,0.272
0.854,12.468,-24.283,0.232,0.232,0.259,0.259
0.855,12.109,-24.301,0.221,0.221,0.266,0.266
0.858,11.848,-24.332,0.237,0.237,0.258,0.258
0.859,11.668,-24.348,0.215,0.215,0.256,0.256
0.860,11.750,-24.359,0.230,0.230,0.255,0.255
0.861,11.897,-24.368,0.223,0.223,0.255,0.255
0.861,11.978,-24.369,0.237,0.237,0.255,0.255
0.864,11.913,-24.403,0.215,0.215,0.252,0.252
0.868,11.521,-24.450,0.237,0.237,0.253,0.253
0.870,11.097,-24.478,0.217,0.217,0.253,0.253
0.872,10.509,-24.495,0.230,0.230,0.246,0.246
0.873,10.036,-24.506,0.217,0.217,0.252,0.252
0.873,9.514,-24.511,0.230,0.230,0.252,0.252
0.875,9.041,-24.531,0.218,0.218,0.255,0.255
0.877,8.649,-24.548,0.235,0.235,0.250,0.250
0.878,8.355,-24.556,0.221,0.221,0.247,0.247
0.881,8.078,-24.576,0.246,0.246,0.244,0.244
0.881,7.588,-24.580,0.224,0.224,0.253,0.253
0.881,7.180,-24.577,0.246,0.246,0.249,0.249
0.882,6.854,-24.588,0.230,0.230,0.255,0.255
0.887,6.560,-24.618,0.243,0.243,0.252,0.252
0.891,6.168,-24.643,0.224,0.224,0.253,0.253
0.892,5.842,-24.647,0.246,0.246,0.269,0.269
0.893,5.369,-24.656,0.235,0.235,0.252,0.252
0.893,4.928,-24.658,0.235,0.235,0.249,0.249
0.896,4.683,-24.669,0.249,0.249,0.253,0.253
0.897,4.504,-24.675,0.233,0.233,0.253,0.253
0.899,4.536,-24.685,0.238,0.238,0.255,0.255
0.900,4.553,-24.688,0.232,0.232,0.247,0.247
0.903,4.585,-24.703,0.233,0.233,0.249,0.249
0.903,4.553,-24.702,0.221,0.221,0.241,0.241
0.903,4.471,-24.703,0.215,0.215,0.238,0.238
0.904,4.259,-24.705,0.209,0.209,0.224,0.224
0.908,4.079,-24.722,0.215,0.215,0.226,0.226
0.910,3.949,-24.733,0.200,0.200,0.215,0.215
0.915,3.835,-24.749,0.217,0.217,0.224,0.224
0.915,3.835,-24.749,0.206,0.206,0.218,0.218
0.915,3.720,-24.751,0.221,0.221,0.227,0.227
0.918,3.492,-24.762,0.197,0.197,0.235,0.235
0.919,3.247,-24.764,0.227,0.227,0.229,0.229
0.921,3.019,-24.770,0.211,0.211,0.237,0.237
0.922,2.725,-24.774,0.224,0.224,0.235,0.235
0.923,2.496,-24.777,0.204,0.204,0.237,0.237
0.925,2.252,-24.782,0.238,0.238,0.230,0.230
0.927,2.105,-24.785,0.215,0.215,0.238,0.238
0.925,1.990,-24.782,0.240,0.240,0.238,0.238
0.927,1.778,-24.785,0.220,0.220,0.237,0.237
0.934,1.631,-24.796,0.243,0.243,0.241,0.241
0.936,1.631,-24.800,0.227,0.227,0.261,0.261
0.937,1.892,-24.802,0.233,0.233,0.246,0.246
0.939,2.039,-24.807,0.224,0.224,0.246,0.246
0.939,1.827,-24.807,0.235,0.235,0.247,0.247
0.940,1.648,-24.808,0.218,0.218,0.249,0.249
0.943,1.631,-24.813,0.237,0.237,0.238,0.238
0.944,1.990,-24.814,0.226,0.226,0.249,0.249
0.946,2.415,-24.819,0.221,0.221,0.247,0.247
0.948,2.741,-24.824,0.224,0.224,0.247,0.247
0.949,2.970,-24.826,0.218,0.218,0.247,0.247
0.947,3.100,-24.822,0.227,0.227,0.252,0.252
0.949,3.100,-24.827,0.209,0.209,0.246,0.246
0.953,3.035,-24.840,0.223,0.223,0.244,0.244
0.956,2.741,-24.850,0.215,0.215,0.243,0.243
0.959,2.676,-24.857,0.218,0.218,0.240,0.240
0.960,2.872,-24.859,0.218,0.218,0.244,0.244
0.961,3.068,-24.862,0.218,0.218,0.244,0.244
0.963,3.133,-24.869,0.208,0.208,0.246,0.246
0.964,3.051,-24.871,0.220,0.220,0.243,0.243
0.966,2.757,-24.876,0.206,0.206,0.240,0.240
0.968,2.594,-24.882,0.218,0.218,0.247,0.247
0.969,2.480,-24.884,0.203,0.203,0.247,0.247
0.970,2.268,-24.889,0.233,0.233,0.249,0.249
0.971,2.121,-24.889,0.223,0.223,0.253,0.253
0.971,2.056,-24.890,0.243,0.243,0.272,0.272
0.972,2.105,-24.892,0.232,0.232,0.270,0.270
0.978,2.088,-24.904,0.252,0.252,0.272,0.272
0.979,2.252,-24.907,0.227,0.227,0.261,0.261
0.981,2.741,-24.912,0.247,0.247,0.261,0.261
0.984,3.149,-24.920,0.233,0.233,0.264,0.264
0.984,3.573,-24.921,0.246,0.246,0.269,0.269
0.985,3.981,-24.924,0.218,0.218,0.266,0.266
0.988,4.438,-24.935,0.249,0.249,0.255,0.255
0.989,4.487,-24.939,0.226,0.226,0.270,0.270
0.990,4.210,-24.947,0.237,0.237,0.262,0.262
0.993,3.688,-24.957,0.230,0.230,0.253,0.253
0.993,3.231,-24.956,0.250,0.250,0.252,0.252
0.993,3.019,-24.958,0.211,0.211,0.250,0.250
0.994,3.019,-24.962,0.244,0.244,0.252,0.252
0.999,3.002,-24.974,0.221,0.221,0.256,0.256
1.002,2.774,-24.983,0.233,0.233,0.267,0.267
1.004,2.611,-24.990,0.221,0.221,0.246,0.246
1.004,2.594,-24.990,0.246,0.246,0.240,0.240
1.006,2.562,-24.993,0.226,0.226,0.246,0.246
1.007,2.545,-24.998,0.233,0.233,0.244,0.244
1.008,2.300,-25.000,0.226,0.226,0.249,0.249
1.010,2.039,-25.005,0.233,0.233,0.246,0.246
1.013,1.729,-25.010,0.224,0.224,0.264,0.264
1.014,1.517,-25.011,0.238,0.238,0.244,0.244
1.016,1.191,-25.014,0.230,0.230,0.243,0.243
1.016,0.799,-25.013,0.230,0.230,0.244,0.244
1.015,0.603,-25.013,0.229,0.229,0.249,0.249
1.020,0.587,-25.016,0.230,0.230,0.249,0.249
1.023,0.538,-25.018,0.238,0.238,0.246,0.246
1.026,0.326,-25.019,0.230,0.230,0.250,0.250
1.028,0.146,-25.019,0.243,0.243,0.252,0.252
1.028,-0.066,-25.019,0.232,0.232,0.255,0.255
1.029,-0.376,-25.019,0.237,0.237,0.246,0.246
1.031,-0.670,-25.018,0.226,0.226,0.246,0.246
1.033,-0.866,-25.017,0.240,0.240,0.246,0.246
1.034,-0.882,-25.016,0.227,0.227,0.244,0.244
1.035,-0.915,-25.014,0.252,0.252,0.238,0.238
1.037,-1.208,-25.012,0.253,0.253,0.246,0.246
1.037,-1.584,-25.013,0.261,0.261,0.240,0.240
1.038,-1.828,-25.011,0.246,0.246,0.226,0.226
1.040,-1.845,-25.007,0.270,0.270,0.218,0.218
1.044,-1.828,-24.999,0.252,0.252,0.226,0.226
1.046,-1.796,-24.996,0.272,0.272,0.226,0.226
1.049,-1.812,-24.991,0.243,0.243,0.198,0.198
1.050,-1.731,-24.989,0.273,0.273,0.229,0.229
1.051,-1.518,-24.988,0.250,0.250,0.241,0.241
1.053,-1.323,-24.985,0.272,0.272,0.230,0.230
1.053,-1.274,-24.985,0.255,0.255,0.230,0.230
1.055,-1.306,-24.982,0.282,0.282,0.223,0.223
1.057,-1.339,-24.979,0.262,0.262,0.237,0.237
1.059,-1.225,-24.977,0.267,0.267,0.214,0.214
1.060,-1.012,-24.976,0.267,0.267,0.240,0.240
1.061,-0.833,-24.975,0.267,0.267,0.246,0.246
1.061,-0.866,-24.975,0.259,0.259,0.246,0.246
1.066,-1.127,-24.970,0.255,0.255,0.238,0.238
1.068,-1.306,-24.967,0.252,0.252,0.244,0.244
1.069,-1.437,-24.966,0.247,0.247,0.243,0.243
1.072,-1.665,-24.961,0.243,0.243,0.221,0.221
1.072,-1.877,-24.962,0.238,0.238,0.241,0.241
1.073,-2.269,-24.958,0.240,0.240,0.259,0.259
1.075,-2.710,-24.954,0.227,0.227,0.246,0.246
1.077,-3.150,-24.949,0.227,0.227,0.244,0.244
1.078,-3.395,-24.944,0.212,0.212,0.230,0.230
1.081,-3.738,-24.936,0.226,0.226,0.243,0.243
1.082,-3.983,-24.930,0.204,0.204,0.246,0.246
1.081,-3.983,-24.935,0.226,0.226,0.246,0.246
1.083,-3.820,-24.928,0.204,0.204,0.246,0.246
1.086,-3.754,-24.916,0.209,0.209,0.244,0.244
1.090,-3.754,-24.900,0.197,0.197,0.246,0.246
1.092,-3.787,-24.893,0.209,0.209,0.238,0.238
1.094,-3.852,-24.886,0.189,0.189,0.246,0.246
1.093,-4.113,-24.889,0.195,0.195,0.246,0.246
1.096,-4.244,-24.879,0.183,0.183,0.246,0.246
1.097,-4.293,-24.871,0.200,0.200,0.243,0.243
1.098,-4.276,-24.866,0.179,0.179,0.249,0.249
1.100,-4.342,-24.858,0.217,0.217,0.249,0.249
1.103,-4.570,-24.847,0.200,0.200,0.272,0.272
1.104,-4.766,-24.842,0.226,0.226,0.246,0.246
1.104,-4.815,-24.842,0.212,0.212,0.244,0.244
1.103,-4.799,-24.846,0.240,0.240,0.267,0.267
1.108,-4.799,-24.823,0.218,0.218,0.269,0.269
1.112,-4.766,-24.805,0.230,0.230,0.275,0.275
1.113,-4.782,-24.800,0.217,0.217,0.275,0.275
1.116,-4.782,-24.785,0.238,0.238,0.272,0.272
1.116,-4.766,-24.786,0.220,0.220,0.267,0.267
1.117,-4.733,-24.779,0.243,0.243,0.273,0.273
1.118,-4.799,-24.773,0.230,0.230,0.267,0.267
1.120,-4.766,-24.764,0.233,0.233,0.262,0.262
1.121,-4.619,-24.759,0.229,0.229,0.275,0.275
1.124,-4.032,-24.749,0.233,0.233,0.264,0.264
1.126,-3.330,-24.740,0.226,0.226,0.253,0.253
1.126,-2.498,-24.741,0.230,0.230,0.261,0.261
1.126,-1.926,-24.740,0.224,0.224,0.275,0.275
1.127,-1.665,-24.738,0.224,0.224,0.253,0.253
1.129,-1.502,-24.736,0.217,0.217,0.258,0.258
1.134,-1.649,-24.727,0.227,0.227,0.252,0.252
1.138,-1.747,-24.721,0.227,0.227,0.258,0.258
1.137,-1.763,-24.722,0.211,0.211,0.240,0.240
1.139,-1.518,-24.719,0.215,0.215,0.252,0.252
1.140,-1.306,-24.717,0.203,0.203,0.252,0.252
1.141,-1.372,-24.716,0.204,0.204,0.247,0.247
1.144,-1.600,-24.712,0.197,0.197,0.249,0.249
1.145,-1.845,-24.709,0.206,0.206,0.250,0.250
1.147,-1.845,-24.706,0.195,0.195,0.247,0.247
1.148,-1.828,-24.704,0.201,0.201,0.250,0.250
1.147,-1.828,-24.706,0.188,0.188,0.255,0.255
1.149,-1.877,-24.703,0.206,0.206,0.258,0.258
1.154,-2.155,-24.693,0.191,0.191,0.249,0.249
1.156,-2.285,-24.687,0.217,0.217,0.246,0.246
1.158,-2.269,-24.683,0.198,0.198,0.247,0.247
1.160,-1.910,-24.680,0.220,0.220,0.250,0.250
1.161,-1.600,-24.678,0.200,0.200,0.250,0.250
1.161,-1.600,-24.677,0.223,0.223,0.250,0.250
1.164,-1.731,-24.673,0.206,0.206,0.252,0.252
1.165,-1.910,-24.670,0.224,0.224,0.253,0.253
1.167,-2.285,-24.668,0.214,0.214,0.250,0.250
1.169,-2.906,-24.661,0.224,0.224,0.249,0.249
1.170,-3.265,-24.658,0.198,0.198,0.250,0.250
1.170,-3.069,-24.658,0.208,0.208,0.240,0.240
1.170,-2.857,-24.658,0.191,0.191,0.232,0.232
1.172,-2.644,-24.653,0.204,0.204,0.243,0.243
1.176,-2.432,-24.643,0.186,0.186,0.232,0.232
1.180,-2.302,-24.632,0.214,0.214,0.223,0.223
1.182,-2.334,-24.630,0.191,0.191,0.232,0.232
1.184,-2.579,-24.625,0.211,0.211,0.232,0.232
1.185,-2.857,-24.622,0.192,0.192,0.215,0.215
1.185,-3.297,-24.620,0.214,0.214,0.235,0.235
1.187,-4.097,-24.614,0.203,0.203,0.249,0.249
1.189,-4.929,-24.605,0.204,0.204,0.235,0.235
1.190,-5.223,-24.598,0.211,0.211,0.235,0.235
1.192,-4.864,-24.588,0.208,0.208,0.244,0.244
1.194,-3.983,-24.580,0.211,0.211,0.250,0.250
1.193,-2.938,-24.584,0.206,0.206,0.230,0.230
1.193,-1.992,-24.583,0.227,0.227,0.249,0.249
1.196,-1.290,-24.578,0.220,0.220,0.258,0.258
1.203,-0.980,-24.571,0.217,0.217,0.252,0.252
1.204,-1.159,-24.570,0.204,0.204,0.252,0.252
1.206,-1.600,-24.567,0.218,0.218,0.238,0.238
1.207,-1.812,-24.566,0.217,0.217,0.252,0.252
1.207,-1.796,-24.565,0.223,0.223,0.244,0.244
1.209,-1.404,-24.562,0.212,0.212,0.252,0.252
1.210,-0.996,-24.560,0.226,0.226,0.258,0.258
1.211,-0.784,-24.559,0.209,0.209,0.252,0.252
1.214,-0.751,-24.557,0.229,0.229,0.249,0.249
1.214,-0.768,-24.557,0.209,0.209,0.246,0.246
1.213,-0.784,-24.558,0.224,0.224,0.247,0.247
1.215,-0.817,-24.556,0.208,0.208,0.258,0.258
1.219,-0.833,-24.553,0.224,0.224,0.249,0.249
1.224,-0.882,-24.549,0.208,0.208,0.244,0.244
1.226,-1.143,-24.547,0.221,0.221,0.249,0.249
1.227,-1.372,-24.546,0.215,0.215,0.253,0.253
1.227,-1.698,-24.545,0.233,0.233,0.258,0.258
1.229,-1.812,-24.542,0.220,0.220,0.249,0.249
1.231,-1.763,-24.539,0.249,0.249,0.241,0.241
1.231,-1.502,-24.538,0.220,0.220,0.249,0.249
1.235,-1.306,-24.533,0.237,0.237,0.249,0.249
1.236,-1.094,-24.532,0.224,0.224,0.255,0.255
1.237,-0.670,-24.531,0.250,0.250,0.253,0.253
1.237,-0.164,-24.531,0.238,0.238,0.276,0.276
1.238,0.179,-24.531,0.252,0.252,0.270,0.270
1.238,-0.050,-24.531,0.250,0.250,0.267,0.267
1.241,-0.637,-24.530,0.255,0.255,0.273,0.273
1.247,-1.241,-24.525,0.243,0.243,0.273,0.273
1.248,-1.698,-24.522,0.250,0.250,0.269,0.269
1.250,-1.861,-24.519,0.241,0.241,0.272,0.272
1.251,-1.780,-24.517,0.241,0.241,0.298,0.298
1.252,-1.486,-24.516,0.243,0.243,0.276,0.276
1.253,-1.241,-24.514,0.232,0.232,0.255,0.255
1.255,-0.947,-24.512,0.237,0.237,0.270,0.270
1.257,-0.768,-24.510,0.241,0.241,0.264,0.264
1.258,-0.441,-24.510,0.238,0.238,0.267,0.267
1.259,-0.311,-24.509,0.233,0.233,0.262,0.262
1.260,-0.245,-24.509,0.227,0.227,0.282,0.282
1.259,-0.278,-24.509,0.221,0.221,0.258,0.258
1.262,-0.311,-24.508,0.230,0.230,0.256,0.256
1.268,-0.148,-24.507,0.212,0.212,0.255,0.255
1.270,0.146,-24.507,0.230,0.230,0.252,0.252
1.272,0.571,-24.508,0.218,0.218,0.252,0.252
1.272,1.044,-24.508,0.230,0.230,0.253,0.253
1.274,1.452,-24.510,0.211,0.211,0.244,0.244
1.275,1.615,-24.512,0.232,0.232,0.258,0.258
1.277,1.746,-24.514,0.220,0.220,0.264,0.264
1.279,1.958,-24.518,0.226,0.226,0.249,0.249
1.281,2.072,-24.523,0.223,0.223,0.249,0.249
1.280,2.252,-24.521,0.232,0.232,0.253,0.253
1.281,2.431,-24.523,0.209,0.209,0.253,0.253
1.282,2.594,-24.525,0.233,0.233,0.247,0.247
1.285,2.660,-24.534,0.215,0.215,0.256,0.256
1.290,2.611,-24.546,0.237,0.237,0.256,0.256
1.293,2.611,-24.554,0.221,0.221,0.258,0.258
1.293,2.611,-24.556,0.240,0.240,0.253,0.253
1.294,2.611,-24.557,0.220,0.220,0.255,0.255
1.296,2.627,-24.562,0.224,0.224,0.252,0.252
1.296,2.611,-24.563,0.214,0.214,0.250,0.250
1.299,2.692,-24.570,0.230,0.230,0.255,0.255
1.301,3.002,-24.576,0.214,0.214,0.261,0.261
1.302,3.541,-24.580,0.226,0.226,0.256,0.256
1.303,4.243,-24.581,0.206,0.206,0.252,0.252
1.304,4.700,-24.586,0.215,0.215,0.241,0.241
1.305,4.977,-24.591,0.186,0.186,0.235,0.235
1.306,4.977,-24.599,0.206,0.206,0.209,0.209
1.310,4.748,-24.617,0.204,0.204,0.237,0.237
1.313,4.536,-24.632,0.197,0.197,0.243,0.243
1.316,4.553,-24.646,0.192,0.192,0.238,0.238
1.316,4.536,-24.643,0.198,0.198,0.233,0.233
1.316,4.667,-24.647,0.200,0.200,0.240,0.240
1.319,4.797,-24.657,0.191,0.191,0.235,0.235
1.321,4.732,-24.667,0.212,0.212,0.221,0.221
1.321,4.602,-24.667,0.197,0.197,0.232,0.232
1.324,4.455,-24.681,0.209,0.209,0.253,0.253
1.326,4.226,-24.690,0.192,0.192,0.249,0.249
1.326,4.063,-24.691,0.215,0.215,0.244,0.244
1.326,4.063,-24.690,0.201,0.201,0.243,0.243
1.328,4.047,-24.697,0.211,0.211,0.246,0.246
1.332,4.079,-24.715,0.203,0.203,0.232,0.232
1.335,3.981,-24.728,0.224,0.224,0.252,0.252
1.338,3.851,-24.739,0.208,0.208,0.256,0.256
1.338,3.867,-24.738,0.221,0.221,0.252,0.252
1.339,4.112,-24.743,0.212,0.212,0.253,0.253
1.340,4.406,-24.747,0.227,0.227,0.255,0.255
1.342,4.536,-24.755,0.208,0.208,0.253,0.253
1.343,4.520,-24.762,0.229,0.229,0.237,0.237
1.345,4.275,-24.772,0.218,0.218,0.256,0.256
1.346,4.079,-24.775,0.226,0.226,0.255,0.255
1.347,4.030,-24.779,0.218,0.218,0.259,0.259
1.347,3.981,-24.779,0.240,0.240,0.258,0.258
1.348,3.769,-24.781,0.218,0.218,0.256,0.256
1.354,3.524,-24.803,0.237,0.237,0.246,0.246
1.357,3.149,-24.814,0.220,0.220,0.246,0.246
1.358,2.660,-24.817,0.235,0.235,0.252,0.252
1.360,2.366,-24.821,0.214,0.214,0.255,0.255
1.361,2.349,-24.824,0.232,0.232,0.249,0.249
1.361,2.480,-24.824,0.209,0.209,0.253,0.253
1.364,2.333,-24.830,0.229,0.229,0.241,0.241
1.366,2.186,-24.836,0.215,0.215,0.255,0.255
1.367,2.366,-24.838,0.227,0.227,0.253,0.253
1.368,2.578,-24.841,0.237,0.237,0.256,0.256
1.370,2.692,-24.845,0.235,0.235,0.258,0.258
1.368,2.953,-24.841,0.240,0.240,0.259,0.259
1.370,3.133,-24.845,0.240,0.240,0.276,0.276
1.375,3.443,-24.863,0.237,0.237,0.273,0.273
1.378,3.639,-24.874,0.244,0.244,0.276,0.276
1.381,3.932,-24.884,0.243,0.243,0.264,0.264
1.382,4.145,-24.887,0.235,0.235,0.267,0.267
1.383,4.406,-24.892,0.243,0.243,0.279,0.279
1.383,4.553,-24.893,0.235,0.235,0.272,0.272
1.386,4.618,-24.905,0.243,0.243,0.269,0.269
1.387,4.569,-24.911,0.226,0.226,0.273,0.273
1.389,4.569,-24.919,0.237,0.237,0.276,0.276
1.390,4.471,-24.924,0.226,0.226,0.264,0.264
1.392,4.145,-24.932,0.223,0.223,0.269,0.269
1.392,3.671,-24.932,0.220,0.220,0.259,0.259
1.391,3.312,-24.929,0.227,0.227,0.262,0.262
1.393,3.361,-24.935,0.217,0.217,0.259,0.259
1.399,3.508,-24.956,0.240,0.240,0.287,0.287
1.402,3.655,-24.967,0.221,0.221,0.261,0.261
1.403,3.590,-24.970,0.230,0.230,0.253,0.253
1.404,3.590,-24.975,0.214,0.214,0.252,0.252
1.406,3.655,-24.983,0.233,0.233,0.252,0.252
1.407,3.949,-24.984,0.220,0.220,0.249,0.249
1.409,4.471,-24.993,0.227,0.227,0.252,0.252
1.411,4.912,-25.002,0.220,0.220,0.262,0.262
1.411,5.189,-25.003,0.233,0.233,0.253,0.253
1.414,5.483,-25.018,0.220,0.220,0.247,0.247
1.413,5.972,-25.012,0.240,0.240,0.249,0.249
1.413,6.348,-25.013,0.232,0.232,0.255,0.255
1.416,6.560,-25.032,0.243,0.243,0.252,0.252
1.420,6.560,-25.063,0.223,0.223,0.252,0.252
1.423,6.609,-25.077,0.246,0.246,0.246,0.246
1.426,6.723,-25.097,0.227,0.227,0.256,0.256
1.425,6.723,-25.092,0.238,0.238,0.258,0.258
1.427,6.462,-25.105,0.230,0.230,0.261,0.261
1.428,6.136,-25.116,0.243,0.243,0.253,0.253
1.429,5.711,-25.119,0.229,0.229,0.249,0.249
1.432,5.516,-25.135,0.247,0.247,0.249,0.249
1.434,5.516,-25.145,0.229,0.229,0.253,0.253
1.435,5.369,-25.152,0.241,0.241,0.252,0.252
1.436,4.928,-25.157,0.221,0.221,0.255,0.255
1.435,4.504,-25.154,0.221,0.221,0.249,0.249
1.436,4.079,-25.157,0.212,0.212,0.237,0.237
1.438,3.671,-25.165,0.208,0.208,0.230,0.230
1.444,3.214,-25.186,0.212,0.212,0.237,0.237
1.446,2.888,-25.193,0.204,0.204,0.226,0.226
1.448,2.349,-25.197,0.218,0.218,0.233,0.233
1.448,1.697,-25.197,0.197,0.197,0.240,0.240
1.449,1.076,-25.199,0.221,0.221,0.241,0.241
1.450,0.440,-25.199,0.209,0.209,0.240,0.240
1.453,-0.148,-25.200,0.218,0.218,0.250,0.250
1.453,-0.849,-25.200,0.200,0.200,0.232,0.232
1.456,-1.665,-25.197,0.224,0.224,0.232,0.232
1.458,-2.726,-25.192,0.203,0.203,0.240,0.240
1.457,-4.064,-25.195,0.223,0.223,0.249,0.249
1.457,-5.549,-25.194,0.215,0.215,0.252,0.252
1.458,-7.165,-25.186,0.230,0.230,0.250,0.250
1.465,-8.960,-25.134,0.209,0.209,0.272,0.272
1.466,-10.821,-25.125,0.229,0.229,0.255,0.255
1.467,-12.502,-25.112,0.214,0.214,0.252,0.252
1.469,-13.938,-25.081,0.230,0.230,0.253,0.253
1.470,-15.129,-25.072,0.209,0.209,0.258,0.258
1.472,-16.500,-25.033,0.232,0.232,0.258,0.258
1.473,-18.018,-25.024,0.215,0.215,0.259,0.259
1.475,-19.095,-24.976,0.237,0.237,0.241,0.241
1.476,-19.650,-24.965,0.221,0.221,0.256,0.256
1.475,-20.140,-24.975,0.241,0.241,0.252,0.252
1.475,-20.923,-24.992,0.206,0.206,0.259,0.259
1.477,-22.163,-24.942,0.215,0.215,0.258,0.258
1.480,-23.273,-24.866,0.215,0.215,0.259,0.259
1.486,-23.958,-24.732,0.232,0.232,0.261,0.261
1.487,-24.171,-24.708,0.208,0.208,0.253,0.253
1.487,-24.464,-24.713,0.227,0.227,0.255,0.255
1.489,-25.036,-24.665,0.214,0.214,0.259,0.259
1.490,-26.080,-24.633,0.209,0.209,0.255,0.255
1.491,-27.190,-24.600,0.214,0.214,0.258,0.258
1.493,-27.826,-24.551,0.215,0.215,0.250,0.250
1.494,-27.957,-24.511,0.220,0.220,0.262,0.262
1.496,-27.810,-24.471,0.206,0.206,0.264,0.264
1.496,-28.381,-24.454,0.218,0.218,0.267,0.267
1.496,-29.736,-24.462,0.214,0.214,0.264,0.264
1.497,-31.204,-24.426,0.223,0.223,0.264,0.264
1.498,-32.184,-24.411,0.233,0.233,0.282,0.282
1.503,-32.510,-24.254,0.246,0.246,0.285,0.285
1.506,-32.380,-24.145,0.233,0.233,0.288,0.288
1.508,-31.988,-24.094,0.240,0.240,0.282,0.282
1.509,-31.906,-24.053,0.223,0.223,0.281,0.281
1.509,-32.086,-24.054,0.227,0.227,0.282,0.282
1.511,-32.314,-23.994,0.218,0.218,0.279,0.279
1.511,-32.216,-23.976,0.240,0.240,0.273,0.273
1.514,-31.564,-23.901,0.226,0.226,0.304,0.304
1.515,-30.715,-23.871,0.226,0.226,0.282,0.282
1.517,-30.356,-23.805,0.211,0.211,0.270,0.270
1.517,-30.650,-23.786,0.232,0.232,0.276,0.276
1.516,-31.009,-23.838,0.209,0.209,0.275,0.275
1.517,-31.058,-23.799,0.241,0.241,0.269,0.269
1.521,-30.992,-23.688,0.217,0.217,0.266,0.266
1.525,-31.139,-23.547,0.229,0.229,0.281,0.281
1.526,-31.368,-23.521,0.201,0.201,0.264,0.264
1.528,-31.678,-23.467,0.229,0.229,0.259,0.259
1.528,-31.841,-23.443,0.212,0.212,0.264,0.264
1.529,-31.857,-23.425,0.241,0.241,0.256,0.256
1.530,-31.825,-23.379,0.230,0.230,0.262,0.262
1.531,-31.727,-23.349,0.237,0.237,0.261,0.261
1.534,-31.400,-23.274,0.215,0.215,0.255,0.255
1.535,-30.960,-23.243,0.230,0.230,0.258,0.258
1.535,-30.503,-23.237,0.217,0.217,0.258,0.258
1.534,-30.307,-23.253,0.240,0.240,0.259,0.259
1.535,-30.274,-23.220,0.227,0.227,0.269,0.269
1.541,-30.274,-23.042,0.246,0.246,0.264,0.264
1.543,-29.980,-22.990,0.224,0.224,0.258,0.258
1.544,-29.491,-22.952,0.235,0.235,0.252,0.252
1.545,-29.050,-22.945,0.224,0.224,0.264,0.264
1.545,-28.822,-22.920,0.246,0.246,0.264,0.264
1.547,-28.920,-22.880,0.240,0.240,0.264,0.264
1.548,-29.164,-22.846,0.243,0.243,0.264,0.264
1.550,-29.311,-22.788,0.233,0.233,0.267,0.267
1.552,-28.952,-22.716,0.220,0.220,0.261,0.261
1.552,-28.038,-22.716,0.215,0.215,0.253,0.253
1.553,-26.880,-22.707,0.229,0.229,0.256,0.256
1.553,-26.129,-22.692,0.230,0.230,0.261,0.261
1.554,-26.292,-22.685,0.211,0.211,0.252,0.252
1.558,-27.059,-22.557,0.221,0.221,0.240,0.240
1.561,-27.761,-22.500,0.192,0.192,0.238,0.238
1.562,-27.908,-22.449,0.209,0.209,0.240,0.240
1.561,-27.598,-22.474,0.192,0.192,0.224,0.224
1.564,-27.157,-22.410,0.223,0.223,0.235,0.235
1.564,-26.961,-22.410,0.195,0.195,0.247,0.247
1.565,-27.353,-22.382,0.218,0.218,0.241,0.241
1.567,-28.104,-22.314,0.194,0.194,0.240,0.240
1.569,-28.854,-22.266,0.227,0.227,0.246,0.246
1.570,-29.279,-22.234,0.211,0.211,0.240,0.240
1.572,-29.475,-22.173,0.227,0.227,0.240,0.240
1.571,-29.262,-22.197,0.218,0.218,0.247,0.247
1.570,-28.822,-22.225,0.223,0.223,0.247,0.247
1.573,-28.871,-22.162,0.209,0.209,0.253,0.253
1.577,-29.589,-22.031,0.224,0.224,0.249,0.249
1.580,-30.568,-21.955,0.224,0.224,0.267,0.267
1.580,-31.172,-21.929,0.230,0.230,0.259,0.259
1.581,-31.074,-21.919,0.223,0.223,0.259,0.259
1.582,-30.535,-21.885,0.230,0.230,0.258,0.258
1.583,-30.029,-21.852,0.217,0.217,0.266,0.266
1.584,-29.883,-21.819,0.229,0.229,0.269,0.269
1.586,-30.291,-21.764,0.217,0.217,0.259,0.259
1.586,-30.960,-21.760,0.229,0.229,0.284,0.284
1.589,-31.482,-21.678,0.223,0.223,0.261,0.261
1.589,-31.825,-21.675,0.217,0.217,0.255,0.255
1.588,-32.200,-21.698,0.217,0.217,0.259,0.259
1.588,-32.380,-21.685,0.209,0.209,0.259,0.259
1.592,-32.396,-21.556,0.211,0.211,0.262,0.262
1.596,-32.412,-21.426,0.218,0.218,0.255,0.255
1.597,-32.804,-21.409,0.233,0.233,0.273,0.273
1.597,-33.440,-21.407,0.211,0.211,0.258,0.258
1.599,-33.832,-21.353,0.208,0.208,0.255,0.255
1.600,-33.767,-21.309,0.197,0.197,0.258,0.258
1.600,-33.228,-21.307,0.214,0.214,0.255,0.255
1.602,-32.934,-21.244,0.201,0.201,0.252,0.252
1.604,-33.228,-21.178,0.227,0.227,0.255,0.255
1.605,-34.012,-21.144,0.208,0.208,0.261,0.261
1.604,-34.697,-21.156,0.223,0.223,0.258,0.258
1.605,-34.925,-21.139,0.215,0.215,0.256,0.256
1.606,-34.893,-21.108,0.235,0.235,0.258,0.258
1.606,-34.811,-21.101,0.230,0.230,0.273,0.273
1.611,-34.811,-20.922,0.244,0.244,0.276,0.276
1.613,-34.779,-20.860,0.235,0.235,0.279,0.279
1.614,-34.697,-20.823,0.249,0.249,0.256,0.256
1.615,-34.485,-20.777,0.232,0.232,0.278,0.278
1.616,-34.338,-20.760,0.249,0.249,0.285,0.285
1.617,-34.207,-20.731,0.218,0.218,0.270,0.270
1.617,-33.914,-20.719,0.246,0.246,0.272,0.272
1.618,-33.604,-20.682,0.224,0.224,0.266,0.266
1.621,-33.620,-20.600,0.252,0.252,0.273,0.273
1.621,-33.734,-20.572,0.218,0.218,0.246,0.246
1.622,-33.848,-20.554,0.232,0.232,0.266,0.266
1.621,-33.946,-20.600,0.224,0.224,0.272,0.272
1.622,-34.224,-20.567,0.237,0.237,0.264,0.264
1.625,-34.795,-20.457,0.217,0.217,0.264,0.264
1.628,-35.562,-20.328,0.246,0.246,0.255,0.255
1.629,-36.313,-20.304,0.221,0.221,0.256,0.256
1.630,-36.998,-20.263,0.227,0.227,0.266,0.266
1.631,-37.341,-20.223,0.226,0.226,0.256,0.256
1.632,-37.341,-20.201,0.223,0.223,0.255,0.255
1.634,-37.210,-20.133,0.223,0.223,0.259,0.259
1.635,-36.933,-20.086,0.227,0.227,0.258,0.258
1.636,-36.753,-20.057,0.230,0.230,0.270,0.270
1.636,-36.639,-20.046,0.227,0.227,0.255,0.255
1.638,-36.280,-19.984,0.220,0.220,0.259,0.259
1.637,-35.611,-20.010,0.233,0.233,0.255,0.255
1.636,-34.893,-20.030,0.218,0.218,0.255,0.255
1.637,-34.452,-19.999,0.230,0.230,0.253,0.253
1.644,-34.273,-19.768,0.238,0.238,0.255,0.255
1.645,-34.191,-19.745,0.224,0.224,0.255,0.255
1.645,-33.995,-19.721,0.235,0.235,0.258,0.258
1.647,-33.946,-19.681,0.217,0.217,0.262,0.262
1.647,-34.289,-19.677,0.230,0.230,0.255,0.255
1.648,-35.089,-19.623,0.220,0.220,0.252,0.252
1.649,-36.068,-19.608,0.238,0.238,0.258,0.258
1.650,-36.672,-19.545,0.226,0.226,0.258,0.258
1.652,-36.868,-19.481,0.243,0.243,0.247,0.247
1.653,-36.851,-19.464,0.217,0.217,0.258,0.258
1.652,-36.851,-19.502,0.232,0.232,0.258,0.258
1.652,-37.145,-19.483,0.203,0.203,0.246,0.246
1.652,-37.667,-19.479,0.214,0.214,0.232,0.232
1.658,-38.010,-19.260,0.198,0.198,0.243,0.243
1.660,-37.994,-19.196,0.227,0.227,0.233,0.233
1.660,-37.830,-19.184,0.201,0.201,0.233,0.233
1.660,-37.749,-19.178,0.217,0.217,0.240,0.240
1.661,-37.798,-19.147,0.191,0.191,0.237,0.237
1.663,-38.092,-19.086,0.226,0.226,0.243,0.243
1.664,-38.271,-19.039,0.212,0.212,0.247,0.247
1.665,-38.369,-18.990,0.224,0.224,0.247,0.247
1.666,-38.581,-18.949,0.214,0.214,0.241,0.241
1.667,-38.810,-18.935,0.215,0.215,0.243,0.243
1.667,-39.169,-18.904,0.206,0.206,0.255,0.255
1.667,-39.560,-18.922,0.208,0.208,0.247,0.247
1.666,-39.838,-18.956,0.223,0.223,0.250,0.250
1.668,-40.262,-18.870,0.218,0.218,0.252,0.252
1.672,-41.127,-18.712,0.223,0.223,0.256,0.256
1.675,-42.318,-18.585,0.218,0.218,0.255,0.255
1.675,-43.379,-18.585,0.215,0.215,0.253,0.253
1.675,-43.804,-18.594,0.211,0.211,0.261,0.261
1.675,-43.804,-18.576,0.211,0.211,0.256,0.256
1.676,-43.771,-18.541,0.220,0.220,0.259,0.259
1.678,-43.950,-18.476,0.220,0.220,0.267,0.267
1.679,-44.114,-18.394,0.206,0.206,0.261,0.261
1.680,-44.195,-18.388,0.217,0.217,0.258,0.258
1.681,-44.097,-18.344,0.206,0.206,0.247,0.247
1.680,-43.771,-18.360,0.224,0.224,0.258,0.258
1.679,-43.347,-18.402,0.203,0.203,0.267,0.267
1.680,-43.216,-18.361,0.229,0.229,0.259,0.259
1.686,-43.542,-18.117,0.203,0.203,0.258,0.258
1.687,-44.016,-18.051,0.209,0.209,0.253,0.253
1.687,-44.424,-18.046,0.203,0.203,0.250,0.250
1.688,-44.293,-18.014,0.223,0.223,0.246,0.246
1.688,-43.804,-18.021,0.197,0.197,0.256,0.256
1.689,-43.330,-17.966,0.224,0.224,0.262,0.262
1.691,-43.200,-17.905,0.212,0.212,0.259,0.259
1.692,-43.510,-17.847,0.217,0.217,0.253,0.253
1.692,-44.032,-17.833,0.208,0.208,0.258,0.258
1.694,-44.424,-17.775,0.233,0.233,0.258,0.258
1.693,-44.407,-17.796,0.217,0.217,0.250,0.250
1.692,-44.212,-17.853,0.237,0.237,0.262,0.262
1.696,-44.163,-17.691,0.230,0.230,0.276,0.276
1.694,-44.212,-17.739,0.240,0.240,0.279,0.279
1.700,-44.554,-17.477,0.223,0.223,0.288,0.288
1.701,-44.995,-17.455,0.252,0.252,0.282,0.282
1.701,-45.370,-17.438,0.237,0.237,0.273,0.273
1.702,-45.354,-17.405,0.249,0.249,0.282,0.282
1.703,-45.191,-17.365,0.221,0.221,0.273,0.273
1.704,-45.191,-17.330,0.237,0.237,0.267,0.267
1.705,-45.517,-17.267,0.218,0.218,0.273,0.273
1.706,-46.007,-17.220,0.226,0.226,0.284,0.284
1.706,-46.447,-17.203,0.233,0.233,0.270,0.270
1.708,-46.660,-17.129,0.235,0.235,0.266,0.266
1.706,-46.643,-17.242,0.217,0.217,0.288,0.288
1.705,-46.529,-17.256,0.226,0.226,0.264,0.264
1.706,-46.284,-17.225,0.226,0.226,0.264,0.264
1.712,-46.023,-16.936,0.218,0.218,0.262,0.262
1.714,-45.860,-16.852,0.233,0.233,0.264,0.264
1.714,-45.827,-16.855,0.224,0.224,0.261,0.261
1.715,-45.664,-16.828,0.230,0.230,0.266,0.266
1.714,-45.338,-16.843,0.206,0.206,0.276,0.276
1.715,-45.109,-16.799,0.224,0.224,0.256,0.256
1.716,-45.125,-16.759,0.212,0.212,0.246,0.246
1.718,-45.484,-16.669,0.223,0.223,0.256,0.256
1.717,-46.039,-16.698,0.232,0.232,0.259,0.259
1.718,-46.480,-16.673,0.235,0.235,0.258,0.258
1.717,-46.562,-16.732,0.217,0.217,0.256,0.256
1.717,-46.252,-16.719,0.223,0.223,0.272,0.272
1.720,-45.909,-16.586,0.212,0.212,0.258,0.258
1.724,-45.974,-16.404,0.230,0.230,0.259,0.259
1.726,-46.513,-16.316,0.217,0.217,0.264,0.264
1.725,-47.345,-16.346,0.243,0.243,0.261,0.261
1.725,-47.981,-16.373,0.226,0.226,0.259,0.259
1.726,-48.194,-16.293,0.244,0.244,0.264,0.264
1.727,-48.128,-16.277,0.218,0.218,0.256,0.256
1.728,-48.014,-16.205,0.244,0.244,0.258,0.258
1.728,-47.753,-16.205,0.224,0.224,0.252,0.252
1.730,-47.508,-16.125,0.240,0.240,0.256,0.256
1.730,-47.214,-16.101,0.224,0.224,0.255,0.255
1.729,-47.149,-16.164,0.235,0.235,0.252,0.252
1.727,-47.492,-16.244,0.203,0.203,0.250,0.250
1.731,-47.932,-16.060,0.221,0.221,0.218,0.218
1.731,-48.145,-16.086,0.211,0.211,0.232,0.232
1.736,-48.047,-15.816,0.229,0.229,0.244,0.244
1.738,-47.786,-15.716,0.209,0.209,0.241,0.241
1.737,-47.476,-15.778,0.224,0.224,0.233,0.233
1.737,-47.198,-15.792,0.204,0.204,0.246,0.246
1.738,-46.953,-15.743,0.215,0.215,0.243,0.243
1.738,-46.741,-15.717,0.209,0.209,0.241,0.241
1.740,-46.496,-15.626,0.220,0.220,0.246,0.246
1.741,-46.252,-15.595,0.227,0.227,0.237,0.237
1.741,-46.170,-15.609,0.215,0.215,0.238,0.238
1.742,-46.366,-15.561,0.226,0.226,0.249,0.249
1.740,-46.562,-15.627,0.224,0.224,0.270,0.270
1.740,-46.660,-15.610,0.226,0.226,0.252,0.252
1.741,-46.627,-15.595,0.218,0.218,0.247,0.247
1.746,-46.578,-15.363,0.232,0.232,0.253,0.253
1.747,-46.496,-15.301,0.218,0.218,0.258,0.258
1.748,-46.203,-15.265,0.215,0.215,0.256,0.256
1.748,-45.795,-15.240,0.218,0.218,0.258,0.258
1.747,-45.566,-15.296,0.224,0.224,0.238,0.238
1.748,-45.648,-15.239,0.218,0.218,0.262,0.262
1.749,-45.925,-15.198,0.241,0.241,0.272,0.272
1.750,-46.121,-15.161,0.215,0.215,0.258,0.258
1.750,-46.088,-15.157,0.232,0.232,0.252,0.252
1.751,-45.664,-15.122,0.203,0.203,0.249,0.249
1.750,-44.799,-15.180,0.235,0.235,0.255,0.255
1.750,-43.869,-15.177,0.209,0.209,0.255,0.255
1.754,-43.167,-15.003,0.230,0.230,0.252,0.252
1.755,-42.792,-14.957,0.208,0.208,0.252,0.252
1.758,-42.628,-14.808,0.227,0.227,0.252,0.252
1.757,-42.694,-14.886,0.211,0.211,0.252,0.252
1.757,-42.677,-14.878,0.218,0.218,0.249,0.249
1.758,-42.628,-14.835,0.209,0.209,0.252,0.252
1.759,-42.318,-14.798,0.221,0.221,0.255,0.255
1.760,-41.894,-14.745,0.200,0.200,0.256,0.256
1.760,-41.682,-14.734,0.226,0.226,0.252,0.252
1.761,-41.649,-14.712,0.206,0.206,0.262,0.262
1.762,-41.698,-14.656,0.217,0.217,0.258,0.258
1.761,-41.633,-14.691,0.215,0.215,0.276,0.276
1.759,-41.404,-14.775,0.237,0.237,0.259,0.259
1.759,-41.209,-14.764,0.232,0.232,0.273,0.273
1.762,-41.176,-14.658,0.238,0.238,0.279,0.279
1.766,-41.192,-14.482,0.232,0.232,0.276,0.276
1.768,-41.225,-14.393,0.230,0.230,0.275,0.275
1.768,-41.127,-14.418,0.221,0.221,0.276,0.276
1.767,-40.899,-14.469,0.238,0.238,0.255,0.255
1.768,-40.637,-14.429,0.224,0.224,0.269,0.269
1.769,-40.376,-14.352,0.223,0.223,0.287,0.287
1.768,-40.213,-14.394,0.232,0.232,0.270,0.270
1.770,-40.262,-14.341,0.218,0.218,0.270,0.270
1.771,-40.540,-14.285,0.226,0.226,0.267,0.267
1.771,-40.735,-14.277,0.217,0.217,0.270,0.270
1.769,-40.686,-14.386,0.223,0.223,0.256,0.256
1.769,-40.327,-14.352,0.209,0.209,0.261,0.261
1.769,-39.887,-14.362,0.217,0.217,0.266,0.266
1.775,-39.658,-14.114,0.206,0.206,0.255,0.255
1.777,-39.658,-14.070,0.218,0.218,0.255,0.255
1.776,-39.772,-14.073,0.208,0.208,0.258,0.258
1.776,-40.083,-14.088,0.227,0.227,0.261,0.261
1.777,-40.229,-14.052,0.214,0.214,0.247,0.247
1.777,-40.278,-14.065,0.218,0.218,0.255,0.255
1.778,-40.164,-13.999,0.198,0.198,0.259,0.259
1.778,-39.870,-14.013,0.220,0.220,0.256,0.256
1.779,-39.707,-13.955,0.209,0.209,0.258,0.258
1.778,-39.642,-14.008,0.226,0.226,0.252,0.252
1.778,-39.691,-14.018,0.212,0.212,0.259,0.259
1.777,-39.691,-14.041,0.230,0.230,0.261,0.261
1.779,-39.724,-13.976,0.208,0.208,0.261,0.261
1.783,-39.724,-13.800,0.237,0.237,0.252,0.252
1.785,-39.626,-13.752,0.218,0.218,0.252,0.252
1.785,-39.397,-13.745,0.241,0.241,0.255,0.255
1.784,-39.152,-13.755,0.218,0.218,0.276,0.276
1.784,-38.777,-13.758,0.244,0.244,0.259,0.259
1.784,-38.320,-13.759,0.218,0.218,0.252,0.252
1.785,-37.814,-13.725,0.238,0.238,0.258,0.258
1.787,-37.373,-13.670,0.226,0.226,0.259,0.259
1.787,-37.194,-13.658,0.240,0.240,0.253,0.253
1.787,-37.178,-13.670,0.224,0.224,0.255,0.255
1.785,-36.916,-13.741,0.238,0.238,0.267,0.267
1.786,-36.753,-13.690,0.212,0.212,0.252,0.252
1.786,-36.737,-13.702,0.218,0.218,0.237,0.237
1.790,-36.721,-13.539,0.197,0.197,0.241,0.241
1.793,-36.786,-13.452,0.217,0.217,0.235,0.235
1.793,-36.770,-13.446,0.206,0.206,0.237,0.237
1.793,-36.770,-13.450,0.212,0.212,0.230,0.230
1.791,-36.737,-13.500,0.209,0.209,0.224,0.224
1.792,-36.835,-13.463,0.215,0.215,0.246,0.246
1.794,-37.178,-13.394,0.208,0.208,0.246,0.246
1.793,-37.569,-13.430,0.209,0.209,0.243,0.243
1.795,-37.716,-13.351,0.220,0.220,0.238,0.238
1.795,-37.504,-13.368,0.212,0.212,0.241,0.241
1.794,-37.210,-13.387,0.217,0.217,0.246,0.246
1.792,-36.835,-13.459,0.203,0.203,0.224,0.224
1.792,-36.362,-13.458,0.220,0.220,0.246,0.246
1.796,-35.823,-13.331,0.209,0.209,0.259,0.259
1.799,-35.366,-13.212,0.223,0.223,0.249,0.249
1.800,-34.925,-13.188,0.214,0.214,0.252,0.252
1.801,-34.762,-13.169,0.232,0.232,0.255,0.255
1.798,-34.779,-13.256,0.203,0.203,0.252,0.252
1.800,-34.795,-13.180,0.224,0.224,0.240,0.240
1.800,-34.811,-13.203,0.208,0.208,0.253,0.253
1.801,-34.909,-13.171,0.233,0.233,0.259,0.259
1.801,-35.203,-13.156,0.208,0.208,0.255,0.255
1.802,-35.595,-13.119,0.235,0.235,0.250,0.250
1.800,-35.807,-13.176,0.215,0.215,0.240,0.240
1.800,-35.823,-13.207,0.223,0.223,0.253,0.253
1.800,-35.807,-13.206,0.214,0.214,0.259,0.259
1.804,-35.823,-13.059,0.237,0.237,0.250,0.250
1.807,-35.986,-12.948,0.206,0.206,0.250,0.250
1.806,-35.823,-12.965,0.223,0.223,0.247,0.247
1.807,-35.431,-12.950,0.208,0.208,0.247,0.247
1.806,-34.811,-12.975,0.218,0.218,0.256,0.256
1.806,-34.044,-12.991,0.200,0.200,0.252,0.252
1.807,-33.359,-12.946,0.230,0.230,0.252,0.252
1.807,-32.934,-12.940,0.206,0.206,0.249,0.249
1.808,-32.690,-12.918,0.227,0.227,0.249,0.249
1.808,-32.461,-12.923,0.208,0.208,0.256,0.256
1.807,-32.347,-12.926,0.230,0.230,0.261,0.261
1.806,-32.314,-12.977,0.218,0.218,0.276,0.276
1.806,-32.412,-12.983,0.237,0.237,0.258,0.258
1.807,-32.641,-12.953,0.233,0.233,0.272,0.272
1.812,-32.902,-12.769,0.243,0.243,0.275,0.275
1.813,-33.098,-12.749,0.233,0.233,0.278,0.278
1.811,-33.016,-12.823,0.244,0.244,0.273,0.273
1.811,-32.951,-12.795,0.233,0.233,0.275,0.275
1.812,-33.098,-12.780,0.240,0.240,0.282,0.282
1.813,-33.326,-12.743,0.230,0.230,0.266,0.266
1.813,-33.261,-12.756,0.237,0.237,0.273,0.273
1.814,-33.049,-12.720,0.227,0.227,0.276,0.276
1.814,-32.836,-12.706,0.235,0.235,0.276,0.276
1.814,-32.885,-12.718,0.224,0.224,0.266,0.266
1.813,-33.147,-12.730,0.232,0.232,0.264,0.264
1.812,-33.326,-12.784,0.223,0.223,0.252,0.252
1.813,-33.391,-12.747,0.235,0.235,0.261,0.261
1.815,-33.277,-12.690,0.224,0.224,0.276,0.276
1.818,-33.000,-12.580,0.218,0.218,0.261,0.261
1.818,-32.836,-12.582,0.223,0.223,0.262,0.262
1.817,-32.869,-12.625,0.221,0.221,0.252,0.252
1.818,-33.114,-12.582,0.223,0.223,0.253,0.253
1.818,-33.342,-12.594,0.218,0.218,0.233,0.233
1.818,-33.293,-12.583,0.235,0.235,0.252,0.252
1.818,-33.000,-12.576,0.217,0.217,0.262,0.262
1.818,-32.771,-12.569,0.226,0.226,0.256,0.256
1.819,-32.380,-12.531,0.215,0.215,0.264,0.264
1.818,-32.004,-12.584,0.229,0.229,0.256,0.256
1.818,-31.727,-12.589,0.217,0.217,0.250,0.250
1.818,-31.368,-12.577,0.232,0.232,0.249,0.249
1.821,-31.009,-12.484,0.221,0.221,0.250,0.250
1.822,-30.731,-12.452,0.232,0.232,0.259,0.259
1.822,-30.405,-12.442,0.221,0.221,0.258,0.258
1.822,-30.029,-12.467,0.237,0.237,0.256,0.256
1.823,-29.736,-12.425,0.227,0.227,0.256,0.256
1.822,-29.475,-12.460,0.237,0.237,0.256,0.256
1.822,-29.377,-12.454,0.227,0.227,0.258,0.258
1.823,-29.393,-12.423,0.241,0.241,0.255,0.255
1.823,-29.703,-12.415,0.218,0.218,0.253,0.253
1.823,-29.932,-12.416,0.240,0.240,0.252,0.252
1.823,-30.323,-12.418,0.221,0.221,0.256,0.256
1.822,-30.682,-12.468,0.235,0.235,0.252,0.252
1.822,-30.943,-12.454,0.209,0.209,0.249,0.249
1.825,-31.204,-12.375,0.230,0.230,0.226,0.226
1.827,-31.417,-12.296,0.197,0.197,0.230,0.230
1.827,-31.596,-12.298,0.218,0.218,0.229,0.229
1.827,-31.433,-12.311,0.203,0.203,0.233,0.233
1.827,-31.058,-12.297,0.220,0.220,0.233,0.233
1.826,-30.731,-12.322,0.209,0.209,0.237,0.237
1.826,-30.486,-12.318,0.214,0.214,0.241,0.241
1.827,-30.242,-12.305,0.218,0.218,0.215,0.215
1.827,-29.948,-12.285,0.227,0.227,0.240,0.240
1.828,-29.475,-12.277,0.227,0.227,0.246,0.246
1.828,-29.050,-12.269,0.227,0.227,0.243,0.243
1.827,-28.756,-12.311,0.237,0.237,0.240,0.240
1.826,-28.528,-12.336,0.226,0.226,0.247,0.247
1.826,-28.381,-12.333,0.224,0.224,0.246,0.246
1.830,-28.300,-12.202,0.227,0.227,0.233,0.233
1.831,-28.071,-12.182,0.240,0.240,0.246,0.246
1.830,-27.989,-12.212,0.226,0.226,0.255,0.255
1.831,-28.185,-12.180,0.240,0.240,0.249,0.249
1.831,-28.463,-12.193,0.227,0.227,0.250,0.250
1.831,-28.773,-12.191,0.238,0.238,0.255,0.255
1.830,-28.985,-12.212,0.226,0.226,0.255,0.255
1.832,-29.246,-12.150,0.249,0.249,0.246,0.246
1.832,-29.393,-12.163,0.221,0.221,0.250,0.250
1.830,-29.409,-12.205,0.237,0.237,0.249,0.249
1.827,-29.475,-12.292,0.226,0.226,0.252,0.252
1.830,-29.703,-12.224,0.247,0.247,0.255,0.255
1.833,-29.850,-12.120,0.226,0.226,0.267,0.267
1.834,-29.899,-12.092,0.246,0.246,0.255,0.255
1.834,-29.866,-12.084,0.226,0.226,0.252,0.252
1.833,-29.785,-12.111,0.247,0.247,0.247,0.247
1.834,-29.524,-12.098,0.220,0.220,0.250,0.250
1.833,-29.377,-12.114,0.249,0.249,0.247,0.247
1.834,-29.311,-12.105,0.220,0.220,0.252,0.252
1.834,-29.377,-12.106,0.238,0.238,0.252,0.252
1.835,-29.377,-12.075,0.220,0.220,0.255,0.255
1.834,-29.279,-12.093,0.247,0.247,0.253,0.253
1.834,-29.132,-12.089,0.230,0.230,0.255,0.255
1.832,-29.230,-12.141,0.244,0.244,0.253,0.253
1.830,-29.328,-12.197,0.243,0.243,0.256,0.256
1.832,-29.426,-12.146,0.250,0.250,0.258,0.258
1.835,-29.377,-12.072,0.246,0.246,0.258,0.258
1.837,-29.328,-11.999,0.264,0.264,0.276,0.276
1.837,-29.018,-11.997,0.249,0.249,0.288,0.288
1.836,-28.887,-12.043,0.258,0.258,0.281,0.281
1.836,-28.838,-12.033,0.252,0.252,0.273,0.273
1.837,-28.871,-12.019,0.261,0.261,0.266,0.266
1.837,-28.969,-12.017,0.246,0.246,0.262,0.262
1.836,-29.197,-12.047,0.258,0.258,0.258,0.258
1.837,-29.360,-12.011,0.246,0.246,0.269,0.269
1.836,-29.377,-12.039,0.252,0.252,0.284,0.284
1.836,-29.393,-12.044,0.230,0.230,0.270,0.270
1.834,-29.344,-12.105,0.240,0.240,0.267,0.267
1.834,-29.295,-12.100,0.230,0.230,0.258,0.258
1.838,-29.034,-11.977,0.232,0.232,0.267,0.267
1.839,-28.969,-11.952,0.241,0.241,0.255,0.255
1.840,-29.148,-11.923,0.227,0.227,0.259,0.259
1.838,-29.328,-11.980,0.230,0.230,0.261,0.261
1.838,-29.409,-11.966,0.223,0.223,0.264,0.264
1.839,-29.393,-11.953,0.232,0.232,0.261,0.261
1.839,-29.377,-11.952,0.218,0.218,0.252,0.252
1.838,-29.442,-11.976,0.220,0.220,0.255,0.255
1.839,-29.670,-11.936,0.220,0.220,0.243,0.243
1.838,-29.801,-11.968,0.232,0.232,0.252,0.252
1.837,-29.572,-11.995,0.212,0.212,0.252,0.252
1.835,-29.393,-12.064,0.229,0.229,0.256,0.256
1.836,-29.230,-12.044,0.217,0.217,0.258,0.258
1.840,-29.034,-11.923,0.224,0.224,0.241,0.241
1.841,-28.985,-11.887,0.212,0.212,0.256,0.256
1.842,-29.230,-11.859,0.229,0.229,0.255,0.255
1.840,-29.491,-11.934,0.211,0.211,0.256,0.256
1.840,-29.377,-11.920,0.221,0.221,0.255,0.255
1.839,-29.213,-11.937,0.215,0.215,0.255,0.255
1.839,-29.001,-11.949,0.232,0.232,0.259,0.259
1.840,-28.887,-11.931,0.212,0.212,0.253,0.253
1.840,-28.854,-11.925,0.235,0.235,0.255,0.255
1.841,-28.871,-11.904,0.215,0.215,0.252,0.252
1.840,-28.822,-11.924,0.227,0.227,0.250,0.250
1.839,-28.642,-11.959,0.209,0.209,0.252,0.252
1.837,-28.626,-12.015,0.223,0.223,0.249,0.249
1.838,-28.512,-11.973,0.195,0.195,0.250,0.250
1.841,-28.397,-11.886,0.208,0.208,0.230,0.230
1.842,-28.381,-11.864,0.192,0.192,0.235,0.235
1.841,-28.381,-11.883,0.211,0.211,0.220,0.220
1.842,-28.332,-11.873,0.194,0.194,0.235,0.235
1.840,-28.153,-11.918,0.195,0.195,0.238,0.238
1.840,-28.234,-11.923,0.203,0.203,0.240,0.240
1.840,-28.283,-11.909,0.198,0.198,0.241,0.241
1.840,-28.104,-11.910,0.194,0.194,0.235,0.235
1.841,-27.892,-11.886,0.191,0.191,0.246,0.246
1.841,-27.843,-11.905,0.198,0.198,0.223,0.223
1.840,-27.973,-11.927,0.194,0.194,0.238,0.238
1.838,-28.267,-11.972,0.197,0.197,0.249,0.249
1.838,-28.397,-11.972,0.206,0.206,0.247,0.247
1.838,-28.593,-11.985,0.206,0.206,0.249,0.249
1.842,-28.789,-11.852,0.200,0.200,0.237,0.237
1.844,-28.887,-11.798,0.200,0.200,0.250,0.250
1.844,-28.985,-11.814,0.191,0.191,0.246,0.246
1.842,-29.230,-11.870,0.209,0.209,0.250,0.250
1.841,-29.507,-11.885,0.185,0.185,0.256,0.256
1.841,-29.719,-11.886,0.211,0.211,0.252,0.252
1.842,-29.817,-11.877,0.197,0.197,0.252,0.252
1.842,-29.915,-11.874,0.209,0.209,0.255,0.255
1.841,-29.866,-11.886,0.192,0.192,0.255,0.255
1.841,-29.850,-11.901,0.224,0.224,0.258,0.258
1.838,-29.834,-11.976,0.195,0.195,0.250,0.250
1.837,-29.883,-11.999,0.215,0.215,0.243,0.243
1.839,-29.948,-11.940,0.201,0.201,0.246,0.246
1.842,-30.193,-11.856,0.217,0.217,0.249,0.249
1.842,-30.372,-11.855,0.194,0.194,0.264,0.264
1.841,-30.405,-11.879,0.220,0.220,0.249,0.249
1.840,-30.470,-11.911,0.197,0.197,0.246,0.246
1.841,-30.682,-11.906,0.218,0.218,0.246,0.246
1.841,-30.911,-11.907,0.203,0.203,0.249,0.249
1.841,-31.139,-11.896,0.214,0.214,0.247,0.247
1.840,-31.335,-11.911,0.201,0.201,0.250,0.250
1.841,-31.351,-11.892,0.212,0.212,0.269,0.269
1.840,-31.368,-11.932,0.211,0.211,0.252,0.252
1.838,-31.335,-11.994,0.217,0.217,0.247,0.247
1.837,-31.302,-12.009,0.212,0.212,0.261,0.261
1.839,-31.351,-11.945,0.230,0.230,0.256,0.256
1.841,-31.319,-11.877,0.237,0.237,0.272,0.272
1.842,-31.335,-11.862,0.258,0.258,0.272,0.272
1.841,-31.335,-11.879,0.249,0.249,0.272,0.272
1.841,-31.319,-11.902,0.264,0.264,0.266,0.266
1.840,-31.400,-11.924,0.261,0.261,0.285,0.285
1.840,-31.645,-11.913,0.256,0.256,0.273,0.273
1.840,-31.825,-11.927,0.261,0.261,0.266,0.266
1.839,-31.857,-11.945,0.262,0.262,0.273,0.273
1.840,-31.923,-11.932,0.258,0.258,0.266,0.266
1.840,-32.184,-11.917,0.272,0.272,0.250,0.250
1.839,-32.331,-11.952,0.270,0.270,0.264,0.264
1.836,-32.380,-12.061,0.258,0.258,0.272,0.272
1.836,-32.363,-12.056,0.267,0.267,0.266,0.266
1.839,-32.347,-11.952,0.255,0.255,0.261,0.261
1.841,-32.331,-11.889,0.264,0.264,0.262,0.262
1.842,-32.331,-11.862,0.253,0.253,0.255,0.255
1.840,-32.363,-11.937,0.270,0.270,0.246,0.246
1.838,-32.347,-11.984,0.255,0.255,0.252,0.252
1.838,-32.314,-11.973,0.262,0.262,0.264,0.264
1.838,-32.363,-11.985,0.261,0.261,0.250,0.250
1.839,-32.347,-11.969,0.267,0.267,0.252,0.252
1.838,-32.347,-11.978,0.255,0.255,0.250,0.250
1.839,-32.347,-11.967,0.273,0.273,0.253,0.253
1.837,-32.347,-12.008,0.259,0.259,0.259,0.259
1.834,-32.347,-12.110,0.278,0.278,0.252,0.252
1.834,-32.347,-12.124,0.258,0.258,0.250,0.250
1.838,-32.363,-11.980,0.276,0.276,0.250,0.250
1.839,-32.314,-11.952,0.261,0.261,0.258,0.258
1.839,-32.347,-11.962,0.270,0.270,0.266,0.266
1.838,-32.363,-11.980,0.252,0.252,0.256,0.256
1.836,-32.331,-12.043,0.272,0.272,0.247,0.247
1.836,-32.331,-12.046,0.243,0.243,0.253,0.253
1.836,-32.314,-12.038,0.258,0.258,0.252,0.252
1.837,-32.363,-12.028,0.235,0.235,0.258,0.258
1.836,-32.347,-12.042,0.250,0.250,0.255,0.255
1.837,-32.347,-12.035,0.224,0.224,0.275,0.275
1.833,-32.412,-12.147,0.246,0.246,0.253,0.253
1.833,-32.641,-12.165,0.223,0.223,0.249,0.249
1.832,-32.836,-12.181,0.232,0.232,0.247,0.247
1.836,-32.885,-12.041,0.209,0.209,0.246,0.246
1.836,-32.869,-12.042,0.214,0.214,0.235,0.235
1.835,-32.934,-12.088,0.197,0.197,0.232,0.232
1.835,-33.130,-12.077,0.198,0.198,0.255,0.255
1.835,-33.293,-12.099,0.206,0.206,0.240,0.240
1.834,-33.375,-12.102,0.197,0.197,0.223,0.223
1.834,-33.277,-12.125,0.192,0.192,0.229,0.229
1.834,-33.065,-12.108,0.194,0.194,0.243,0.243
1.833,-33.147,-12.146,0.194,0.194,0.237,0.237
1.833,-33.261,-12.145,0.189,0.189,0.240,0.240
1.834,-33.375,-12.132,0.186,0.186,0.258,0.258
1.832,-33.342,-12.192,0.192,0.192,0.240,0.240
1.829,-33.342,-12.278,0.191,0.191,0.240,0.240
1.830,-33.342,-12.239,0.191,0.191,0.244,0.244
1.833,-33.310,-12.141,0.192,0.192,0.249,0.249
1.834,-33.326,-12.108,0.185,0.185,0.253,0.253
1.834,-33.310,-12.132,0.192,0.192,0.252,0.252
1.832,-33.408,-12.174,0.185,0.185,0.259,0.259
1.831,-33.620,-12.206,0.211,0.211,0.253,0.253
1.831,-33.816,-12.221,0.188,0.188,0.252,0.252
1.831,-33.930,-12.226,0.198,0.198,0.252,0.252
1.830,-34.158,-12.243,0.183,0.183,0.250,0.250
1.831,-34.338,-12.230,0.200,0.200,0.247,0.247
1.830,-34.371,-12.247,0.179,0.179,0.249,0.249
1.828,-34.354,-12.334,0.201,0.201,0.261,0.261
1.827,-34.305,-12.370,0.188,0.188,0.253,0.253
1.826,-34.338,-12.381,0.203,0.203,0.249,0.249
1.830,-34.420,-12.267,0.185,0.185,0.250,0.250
1.830,-34.550,-12.251,0.201,0.201,0.247,0.247
1.830,-34.501,-12.269,0.192,0.192,0.258,0.258
1.828,-34.387,-12.316,0.200,0.200,0.250,0.250
1.828,-34.322,-12.326,0.183,0.183,0.255,0.255
1.827,-34.305,-12.369,0.198,0.198,0.249,0.249
1.828,-34.338,-12.337,0.185,0.185,0.250,0.250
1.827,-34.240,-12.350,0.195,0.195,0.252,0.252
1.827,-34.012,-12.365,0.192,0.192,0.252,0.252
1.825,-33.816,-12.410,0.208,0.208,0.244,0.244
1.824,-33.783,-12.457,0.194,0.194,0.249,0.249
1.823,-33.783,-12.506,0.215,0.215,0.240,0.240
1.822,-33.832,-12.519,0.204,0.204,0.253,0.253
1.827,-33.799,-12.371,0.217,0.217,0.255,0.255
1.827,-33.832,-12.360,0.211,0.211,0.273,0.273
1.825,-33.816,-12.439,0.227,0.227,0.262,0.262
1.825,-33.816,-12.425,0.224,0.224,0.267,0.267
1.823,-33.914,-12.476,0.220,0.220,0.264,0.264
1.824,-34.142,-12.472,0.229,0.229,0.259,0.259
1.824,-34.387,-12.469,0.221,0.221,0.267,0.267
1.822,-34.762,-12.523,0.227,0.227,0.261,0.261
1.823,-35.121,-12.496,0.218,0.218,0.266,0.266
1.822,-35.415,-12.514,0.227,0.227,0.262,0.262
1.821,-35.644,-12.569,0.217,0.217,0.264,0.264
1.820,-35.709,-12.612,0.229,0.229,0.264,0.264
1.819,-35.529,-12.649,0.208,0.208,0.255,0.255
1.820,-35.399,-12.602,0.220,0.220,0.255,0.255
1.822,-35.546,-12.540,0.195,0.195,0.256,0.256
1.820,-35.758,-12.580,0.226,0.226,0.253,0.253
1.820,-35.790,-12.593,0.214,0.214,0.252,0.252
1.820,-35.807,-12.590,0.217,0.217,0.276,0.276
1.819,-35.774,-12.642,0.218,0.218,0.255,0.255
1.818,-35.774,-12.656,0.230,0.230,0.246,0.246
1.818,-35.758,-12.655,0.220,0.220,0.247,0.247
1.818,-35.774,-12.682,0.235,0.235,0.255,0.255
1.817,-35.692,-12.698,0.227,0.227,0.252,0.252
1.816,-35.448,-12.728,0.237,0.237,0.247,0.247
1.815,-35.317,-12.775,0.220,0.220,0.267,0.267
1.814,-35.170,-12.816,0.256,0.256,0.252,0.252
1.814,-34.974,-12.826,0.232,0.232,0.255,0.255
1.816,-34.828,-12.742,0.252,0.252,0.250,0.250
1.816,-34.811,-12.731,0.238,0.238,0.250,0.250
1.816,-34.795,-12.749,0.261,0.261,0.249,0.249
1.815,-34.811,-12.778,0.244,0.244,0.253,0.253
1.814,-34.828,-12.820,0.258,0.258,0.246,0.246
1.813,-34.909,-12.829,0.249,0.249,0.255,0.255
1.812,-35.203,-12.866,0.269,0.269,0.253,0.253
1.813,-35.676,-12.839,0.255,0.255,0.253,0.253
1.811,-36.166,-12.910,0.270,0.270,0.250,0.250
1.811,-36.345,-12.907,0.258,0.258,0.249,0.249
1.810,-36.443,-12.960,0.261,0.261,0.247,0.247
1.808,-36.623,-13.023,0.244,0.244,0.258,0.258
1.807,-36.786,-13.051,0.252,0.252,0.253,0.253
1.807,-36.786,-13.056,0.233,0.233,0.253,0.253
1.811,-36.851,-12.914,0.226,0.226,0.237,0.237
1.810,-37.063,-12.952,0.230,0.230,0.226,0.226
1.810,-37.243,-12.951,0.220,0.220,0.241,0.241
1.807,-37.276,-13.047,0.215,0.215,0.232,0.232
1.808,-37.276,-13.045,0.218,0.218,0.230,0.230
1.807,-37.178,-13.066,0.221,0.221,0.238,0.238
1.806,-36.916,-13.100,0.215,0.215,0.247,0.247
1.807,-36.672,-13.082,0.212,0.212,0.237,0.237
1.805,-36.313,-13.124,0.208,0.208,0.240,0.240
1.806,-35.937,-13.113,0.217,0.217,0.256,0.256
1.803,-35.741,-13.214,0.203,0.203,0.243,0.243
1.802,-35.725,-13.258,0.212,0.212,0.235,0.235
1.801,-35.807,-13.265,0.203,0.203,0.243,0.243
1.802,-36.100,-13.244,0.218,0.218,0.246,0.246
1.804,-36.280,-13.189,0.191,0.191,0.249,0.249
1.805,-36.329,-13.139,0.220,0.220,0.252,0.252
1.802,-36.296,-13.233,0.200,0.200,0.253,0.253
1.802,-36.296,-13.255,0.212,0.212,0.244,0.244
1.800,-36.247,-13.314,0.195,0.195,0.252,0.252
1.801,-36.264,-13.287,0.221,0.221,0.249,0.249
1.799,-36.182,-13.349,0.197,0.197,0.258,0.258
1.799,-35.954,-13.345,0.208,0.208,0.247,0.247
1.798,-35.758,-13.378,0.203,0.203,0.253,0.253
1.796,-35.611,-13.453,0.217,0.217,0.240,0.240
1.795,-35.448,-13.506,0.201,0.201,0.253,0.253
1.796,-35.219,-13.476,0.218,0.218,0.249,0.249
1.798,-34.958,-13.381,0.201,0.201,0.253,0.253
1.798,-34.713,-13.396,0.212,0.212,0.252,0.252
1.797,-34.468,-13.436,0.194,0.194,0.255,0.255
1.795,-34.322,-13.506,0.221,0.221,0.252,0.252
1.795,-34.322,-13.504,0.198,0.198,0.252,0.252
1.794,-34.403,-13.540,0.215,0.215,0.246,0.246
1.794,-34.664,-13.537,0.203,0.203,0.247,0.247
1.792,-34.893,-13.588,0.217,0.217,0.246,0.246
1.792,-35.170,-13.613,0.204,0.204,0.252,0.252
1.792,-35.382,-13.611,0.215,0.215,0.246,0.246
1.789,-35.644,-13.692,0.214,0.214,0.256,0.256
1.787,-35.856,-13.774,0.223,0.223,0.250,0.250
1.787,-36.133,-13.765,0.214,0.214,0.259,0.259
1.787,-36.313,-13.773,0.238,0.238,0.259,0.259
1.789,-36.411,-13.694,0.243,0.243,0.273,0.273
1.791,-36.606,-13.642,0.238,0.238,0.276,0.276
1.788,-36.753,-13.729,0.250,0.250,0.275,0.275
1.788,-36.704,-13.752,0.243,0.243,0.275,0.275
1.786,-36.508,-13.805,0.244,0.244,0.262,0.262
1.785,-36.296,-13.834,0.240,0.240,0.275,0.275
1.785,-36.329,-13.853,0.247,0.247,0.264,0.264
1.785,-36.557,-13.850,0.235,0.235,0.262,0.262
1.783,-36.835,-13.911,0.238,0.238,0.264,0.264
1.784,-37.112,-13.898,0.240,0.240,0.273,0.273
1.781,-37.276,-13.991,0.237,0.237,0.266,0.266
1.778,-37.308,-14.107,0.226,0.226,0.259,0.259
1.778,-37.357,-14.105,0.240,0.240,0.259,0.259
1.782,-37.569,-13.965,0.227,0.227,0.253,0.253
1.782,-37.830,-13.947,0.229,0.229,0.256,0.256
1.780,-38.206,-14.031,0.227,0.227,0.253,0.253
1.780,-38.581,-14.038,0.233,0.233,0.253,0.253
1.778,-38.695,-14.107,0.220,0.220,0.255,0.255
1.778,-38.369,-14.131,0.243,0.243,0.267,0.267
1.778,-37.896,-14.125,0.220,0.220,0.255,0.255
1.777,-37.308,-14.142,0.240,0.240,0.252,0.252
1.776,-36.819,-14.188,0.214,0.214,0.250,0.250
1.775,-36.443,-14.214,0.238,0.238,0.249,0.249
1.771,-36.247,-14.371,0.223,0.223,0.252,0.252
1.770,-36.264,-14.414,0.233,0.233,0.250,0.250
1.774,-36.280,-14.263,0.220,0.220,0.270,0.270
1.774,-36.362,-14.245,0.255,0.255,0.255,0.255
1.774,-36.704,-14.270,0.233,0.233,0.249,0.249
1.773,-37.161,-14.289,0.252,0.252,0.258,0.258
1.771,-37.602,-14.384,0.243,0.243,0.253,0.253
1.769,-37.781,-14.445,0.258,0.258,0.253,0.253
1.770,-37.798,-14.425,0.233,0.233,0.258,0.258
1.768,-37.781,-14.479,0.267,0.267,0.270,0.270
1.768,-37.651,-14.505,0.241,0.241,0.255,0.255
1.768,-37.439,-14.474,0.259,0.259,0.250,0.250
1.767,-37.178,-14.540,0.249,0.249,0.264,0.264
1.762,-36.998,-14.697,0.264,0.264,0.255,0.255
1.761,-36.998,-14.735,0.244,0.244,0.252,0.252
1.761,-36.819,-14.762,0.253,0.253,0.249,0.249
1.764,-36.329,-14.637,0.241,0.241,0.269,0.269
1.765,-35.644,-14.610,0.241,0.241,0.232,0.232
1.764,-35.236,-14.633,0.227,0.227,0.232,0.232
1.763,-35.252,-14.677,0.233,0.233,0.227,0.227
1.760,-35.644,-14.772,0.230,0.230,0.233,0.233
1.760,-36.264,-14.796,0.230,0.230,0.232,0.232
1.760,-37.031,-14.794,0.227,0.227,0.237,0.237
1.759,-37.537,-14.813,0.227,0.227,0.261,0.261
1.757,-37.537,-14.878,0.238,0.238,0.235,0.235
1.758,-37.341,-14.865,0.223,0.223,0.240,0.240
1.756,-37.243,-14.932,0.240,0.240,0.237,0.237
1.753,-37.210,-15.043,0.233,0.233,0.244,0.244
1.750,-37.259,-15.153,0.249,0.249,0.240,0.240
1.753,-37.276,-15.038,0.232,0.232,0.240,0.240
1.754,-37.276,-14.994,0.266,0.266,0.240,0.240
1.754,-37.259,-14.984,0.246,0.246,0.247,0.247
1.754,-37.292,-15.005,0.262,0.262,0.259,0.259
1.752,-37.276,-15.084,0.247,0.247,0.249,0.249
1.751,-37.178,-15.102,0.275,0.275,0.250,0.250
1.749,-36.851,-15.186,0.253,0.253,0.255,0.255
1.749,-36.378,-15.192,0.267,0.267,0.255,0.255
1.749,-35.921,-15.200,0.255,0.255,0.233,0.233
1.748,-35.741,-15.230,0.267,0.267,0.252,0.252
1.746,-35.709,-15.282,0.244,0.244,0.270,0.270
1.741,-35.741,-15.460,0.267,0.267,0.252,0.252
1.740,-35.970,-15.498,0.261,0.261,0.262,0.262
1.745,-36.476,-15.325,0.275,0.275,0.244,0.244
1.745,-37.161,-15.337,0.250,0.250,0.253,0.253
1.745,-37.667,-15.330,0.276,0.276,0.255,0.255
1.743,-37.847,-15.419,0.249,0.249,0.253,0.253
1.740,-37.732,-15.510,0.256,0.256,0.249,0.249
1.740,-37.471,-15.499,0.243,0.243,0.255,0.255
1.739,-37.243,-15.546,0.247,0.247,0.252,0.252
1.739,-37.227,-15.567,0.230,0.230,0.247,0.247
1.738,-37.259,-15.594,0.227,0.227,0.249,0.249
1.736,-37.276,-15.651,0.224,0.224,0.252,0.252
1.737,-37.194,-15.640,0.221,0.221,0.247,0.247
1.733,-36.982,-15.785,0.215,0.215,0.255,0.255
1.731,-36.655,-15.869,0.220,0.220,0.252,0.252
1.731,-36.443,-15.858,0.214,0.214,0.256,0.256
1.733,-36.362,-15.764,0.209,0.209,0.282,0.282
1.735,-36.476,-15.711,0.217,0.217,0.275,0.275
1.733,-36.362,-15.793,0.204,0.204,0.267,0.267
1.732,-35.986,-15.831,0.214,0.214,0.270,0.270
1.730,-35.676,-15.884,0.206,0.206,0.266,0.266
1.729,-35.333,-15.928,0.206,0.206,0.267,0.267
1.728,-34.876,-15.953,0.197,0.197,0.270,0.270
1.727,-34.468,-16.002,0.192,0.192,0.246,0.246
1.726,-34.305,-16.014,0.188,0.188,0.267,0.267
1.726,-34.175,-16.026,0.191,0.191,0.270,0.270
1.723,-33.979,-16.114,0.175,0.175,0.262,0.262
1.721,-33.930,-16.212,0.188,0.188,0.258,0.258
1.719,-34.012,-16.270,0.175,0.175,0.259,0.259
1.720,-34.077,-16.221,0.175,0.175,0.250,0.250
1.723,-34.354,-16.142,0.175,0.175,0.235,0.235
1.722,-34.991,-16.174,0.186,0.186,0.252,0.252
1.720,-35.595,-16.216,0.169,0.169,0.259,0.259
1.719,-35.954,-16.275,0.183,0.183,0.250,0.250
1.718,-36.149,-16.308,0.174,0.174,0.247,0.247
1.717,-36.280,-16.339,0.194,0.194,0.240,0.240
1.716,-36.296,-16.391,0.168,0.168,0.246,0.246
1.715,-36.296,-16.400,0.197,0.197,0.240,0.240
1.713,-36.198,-16.469,0.174,0.174,0.244,0.244
1.711,-35.937,-16.543,0.189,0.189,0.249,0.249
1.708,-35.692,-16.648,0.183,0.183,0.249,0.249
1.706,-35.497,-16.723,0.203,0.203,0.249,0.249
1.711,-35.480,-16.571,0.183,0.183,0.246,0.246
1.711,-35.350,-16.549,0.200,0.200,0.247,0.247
1.710,-35.007,-16.601,0.188,0.188,0.249,0.249
1.709,-34.713,-16.633,0.208,0.208,0.247,0.247
1.706,-34.501,-16.716,0.189,0.189,0.247,0.247
1.705,-34.599,-16.767,0.221,0.221,0.250,0.250
1.705,-34.893,-16.770,0.206,0.206,0.252,0.252
1.704,-35.546,-16.812,0.230,0.230,0.261,0.261
1.703,-36.198,-16.840,0.206,0.206,0.244,0.244
1.702,-36.590,-16.884,0.235,0.235,0.240,0.240
1.700,-36.508,-16.964,0.214,0.214,0.252,0.252
1.697,-36.411,-17.074,0.218,0.218,0.249,0.249
1.695,-36.688,-17.139,0.211,0.211,0.249,0.249
1.696,-37.129,-17.096,0.214,0.214,0.244,0.244
1.698,-37.618,-17.014,0.203,0.203,0.246,0.246
1.698,-37.814,-17.034,0.203,0.203,0.224,0.224
1.696,-37.732,-17.080,0.201,0.201,0.232,0.232
1.695,-37.324,-17.135,0.200,0.200,0.223,0.223
1.694,-36.868,-17.167,0.194,0.194,0.226,0.226
1.692,-36.313,-17.235,0.201,0.201,0.227,0.227
1.692,-35.790,-17.237,0.211,0.211,0.233,0.233
1.691,-35.317,-17.285,0.198,0.198,0.218,0.218
1.690,-34.795,-17.303,0.211,0.211,0.224,0.224
1.688,-33.750,-17.398,0.200,0.200,0.241,0.241
1.685,-32.331,-17.488,0.211,0.211,0.230,0.230
1.683,-30.943,-17.540,0.197,0.197,0.230,0.230
1.682,-29.866,-17.573,0.221,0.221,0.233,0.233
1.685,-28.920,-17.476,0.212,0.212,0.241,0.241
1.685,-28.022,-17.476,0.226,0.226,0.227,0.227
1.684,-27.010,-17.508,0.209,0.209,0.246,0.246
1.683,-25.672,-17.551,0.232,0.232,0.250,0.250
1.681,-24.171,-17.593,0.212,0.212,0.250,0.250
1.679,-22.685,-17.629,0.226,0.226,0.249,0.249
1.679,-21.315,-17.640,0.223,0.223,0.243,0.243
1.678,-20.515,-17.662,0.243,0.243,0.249,0.249
1.677,-19.944,-17.677,0.230,0.230,0.246,0.246
1.675,-19.177,-17.724,0.255,0.255,0.249,0.249
1.672,-18.051,-17.775,0.237,0.237,0.252,0.252
1.672,-16.565,-17.772,0.253,0.253,0.246,0.246
1.671,-15.178,-17.787,0.230,0.230,0.249,0.249
1.675,-14.281,-17.737,0.266,0.266,0.252,0.252
1.673,-13.971,-17.754,0.243,0.243,0.250,0.250
1.672,-13.938,-17.779,0.262,0.262,0.246,0.246
1.670,-13.628,-17.801,0.258,0.258,0.249,0.249
1.669,-12.763,-17.811,0.276,0.276,0.244,0.244
1.667,-11.425,-17.835,0.264,0.264,0.252,0.252
1.667,-9.988,-17.841,0.276,0.276,0.249,0.249
1.666,-8.748,-17.847,0.267,0.267,0.267,0.267
1.665,-7.834,-17.858,0.276,0.276,0.246,0.246
1.664,-7.198,-17.866,0.253,0.253,0.244,0.244
1.660,-6.757,-17.892,0.276,0.276,0.249,0.249
1.659,-6.219,-17.899,0.266,0.266,0.255,0.255
1.658,-5.403,-17.905,0.267,0.267,0.244,0.244
1.660,-4.505,-17.892,0.267,0.267,0.253,0.253
1.660,-3.885,-17.892,0.278,0.278,0.259,0.259
1.660,-3.656,-17.895,0.279,0.279,0.273,0.273
1.658,-3.820,-17.902,0.276,0.276,0.282,0.282
1.656,-3.983,-17.909,0.276,0.276,0.273,0.273
1.655,-3.950,-17.912,0.267,0.267,0.273,0.273
1.654,-3.738,-17.915,0.259,0.259,0.272,0.272
1.653,-3.265,-17.921,0.262,0.262,0.273,0.273
1.653,-2.612,-17.920,0.262,0.262,0.241,0.241
1.653,-2.204,-17.921,0.247,0.247,0.273,0.273
1.650,-1.926,-17.927,0.256,0.256,0.282,0.282
1.647,-2.090,-17.932,0.232,0.232,0.272,0.272
1.645,-2.188,-17.936,0.235,0.235,0.262,0.262
1.644,-1.926,-17.938,0.230,0.230,0.264,0.264
1.647,-1.518,-17.933,0.233,0.233,0.262,0.262
1.648,-1.241,-17.932,0.220,0.220,0.240,0.240
1.646,-1.225,-17.935,0.227,0.227,0.261,0.261
1.644,-1.176,-17.937,0.215,0.215,0.258,0.258
1.642,-0.980,-17.939,0.229,0.229,0.258,0.258
1.642,-0.833,-17.939,0.214,0.214,0.256,0.256
1.641,-0.784,-17.939,0.227,0.227,0.256,0.256
1.640,-0.849,-17.941,0.215,0.215,0.261,0.261
1.640,-0.800,-17.941,0.224,0.224,0.241,0.241
1.637,-0.800,-17.943,0.218,0.218,0.253,0.253
1.634,-0.800,-17.945,0.233,0.233,0.261,0.261
1.634,-0.751,-17.946,0.217,0.217,0.255,0.255
1.634,-0.490,-17.945,0.235,0.235,0.250,0.250
1.636,-0.311,-17.945,0.223,0.223,0.243,0.243
1.636,-0.262,-17.945,0.246,0.246,0.256,0.256
1.633,-0.376,-17.945,0.221,0.221,0.258,0.258
1.632,-0.637,-17.946,0.253,0.253,0.252,0.252
1.631,-0.833,-17.947,0.226,0.226,0.250,0.250
1.630,-0.882,-17.948,0.246,0.246,0.252,0.252
1.628,-0.849,-17.949,0.238,0.238,0.259,0.259
1.627,-0.817,-17.950,0.259,0.259,0.243,0.243
1.627,-0.800,-17.950,0.240,0.240,0.258,0.258
1.625,-0.784,-17.952,0.256,0.256,0.261,0.261
1.621,-0.898,-17.955,0.243,0.243,0.253,0.253
1.621,-1.110,-17.955,0.252,0.252,0.252,0.252
1.621,-1.306,-17.955,0.237,0.237,0.256,0.256
1.623,-1.274,-17.952,0.244,0.244,0.250,0.250
1.623,-1.029,-17.953,0.223,0.223,0.243,0.243
1.621,-0.898,-17.954,0.226,0.226,0.233,0.233
1.620,-1.110,-17.955,0.208,0.208,0.233,0.233
1.618,-1.257,-17.958,0.217,0.217,0.224,0.224
1.618,-1.355,-17.958,0.206,0.206,0.230,0.230
1.616,-1.306,-17.960,0.211,0.211,0.230,0.230
1.615,-1.225,-17.961,0.211,0.211,0.235,0.235
1.615,-0.996,-17.962,0.212,0.212,0.262,0.262
1.614,-0.719,-17.963,0.209,0.209,0.235,0.235
1.611,-0.441,-17.964,0.197,0.197,0.232,0.232
1.608,-0.343,-17.966,0.215,0.215,0.232,0.232
1.608,-0.604,-17.966,0.201,0.201,0.238,0.238
1.608,-0.784,-17.966,0.204,0.204,0.241,0.241
1.610,-0.866,-17.964,0.198,0.198,0.240,0.240
1.610,-0.833,-17.964,0.214,0.214,0.237,0.237
1.609,-0.817,-17.965,0.198,0.198,0.246,0.246
1.607,-0.833,-17.967,0.218,0.218,0.252,0.252
1.606,-0.719,-17.967,0.200,0.200,0.249,0.249
1.605,-0.327,-17.968,0.217,0.217,0.243,0.243
1.604,0.081,-17.968,0.194,0.194,0.238,0.238
1.603,0.244,-17.968,0.208,0.208,0.241,0.241
1.601,0.195,-17.967,0.189,0.189,0.227,0.227
1.598,0.163,-17.967,0.211,0.211,0.247,0.247
1.596,0.130,-17.967,0.191,0.191,0.262,0.262
1.596,0.228,-17.967,0.211,0.211,0.249,0.249
1.600,0.456,-17.968,0.197,0.197,0.252,0.252
1.597,0.620,-17.967,0.201,0.201,0.230,0.230
1.596,0.685,-17.966,0.197,0.197,0.250,0.250
1.595,0.652,-17.965,0.212,0.212,0.255,0.255
1.593,0.717,-17.964,0.189,0.189,0.246,0.246
1.592,0.946,-17.963,0.204,0.204,0.247,0.247
1.592,1.076,-17.963,0.194,0.194,0.249,0.249
1.592,1.174,-17.963,0.214,0.214,0.250,0.250
1.590,1.125,-17.961,0.189,0.189,0.255,0.255
1.589,1.093,-17.959,0.214,0.214,0.240,0.240
1.587,1.191,-17.957,0.200,0.200,0.240,0.240
1.585,1.436,-17.954,0.209,0.209,0.244,0.244
1.583,1.566,-17.951,0.212,0.212,0.249,0.249
1.585,1.648,-17.955,0.215,0.215,0.246,0.246
1.586,1.697,-17.956,0.215,0.215,0.247,0.247
1.585,1.925,-17.954,0.218,0.218,0.269,0.269
1.583,2.105,-17.951,0.232,0.232,0.264,0.264
1.581,2.154,-17.946,0.230,0.230,0.267,0.267
1.581,2.121,-17.946,0.227,0.227,0.270,0.270
1.579,2.121,-17.942,0.235,0.235,0.269,0.269
1.579,2.121,-17.941,0.238,0.238,0.267,0.267
1.577,2.203,-17.938,0.223,0.223,0.267,0.267
1.577,2.415,-17.939,0.232,0.232,0.253,0.253
1.576,2.594,-17.935,0.224,0.224,0.267,0.267
1.574,2.741,-17.929,0.230,0.230,0.267,0.267
1.571,2.904,-17.922,0.223,0.223,0.262,0.262
1.572,3.068,-17.923,0.227,0.227,0.256,0.256
1.573,3.116,-17.928,0.220,0.220,0.259,0.259
1.573,3.116,-17.927,0.221,0.221,0.261,0.261
1.572,3.084,-17.923,0.221,0.221,0.237,0.237
1.570,3.084,-17.917,0.226,0.226,0.255,0.255
1.569,3.084,-17.915,0.212,0.212,0.256,0.256
1.567,3.084,-17.908,0.224,0.224,0.249,0.249
1.566,3.100,-17.907,0.215,0.215,0.250,0.250
1.566,3.100,-17.905,0.215,0.215,0.241,0.241
1.564,3.084,-17.900,0.212,0.212,0.253,0.253
1.563,3.100,-17.898,0.226,0.226,0.250,0.250
1.561,3.084,-17.891,0.209,0.209,0.247,0.247
1.559,3.100,-17.884,0.227,0.227,0.255,0.255
1.559,3.068,-17.884,0.203,0.203,0.250,0.250
1.561,3.100,-17.892,0.226,0.226,0.246,0.246
1.561,3.100,-17.891,0.203,0.203,0.246,0.246
1.559,3.100,-17.883,0.227,0.227,0.249,0.249
1.558,3.149,-17.881,0.208,0.208,0.258,0.258
1.557,3.524,-17.878,0.230,0.230,0.249,0.249
1.555,3.884,-17.869,0.215,0.215,0.252,0.252
1.555,4.079,-17.869,0.238,0.238,0.250,0.250
1.553,4.128,-17.864,0.221,0.221,0.253,0.253
1.552,4.096,-17.858,0.230,0.230,0.275,0.275
1.551,4.047,-17.853,0.229,0.229,0.255,0.255
1.549,4.063,-17.845,0.237,0.237,0.246,0.246
1.546,3.998,-17.835,0.217,0.217,0.259,0.259
1.546,3.769,-17.834,0.235,0.235,0.256,0.256
1.549,3.573,-17.847,0.209,0.209,0.258,0.258
1.548,3.541,-17.841,0.226,0.226,0.246,0.246
1.547,3.557,-17.837,0.206,0.206,0.259,0.259
1.546,3.573,-17.834,0.218,0.218,0.226,0.226
1.545,3.622,-17.832,0.200,0.200,0.235,0.235
1.544,3.573,-17.826,0.198,0.198,0.227,0.227
1.543,3.606,-17.822,0.197,0.197,0.230,0.230
1.541,3.557,-17.817,0.195,0.195,0.214,0.214
1.541,3.606,-17.815,0.194,0.194,0.226,0.226
1.540,3.590,-17.813,0.189,0.189,0.230,0.230
1.538,3.590,-17.804,0.212,0.212,0.227,0.227
1.536,3.573,-17.798,0.197,0.197,0.247,0.247
1.533,3.590,-17.789,0.209,0.209,0.233,0.233
1.534,3.573,-17.791,0.200,0.200,0.229,0.229
1.536,3.606,-17.797,0.218,0.218,0.243,0.243
1.535,3.590,-17.796,0.206,0.206,0.244,0.244
1.534,3.573,-17.790,0.212,0.212,0.220,0.220
1.532,3.573,-17.785,0.204,0.204,0.238,0.238
1.530,3.492,-17.777,0.224,0.224,0.247,0.247
1.529,3.263,-17.775,0.203,0.203,0.244,0.244
1.530,3.068,-17.777,0.223,0.223,0.247,0.247
1.529,2.970,-17.775,0.215,0.215,0.252,0.252
1.528,2.757,-17.771,0.224,0.224,0.247,0.247
1.526,2.611,-17.766,0.211,0.211,0.226,0.226
1.522,2.562,-17.756,0.224,0.224,0.247,0.247
1.521,2.578,-17.752,0.215,0.215,0.264,0.264
1.523,2.594,-17.759,0.223,0.223,0.249,0.249
1.524,2.611,-17.761,0.211,0.211,0.247,0.247
1.524,2.594,-17.761,0.229,0.229,0.233,0.233
1.523,2.496,-17.757,0.220,0.220,0.253,0.253
1.520,2.284,-17.751,0.230,0.230,0.256,0.256
1.519,2.105,-17.748,0.214,0.214,0.247,0.247
1.517,2.072,-17.745,0.237,0.237,0.241,0.241
1.517,2.203,-17.744,0.206,0.206,0.243,0.243
1.516,2.415,-17.742,0.233,0.233,0.249,0.249
1.514,2.594,-17.738,0.209,0.209,0.246,0.246
1.514,2.594,-17.736,0.223,0.223,0.249,0.249
1.510,2.611,-17.726,0.211,0.211,0.253,0.253
1.509,2.676,-17.723,0.227,0.227,0.247,0.247
1.510,2.921,-17.726,0.218,0.218,0.253,0.253
1.512,3.100,-17.733,0.230,0.230,0.252,0.252
1.511,3.116,-17.731,0.233,0.233,0.256,0.256
1.510,3.116,-17.728,0.244,0.244,0.270,0.270
1.508,3.002,-17.721,0.232,0.232,0.259,0.259
1.506,2.823,-17.716,0.249,0.249,0.262,0.262
1.506,2.937,-17.715,0.243,0.243,0.284,0.284
1.504,3.035,-17.709,0.237,0.237,0.275,0.275
1.504,3.068,-17.709,0.247,0.247,0.269,0.269
1.503,3.002,-17.705,0.246,0.246,0.270,0.270
1.502,2.904,-17.702,0.246,0.246,0.285,0.285
1.499,2.806,-17.695,0.249,0.249,0.273,0.273
1.497,2.692,-17.690,0.240,0.240,0.259,0.259
1.495,2.382,-17.682,0.237,0.237,0.270,0.270
1.498,2.333,-17.692,0.238,0.238,0.269,0.269
1.500,2.333,-17.694,0.240,0.240,0.266,0.266
1.498,2.415,-17.692,0.246,0.246,0.264,0.264
1.496,2.578,-17.685,0.238,0.238,0.267,0.267
1.495,2.692,-17.683,0.255,0.255,0.258,0.258
1.494,2.953,-17.679,0.246,0.246,0.255,0.255
1.492,3.100,-17.675,0.250,0.250,0.259,0.259
1.492,3.116,-17.675,0.246,0.246,0.258,0.258
1.490,3.182,-17.669,0.253,0.253,0.256,0.256
1.490,3.329,-17.668,0.237,0.237,0.249,0.249
1.488,3.312,-17.660,0.249,0.249,0.224,0.224
1.484,3.427,-17.648,0.237,0.237,0.249,0.249
1.482,3.622,-17.642,0.253,0.253,0.262,0.262
1.486,3.916,-17.656,0.232,0.232,0.250,0.250
1.486,4.112,-17.654,0.253,0.253,0.249,0.249
1.485,4.112,-17.653,0.241,0.241,0.250,0.250
1.484,3.981,-17.648,0.249,0.249,0.255,0.255
1.482,3.753,-17.640,0.237,0.237,0.249,0.249
1.482,3.557,-17.638,0.258,0.258,0.250,0.250
1.481,3.557,-17.634,0.246,0.246,0.252,0.252
1.479,3.541,-17.629,0.252,0.252,0.250,0.250
1.479,3.590,-17.628,0.241,0.241,0.256,0.256
1.478,3.704,-17.624,0.255,0.255,0.241,0.241
1.474,3.900,-17.611,0.240,0.240,0.258,0.258
1.473,4.145,-17.605,0.262,0.262,0.255,0.255
1.472,4.422,-17.602,0.230,0.230,0.250,0.250
1.475,4.553,-17.614,0.240,0.240,0.246,0.246
1.475,4.634,-17.614,0.224,0.224,0.258,0.258
1.473,4.569,-17.607,0.238,0.238,0.250,0.250
1.472,4.634,-17.600,0.215,0.215,0.247,0.247
1.470,4.863,-17.591,0.214,0.214,0.244,0.244
1.469,5.059,-17.585,0.204,0.204,0.232,0.232
1.468,5.091,-17.581,0.209,0.209,0.227,0.227
1.467,5.140,-17.579,0.204,0.204,0.237,0.237
1.466,5.385,-17.572,0.206,0.206,0.235,0.235
1.466,5.548,-17.570,0.209,0.209,0.237,0.237
1.464,5.630,-17.561,0.200,0.200,0.267,0.267
1.461,5.907,-17.544,0.198,0.198,0.237,0.237
1.460,6.038,-17.535,0.201,0.201,0.230,0.230
1.458,6.103,-17.526,0.206,0.206,0.233,0.233
1.462,6.054,-17.551,0.198,0.198,0.240,0.240
1.461,6.054,-17.545,0.203,0.203,0.244,0.244
1.460,6.070,-17.540,0.206,0.206,0.246,0.246
1.459,6.038,-17.531,0.212,0.212,0.244,0.244
1.456,6.054,-17.514,0.198,0.198,0.250,0.250
1.456,6.038,-17.513,0.215,0.215,0.255,0.255
1.454,6.054,-17.502,0.200,0.200,0.249,0.249
1.454,6.152,-17.499,0.212,0.212,0.252,0.252
1.453,6.315,-17.492,0.200,0.200,0.252,0.252
1.450,6.511,-17.479,0.217,0.217,0.250,0.250
1.448,6.560,-17.464,0.208,0.208,0.226,0.226
1.448,6.625,-17.461,0.218,0.218,0.255,0.255
1.449,6.788,-17.467,0.206,0.206,0.269,0.269
1.449,6.756,-17.473,0.229,0.229,0.255,0.255
1.450,6.886,-17.478,0.201,0.201,0.247,0.247
1.448,6.984,-17.464,0.226,0.226,0.249,0.249
1.446,7.017,-17.452,0.203,0.203,0.250,0.250
1.444,7.017,-17.436,0.223,0.223,0.246,0.246
1.443,7.017,-17.429,0.194,0.194,0.255,0.255
1.443,7.001,-17.427,0.226,0.226,0.249,0.249
1.442,7.001,-17.419,0.206,0.206,0.255,0.255
1.440,7.050,-17.407,0.218,0.218,0.246,0.246
1.440,7.311,-17.404,0.209,0.209,0.246,0.246
1.436,7.474,-17.377,0.218,0.218,0.250,0.250
1.434,7.539,-17.360,0.204,0.204,0.247,0.247
1.435,7.507,-17.369,0.221,0.221,0.249,0.249
1.437,7.490,-17.381,0.215,0.215,0.255,0.255
1.436,7.507,-17.377,0.224,0.224,0.259,0.259
1.435,7.507,-17.372,0.209,0.209,0.261,0.261
1.434,7.474,-17.359,0.240,0.240,0.240,0.240
1.432,7.507,-17.345,0.233,0.233,0.261,0.261
1.432,7.604,-17.343,0.250,0.250,0.267,0.267
1.431,7.784,-17.338,0.241,0.241,0.279,0.279
1.430,8.012,-17.331,0.238,0.238,0.276,0.276
1.429,8.029,-17.323,0.237,0.237,0.275,0.275
1.428,8.012,-17.319,0.243,0.243,0.272,0.272
1.426,7.996,-17.297,0.230,0.230,0.291,0.291
1.423,7.996,-17.273,0.243,0.243,0.278,0.278
1.422,8.061,-17.265,0.229,0.229,0.259,0.259
1.420,8.225,-17.254,0.237,0.237,0.272,0.272
1.425,8.143,-17.290,0.243,0.243,0.272,0.272
1.423,8.061,-17.274,0.226,0.226,0.264,0.264
1.421,7.964,-17.263,0.237,0.237,0.266,0.266
1.420,7.980,-17.249,0.230,0.230,0.281,0.281
1.420,7.996,-17.248,0.226,0.226,0.264,0.264
1.418,7.996,-17.236,0.229,0.229,0.252,0.252
1.418,7.996,-17.234,0.233,0.233,0.261,0.261
1.417,8.061,-17.227,0.227,0.227,0.253,0.253
1.416,8.323,-17.220,0.232,0.232,0.256,0.256
1.414,8.453,-17.203,0.226,0.226,0.258,0.258
1.411,8.535,-17.174,0.237,0.237,0.240,0.240
1.410,8.486,-17.173,0.215,0.215,0.253,0.253
1.409,8.502,-17.161,0.238,0.238,0.266,0.266
1.411,8.453,-17.176,0.223,0.223,0.255,0.255
1.412,8.567,-17.189,0.232,0.232,0.252,0.252
1.410,8.731,-17.167,0.223,0.223,0.250,0.250
1.408,8.649,-17.151,0.237,0.237,0.255,0.255
1.407,8.535,-17.143,0.227,0.227,0.252,0.252
1.406,8.469,-17.134,0.238,0.238,0.258,0.258
1.405,8.486,-17.121,0.229,0.229,0.258,0.258
1.404,8.469,-17.121,0.249,0.249,0.249,0.249
1.404,8.502,-17.115,0.218,0.218,0.250,0.250
1.402,8.518,-17.103,0.249,0.249,0.237,0.237
1.398,8.388,-17.066,0.227,0.227,0.255,0.255
1.399,8.176,-17.071,0.249,0.249,0.261,0.261
1.396,7.996,-17.049,0.224,0.224,0.256,0.256
1.400,7.947,-17.079,0.247,0.247,0.250,0.250
1.400,7.964,-17.082,0.230,0.230,0.252,0.252
1.398,8.029,-17.069,0.240,0.240,0.249,0.249
1.397,8.012,-17.058,0.227,0.227,0.267,0.267
1.394,8.029,-17.032,0.233,0.233,0.240,0.240
1.394,7.996,-17.034,0.212,0.212,0.226,0.226
1.393,7.980,-17.022,0.224,0.224,0.233,0.233
1.391,7.996,-17.013,0.220,0.220,0.238,0.238
1.391,7.996,-17.009,0.224,0.224,0.233,0.233
1.390,8.012,-16.999,0.208,0.208,0.230,0.230
1.388,8.078,-16.984,0.229,0.229,0.250,0.250
1.386,8.306,-16.967,0.220,0.220,0.235,0.235
1.385,8.453,-16.958,0.229,0.229,0.243,0.243
1.386,8.420,-16.971,0.221,0.221,0.238,0.238
1.387,8.208,-16.979,0.224,0.224,0.241,0.241
1.387,7.980,-16.981,0.230,0.230,0.252,0.252
1.386,7.980,-16.967,0.209,0.209,0.243,0.243
1.382,7.931,-16.939,0.233,0.233,0.229,0.229
1.382,7.898,-16.936,0.226,0.226,0.244,0.244
1.381,7.702,-16.930,0.232,0.232,0.258,0.258
1.379,7.490,-16.917,0.218,0.218,0.249,0.249
1.379,7.458,-16.912,0.243,0.243,0.258,0.258
1.378,7.507,-16.906,0.221,0.221,0.258,0.258
1.376,7.490,-16.891,0.230,0.230,0.250,0.250
1.372,7.409,-16.866,0.218,0.218,0.224,0.224
1.372,7.148,-16.861,0.235,0.235,0.246,0.246
1.373,7.001,-16.867,0.214,0.214,0.262,0.262
1.374,6.968,-16.878,0.233,0.233,0.252,0.252
1.373,6.886,-16.873,0.218,0.218,0.255,0.255
1.373,6.642,-16.872,0.235,0.235,0.243,0.243
1.371,6.544,-16.858,0.217,0.217,0.250,0.250
1.370,6.527,-16.848,0.244,0.244,0.256,0.256
1.368,6.805,-16.841,0.221,0.221,0.249,0.249
1.367,7.033,-16.832,0.233,0.233,0.252,0.252
1.367,7.376,-16.830,0.217,0.217,0.252,0.252
1.366,7.523,-16.824,0.237,0.237,0.250,0.250
1.363,7.507,-16.804,0.218,0.218,0.246,0.246
1.360,7.523,-16.777,0.229,0.229,0.252,0.252
1.358,7.490,-16.766,0.223,0.223,0.256,0.256
1.358,7.507,-16.766,0.238,0.238,0.247,0.247
1.362,7.474,-16.795,0.221,0.221,0.249,0.249
1.362,7.507,-16.790,0.253,0.253,0.253,0.253
1.361,7.392,-16.783,0.238,0.238,0.261,0.261
1.359,7.180,-16.767,0.255,0.255,0.281,0.281
1.357,7.017,-16.753,0.249,0.249,0.267,0.267
1.357,6.952,-16.753,0.259,0.259,0.270,0.270
1.355,7.017,-16.745,0.267,0.267,0.273,0.273
1.354,7.033,-16.739,0.264,0.264,0.273,0.273
1.354,7.017,-16.735,0.273,0.273,0.276,0.276
1.353,6.935,-16.729,0.261,0.261,0.272,0.272
1.351,6.707,-16.717,0.269,0.269,0.275,0.275
1.348,6.527,-16.694,0.262,0.262,0.272,0.272
1.344,6.462,-16.671,0.270,0.270,0.267,0.267
1.348,6.397,-16.692,0.250,0.250,0.272,0.272
1.350,6.185,-16.704,0.266,0.266,0.267,0.267
1.349,6.136,-16.701,0.246,0.246,0.261,0.261
1.348,6.266,-16.696,0.261,0.261,0.261,0.261
1.345,6.495,-16.675,0.243,0.243,0.255,0.255
1.344,6.576,-16.669,0.261,0.261,0.256,0.256
1.343,6.527,-16.661,0.243,0.243,0.255,0.255
1.341,6.609,-16.652,0.256,0.256,0.252,0.252
1.340,6.788,-16.644,0.244,0.244,0.256,0.256
1.341,7.017,-16.649,0.255,0.255,0.246,0.246
1.339,6.935,-16.634,0.235,0.235,0.249,0.249
1.336,6.723,-16.613,0.249,0.249,0.244,0.244
1.334,6.544,-16.601,0.226,0.226,0.253,0.253
1.334,6.446,-16.602,0.246,0.246,0.256,0.256
1.337,6.413,-16.623,0.215,0.215,0.253,0.253
1.337,6.119,-16.621,0.243,0.243,0.255,0.255
1.336,5.728,-16.614,0.218,0.218,0.252,0.252
1.332,5.516,-16.593,0.244,0.244,0.244,0.244
1.332,5.516,-16.592,0.215,0.215,0.244,0.244
1.331,5.532,-16.585,0.238,0.238,0.252,0.252
1.330,5.548,-16.579,0.218,0.218,0.252,0.252
1.328,5.564,-16.571,0.221,0.221,0.253,0.253
1.328,5.532,-16.568,0.221,0.221,0.258,0.258
1.326,5.548,-16.559,0.218,0.218,0.255,0.255
1.323,5.516,-16.544,0.203,0.203,0.258,0.258
1.322,5.646,-16.536,0.212,0.212,0.249,0.249
1.322,5.875,-16.535,0.220,0.220,0.258,0.258
1.325,6.054,-16.556,0.203,0.203,0.253,0.253
1.324,6.005,-16.551,0.208,0.208,0.253,0.253
1.323,5.728,-16.542,0.197,0.197,0.250,0.250
1.321,5.467,-16.533,0.200,0.200,0.238,0.238
1.320,5.271,-16.524,0.182,0.182,0.247,0.247
1.318,5.352,-16.518,0.200,0.200,0.221,0.221
1.317,5.613,-16.508,0.179,0.179,0.227,0.227
1.317,5.809,-16.508,0.195,0.195,0.233,0.233
1.315,5.630,-16.499,0.175,0.175,0.233,0.233
1.314,5.124,-16.495,0.206,0.206,0.226,0.226
1.312,4.308,-16.484,0.186,0.186,0.241,0.241
1.309,3.704,-16.474,0.206,0.206,0.233,0.233
1.308,3.459,-16.468,0.192,0.192,0.233,0.233
1.309,3.508,-16.473,0.212,0.212,0.233,0.233
1.312,3.606,-16.482,0.194,0.194,0.243,0.243
1.311,3.524,-16.479,0.212,0.212,0.237,0.237
1.309,3.296,-16.472,0.208,0.208,0.247,0.247
1.308,3.084,-16.468,0.215,0.215,0.267,0.267
1.306,2.970,-16.464,0.212,0.212,0.252,0.252
1.305,2.757,-16.460,0.209,0.209,0.240,0.240
1.305,2.708,-16.461,0.218,0.218,0.244,0.244
1.304,2.921,-16.457,0.212,0.212,0.247,0.247
1.304,3.002,-16.457,0.209,0.209,0.252,0.252
1.301,2.823,-16.448,0.211,0.211,0.247,0.247
1.297,2.643,-16.439,0.212,0.212,0.259,0.259
1.296,2.660,-16.436,0.214,0.214,0.247,0.247
1.298,2.970,-16.441,0.209,0.209,0.247,0.247
1.300,3.394,-16.447,0.203,0.203,0.249,0.249
1.299,3.655,-16.444,0.214,0.214,0.249,0.249
1.296,3.639,-16.432,0.194,0.194,0.249,0.249
1.295,3.590,-16.428,0.221,0.221,0.246,0.246
1.295,3.573,-16.429,0.197,0.197,0.241,0.241
1.294,3.492,-16.424,0.221,0.221,0.247,0.247
1.293,3.263,-16.422,0.197,0.197,0.249,0.249
1.292,2.986,-16.419,0.221,0.221,0.243,0.243
1.291,2.774,-16.416,0.192,0.192,0.241,0.241
1.289,2.594,-16.412,0.206,0.206,0.240,0.240
1.286,2.643,-16.404,0.191,0.191,0.247,0.247
1.284,2.888,-16.397,0.215,0.215,0.240,0.240
1.286,3.019,-16.403,0.191,0.191,0.249,0.249
1.287,2.904,-16.406,0.214,0.214,0.252,0.252
1.287,2.970,-16.406,0.206,0.206,0.252,0.252
1.284,3.133,-16.398,0.227,0.227,0.250,0.250
1.283,3.427,-16.393,0.220,0.220,0.241,0.241
1.282,3.606,-16.389,0.240,0.240,0.256,0.256
1.280,3.655,-16.383,0.227,0.227,0.267,0.267
1.280,3.590,-16.384,0.238,0.238,0.273,0.273
1.279,3.688,-16.379,0.229,0.229,0.288,0.288
1.279,3.981,-16.380,0.237,0.237,0.273,0.273
1.277,4.406,-16.372,0.235,0.235,0.269,0.269
1.274,4.585,-16.359,0.232,0.232,0.276,0.276
1.272,4.634,-16.348,0.229,0.229,0.270,0.270
1.271,4.569,-16.343,0.235,0.235,0.252,0.252
1.274,4.569,-16.355,0.221,0.221,0.270,0.270
1.275,4.553,-16.361,0.229,0.229,0.270,0.270
1.273,4.553,-16.355,0.230,0.230,0.270,0.270
1.272,4.487,-16.346,0.214,0.214,0.258,0.258
1.271,4.145,-16.342,0.224,0.224,0.282,0.282
1.269,3.704,-16.335,0.217,0.217,0.256,0.256
1.268,3.149,-16.333,0.221,0.221,0.249,0.249
1.267,2.643,-16.328,0.215,0.215,0.255,0.255
1.266,2.219,-16.327,0.233,0.233,0.252,0.252
1.265,2.219,-16.325,0.214,0.214,0.252,0.252
1.260,2.496,-16.314,0.233,0.233,0.256,0.256
1.259,2.953,-16.310,0.212,0.212,0.282,0.282
1.262,3.165,-16.320,0.233,0.233,0.246,0.246
1.262,3.182,-16.320,0.211,0.211,0.243,0.243
1.263,3.100,-16.322,0.237,0.237,0.246,0.246
1.261,3.149,-16.317,0.220,0.220,0.253,0.253
1.259,3.394,-16.309,0.246,0.246,0.250,0.250
1.258,3.639,-16.307,0.217,0.217,0.255,0.255
1.256,4.030,-16.298,0.243,0.243,0.264,0.264
1.256,4.389,-16.299,0.224,0.224,0.253,0.253
1.255,4.716,-16.292,0.241,0.241,0.246,0.246
1.254,4.928,-16.287,0.240,0.240,0.256,0.256
1.252,4.993,-16.280,0.249,0.249,0.250,0.250
1.249,4.765,-16.265,0.233,0.233,0.255,0.255
1.247,4.602,-16.256,0.240,0.240,0.253,0.253
1.246,4.504,-16.252,0.235,0.235,0.267,0.267
1.250,4.553,-16.269,0.235,0.235,0.256,0.256
1.249,4.585,-16.265,0.233,0.233,0.256,0.256
1.248,4.487,-16.259,0.238,0.238,0.249,0.249
1.248,4.243,-16.260,0.229,0.229,0.250,0.250
1.246,3.998,-16.251,0.224,0.224,0.247,0.247
1.245,3.737,-16.246,0.215,0.215,0.246,0.246
1.243,3.476,-16.239,0.217,0.217,0.255,0.255
1.243,3.165,-16.239,0.221,0.221,0.230,0.230
1.242,2.676,-16.236,0.211,0.211,0.226,0.226
1.241,2.252,-16.234,0.223,0.223,0.233,0.233
1.239,2.137,-16.231,0.209,0.209,0.238,0.238
1.236,2.447,-16.223,0.229,0.229,0.233,0.233
1.235,2.970,-16.219,0.217,0.217,0.232,0.232
1.233,3.427,-16.214,0.244,0.244,0.267,0.267
1.237,3.720,-16.228,0.227,0.227,0.241,0.241
1.236,3.949,-16.226,0.247,0.247,0.227,0.227
1.234,4.047,-16.217,0.223,0.223,0.240,0.240
1.233,4.112,-16.213,0.258,0.258,0.237,0.237
1.231,4.079,-16.203,0.232,0.232,0.240,0.240
1.230,4.145,-16.201,0.241,0.241,0.244,0.244
1.231,4.373,-16.204,0.232,0.232,0.255,0.255
1.230,4.634,-16.200,0.249,0.249,0.250,0.250
1.228,4.814,-16.191,0.235,0.235,0.258,0.258
1.227,4.651,-16.184,0.237,0.237,0.256,0.256
1.224,4.340,-16.173,0.243,0.243,0.256,0.256
1.222,4.357,-16.165,0.238,0.238,0.249,0.249
1.221,4.422,-16.160,0.237,0.237,0.256,0.256
1.225,4.161,-16.177,0.237,0.237,0.240,0.240
1.224,3.704,-16.173,0.235,0.235,0.258,0.258
1.223,3.133,-16.167,0.230,0.230,0.255,0.255
1.221,2.643,-16.163,0.233,0.233,0.252,0.252
1.220,2.317,-16.159,0.227,0.227,0.244,0.244
1.219,2.464,-16.157,0.240,0.240,0.247,0.247
1.218,2.937,-16.154,0.221,0.221,0.247,0.247
1.217,3.459,-16.152,0.237,0.237,0.244,0.244
1.216,3.622,-16.149,0.226,0.226,0.249,0.249
1.216,3.557,-16.148,0.227,0.227,0.252,0.252
1.212,3.280,-16.135,0.223,0.223,0.247,0.247
1.210,3.068,-16.128,0.233,0.233,0.246,0.246
1.211,3.051,-16.130,0.218,0.218,0.246,0.246
1.211,3.084,-16.133,0.229,0.229,0.246,0.246
1.212,3.133,-16.136,0.212,0.212,0.244,0.244
1.211,3.427,-16.133,0.237,0.237,0.247,0.247
1.209,3.492,-16.126,0.220,0.220,0.256,0.256
1.208,3.165,-16.120,0.258,0.258,0.258,0.258
1.207,2.806,-16.118,0.235,0.235,0.261,0.261
1.205,2.464,-16.113,0.256,0.256,0.264,0.264
1.205,2.252,-16.113,0.233,0.233,0.275,0.275
1.204,2.105,-16.111,0.255,0.255,0.256,0.256
1.203,2.137,-16.108,0.240,0.240,0.276,0.276
1.200,2.431,-16.101,0.261,0.261,0.282,0.282
1.198,2.529,-16.097,0.237,0.237,0.264,0.264
1.195,2.317,-16.090,0.253,0.253,0.272,0.272
1.198,2.154,-16.097,0.235,0.235,0.273,0.273
1.200,2.056,-16.101,0.255,0.255,0.270,0.270
1.199,2.170,-16.099,0.235,0.235,0.264,0.264
1.198,2.349,-16.096,0.246,0.246,0.259,0.259
1.196,2.170,-16.092,0.229,0.229,0.264,0.264
1.195,1.844,-16.090,0.246,0.246,0.256,0.256
1.193,1.582,-16.087,0.227,0.227,0.261,0.261
1.193,1.468,-16.086,0.247,0.247,0.278,0.278
1.192,1.370,-16.085,0.230,0.230,0.261,0.261
1.191,1.517,-16.083,0.252,0.252,0.255,0.255
1.189,1.892,-16.079,0.226,0.226,0.252,0.252
1.185,2.039,-16.071,0.241,0.241,0.255,0.255
1.185,1.860,-16.073,0.224,0.224,0.266,0.266
1.188,1.648,-16.077,0.226,0.226,0.252,0.252
1.188,1.468,-16.077,0.232,0.232,0.258,0.258
1.186,1.256,-16.075,0.227,0.227,0.252,0.252
1.183,1.142,-16.072,0.223,0.223,0.256,0.256
1.184,0.979,-16.072,0.223,0.223,0.253,0.253
1.183,0.799,-16.071,0.221,0.221,0.253,0.253
1.182,0.554,-16.071,0.215,0.215,0.255,0.255
1.180,0.277,-16.070,0.218,0.218,0.252,0.252
1.180,0.228,-16.070,0.215,0.215,0.241,0.241
1.178,0.424,-16.069,0.223,0.223,0.256,0.256
1.175,0.620,-16.068,0.204,0.204,0.253,0.253
1.174,0.750,-16.067,0.224,0.224,0.247,0.247
1.174,1.076,-16.067,0.211,0.211,0.252,0.252
1.175,1.436,-16.069,0.221,0.221,0.255,0.255
1.175,1.615,-16.068,0.209,0.209,0.255,0.255
1.175,1.746,-16.067,0.232,0.232,0.237,0.237
1.172,1.958,-16.063,0.209,0.209,0.255,0.255
1.171,2.105,-16.060,0.212,0.212,0.249,0.249
1.169,2.121,-16.057,0.198,0.198,0.249,0.249
1.169,2.056,-16.056,0.211,0.211,0.241,0.241
1.168,1.697,-16.055,0.191,0.191,0.226,0.226
1.167,1.207,-16.053,0.204,0.204,0.224,0.224
1.167,0.734,-16.053,0.195,0.195,0.232,0.232
1.165,0.620,-16.052,0.211,0.211,0.232,0.232
1.163,0.554,-16.050,0.197,0.197,0.227,0.227
1.161,0.538,-16.050,0.223,0.223,0.233,0.233
1.160,0.326,-16.049,0.206,0.206,0.230,0.230
1.162,-0.033,-16.049,0.223,0.223,0.237,0.237
1.163,-0.131,-16.049,0.204,0.204,0.237,0.237
1.161,0.016,-16.049,0.226,0.226,0.264,0.264
1.159,0.244,-16.049,0.212,0.212,0.240,0.240
1.158,0.554,-16.048,0.223,0.223,0.230,0.230
1.157,1.028,-16.047,0.214,0.214,0.238,0.238
1.156,1.468,-16.046,0.221,0.221,0.244,0.244
1.155,1.729,-16.045,0.226,0.226,0.243,0.243
1.154,2.186,-16.043,0.212,0.212,0.247,0.247
1.154,2.741,-16.044,0.233,0.233,0.256,0.256
1.151,3.100,-16.033,0.217,0.217,0.250,0.250
1.148,3.182,-16.026,0.217,0.217,0.256,0.256
1.147,3.019,-16.021,0.214,0.214,0.250,0.250
1.150,2.676,-16.031,0.224,0.224,0.247,0.247
1.150,2.186,-16.031,0.215,0.215,0.246,0.246
1.150,1.729,-16.030,0.221,0.221,0.249,0.249
1.147,1.631,-16.026,0.217,0.217,0.247,0.247
1.145,1.811,-16.022,0.229,0.229,0.249,0.249
1.145,1.795,-16.022,0.209,0.209,0.249,0.249
1.143,1.484,-16.019,0.227,0.227,0.249,0.249
1.143,0.881,-16.019,0.212,0.212,0.250,0.250
1.142,0.293,-16.018,0.229,0.229,0.249,0.249
1.141,-0.115,-16.018,0.206,0.206,0.247,0.247
1.138,-0.343,-16.019,0.229,0.229,0.243,0.243
1.136,-0.115,-16.019,0.211,0.211,0.243,0.243
1.133,0.309,-16.019,0.226,0.226,0.249,0.249
1.137,0.342,-16.020,0.209,0.209,0.252,0.252
1.138,0.032,-16.021,0.240,0.240,0.249,0.249
1.137,-0.392,-16.021,0.212,0.212,0.233,0.233
1.135,-0.719,-16.022,0.253,0.253,0.246,0.246
1.134,-0.866,-16.023,0.226,0.226,0.258,0.258
1.133,-0.768,-16.024,0.246,0.246,0.256,0.256
1.131,-0.539,-16.024,0.224,0.224,0.255,0.255
1.130,-0.294,-16.025,0.261,0.261,0.269,0.269
1.129,-0.327,-16.025,0.244,0.244,0.272,0.272
1.129,-0.523,-16.025,0.256,0.256,0.293,0.293
1.127,-0.507,-16.027,0.253,0.253,0.269,0.269
1.124,-0.458,-16.028,0.258,0.258,0.258,0.258
1.122,-0.735,-16.029,0.240,0.240,0.261,0.261
1.123,-1.208,-16.028,0.258,0.258,0.270,0.270
1.124,-1.763,-16.026,0.243,0.243,0.270,0.270
1.124,-2.204,-16.026,0.247,0.247,0.270,0.270
1.123,-2.449,-16.028,0.240,0.240,0.288,0.288
1.120,-2.579,-16.035,0.243,0.243,0.253,0.253
1.121,-2.481,-16.035,0.233,0.233,0.252,0.252
1.120,-2.253,-16.036,0.247,0.247,0.256,0.256
1.118,-1.959,-16.040,0.240,0.240,0.256,0.256
1.117,-1.828,-16.042,0.241,0.241,0.258,0.258
1.117,-1.780,-16.043,0.235,0.235,0.262,0.262
1.115,-1.812,-16.046,0.237,0.237,0.243,0.243
1.112,-1.812,-16.051,0.233,0.233,0.255,0.255
1.111,-1.812,-16.053,0.230,0.230,0.261,0.261
1.110,-1.747,-16.055,0.237,0.237,0.256,0.256
1.112,-1.420,-16.052,0.229,0.229,0.249,0.249
1.113,-0.915,-16.051,0.243,0.243,0.255,0.255
1.110,-0.670,-16.054,0.229,0.229,0.252,0.252
1.109,-0.784,-16.054,0.240,0.240,0.253,0.253
1.108,-0.947,-16.055,0.226,0.226,0.256,0.256
1.107,-0.980,-16.056,0.232,0.232,0.255,0.255
1.106,-1.061,-16.057,0.232,0.232,0.249,0.249
1.106,-1.045,-16.057,0.246,0.246,0.253,0.253
1.105,-1.176,-16.058,0.227,0.227,0.252,0.252
1.103,-1.306,-16.060,0.238,0.238,0.258,0.258
1.100,-1.420,-16.064,0.232,0.232,0.253,0.253
1.098,-1.633,-16.067,0.250,0.250,0.259,0.259
1.099,-1.796,-16.066,0.237,0.237,0.261,0.261
1.101,-1.877,-16.062,0.247,0.247,0.255,0.255
1.100,-1.943,-16.065,0.230,0.230,0.255,0.255
1.098,-2.122,-16.069,0.240,0.240,0.240,0.240
1.096,-2.171,-16.071,0.226,0.226,0.252,0.252
1.096,-2.024,-16.073,0.237,0.237,0.255,0.255
1.095,-1.845,-16.075,0.218,0.218,0.252,0.252
1.093,-1.682,-16.077,0.233,0.233,0.246,0.246
1.093,-1.339,-16.078,0.209,0.209,0.233,0.233
1.092,-0.980,-16.079,0.230,0.230,0.224,0.224
1.090,-0.653,-16.081,0.203,0.203,0.237,0.237
1.089,-0.278,-16.081,0.227,0.227,0.240,0.240
1.087,0.195,-16.081,0.209,0.209,0.232,0.232
1.086,0.587,-16.081,0.223,0.223,0.238,0.238
1.088,1.011,-16.082,0.208,0.208,0.240,0.240
1.088,1.109,-16.083,0.233,0.233,0.241,0.241
1.088,1.272,-16.082,0.220,0.220,0.240,0.240
1.084,1.436,-16.077,0.223,0.223,0.262,0.262
1.083,1.582,-16.076,0.224,0.224,0.243,0.243
1.083,1.648,-16.075,0.220,0.220,0.233,0.233
1.081,1.517,-16.073,0.226,0.226,0.246,0.246
1.081,1.305,-16.072,0.211,0.211,0.247,0.247
1.079,1.109,-16.070,0.229,0.229,0.253,0.253
1.079,1.076,-16.069,0.211,0.211,0.250,0.250
1.076,1.109,-16.067,0.221,0.221,0.252,0.252
1.074,1.060,-16.065,0.208,0.208,0.247,0.247
1.073,0.832,-16.064,0.226,0.226,0.249,0.249
1.072,0.636,-16.063,0.218,0.218,0.249,0.249
1.075,0.473,-16.064,0.220,0.220,0.253,0.253
1.075,0.293,-16.064,0.217,0.217,0.250,0.250
1.073,0.228,-16.064,0.226,0.226,0.249,0.249
1.072,0.440,-16.063,0.204,0.204,0.249,0.249
1.071,0.587,-16.063,0.227,0.227,0.252,0.252
1.069,0.685,-16.062,0.209,0.209,0.253,0.253
1.068,0.652,-16.061,0.223,0.223,0.249,0.249
1.068,0.750,-16.061,0.204,0.204,0.250,0.250
1.067,1.011,-16.060,0.230,0.230,0.256,0.256
1.065,1.419,-16.057,0.208,0.208,0.252,0.252
1.062,1.648,-16.054,0.221,0.221,0.243,0.243
1.061,1.631,-16.052,0.200,0.200,0.246,0.246
1.062,1.631,-16.054,0.221,0.221,0.244,0.244
1.063,1.501,-16.056,0.200,0.200,0.246,0.246
1.061,1.174,-16.052,0.221,0.221,0.249,0.249
1.061,0.799,-16.052,0.208,0.208,0.246,0.246
1.059,0.587,-16.051,0.227,0.227,0.250,0.250
1.058,0.571,-16.051,0.211,0.211,0.250,0.250
1.057,0.522,-16.050,0.237,0.237,0.256,0.256
1.056,0.326,-16.050,0.240,0.240,0.264,0.264
1.055,0.163,-16.049,0.240,0.240,0.273,0.273
1.055,-0.180,-16.049,0.237,0.237,0.273,0.273
1.053,-0.588,-16.050,0.246,0.246,0.270,0.270
1.051,-0.947,-16.051,0.238,0.238,0.276,0.276
1.050,-1.127,-16.053,0.241,0.241,0.267,0.267
1.049,-0.996,-16.054,0.233,0.233,0.273,0.273
1.051,-0.849,-16.052,0.233,0.233,0.275,0.275
1.050,-0.768,-16.053,0.227,0.227,0.266,0.266
1.049,-0.784,-16.053,0.240,0.240,0.266,0.266
1.046,-0.833,-16.056,0.230,0.230,0.276,0.276
1.045,-0.800,-16.056,0.232,0.232,0.267,0.267
1.045,-0.833,-16.057,0.232,0.232,0.269,0.269
1.044,-0.898,-16.058,0.226,0.226,0.262,0.262
1.043,-1.143,-16.058,0.209,0.209,0.261,0.261
1.042,-1.241,-16.059,0.227,0.227,0.261,0.261
1.042,-1.029,-16.060,0.226,0.226,0.264,0.264
1.039,-0.849,-16.062,0.223,0.223,0.276,0.276
1.037,-0.702,-16.064,0.230,0.230,0.259,0.259
1.038,-0.458,-16.063,0.215,0.215,0.249,0.249
1.039,-0.425,-16.063,0.226,0.226,0.256,0.256
1.037,-0.604,-16.064,0.215,0.215,0.259,0.259
1.037,-0.898,-16.064,0.233,0.233,0.252,0.252
1.035,-1.176,-16.067,0.224,0.224,0.250,0.250
1.034,-1.355,-16.068,0.230,0.230,0.258,0.258
1.032,-1.339,-16.070,0.218,0.218,0.255,0.255
1.031,-1.241,-16.071,0.232,0.232,0.253,0.253
1.030,-0.996,-16.072,0.223,0.223,0.255,0.255
1.029,-0.947,-16.073,0.233,0.233,0.252,0.252
1.028,-1.192,-16.074,0.223,0.223,0.256,0.256
1.027,-1.633,-16.076,0.249,0.249,0.259,0.259
1.025,-1.828,-16.079,0.218,0.218,0.273,0.273
1.024,-1.894,-16.081,0.246,0.246,0.258,0.258
1.027,-1.828,-16.076,0.227,0.227,0.255,0.255
1.026,-1.731,-16.077,0.243,0.243,0.258,0.258
1.025,-1.404,-16.078,0.230,0.230,0.261,0.261
1.023,-0.882,-16.081,0.255,0.255,0.258,0.258
1.022,-0.294,-16.082,0.226,0.226,0.253,0.253
1.020,0.130,-16.082,0.247,0.247,0.267,0.267
1.019,0.212,-16.082,0.218,0.218,0.247,0.247
1.018,0.179,-16.081,0.227,0.227,0.238,0.238
1.017,0.212,-16.081,0.206,0.206,0.237,0.237
1.017,0.440,-16.081,0.227,0.227,0.230,0.230
1.014,0.620,-16.080,0.212,0.212,0.229,0.229
1.013,0.766,-16.079,0.224,0.224,0.235,0.235
1.010,0.930,-16.077,0.211,0.211,0.264,0.264
1.014,1.093,-16.080,0.224,0.224,0.240,0.240
1.012,1.207,-16.078,0.224,0.224,0.229,0.229
1.014,1.436,-16.081,0.226,0.226,0.241,0.241
1.011,1.599,-16.076,0.223,0.223,0.243,0.243
1.010,1.648,-16.074,0.226,0.226,0.244,0.244
1.008,1.631,-16.072,0.232,0.232,0.246,0.246
1.007,1.533,-16.070,0.212,0.212,0.267,0.267
1.007,1.338,-16.070,0.246,0.246,0.244,0.244
1.006,1.452,-16.068,0.221,0.221,0.240,0.240
1.005,1.550,-16.066,0.240,0.240,0.253,0.253
1.004,1.729,-16.065,0.226,0.226,0.253,0.253
1.001,1.958,-16.060,0.241,0.241,0.250,0.250
0.999,2.186,-16.056,0.235,0.235,0.258,0.258
0.999,2.480,-16.055,0.237,0.237,0.276,0.276
0.999,2.594,-16.056,0.229,0.229,0.253,0.253
1.001,2.562,-16.060,0.243,0.243,0.243,0.243
0.999,2.284,-16.056,0.223,0.223,0.253,0.253
0.997,2.121,-16.053,0.243,0.243,0.250,0.250
0.995,2.056,-16.048,0.230,0.230,0.256,0.256
0.995,1.974,-16.048,0.247,0.247,0.256,0.256
0.994,1.795,-16.046,0.221,0.221,0.272,0.272
0.994,1.648,-16.045,0.252,0.252,0.249,0.249
0.993,1.566,-16.043,0.224,0.224,0.249,0.249
0.991,1.582,-16.041,0.237,0.237,0.250,0.250
0.989,1.599,-16.038,0.220,0.220,0.250,0.250
0.987,1.533,-16.035,0.241,0.241,0.252,0.252
0.986,1.272,-16.033,0.218,0.218,0.253,0.253
0.988,1.125,-16.036,0.235,0.235,0.252,0.252
0.988,1.044,-16.036,0.224,0.224,0.255,0.255
0.986,1.125,-16.034,0.230,0.230,0.258,0.258
0.986,1.076,-16.033,0.220,0.220,0.253,0.253
0.983,1.142,-16.030,0.233,0.233,0.252,0.252
0.982,1.093,-16.029,0.227,0.227,0.256,0.256
0.982,1.028,-16.029,0.244,0.244,0.261,0.261
0.981,0.799,-16.028,0.241,0.241,0.266,0.266
0.979,0.636,-16.027,0.241,0.241,0.276,0.276
0.979,0.603,-16.027,0.237,0.237,0.276,0.276
0.978,0.620,-16.026,0.249,0.249,0.270,0.270
0.975,0.554,-16.025,0.241,0.241,0.275,0.275
0.973,0.358,-16.024,0.249,0.249,0.270,0.270
0.972,0.130,-16.024,0.237,0.237,0.270,0.270
0.974,0.097,-16.024,0.243,0.243,0.278,0.278
0.975,0.114,-16.024,0.238,0.238,0.273,0.273
0.974,0.179,-16.024,0.233,0.233,0.267,0.267
0.972,-0.050,-16.023,0.237,0.237,0.273,0.273
0.970,-0.327,-16.024,0.227,0.227,0.267,0.267
0.969,-0.670,-16.024,0.226,0.226,0.264,0.264
0.969,-0.849,-16.024,0.227,0.227,0.253,0.253
0.967,-0.849,-16.026,0.240,0.240,0.258,0.258
0.967,-0.849,-16.026,0.220,0.220,0.261,0.261
0.966,-0.817,-16.027,0.227,0.227,0.262,0.262
0.963,-0.817,-16.029,0.217,0.217,0.253,0.253
0.962,-0.849,-16.030,0.229,0.229,0.246,0.246
0.960,-0.735,-16.032,0.209,0.209,0.249,0.249
0.961,-0.474,-16.031,0.232,0.232,0.250,0.250
0.964,-0.131,-16.030,0.218,0.218,0.249,0.249
0.963,0.130,-16.030,0.229,0.229,0.258,0.258
0.960,0.277,-16.030,0.217,0.217,0.261,0.261
0.959,0.505,-16.029,0.226,0.226,0.255,0.255
0.958,0.554,-16.028,0.209,0.209,0.255,0.255
0.957,0.358,-16.028,0.224,0.224,0.253,0.253
0.956,0.146,-16.028,0.214,0.214,0.252,0.252
0.955,0.097,-16.028,0.226,0.226,0.244,0.244
0.953,-0.050,-16.028,0.208,0.208,0.252,0.252
0.950,-0.262,-16.028,0.237,0.237,0.255,0.255
0.947,-0.327,-16.029,0.218,0.218,0.262,0.262
0.948,-0.327,-16.029,0.249,0.249,0.261,0.261
0.950,-0.409,-16.028,0.212,0.212,0.256,0.256
0.950,-0.621,-16.028,0.240,0.240,0.250,0.250
0.950,-0.817,-16.028,0.218,0.218,0.247,0.247
0.948,-0.849,-16.030,0.232,0.232,0.255,0.255
0.947,-0.849,-16.031,0.218,0.218,0.255,0.255
0.945,-0.719,-16.032,0.233,0.233,0.247,0.247
0.945,-0.458,-16.032,0.204,0.204,0.249,0.249
0.944,-0.164,-16.033,0.220,0.220,0.246,0.246
0.944,0.228,-16.033,0.209,0.209,0.230,0.230
0.941,0.587,-16.032,0.212,0.212,0.230,0.230
0.940,1.060,-16.031,0.195,0.195,0.237,0.237
0.938,1.452,-16.027,0.211,0.211,0.229,0.229
0.935,1.729,-16.024,0.203,0.203,0.237,0.237
0.935,1.990,-16.023,0.200,0.200,0.241,0.241
0.936,2.121,-16.026,0.198,0.198,0.240,0.240
0.939,2.154,-16.031,0.201,0.201,0.241,0.241
0.937,2.121,-16.027,0.209,0.209,0.258,0.258
0.935,2.105,-16.022,0.198,0.198,0.240,0.240
0.933,2.121,-16.019,0.215,0.215,0.244,0.244
0.933,2.023,-16.019,0.208,0.208,0.244,0.244
0.931,1.892,-16.016,0.214,0.214,0.247,0.247
0.931,1.909,-16.015,0.209,0.209,0.250,0.250
0.930,2.105,-16.013,0.226,0.226,0.252,0.252
0.928,2.121,-16.009,0.211,0.211,0.273,0.273
0.926,2.023,-16.005,0.217,0.217,0.253,0.253
0.923,1.876,-15.999,0.215,0.215,0.250,0.250
0.923,1.925,-15.999,0.227,0.227,0.252,0.252
0.924,2.154,-16.000,0.211,0.211,0.258,0.258
0.925,2.464,-16.004,0.232,0.232,0.255,0.255
0.924,2.594,-16.000,0.211,0.211,0.256,0.256
0.922,2.660,-15.996,0.233,0.233,0.250,0.250
0.921,2.643,-15.993,0.200,0.200,0.250,0.250
0.919,2.594,-15.988,0.230,0.230,0.249,0.249
0.918,2.513,-15.985,0.204,0.204,0.256,0.256
0.918,2.284,-15.985,0.224,0.224,0.258,0.258
0.918,2.088,-15.984,0.212,0.212,0.256,0.256
0.917,2.072,-15.984,0.233,0.233,0.249,0.249
0.914,2.105,-15.976,0.212,0.212,0.250,0.250
0.912,1.990,-15.973,0.227,0.227,0.252,0.252
0.910,1.892,-15.968,0.215,0.215,0.253,0.253
0.913,1.827,-15.975,0.226,0.226,0.252,0.252
0.913,1.648,-15.975,0.203,0.203,0.252,0.252
0.913,1.338,-15.974,0.230,0.230,0.252,0.252
0.911,1.109,-15.972,0.209,0.209,0.258,0.258
0.909,0.979,-15.969,0.226,0.226,0.250,0.250
0.907,0.783,-15.968,0.221,0.221,0.252,0.252
0.907,0.652,-15.968,0.243,0.243,0.256,0.256
0.905,0.603,-15.967,0.230,0.230,0.261,0.261
0.904,0.701,-15.966,0.246,0.246,0.272,0.272
0.904,0.946,-15.966,0.238,0.238,0.276,0.276
0.902,1.125,-15.964,0.244,0.244,0.275,0.275
0.899,1.174,-15.960,0.233,0.233,0.253,0.253
0.899,1.142,-15.960,0.241,0.241,0.272,0.272
0.897,1.125,-15.959,0.235,0.235,0.276,0.276
0.901,1.174,-15.963,0.232,0.232,0.275,0.275
0.900,1.436,-15.962,0.238,0.238,0.269,0.269
0.900,1.713,-15.962,0.232,0.232,0.267,0.267
0.898,1.990,-15.958,0.233,0.233,0.279,0.279
0.895,2.039,-15.953,0.230,0.230,0.262,0.262
0.895,1.844,-15.952,0.232,0.232,0.272,0.272
0.894,1.631,-15.949,0.221,0.221,0.270,0.270
0.892,1.566,-15.947,0.226,0.226,0.264,0.264
0.891,1.533,-15.945,0.221,0.221,0.255,0.255
0.891,1.289,-15.945,0.233,0.233,0.258,0.258
0.887,1.158,-15.941,0.215,0.215,0.258,0.258
0.884,0.995,-15.937,0.230,0.230,0.262,0.262
0.885,0.897,-15.938,0.224,0.224,0.253,0.253
0.888,0.979,-15.940,0.218,0.218,0.262,0.262
0.888,1.093,-15.941,0.220,0.220,0.253,0.253
0.888,1.076,-15.940,0.233,0.233,0.252,0.252
0.885,0.848,-15.938,0.224,0.224,0.258,0.258
0.884,0.652,-15.937,0.224,0.224,0.253,0.253
0.883,0.587,-15.936,0.217,0.217,0.259,0.259
0.881,0.620,-15.935,0.235,0.235,0.255,0.255
0.880,0.620,-15.935,0.220,0.220,0.259,0.259
0.880,0.636,-15.935,0.246,0.246,0.259,0.259
0.879,0.636,-15.934,0.223,0.223,0.258,0.258
0.876,0.603,-15.932,0.243,0.243,0.258,0.258
0.873,0.620,-15.930,0.224,0.224,0.252,0.252
0.872,0.620,-15.930,0.246,0.246,0.256,0.256
0.872,0.652,-15.930,0.227,0.227,0.249,0.249
0.876,0.636,-15.932,0.244,0.244,0.255,0.255
0.874,0.620,-15.931,0.232,0.232,0.259,0.259
0.872,0.701,-15.929,0.250,0.250,0.259,0.259
0.871,1.044,-15.929,0.224,0.224,0.273,0.273
0.870,1.403,-15.928,0.249,0.249,0.253,0.253
0.870,1.664,-15.928,0.224,0.224,0.250,0.250
0.869,1.664,-15.926,0.230,0.230,0.250,0.250
0.868,1.664,-15.924,0.204,0.204,0.240,0.240
0.867,1.599,-15.923,0.227,0.227,0.237,0.237
0.865,1.599,-15.920,0.208,0.208,0.240,0.240
0.862,1.599,-15.914,0.218,0.218,0.259,0.259
0.860,1.615,-15.912,0.212,0.212,0.237,0.237
0.861,1.501,-15.913,0.221,0.221,0.229,0.229
0.863,1.272,-15.915,0.224,0.224,0.244,0.244
0.863,1.109,-15.915,0.217,0.217,0.246,0.246
0.861,1.109,-15.914,0.226,0.226,0.243,0.243
0.859,1.158,-15.911,0.215,0.215,0.241,0.241
0.857,1.436,-15.909,0.221,0.221,0.261,0.261
0.857,1.533,-15.908,0.209,0.209,0.244,0.244
0.855,1.338,-15.906,0.223,0.223,0.249,0.249
0.855,1.223,-15.905,0.214,0.214,0.247,0.247
0.854,1.403,-15.904,0.224,0.224,0.247,0.247
0.853,1.582,-15.903,0.215,0.215,0.252,0.252
0.850,1.729,-15.898,0.232,0.232,0.255,0.255
0.847,1.925,-15.893,0.211,0.211,0.258,0.258
0.850,2.137,-15.899,0.233,0.233,0.249,0.249
0.851,2.121,-15.901,0.211,0.211,0.252,0.252
0.851,2.121,-15.901,0.229,0.229,0.253,0.253
0.849,2.105,-15.897,0.208,0.208,0.253,0.253
0.847,2.007,-15.892,0.237,0.237,0.256,0.256
0.846,1.762,-15.890,0.214,0.214,0.255,0.255
0.844,1.517,-15.888,0.229,0.229,0.262,0.262
0.844,1.321,-15.887,0.218,0.218,0.256,0.256
0.844,1.354,-15.887,0.233,0.233,0.249,0.249
0.842,1.256,-15.885,0.214,0.214,0.253,0.253
0.839,1.158,-15.881,0.233,0.233,0.252,0.252
0.837,0.995,-15.879,0.214,0.214,0.253,0.253
0.835,0.717,-15.877,0.232,0.232,0.253,0.253
0.835,0.358,-15.877,0.206,0.206,0.266,0.266
0.839,0.342,-15.878,0.227,0.227,0.255,0.255
0.839,0.293,-15.878,0.215,0.215,0.259,0.259
0.838,0.244,-15.878,0.238,0.238,0.246,0.246
0.835,0.424,-15.877,0.203,0.203,0.249,0.249
0.834,0.620,-15.877,0.241,0.241,0.256,0.256
0.832,0.685,-15.876,0.220,0.220,0.258,0.258
0.832,0.685,-15.875,0.232,0.232,0.252,0.252
0.831,0.620,-15.875,0.237,0.237,0.266,0.266
0.830,0.620,-15.874,0.246,0.246,0.270,0.270
0.829,0.620,-15.873,0.233,0.233,0.278,0.278
0.826,0.620,-15.871,0.249,0.249,0.282,0.282
0.824,0.652,-15.870,0.243,0.243,0.276,0.276
0.822,0.652,-15.869,0.241,0.241,0.269,0.269
0.823,0.636,-15.870,0.250,0.250,0.270,0.270
0.826,0.636,-15.872,0.237,0.237,0.275,0.275
0.825,0.636,-15.871,0.232,0.232,0.269,0.269
0.823,0.620,-15.870,0.235,0.235,0.276,0.276
0.823,0.620,-15.869,0.233,0.233,0.278,0.278
0.820,0.636,-15.868,0.226,0.226,0.262,0.262
0.819,0.701,-15.867,0.227,0.227,0.264,0.264
0.819,0.913,-15.867,0.230,0.230,0.264,0.264
0.818,1.109,-15.866,0.232,0.232,0.262,0.262
0.817,1.142,-15.865,0.224,0.224,0.264,0.264
0.814,1.125,-15.862,0.233,0.233,0.264,0.264
0.812,1.028,-15.859,0.221,0.221,0.252,0.252
0.811,0.848,-15.858,0.221,0.221,0.256,0.256
0.812,0.864,-15.859,0.221,0.221,0.253,0.253
0.814,0.717,-15.861,0.230,0.230,0.255,0.255
0.812,0.620,-15.859,0.217,0.217,0.258,0.258
0.810,0.652,-15.858,0.229,0.229,0.250,0.250
0.809,0.685,-15.857,0.218,0.218,0.259,0.259
0.807,1.011,-15.856,0.240,0.240,0.258,0.258
0.806,1.501,-15.855,0.217,0.217,0.258,0.258
0.806,1.990,-15.855,0.244,0.244,0.252,0.252
0.806,2.121,-15.854,0.218,0.218,0.241,0.241
0.805,2.252,-15.851,0.233,0.233,0.255,0.255
0.802,2.415,-15.846,0.221,0.221,0.261,0.261
0.799,2.545,-15.839,0.241,0.241,0.256,0.256
0.798,2.643,-15.836,0.238,0.238,0.262,0.262
0.800,2.562,-15.841,0.246,0.246,0.259,0.259
0.801,2.676,-15.842,0.237,0.237,0.259,0.259
0.800,2.904,-15.841,0.249,0.249,0.244,0.244
0.799,3.084,-15.837,0.224,0.224,0.258,0.258
0.796,3.198,-15.829,0.255,0.255,0.255,0.255
0.795,3.394,-15.824,0.224,0.224,0.256,0.256
0.794,3.590,-15.822,0.246,0.246,0.255,0.255
0.793,3.557,-15.818,0.214,0.214,0.258,0.258
0.793,3.573,-15.817,0.237,0.237,0.249,0.249
0.792,3.557,-15.814,0.211,0.211,0.227,0.227
0.790,3.541,-15.808,0.223,0.223,0.233,0.233
0.789,3.590,-15.803,0.214,0.214,0.217,0.217
0.787,3.557,-15.797,0.218,0.218,0.233,0.233
0.787,3.590,-15.794,0.218,0.218,0.246,0.246
0.788,3.671,-15.801,0.209,0.209,0.243,0.243
0.788,3.884,-15.801,0.221,0.221,0.235,0.235
0.788,3.981,-15.799,0.217,0.217,0.238,0.238
0.786,3.753,-15.791,0.217,0.217,0.246,0.246
0.784,3.590,-15.786,0.221,0.221,0.221,0.221
0.782,3.541,-15.777,0.227,0.227,0.243,0.243
0.781,3.459,-15.774,0.218,0.218,0.259,0.259
0.781,3.263,-15.773,0.223,0.223,0.247,0.247
0.780,3.035,-15.771,0.218,0.218,0.249,0.249
0.779,2.627,-15.768,0.232,0.232,0.252,0.252
0.777,2.186,-15.762,0.211,0.211,0.247,0.247
0.772,1.664,-15.754,0.233,0.233,0.238,0.238
0.774,1.240,-15.756,0.214,0.214,0.252,0.252
0.777,1.060,-15.759,0.229,0.229,0.266,0.266
0.777,1.060,-15.760,0.206,0.206,0.255,0.255
0.774,1.093,-15.756,0.237,0.237,0.252,0.252
0.773,1.044,-15.755,0.217,0.217,0.252,0.252
0.771,0.815,-15.753,0.227,0.227,0.252,0.252
0.770,0.554,-15.753,0.215,0.215,0.255,0.255
0.769,0.260,-15.752,0.233,0.233,0.255,0.255
0.769,0.097,-15.752,0.218,0.218,0.252,0.252
0.768,0.114,-15.752,0.226,0.226,0.253,0.253
0.766,-0.050,-15.752,0.215,0.215,0.256,0.256
0.763,-0.262,-15.753,0.227,0.227,0.249,0.249
0.762,-0.360,-15.753,0.209,0.209,0.256,0.256
0.762,-0.164,-15.753,0.237,0.237,0.247,0.247
0.764,0.081,-15.753,0.208,0.208,0.249,0.249
0.764,0.260,-15.753,0.223,0.223,0.246,0.246
0.762,0.489,-15.752,0.209,0.209,0.252,0.252
0.759,0.554,-15.751,0.227,0.227,0.249,0.249
0.760,0.326,-15.751,0.214,0.214,0.255,0.255
0.759,0.146,-15.751,0.227,0.227,0.255,0.255
0.757,0.114,-15.751,0.224,0.224,0.255,0.255
0.757,-0.082,-15.751,0.240,0.240,0.258,0.258
0.756,-0.262,-15.751,0.230,0.230,0.267,0.267
0.755,-0.360,-15.751,0.255,0.255,0.278,0.278
0.753,-0.409,-15.752,0.243,0.243,0.278,0.278
0.750,-0.719,-15.753,0.246,0.246,0.269,0.269
0.748,-1.094,-15.755,0.238,0.238,0.282,0.282
0.750,-1.029,-15.753,0.241,0.241,0.264,0.264
0.751,-0.882,-15.752,0.237,0.237,0.264,0.264
0.750,-0.719,-15.753,0.252,0.252,0.282,0.282
0.749,-0.458,-15.754,0.235,0.235,0.273,0.273
0.747,-0.115,-15.754,0.243,0.243,0.270,0.270
0.745,0.146,-15.754,0.227,0.227,0.270,0.270
0.745,0.293,-15.754,0.240,0.240,0.269,0.269
0.744,0.554,-15.754,0.232,0.232,0.264,0.264
0.744,1.060,-15.754,0.226,0.226,0.264,0.264
0.743,1.468,-15.752,0.233,0.233,0.269,0.269
0.742,1.648,-15.750,0.229,0.229,0.259,0.259
0.738,1.648,-15.744,0.224,0.224,0.259,0.259
0.737,1.517,-15.742,0.227,0.227,0.275,0.275
0.735,1.256,-15.740,0.235,0.235,0.261,0.261
0.739,1.109,-15.745,0.220,0.220,0.249,0.249
0.738,1.060,-15.743,0.240,0.240,0.261,0.261
0.737,1.093,-15.742,0.212,0.212,0.258,0.258
0.735,1.125,-15.740,0.233,0.233,0.255,0.255
0.733,1.125,-15.738,0.212,0.212,0.253,0.253
0.733,1.125,-15.738,0.237,0.237,0.273,0.273
0.732,1.109,-15.737,0.218,0.218,0.255,0.255
0.731,1.125,-15.736,0.233,0.233,0.252,0.252
0.730,1.109,-15.735,0.227,0.227,0.258,0.258
0.728,1.207,-15.733,0.238,0.238,0.258,0.258
0.726,1.501,-15.729,0.226,0.226,0.255,0.255
0.725,2.023,-15.727,0.237,0.237,0.255,0.255
0.723,2.562,-15.724,0.224,0.224,0.262,0.262
0.725,3.035,-15.728,0.243,0.243,0.258,0.258
0.727,3.524,-15.734,0.220,0.220,0.255,0.255
0.726,3.949,-15.731,0.252,0.252,0.259,0.259
0.723,4.096,-15.720,0.224,0.224,0.264,0.264
0.721,4.112,-15.713,0.247,0.247,0.259,0.259
0.721,4.096,-15.711,0.224,0.224,0.255,0.255
0.720,4.047,-15.709,0.250,0.250,0.247,0.247
0.719,4.079,-15.703,0.224,0.224,0.250,0.250
0.717,3.981,-15.696,0.224,0.224,0.244,0.244
0.717,3.769,-15.693,0.214,0.214,0.238,0.238
0.715,3.524,-15.686,0.220,0.220,0.233,0.233
0.712,3.231,-15.676,0.208,0.208,0.235,0.235
0.710,3.002,-15.672,0.221,0.221,0.238,0.238
0.709,2.676,-15.669,0.217,0.217,0.221,0.221
0.714,2.268,-15.680,0.224,0.224,0.246,0.246
0.713,2.088,-15.680,0.218,0.218,0.247,0.247
0.713,1.958,-15.678,0.218,0.218,0.244,0.244
0.711,1.762,-15.675,0.218,0.218,0.244,0.244
0.709,1.550,-15.672,0.217,0.217,0.244,0.244
0.707,1.256,-15.669,0.218,0.218,0.249,0.249
0.706,1.109,-15.668,0.221,0.221,0.227,0.227
0.706,0.979,-15.668,0.224,0.224,0.247,0.247
0.705,0.783,-15.667,0.211,0.211,0.252,0.252
0.704,0.636,-15.666,0.226,0.226,0.249,0.249
0.700,0.636,-15.664,0.220,0.220,0.255,0.255
0.699,0.620,-15.663,0.229,0.229,0.252,0.252
0.698,0.554,-15.662,0.218,0.218,0.247,0.247
0.699,0.358,-15.663,0.230,0.230,0.227,0.227
0.701,0.146,-15.663,0.214,0.214,0.255,0.255
0.699,0.097,-15.663,0.223,0.223,0.266,0.266
0.697,-0.180,-15.663,0.215,0.215,0.255,0.255
0.697,-0.621,-15.663,0.227,0.227,0.252,0.252
0.696,-0.915,-15.664,0.214,0.214,0.252,0.252
0.695,-1.208,-15.665,0.230,0.230,0.255,0.255
0.694,-1.420,-15.666,0.211,0.211,0.253,0.253
0.693,-1.698,-15.668,0.238,0.238,0.246,0.246
0.691,-1.796,-15.671,0.215,0.215,0.252,0.252
0.688,-1.763,-15.676,0.237,0.237,0.249,0.249
0.685,-1.404,-15.681,0.209,0.209,0.255,0.255
0.686,-0.980,-15.680,0.220,0.220,0.232,0.232
0.690,-0.849,-15.677,0.212,0.212,0.252,0.252
0.688,-1.094,-15.678,0.229,0.229,0.258,0.258
0.688,-1.306,-15.679,0.209,0.209,0.246,0.246
0.685,-1.192,-15.682,0.217,0.217,0.244,0.244
0.684,-0.523,-15.683,0.221,0.221,0.255,0.255
0.682,0.097,-15.684,0.233,0.233,0.252,0.252
0.683,0.342,-15.684,0.214,0.214,0.261,0.261
0.680,0.505,-15.683,0.241,0.241,0.258,0.258
0.681,0.636,-15.683,0.232,0.232,0.264,0.264
0.679,0.652,-15.682,0.241,0.241,0.279,0.279
0.677,0.620,-15.680,0.243,0.243,0.285,0.285
0.674,0.522,-15.679,0.249,0.249,0.279,0.279
0.673,0.326,-15.679,0.237,0.237,0.270,0.270
0.674,0.228,-15.679,0.252,0.252,0.288,0.288
0.676,0.424,-15.680,0.233,0.233,0.267,0.267
0.675,0.571,-15.679,0.244,0.244,0.267,0.267
0.674,0.571,-15.678,0.227,0.227,0.276,0.276
0.672,0.342,-15.677,0.240,0.240,0.279,0.279
0.671,0.146,-15.677,0.230,0.230,0.278,0.278
0.670,0.081,-15.677,0.226,0.226,0.264,0.264
0.668,-0.082,-15.677,0.240,0.240,0.258,0.258
0.668,-0.262,-15.677,0.227,0.227,0.262,0.262
0.667,-0.327,-15.677,0.230,0.230,0.272,0.272
0.665,-0.164,-15.678,0.229,0.229,0.259,0.259
0.663,0.179,-15.678,0.226,0.226,0.262,0.262
0.662,0.587,-15.677,0.223,0.223,0.255,0.255
0.661,1.076,-15.677,0.226,0.226,0.258,0.258
0.665,1.484,-15.682,0.220,0.220,0.233,0.233
0.663,1.648,-15.679,0.229,0.229,0.250,0.250
0.662,1.631,-15.677,0.212,0.212,0.264,0.264
0.659,1.713,-15.673,0.238,0.238,0.255,0.255
0.658,1.925,-15.671,0.221,0.221,0.252,0.252
0.657,2.186,-15.669,0.230,0.230,0.246,0.246
0.657,2.447,-15.668,0.227,0.227,0.255,0.255
0.655,2.594,-15.664,0.237,0.237,0.259,0.259
0.655,2.741,-15.663,0.224,0.224,0.258,0.258
0.653,2.904,-15.658,0.230,0.230,0.253,0.253
0.650,3.068,-15.649,0.221,0.221,0.258,0.258
0.648,3.035,-15.642,0.241,0.241,0.255,0.255
0.649,2.790,-15.646,0.220,0.220,0.259,0.259
0.651,2.480,-15.651,0.253,0.253,0.259,0.259
0.650,2.137,-15.648,0.232,0.232,0.267,0.267
0.651,1.680,-15.649,0.246,0.246,0.252,0.252
0.648,1.158,-15.645,0.230,0.230,0.253,0.253
0.647,0.750,-15.644,0.249,0.249,0.252,0.252
0.646,0.587,-15.644,0.221,0.221,0.258,0.258
0.645,0.587,-15.643,0.240,0.240,0.269,0.269
0.644,0.522,-15.643,0.221,0.221,0.253,0.253
0.643,0.309,-15.642,0.229,0.229,0.243,0.243
0.641,0.163,-15.642,0.208,0.208,0.238,0.238
0.638,0.163,-15.641,0.224,0.224,0.238,0.238
0.636,0.456,-15.641,0.217,0.217,0.233,0.233
0.635,0.620,-15.640,0.218,0.218,0.232,0.232
0.638,0.750,-15.642,0.211,0.211,0.258,0.258
0.639,0.946,-15.643,0.220,0.220,0.243,0.243
0.638,1.158,-15.642,0.221,0.221,0.233,0.233
0.636,1.484,-15.639,0.218,0.218,0.247,0.247
0.634,1.599,-15.636,0.217,0.217,0.240,0.240
0.635,1.648,-15.638,0.224,0.224,0.235,0.235
0.633,1.599,-15.635,0.227,0.227,0.244,0.244
0.632,1.599,-15.633,0.218,0.218,0.267,0.267
0.631,1.599,-15.632,0.226,0.226,0.246,0.246
0.630,1.501,-15.631,0.221,0.221,0.237,0.237
0.627,1.191,-15.627,0.226,0.226,0.249,0.249
0.623,0.783,-15.623,0.209,0.209,0.253,0.253
0.623,0.505,-15.623,0.227,0.227,0.256,0.256
0.626,0.228,-15.624,0.218,0.218,0.258,0.258
0.626,-0.148,-15.624,0.226,0.226,0.275,0.275
0.625,-0.653,-15.624,0.215,0.215,0.255,0.255
0.624,-0.866,-15.625,0.232,0.232,0.247,0.247
0.622,-0.817,-15.626,0.208,0.208,0.261,0.261
0.621,-0.507,-15.627,0.235,0.235,0.253,0.253
0.619,-0.311,-15.628,0.214,0.214,0.252,0.252
0.619,-0.245,-15.628,0.230,0.230,0.249,0.249
0.617,-0.278,-15.628,0.206,0.206,0.269,0.269
0.617,-0.327,-15.628,0.237,0.237,0.253,0.253
0.615,-0.311,-15.629,0.209,0.209,0.249,0.249
0.613,-0.148,-15.630,0.230,0.230,0.250,0.250
0.611,0.130,-15.630,0.215,0.215,0.250,0.250
0.613,-0.033,-15.630,0.235,0.235,0.250,0.250
0.615,-0.033,-15.630,0.217,0.217,0.252,0.252
0.613,0.048,-15.630,0.221,0.221,0.267,0.267
0.611,0.163,-15.630,0.215,0.215,0.252,0.252
0.610,0.114,-15.629,0.227,0.227,0.240,0.240
0.608,-0.033,-15.629,0.209,0.209,0.250,0.250
0.608,-0.376,-15.629,0.237,0.237,0.255,0.255
0.607,-0.670,-15.630,0.223,0.223,0.259,0.259
0.605,-0.849,-15.631,0.241,0.241,0.255,0.255
0.605,-0.866,-15.632,0.235,0.235,0.273,0.273
0.602,-0.817,-15.634,0.252,0.252,0.275,0.275
0.599,-0.768,-15.636,0.238,0.238,0.273,0.273
0.599,-0.458,-15.636,0.249,0.249,0.267,0.267
0.599,-0.148,-15.636,0.240,0.240,0.285,0.285
0.602,0.114,-15.636,0.243,0.243,0.279,0.279
0.602,0.195,-15.636,0.230,0.230,0.269,0.269
0.600,0.179,-15.636,0.240,0.240,0.282,0.282
0.599,0.163,-15.635,0.238,0.238,0.270,0.270
0.597,0.130,-15.635,0.227,0.227,0.264,0.264
0.595,0.179,-15.635,0.244,0.244,0.270,0.270
0.595,0.440,-15.635,0.224,0.224,0.270,0.270
0.594,0.734,-15.634,0.232,0.232,0.266,0.266
0.592,0.995,-15.633,0.227,0.227,0.259,0.259
0.591,1.125,-15.632,0.233,0.233,0.252,0.252
0.589,1.256,-15.629,0.218,0.218,0.253,0.253
0.587,1.354,-15.626,0.229,0.229,0.258,0.258
0.587,1.174,-15.626,0.223,0.223,0.256,0.256
0.588,0.815,-15.627,0.240,0.240,0.259,0.259
0.589,0.571,-15.628,0.215,0.215,0.258,0.258
0.589,0.652,-15.628,0.235,0.235,0.255,0.255
0.587,1.028,-15.627,0.218,0.218,0.253,0.253
0.585,1.484,-15.624,0.227,0.227,0.256,0.256
0.584,2.072,-15.621,0.221,0.221,0.247,0.247
0.583,2.545,-15.619,0.238,0.238,0.252,0.252
0.581,3.051,-15.615,0.220,0.220,0.255,0.255
0.581,3.557,-15.614,0.235,0.235,0.253,0.253
0.579,3.932,-15.608,0.229,0.229,0.259,0.259
0.577,4.128,-15.600,0.250,0.250,0.253,0.253
0.574,4.112,-15.587,0.215,0.215,0.253,0.253
0.573,3.998,-15.583,0.246,0.246,0.246,0.246
0.574,3.818,-15.586,0.230,0.230,0.253,0.253
0.577,4.014,-15.597,0.246,0.246,0.261,0.261
0.576,4.243,-15.593,0.230,0.230,0.261,0.261
0.574,4.177,-15.585,0.255,0.255,0.258,0.258
0.572,3.720,-15.577,0.229,0.229,0.250,0.250
0.570,3.068,-15.572,0.240,0.240,0.258,0.258
0.571,2.382,-15.574,0.238,0.238,0.258,0.258
0.569,2.056,-15.570,0.237,0.237,0.250,0.250
0.569,2.023,-15.569,0.230,0.230,0.250,0.250
0.568,1.974,-15.567,0.227,0.227,0.246,0.246
0.566,1.795,-15.564,0.214,0.214,0.232,0.232
0.563,1.615,-15.558,0.211,0.211,0.230,0.230
0.562,1.648,-15.556,0.208,0.208,0.240,0.240
0.561,1.827,-15.556,0.214,0.214,0.224,0.224
0.562,1.778,-15.556,0.217,0.217,0.233,0.233
0.564,1.533,-15.561,0.209,0.209,0.243,0.243
0.562,1.191,-15.558,0.214,0.214,0.233,0.233
0.560,0.750,-15.556,0.217,0.217,0.238,0.238
0.559,0.522,-15.555,0.226,0.226,0.240,0.240
0.557,0.260,-15.554,0.206,0.206,0.238,0.238
0.557,0.146,-15.554,0.230,0.230,0.233,0.233
0.556,0.081,-15.554,0.208,0.208,0.241,0.241
0.555,-0.131,-15.554,0.218,0.218,0.249,0.249
0.554,-0.621,-15.554,0.209,0.209,0.243,0.243
0.553,-1.045,-15.556,0.233,0.233,0.247,0.247
0.549,-1.633,-15.560,0.215,0.215,0.258,0.258
0.549,-2.155,-15.561,0.232,0.232,0.255,0.255
0.548,-2.367,-15.562,0.218,0.218,0.249,0.249
0.551,-2.367,-15.555,0.240,0.240,0.249,0.249
0.549,-2.204,-15.560,0.212,0.212,0.258,0.258
0.548,-1.894,-15.562,0.233,0.233,0.250,0.250
0.546,-1.372,-15.565,0.220,0.220,0.255,0.255
0.545,-0.964,-15.566,0.237,0.237,0.266,0.266
0.545,-0.849,-15.566,0.208,0.208,0.253,0.253
0.544,-1.012,-15.567,0.241,0.241,0.253,0.253
0.543,-0.980,-15.568,0.221,0.221,0.255,0.255
0.542,-0.817,-15.569,0.235,0.235,0.252,0.252
0.539,-0.653,-15.571,0.221,0.221,0.255,0.255
0.537,-1.045,-15.573,0.235,0.235,0.253,0.253
0.536,-1.404,-15.574,0.215,0.215,0.264,0.264
0.540,-1.404,-15.569,0.227,0.227,0.249,0.249
0.540,-1.567,-15.569,0.220,0.220,0.252,0.252
0.538,-1.747,-15.572,0.221,0.221,0.252,0.252
0.537,-1.633,-15.574,0.206,0.206,0.250,0.250
0.535,-1.176,-15.576,0.230,0.230,0.246,0.246
0.534,-0.735,-15.578,0.218,0.218,0.253,0.253
0.533,-0.262,-15.578,0.229,0.229,0.266,0.266
0.532,0.163,-15.578,0.229,0.229,0.259,0.259
0.531,0.293,-15.578,0.235,0.235,0.261,0.261
0.529,0.456,-15.578,0.240,0.240,0.264,0.264
0.528,0.309,-15.577,0.232,0.232,0.278,0.278
0.525,0.179,-15.576,0.238,0.238,0.279,0.279
0.522,0.114,-15.576,0.243,0.243,0.276,0.276
0.522,0.130,-15.576,0.238,0.238,0.291,0.291
0.525,0.130,-15.576,0.233,0.233,0.273,0.273
0.525,0.179,-15.576,0.246,0.246,0.269,0.269
0.524,0.146,-15.576,0.227,0.227,0.278,0.278
0.524,0.130,-15.576,0.238,0.238,0.270,0.270
0.522,0.130,-15.576,0.226,0.226,0.272,0.272
0.520,0.163,-15.576,0.230,0.230,0.266,0.266
0.520,-0.066,-15.576,0.226,0.226,0.259,0.259
0.518,-0.229,-15.576,0.235,0.235,0.259,0.259
0.517,-0.327,-15.576,0.224,0.224,0.258,0.258
0.517,-0.164,-15.576,0.237,0.237,0.258,0.258
0.514,0.114,-15.576,0.224,0.224,0.256,0.256
0.511,0.375,-15.576,0.232,0.232,0.258,0.258
0.510,0.930,-15.575,0.212,0.212,0.255,0.255
0.511,1.533,-15.576,0.237,0.237,0.250,0.250
0.514,2.056,-15.582,0.220,0.220,0.256,0.256
0.512,2.268,-15.577,0.227,0.227,0.232,0.232
0.512,2.513,-15.576,0.217,0.217,0.250,0.250
0.509,2.676,-15.569,0.235,0.235,0.266,0.266
0.507,3.002,-15.565,0.218,0.218,0.256,0.256
0.508,3.100,-15.566,0.240,0.240,0.252,0.252
0.507,3.165,-15.564,0.224,0.224,0.249,0.249
0.506,3.068,-15.560,0.244,0.244,0.247,0.247
0.506,3.084,-15.559,0.221,0.221,0.244,0.244
0.502,3.002,-15.549,0.249,0.249,0.255,0.255
0.499,2.757,-15.539,0.224,0.224,0.255,0.255
0.498,2.545,-15.536,0.250,0.250,0.255,0.255
0.500,2.121,-15.542,0.224,0.224,0.258,0.258
0.501,1.631,-15.544,0.255,0.255,0.258,0.258
0.501,1.256,-15.544,0.238,0.238,0.258,0.258
0.499,1.044,-15.542,0.243,0.243,0.264,0.264
0.497,1.060,-15.539,0.238,0.238,0.256,0.256
0.496,1.109,-15.538,0.243,0.243,0.249,0.249
0.495,1.093,-15.537,0.227,0.227,0.255,0.255
0.493,1.125,-15.535,0.235,0.235,0.253,0.253
0.492,1.044,-15.534,0.224,0.224,0.255,0.255
0.492,0.815,-15.534,0.218,0.218,0.240,0.240
0.491,0.603,-15.533,0.208,0.208,0.253,0.253
0.488,0.603,-15.531,0.218,0.218,0.227,0.227
0.486,0.554,-15.530,0.214,0.214,0.229,0.229
0.486,0.407,-15.530,0.215,0.215,0.237,0.237
0.488,0.473,-15.531,0.214,0.214,0.240,0.240
0.489,0.587,-15.532,0.212,0.212,0.247,0.247
0.487,0.734,-15.530,0.220,0.220,0.241,0.241
0.485,0.979,-15.528,0.203,0.203,0.261,0.261
0.484,1.011,-15.528,0.221,0.221,0.241,0.241
0.482,0.750,-15.526,0.211,0.211,0.229,0.229
0.481,0.326,-15.526,0.224,0.224,0.241,0.241
0.481,-0.196,-15.525,0.206,0.206,0.247,0.247
0.479,-0.751,-15.526,0.237,0.237,0.243,0.243
0.479,-1.192,-15.527,0.212,0.212,0.249,0.249
0.476,-1.290,-15.530,0.227,0.227,0.237,0.237
0.474,-1.012,-15.533,0.218,0.218,0.247,0.247
0.472,-0.784,-15.534,0.233,0.233,0.243,0.243
0.476,-0.425,-15.532,0.215,0.215,0.252,0.252
0.477,-0.115,-15.532,0.240,0.240,0.267,0.267
0.476,0.097,-15.532,0.215,0.215,0.256,0.256
0.474,0.016,-15.532,0.233,0.233,0.250,0.250
0.472,-0.050,-15.532,0.211,0.211,0.253,0.253
0.471,0.032,-15.532,0.238,0.238,0.255,0.255
0.470,0.130,-15.532,0.220,0.220,0.249,0.249
0.469,0.179,-15.531,0.235,0.235,0.252,0.252
0.468,0.146,-15.531,0.217,0.217,0.253,0.253
0.467,0.146,-15.531,0.233,0.233,0.249,0.249
0.464,0.130,-15.531,0.217,0.217,0.255,0.255
0.461,0.163,-15.530,0.227,0.227,0.252,0.252
0.459,0.130,-15.530,0.217,0.217,0.259,0.259
0.463,0.163,-15.530,0.230,0.230,0.241,0.241
0.464,0.114,-15.531,0.215,0.215,0.252,0.252
0.463,0.130,-15.531,0.233,0.233,0.246,0.246
0.462,0.179,-15.530,0.217,0.217,0.255,0.255
0.460,0.114,-15.530,0.224,0.224,0.250,0.250
0.458,0.146,-15.530,0.215,0.215,0.255,0.255
0.458,0.146,-15.530,0.224,0.224,0.252,0.252
0.457,-0.033,-15.530,0.223,0.223,0.253,0.253
0.456,-0.360,-15.530,0.227,0.227,0.255,0.255
0.455,-0.686,-15.530,0.240,0.240,0.267,0.267
0.454,-0.866,-15.532,0.241,0.241,0.279,0.279
0.451,-0.849,-15.534,0.243,0.243,0.273,0.273
0.448,-0.735,-15.536,0.243,0.243,0.267,0.267
0.447,-0.343,-15.537,0.241,0.241,0.281,0.281
0.450,0.130,-15.536,0.233,0.233,0.258,0.258
0.452,0.228,-15.537,0.238,0.238,0.267,0.267
0.450,0.195,-15.536,0.240,0.240,0.279,0.279
0.448,0.130,-15.536,0.241,0.241,0.267,0.267
0.445,0.130,-15.536,0.230,0.230,0.262,0.262
0.446,0.130,-15.536,0.240,0.240,0.267,0.267
0.445,0.097,-15.536,0.230,0.230,0.267,0.267
0.444,0.260,-15.535,0.227,0.227,0.259,0.259
0.443,0.456,-15.535,0.224,0.224,0.262,0.262
0.442,0.734,-15.535,0.227,0.227,0.267,0.267
0.440,1.060,-15.533,0.212,0.212,0.258,0.258
0.436,1.354,-15.528,0.232,0.232,0.258,0.258
0.434,1.354,-15.526,0.217,0.217,0.256,0.256
0.439,1.158,-15.532,0.232,0.232,0.259,0.259
0.438,0.979,-15.531,0.217,0.217,0.253,0.253
0.438,0.652,-15.531,0.240,0.240,0.258,0.258
0.436,0.309,-15.529,0.214,0.214,0.258,0.258
0.434,-0.082,-15.529,0.230,0.230,0.250,0.250
0.432,-0.327,-15.530,0.220,0.220,0.250,0.250
0.432,-0.458,-15.530,0.240,0.240,0.262,0.262
0.431,-0.653,-15.530,0.218,0.218,0.258,0.258
0.430,-0.702,-15.531,0.247,0.247,0.249,0.249
0.428,-0.376,-15.532,0.223,0.223,0.253,0.253
0.426,0.097,-15.532,0.244,0.244,0.253,0.253
0.424,0.228,-15.532,0.233,0.233,0.253,0.253
0.424,0.293,-15.532,0.249,0.249,0.255,0.255
0.427,0.424,-15.533,0.237,0.237,0.273,0.273
0.427,0.603,-15.533,0.246,0.246,0.252,0.252
0.426,0.668,-15.533,0.235,0.235,0.250,0.250
0.424,0.750,-15.531,0.249,0.249,0.258,0.258
0.422,0.864,-15.530,0.238,0.238,0.261,0.261
0.421,0.766,-15.528,0.250,0.250,0.255,0.255
0.420,0.685,-15.528,0.227,0.227,0.255,0.255
0.419,0.522,-15.527,0.244,0.244,0.259,0.259
0.418,0.293,-15.527,0.218,0.218,0.249,0.249
0.417,0.130,-15.527,0.235,0.235,0.240,0.240
0.414,-0.066,-15.527,0.218,0.218,0.238,0.238
0.411,-0.360,-15.527,0.215,0.215,0.230,0.230
0.410,-0.686,-15.528,0.215,0.215,0.229,0.229
0.412,-0.964,-15.526,0.212,0.212,0.237,0.237
0.413,-1.176,-15.525,0.215,0.215,0.212,0.212
0.413,-1.323,-15.525,0.206,0.206,0.240,0.240
0.412,-1.339,-15.526,0.224,0.224,0.244,0.244
0.410,-1.437,-15.529,0.209,0.209,0.243,0.243
0.408,-1.731,-15.533,0.221,0.221,0.235,0.235
0.407,-2.122,-15.533,0.206,0.206,0.241,0.241
0.406,-2.269,-15.536,0.226,0.226,0.241,0.241
0.406,-1.943,-15.537,0.215,0.215,0.217,0.217
0.405,-1.420,-15.539,0.221,0.221,0.241,0.241
0.403,-0.947,-15.540,0.212,0.212,0.255,0.255
0.401,-0.670,-15.542,0.230,0.230,0.250,0.250
0.398,-0.392,-15.544,0.209,0.209,0.244,0.244
0.397,-0.262,-15.544,0.229,0.229,0.249,0.249
0.401,-0.278,-15.543,0.224,0.224,0.253,0.253
0.401,-0.294,-15.543,0.232,0.232,0.237,0.237
0.400,-0.294,-15.543,0.211,0.211,0.255,0.255
0.398,-0.327,-15.544,0.244,0.244,0.261,0.261
0.397,-0.115,-15.544,0.214,0.214,0.252,0.252
0.395,0.097,-15.544,0.233,0.233,0.252,0.252
0.395,0.179,-15.544,0.217,0.217,0.240,0.240
0.395,0.195,-15.544,0.237,0.237,0.255,0.255
0.393,-0.033,-15.544,0.223,0.223,0.261,0.261
0.392,-0.262,-15.544,0.229,0.229,0.244,0.244
0.388,-0.425,-15.545,0.217,0.217,0.249,0.249
0.387,-0.751,-15.546,0.235,0.235,0.249,0.249
0.385,-1.159,-15.548,0.214,0.214,0.252,0.252
0.389,-1.355,-15.543,0.229,0.229,0.235,0.235
0.389,-1.437,-15.543,0.212,0.212,0.252,0.252
0.387,-1.584,-15.546,0.224,0.224,0.256,0.256
0.386,-1.486,-15.547,0.209,0.209,0.252,0.252
0.385,-1.355,-15.549,0.209,0.209,0.249,0.249
0.383,-1.274,-15.552,0.217,0.217,0.253,0.253
0.381,-1.306,-15.554,0.218,0.218,0.252,0.252
0.382,-1.323,-15.553,0.240,0.240,0.258,0.258
0.381,-1.306,-15.554,0.226,0.226,0.261,0.261
0.380,-1.241,-15.555,0.226,0.226,0.272,0.272
0.377,-0.980,-15.558,0.232,0.232,0.278,0.278
0.375,-0.751,-15.560,0.240,0.240,0.279,0.279
0.372,-0.441,-15.562,0.233,0.233,0.270,0.270
0.374,-0.294,-15.561,0.244,0.244,0.270,0.270
0.376,-0.262,-15.561,0.233,0.233,0.293,0.293
0.376,-0.311,-15.561,0.240,0.240,0.267,0.267
0.374,-0.294,-15.561,0.232,0.232,0.266,0.266
0.372,-0.343,-15.562,0.235,0.235,0.270,0.270
0.371,-0.376,-15.562,0.223,0.223,0.275,0.275
0.369,-0.686,-15.564,0.232,0.232,0.282,0.282
0.368,-0.849,-15.564,0.223,0.223,0.267,0.267
0.368,-1.176,-15.564,0.229,0.229,0.287,0.287
0.366,-1.339,-15.566,0.218,0.218,0.262,0.262
0.366,-1.257,-15.567,0.240,0.240,0.249,0.249
0.363,-1.029,-15.570,0.221,0.221,0.259,0.259
0.361,-0.751,-15.572,0.237,0.237,0.259,0.259
0.363,-0.278,-15.571,0.217,0.217,0.255,0.255
0.365,0.114,-15.571,0.233,0.233,0.249,0.249
0.365,0.326,-15.571,0.218,0.218,0.250,0.250
0.362,0.489,-15.570,0.233,0.233,0.250,0.250
0.360,0.522,-15.569,0.218,0.218,0.249,0.249
0.358,0.440,-15.568,0.243,0.243,0.252,0.252
0.358,0.473,-15.568,0.217,0.217,0.258,0.258
0.357,0.652,-15.567,0.243,0.243,0.249,0.249
0.356,0.946,-15.566,0.227,0.227,0.255,0.255
0.354,1.125,-15.565,0.241,0.241,0.267,0.267
0.353,1.174,-15.563,0.221,0.221,0.255,0.255
0.350,1.093,-15.560,0.243,0.243,0.247,0.247
0.348,1.011,-15.558,0.230,0.230,0.258,0.258
0.349,0.652,-15.558,0.235,0.235,0.256,0.256
0.352,0.326,-15.560,0.238,0.238,0.264,0.264
0.351,-0.196,-15.560,0.240,0.240,0.256,0.256
0.350,-0.670,-15.560,0.230,0.230,0.279,0.279
0.348,-0.882,-15.562,0.247,0.247,0.252,0.252
0.346,-0.915,-15.563,0.233,0.233,0.252,0.252
0.345,-0.849,-15.564,0.243,0.243,0.256,0.256
0.344,-0.849,-15.565,0.224,0.224,0.256,0.256
0.344,-0.719,-15.565,0.235,0.235,0.250,0.250
0.343,-0.490,-15.566,0.224,0.224,0.250,0.250
0.341,-0.360,-15.567,0.211,0.211,0.259,0.259
0.339,-0.245,-15.567,0.211,0.211,0.238,0.238
0.335,-0.311,-15.568,0.206,0.206,0.227,0.227
0.335,-0.327,-15.568,0.215,0.215,0.230,0.230
0.338,-0.311,-15.567,0.192,0.192,0.235,0.235
0.339,-0.343,-15.567,0.224,0.224,0.237,0.237
0.338,-0.376,-15.568,0.206,0.206,0.246,0.246
0.335,-0.653,-15.569,0.217,0.217,0.229,0.229
0.334,-0.735,-15.569,0.214,0.214,0.230,0.230
0.334,-0.523,-15.570,0.226,0.226,0.232,0.232
0.333,-0.409,-15.570,0.209,0.209,0.237,0.237
0.332,-0.588,-15.571,0.224,0.224,0.247,0.247
0.331,-0.898,-15.571,0.214,0.214,0.246,0.246
0.330,-1.274,-15.573,0.237,0.237,0.246,0.246
0.327,-1.649,-15.577,0.215,0.215,0.235,0.235
0.324,-1.649,-15.582,0.233,0.233,0.249,0.249
0.325,-1.127,-15.581,0.220,0.220,0.243,0.243
0.327,-0.245,-15.579,0.238,0.238,0.252,0.252
0.327,0.685,-15.579,0.223,0.223,0.255,0.255
0.325,1.501,-15.577,0.240,0.240,0.253,0.253
0.323,2.219,-15.572,0.221,0.221,0.253,0.253
0.323,3.002,-15.572,0.238,0.238,0.255,0.255
0.322,3.932,-15.568,0.212,0.212,0.253,0.253
0.320,4.928,-15.562,0.246,0.246,0.237,0.237
0.320,5.956,-15.560,0.223,0.223,0.253,0.253
0.319,7.017,-15.552,0.229,0.229,0.255,0.255
0.317,8.306,-15.539,0.220,0.220,0.258,0.258
0.314,9.710,-15.515,0.224,0.224,0.249,0.249
0.314,11.015,-15.507,0.215,0.215,0.255,0.255
0.315,12.141,-15.526,0.227,0.227,0.250,0.250
0.316,12.908,-15.537,0.217,0.217,0.247,0.247
0.315,13.447,-15.529,0.221,0.221,0.252,0.252
0.314,13.871,-15.505,0.215,0.215,0.252,0.252
0.311,14.361,-15.468,0.218,0.218,0.250,0.250
0.310,14.802,-15.456,0.221,0.221,0.255,0.255
0.311,15.324,-15.461,0.211,0.211,0.253,0.253
0.310,15.846,-15.453,0.227,0.227,0.259,0.259
0.309,16.319,-15.432,0.209,0.209,0.249,0.249
0.308,16.809,-15.413,0.223,0.223,0.255,0.255
0.307,17.217,-15.406,0.221,0.221,0.256,0.256
0.304,17.478,-15.345,0.240,0.240,0.259,0.259
0.302,17.821,-15.312,0.235,0.235,0.279,0.279
0.301,18.229,-15.294,0.237,0.237,0.275,0.275
0.304,18.767,-15.344,0.237,0.237,0.279,0.279
0.303,19.208,-15.337,0.243,0.243,0.264,0.264
0.304,19.453,-15.352,0.223,0.223,0.273,0.273
0.302,19.698,-15.322,0.244,0.244,0.264,0.264
0.300,19.910,-15.282,0.230,0.230,0.270,0.270
0.300,20.236,-15.272,0.230,0.230,0.267,0.267
0.299,20.628,-15.251,0.226,0.226,0.272,0.272
0.297,20.938,-15.217,0.247,0.247,0.276,0.276
0.298,21.215,-15.229,0.218,0.218,0.249,0.249
0.297,21.607,-15.212,0.246,0.246,0.264,0.264
0.295,21.770,-15.176,0.220,0.220,0.269,0.269
0.292,21.836,-15.109,0.237,0.237,0.261,0.261
0.291,21.705,-15.087,0.217,0.217,0.259,0.259
0.291,21.525,-15.071,0.240,0.240,0.262,0.262
0.293,21.607,-15.133,0.209,0.209,0.258,0.258
0.294,21.738,-15.135,0.233,0.233,0.238,0.238
0.292,21.721,-15.110,0.223,0.223,0.259,0.259
0.291,21.493,-15.090,0.240,0.240,0.267,0.267
0.290,21.362,-15.049,0.218,0.218,0.258,0.258
0.289,21.591,-15.027,0.241,0.241,0.252,0.252
0.289,21.754,-15.036,0.221,0.221,0.255,0.255
0.289,21.819,-15.027,0.233,0.233,0.255,0.255
0.287,21.803,-14.993,0.220,0.220,0.249,0.249
0.285,21.770,-14.959,0.247,0.247,0.259,0.259
0.283,21.770,-14.916,0.230,0.230,0.256,0.256
0.282,21.803,-14.879,0.247,0.247,0.252,0.252
0.282,21.868,-14.883,0.233,0.233,0.253,0.253
0.284,22.097,-14.919,0.246,0.246,0.255,0.255
0.285,22.276,-14.942,0.237,0.237,0.259,0.259
0.282,22.423,-14.891,0.246,0.246,0.252,0.252
0.281,22.717,-14.856,0.240,0.240,0.262,0.262
0.280,23.190,-14.850,0.244,0.244,0.259,0.259
0.279,23.696,-14.825,0.230,0.230,0.261,0.261
0.279,24.284,-14.820,0.243,0.243,0.258,0.258
0.278,25.034,-14.786,0.237,0.237,0.256,0.256
0.279,25.573,-14.807,0.233,0.233,0.253,0.253
0.277,25.883,-14.757,0.230,0.230,0.247,0.247
0.273,26.095,-14.672,0.214,0.214,0.250,0.250
0.273,26.291,-14.656,0.215,0.215,0.249,0.249
0.273,26.601,-14.650,0.198,0.198,0.243,0.243
0.273,27.140,-14.666,0.218,0.218,0.229,0.229
0.276,27.711,-14.733,0.201,0.201,0.233,0.233
0.275,28.690,-14.704,0.212,0.212,0.237,0.237
0.273,29.800,-14.665,0.204,0.204,0.246,0.246
0.271,31.138,-14.598,0.223,0.223,0.238,0.238
0.270,32.346,-14.574,0.215,0.215,0.244,0.244
0.270,33.521,-14.548,0.218,0.218,0.240,0.240
0.270,34.467,-14.559,0.212,0.212,0.241,0.241
0.268,35.512,-14.505,0.230,0.230,0.244,0.244
0.267,36.491,-14.474,0.211,0.211,0.246,0.246
0.267,37.960,-14.443,0.235,0.235,0.259,0.259
0.264,39.641,-14.351,0.218,0.218,0.250,0.250
0.262,41.403,-14.265,0.237,0.237,0.250,0.250
0.264,43.198,-14.354,0.212,0.212,0.256,0.256
0.267,44.781,-14.468,0.247,0.247,0.252,0.252
0.266,46.299,-14.413,0.221,0.221,0.249,0.249
0.265,47.654,-14.390,0.241,0.241,0.247,0.247
0.263,48.698,-14.296,0.221,0.221,0.281,0.281
0.262,49.465,-14.226,0.238,0.238,0.256,0.256
0.262,50.134,-14.219,0.217,0.217,0.247,0.247
0.261,50.755,-14.170,0.226,0.226,0.249,0.249
0.260,51.228,-14.147,0.223,0.223,0.255,0.255
0.260,51.440,-14.155,0.232,0.232,0.261,0.261
0.258,51.766,-14.022,0.224,0.224,0.256,0.256
0.256,52.174,-13.922,0.229,0.229,0.256,0.256
0.254,52.713,-13.835,0.221,0.221,0.255,0.255
0.257,53.154,-13.995,0.221,0.221,0.258,0.258
0.259,53.382,-14.094,0.214,0.214,0.258,0.258
0.257,53.578,-14.005,0.209,0.209,0.250,0.250
0.257,53.398,-13.991,0.224,0.224,0.252,0.252
0.255,53.203,-13.871,0.208,0.208,0.246,0.246
0.255,52.811,-13.890,0.217,0.217,0.238,0.238
0.254,52.321,-13.822,0.212,0.212,0.250,0.250
0.253,51.783,-13.770,0.217,0.217,0.259,0.259
0.253,51.146,-13.760,0.224,0.224,0.255,0.255
0.252,50.200,-13.728,0.229,0.229,0.255,0.255
0.251,49.367,-13.675,0.224,0.224,0.259,0.259
0.247,48.796,-13.494,0.235,0.235,0.259,0.259
0.246,48.339,-13.451,0.232,0.232,0.270,0.270
0.248,47.899,-13.500,0.243,0.243,0.272,0.272
0.250,47.409,-13.633,0.226,0.226,0.261,0.261
0.251,46.821,-13.652,0.249,0.249,0.278,0.278
0.248,46.071,-13.538,0.232,0.232,0.285,0.285
0.249,45.320,-13.591,0.237,0.237,0.270,0.270
0.247,44.504,-13.472,0.226,0.226,0.267,0.267
0.246,43.606,-13.453,0.237,0.237,0.256,0.256
0.246,42.807,-13.427,0.215,0.215,0.269,0.269
0.246,42.007,-13.420,0.246,0.246,0.250,0.250
0.245,41.060,-13.403,0.218,0.218,0.266,0.266
0.245,40.228,-13.379,0.241,0.241,0.278,0.278
0.242,39.788,-13.261,0.224,0.224,0.264,0.264
0.239,39.477,-13.174,0.241,0.241,0.256,0.256
0.239,39.118,-13.157,0.218,0.218,0.259,0.259
0.243,39.004,-13.310,0.230,0.230,0.256,0.256
0.244,38.939,-13.343,0.221,0.221,0.240,0.240
0.243,38.988,-13.310,0.238,0.238,0.250,0.250
0.241,38.988,-13.244,0.215,0.215,0.266,0.266
0.241,39.004,-13.235,0.240,0.240,0.256,0.256
0.239,38.988,-13.175,0.221,0.221,0.256,0.256
0.240,38.988,-13.194,0.244,0.244,0.252,0.252
0.239,38.988,-13.162,0.221,0.221,0.249,0.249
0.239,39.004,-13.144,0.253,0.253,0.243,0.243
0.238,38.874,-13.107,0.229,0.229,0.258,0.258
0.237,38.678,-13.065,0.235,0.235,0.258,0.258
0.234,38.400,-12.959,0.230,0.230,0.258,0.258
0.234,38.156,-12.961,0.241,0.241,0.261,0.261
0.236,37.992,-13.032,0.230,0.230,0.259,0.259
0.238,37.976,-13.135,0.241,0.241,0.253,0.253
0.236,38.074,-13.033,0.240,0.240,0.258,0.258
0.235,38.417,-13.005,0.240,0.240,0.255,0.255
0.234,38.906,-12.954,0.235,0.235,0.261,0.261
0.234,39.461,-12.972,0.240,0.240,0.255,0.255
0.233,40.016,-12.942,0.240,0.240,0.264,0.264
0.233,40.767,-12.926,0.229,0.229,0.258,0.258
0.232,41.485,-12.896,0.238,0.238,0.255,0.255
0.231,42.350,-12.856,0.221,0.221,0.261,0.261
0.230,43.133,-12.809,0.224,0.224,0.250,0.250
0.228,43.655,-12.712,0.212,0.212,0.243,0.243
0.227,44.129,-12.650,0.221,0.221,0.232,0.232
0.232,44.471,-12.878,0.209,0.209,0.235,0.235
0.232,44.749,-12.873,0.215,0.215,0.233,0.233
0.232,45.075,-12.889,0.209,0.209,0.233,0.233
0.230,45.548,-12.816,0.217,0.217,0.256,0.256
0.228,45.891,-12.720,0.203,0.203,0.246,0.246
0.228,46.038,-12.710,0.214,0.214,0.224,0.224
0.228,46.218,-12.694,0.209,0.209,0.240,0.240
0.228,46.446,-12.696,0.224,0.224,0.240,0.240
0.227,46.707,-12.648,0.206,0.206,0.240,0.240
0.227,46.936,-12.650,0.237,0.237,0.243,0.243
0.225,47.327,-12.587,0.214,0.214,0.250,0.250
0.222,47.784,-12.434,0.233,0.233,0.244,0.244
0.223,48.241,-12.447,0.209,0.209,0.246,0.246
0.222,48.470,-12.412,0.240,0.240,0.252,0.252
0.227,48.812,-12.649,0.217,0.217,0.252,0.252
0.227,49.188,-12.650,0.235,0.235,0.253,0.253
0.225,49.351,-12.567,0.218,0.218,0.252,0.252
0.224,49.384,-12.518,0.238,0.238,0.247,0.247
0.223,49.318,-12.477,0.229,0.229,0.258,0.258
0.222,49.253,-12.431,0.230,0.230,0.249,0.249
0.223,48.992,-12.467,0.237,0.237,0.255,0.255
0.222,48.829,-12.435,0.229,0.229,0.249,0.249
0.222,48.796,-12.399,0.220,0.220,0.258,0.258
0.221,48.812,-12.368,0.226,0.226,0.258,0.258
0.219,48.845,-12.284,0.229,0.229,0.252,0.252
0.217,48.812,-12.187,0.215,0.215,0.247,0.247
0.218,48.927,-12.227,0.214,0.214,0.258,0.258
0.221,49.074,-12.387,0.224,0.224,0.250,0.250
0.221,49.008,-12.367,0.220,0.220,0.252,0.252
0.221,48.878,-12.361,0.214,0.214,0.253,0.253
0.219,48.812,-12.297,0.227,0.227,0.252,0.252
0.219,48.878,-12.250,0.211,0.211,0.266,0.266
0.218,49.123,-12.233,0.212,0.212,0.250,0.250
0.218,49.318,-12.219,0.212,0.212,0.249,0.249
0.218,49.286,-12.206,0.217,0.217,0.252,0.252
0.218,49.025,-12.205,0.211,0.211,0.252,0.252
0.217,48.764,-12.174,0.230,0.230,0.252,0.252
0.215,48.486,-12.093,0.217,0.217,0.258,0.258
0.214,48.258,-12.020,0.243,0.243,0.279,0.279
0.211,47.899,-11.903,0.220,0.220,0.281,0.281
0.217,47.442,-12.156,0.249,0.249,0.262,0.262
0.217,46.805,-12.161,0.230,0.230,0.267,0.267
0.217,46.071,-12.167,0.238,0.238,0.269,0.269
0.217,45.418,-12.168,0.227,0.227,0.269,0.269
0.215,44.863,-12.070,0.244,0.244,0.266,0.266
0.215,44.406,-12.070,0.223,0.223,0.293,0.293
0.214,43.982,-12.020,0.240,0.240,0.264,0.264
0.214,43.541,-12.052,0.233,0.233,0.267,0.267
0.214,43.362,-12.024,0.235,0.235,0.270,0.270
0.213,43.378,-12.009,0.220,0.220,0.264,0.264
0.213,43.313,-11.981,0.235,0.235,0.262,0.262
0.211,43.117,-11.900,0.218,0.218,0.264,0.264
0.209,42.839,-11.808,0.230,0.230,0.281,0.281
0.209,42.611,-11.830,0.218,0.218,0.264,0.264
0.214,42.431,-12.034,0.238,0.238,0.258,0.258
0.213,42.399,-11.995,0.217,0.217,0.256,0.256
0.213,42.350,-11.983,0.250,0.250,0.250,0.250
0.213,42.040,-11.985,0.221,0.221,0.256,0.256
0.211,41.632,-11.900,0.237,0.237,0.256,0.256
0.211,41.436,-11.906,0.220,0.220,0.238,0.238
0.211,41.387,-11.906,0.244,0.244,0.252,0.252
0.212,41.534,-11.932,0.224,0.224,0.261,0.261
0.210,41.779,-11.884,0.233,0.233,0.255,0.255
0.209,41.958,-11.835,0.232,0.232,0.261,0.261
0.206,41.974,-11.694,0.235,0.235,0.255,0.255
0.205,41.974,-11.646,0.238,0.238,0.255,0.255
0.211,41.909,-11.897,0.235,0.235,0.247,0.247
0.211,41.942,-11.895,0.232,0.232,0.255,0.255
0.211,41.942,-11.917,0.241,0.241,0.259,0.259
0.211,41.925,-11.895,0.224,0.224,0.259,0.259
0.209,42.040,-11.831,0.240,0.240,0.253,0.253
0.208,42.284,-11.768,0.237,0.237,0.246,0.246
0.207,42.415,-11.755,0.230,0.230,0.255,0.255
0.207,42.480,-11.756,0.240,0.240,0.255,0.255
0.208,42.431,-11.796,0.230,0.230,0.258,0.258
0.209,42.448,-11.811,0.238,0.238,0.256,0.256
0.207,42.415,-11.754,0.220,0.220,0.253,0.253
0.205,42.431,-11.645,0.227,0.227,0.250,0.250
0.202,42.513,-11.547,0.206,0.206,0.235,0.235
0.204,42.758,-11.620,0.209,0.209,0.237,0.237
0.207,42.888,-11.754,0.206,0.206,0.229,0.229
0.209,42.954,-11.838,0.217,0.217,0.229,0.229
0.210,43.019,-11.848,0.203,0.203,0.243,0.243
0.207,43.247,-11.743,0.217,0.217,0.240,0.240
0.206,43.411,-11.696,0.204,0.204,0.247,0.247
0.206,43.476,-11.702,0.233,0.233,0.229,0.229
0.206,43.427,-11.684,0.208,0.208,0.244,0.244
0.206,43.443,-11.686,0.229,0.229,0.218,0.218
0.206,43.411,-11.677,0.215,0.215,0.235,0.235
0.205,43.411,-11.654,0.233,0.233,0.250,0.250
0.205,43.427,-11.647,0.214,0.214,0.246,0.246
0.202,43.508,-11.501,0.235,0.235,0.249,0.249
0.202,43.737,-11.510,0.220,0.220,0.237,0.237
0.202,43.819,-11.511,0.232,0.232,0.252,0.252
0.206,43.639,-11.691,0.223,0.223,0.253,0.253
0.206,43.427,-11.719,0.230,0.230,0.252,0.252
0.206,43.394,-11.706,0.229,0.229,0.250,0.250
0.205,43.296,-11.634,0.221,0.221,0.252,0.252
0.203,43.003,-11.574,0.229,0.229,0.255,0.255
0.203,42.611,-11.577,0.220,0.220,0.258,0.258
0.203,42.399,-11.582,0.223,0.223,0.252,0.252
0.204,42.366,-11.589,0.215,0.215,0.252,0.252
0.204,42.448,-11.608,0.227,0.227,0.255,0.255
0.202,42.431,-11.539,0.211,0.211,0.253,0.253
0.200,42.448,-11.447,0.221,0.221,0.258,0.258
0.200,42.431,-11.451,0.223,0.223,0.256,0.256
0.200,42.431,-11.439,0.224,0.224,0.259,0.259
0.205,42.448,-11.633,0.203,0.203,0.252,0.252
0.205,42.333,-11.664,0.223,0.223,0.246,0.246
0.204,42.121,-11.602,0.209,0.209,0.252,0.252
0.204,41.942,-11.623,0.218,0.218,0.246,0.246
0.203,41.909,-11.566,0.200,0.200,0.249,0.249
0.203,41.828,-11.558,0.227,0.227,0.252,0.252
0.203,41.632,-11.561,0.208,0.208,0.266,0.266
0.203,41.354,-11.588,0.229,0.229,0.255,0.255
0.203,41.077,-11.587,0.211,0.211,0.247,0.247
0.203,40.930,-11.555,0.237,0.237,0.249,0.249
0.201,40.816,-11.469,0.217,0.217,0.253,0.253
0.199,40.636,-11.390,0.244,0.244,0.258,0.258
0.198,40.457,-11.382,0.230,0.230,0.275,0.275
0.204,40.326,-11.599,0.253,0.253,0.266,0.266
0.204,40.130,-11.625,0.227,0.227,0.279,0.279
0.205,39.983,-11.637,0.258,0.258,0.281,0.281
0.204,39.869,-11.617,0.235,0.235,0.275,0.275
0.203,39.657,0.000,0.249,0.249,0.266,0.266
0.203,39.526,-0.001,0.240,0.240,0.279,0.279
0.203,39.461,0.022,0.243,0.243,0.267,0.267
0.203,39.510,-0.012,0.226,0.226,0.244,0.244
0.203,39.461,0.014,0.246,0.246,0.270,0.270
0.203,39.510,0.012,0.233,0.233,0.282,0.282
0.203,39.494,-0.004,0.243,0.243,0.259,0.259
0.199,39.477,0.149,0.229,0.229,0.255,0.255
0.199,39.526,0.172,0.246,0.246,0.255,0.255
0.200,39.494,0.130,0.229,0.229,0.262,0.262
0.205,39.510,-0.056,0.232,0.232,0.246,0.246
0.204,39.494,-0.045,0.237,0.237,0.259,0.259
0.204,39.494,-0.022,0.244,0.244,0.261,0.261
0.204,39.526,-0.016,0.227,0.227,0.259,0.259
0.203,39.494,0.026,0.232,0.232,0.250,0.250
0.203,39.526,0.009,0.230,0.230,0.252,0.252
0.203,39.494,0.005,0.230,0.230,0.255,0.255
0.203,39.494,0.025,0.238,0.238,0.256,0.256
0.204,39.494,-0.016,0.224,0.224,0.250,0.250
0.202,39.494,0.063,0.230,0.230,0.252,0.252
0.199,39.380,0.148,0.221,0.221,0.266,0.266
0.198,39.167,0.208,0.243,0.243,0.256,0.256
0.201,38.906,0.072,0.223,0.223,0.262,0.262
0.205,38.645,-0.068,0.232,0.232,0.252,0.252
0.205,38.498,-0.049,0.227,0.227,0.252,0.252
0.204,38.384,-0.040,0.252,0.252,0.256,0.256
0.203,38.188,-0.003,0.235,0.235,0.255,0.255
0.203,38.025,-0.001,0.243,0.243,0.255,0.255
0.203,37.911,0.014,0.235,0.235,0.255,0.255
0.203,37.715,0.008,0.250,0.250,0.273,0.273
0.203,37.437,0.013,0.229,0.229,0.255,0.255
0.203,37.258,-0.004,0.249,0.249,0.249,0.249
0.203,37.340,0.003,0.218,0.218,0.255,0.255
0.202,37.470,0.043,0.238,0.238,0.250,0.250
0.200,37.568,0.125,0.203,0.203,0.247,0.247
0.200,37.454,0.130,0.229,0.229,0.237,0.237
0.202,37.193,0.053,0.209,0.209,0.221,0.221
0.206,37.013,-0.104,0.223,0.223,0.226,0.226
0.206,36.948,-0.087,0.206,0.206,0.241,0.241
0.204,36.915,-0.046,0.227,0.227,0.229,0.229
0.205,36.703,-0.064,0.209,0.209,0.240,0.240
0.204,36.442,-0.025,0.211,0.211,0.235,0.235
0.204,36.164,-0.026,0.212,0.212,0.243,0.243
0.205,36.018,-0.057,0.212,0.212,0.218,0.218
0.205,35.936,-0.048,0.215,0.215,0.235,0.235
0.206,35.822,-0.091,0.212,0.212,0.253,0.253
0.204,35.805,-0.046,0.221,0.221,0.238,0.238
0.202,35.675,0.043,0.214,0.214,0.238,0.238
0.201,35.577,0.063,0.220,0.220,0.241,0.241
0.203,35.528,0.007,0.209,0.209,0.252,0.252
0.207,35.544,-0.142,0.226,0.226,0.235,0.235
0.209,35.561,-0.197,0.206,0.206,0.252,0.252
0.207,35.593,-0.145,0.220,0.220,0.250,0.250
0.206,35.544,-0.109,0.203,0.203,0.253,0.253
0.206,35.659,-0.083,0.221,0.221,0.250,0.250
0.206,35.789,-0.083,0.194,0.194,0.256,0.256
0.206,35.642,-0.106,0.223,0.223,0.256,0.256
0.207,35.348,-0.118,0.209,0.209,0.240,0.240
0.207,35.316,-0.120,0.223,0.223,0.246,0.246
0.204,35.153,-0.039,0.209,0.209,0.252,0.252
0.202,35.071,0.046,0.226,0.226,0.246,0.246
0.203,35.055,0.010,0.209,0.209,0.247,0.247
0.207,34.973,-0.140,0.220,0.220,0.246,0.246
0.210,34.728,-0.249,0.209,0.209,0.246,0.246
0.210,34.500,-0.254,0.226,0.226,0.241,0.241
0.209,34.271,-0.198,0.208,0.208,0.253,0.253
0.208,34.386,-0.183,0.230,0.230,0.256,0.256
0.207,34.532,-0.152,0.209,0.209,0.249,0.249
0.209,34.598,-0.217,0.232,0.232,0.243,0.243
0.208,34.565,-0.179,0.209,0.209,0.247,0.247
0.208,34.598,-0.178,0.230,0.230,0.247,0.247
0.209,34.549,-0.221,0.218,0.218,0.249,0.249
0.208,34.565,-0.170,0.226,0.226,0.255,0.255
0.206,34.484,-0.117,0.226,0.226,0.261,0.261
0.206,34.239,-0.094,0.238,0.238,0.256,0.256
0.205,34.059,-0.057,0.232,0.232,0.269,0.269
0.211,34.027,-0.284,0.244,0.244,0.272,0.272
0.212,33.978,-0.311,0.238,0.238,0.269,0.269
0.212,33.765,-0.319,0.243,0.243,0.250,0.250
0.211,33.586,-0.266,0.240,0.240,0.269,0.269
0.211,33.570,-0.282,0.233,0.233,0.276,0.276
0.210,33.488,-0.251,0.233,0.233,0.276,0.276
0.212,33.292,-0.317,0.224,0.224,0.264,0.264
0.212,33.096,-0.319,0.233,0.233,0.264,0.264
0.212,32.949,-0.305,0.223,0.223,0.264,0.264
0.212,32.819,-0.316,0.224,0.224,0.243,0.243
0.211,32.819,-0.265,0.230,0.230,0.258,0.258
0.210,32.721,-0.243,0.233,0.233,0.264,0.264
0.208,32.623,-0.184,0.221,0.221,0.255,0.255
0.213,32.590,-0.332,0.230,0.230,0.250,0.250
0.217,32.492,-0.463,0.218,0.218,0.252,0.252
0.216,32.264,-0.423,0.230,0.230,0.253,0.253
0.215,32.052,-0.401,0.212,0.212,0.256,0.256
0.214,31.742,-0.364,0.232,0.232,0.253,0.253
0.214,31.628,-0.374,0.215,0.215,0.252,0.252
0.216,31.497,-0.419,0.230,0.230,0.249,0.249
0.215,31.285,-0.398,0.221,0.221,0.250,0.250
0.216,31.122,-0.438,0.243,0.243,0.269,0.269
0.216,31.073,-0.430,0.217,0.217,0.250,0.250
0.214,31.138,-0.357,0.238,0.238,0.240,0.240
0.212,31.122,-0.320,0.223,0.223,0.247,0.247
0.213,31.138,-0.339,0.238,0.238,0.247,0.247
0.217,31.122,-0.474,0.217,0.217,0.250,0.250
0.219,31.122,-0.537,0.243,0.243,0.253,0.253
0.220,31.089,-0.546,0.227,0.227,0.258,0.258
0.219,31.105,-0.529,0.249,0.249,0.249,0.249
0.217,31.203,-0.473,0.232,0.232,0.256,0.256
0.218,31.334,-0.505,0.250,0.250,0.253,0.253
0.219,31.317,-0.542,0.235,0.235,0.256,0.256
0.219,31.171,-0.517,0.243,0.243,0.256,0.256
0.220,31.203,-0.564,0.233,0.233,0.253,0.253
0.221,31.334,-0.578,0.235,0.235,0.246,0.246
0.219,31.301,-0.518,0.224,0.224,0.252,0.252
0.219,31.040,-0.512,0.230,0.230,0.249,0.249
0.217,30.795,-0.478,0.218,0.218,0.244,0.244
0.218,30.616,-0.489,0.218,0.218,0.221,0.221
0.223,30.665,-0.653,0.208,0.208,0.226,0.226
0.224,30.942,-0.693,0.217,0.217,0.233,0.233
0.223,31.105,-0.635,0.212,0.212,0.226,0.226
0.224,31.203,-0.665,0.204,0.204,0.227,0.227
0.223,31.236,-0.648,0.212,0.212,0.238,0.238
0.223,31.464,-0.636,0.208,0.208,0.230,0.230
0.224,31.725,-0.678,0.218,0.218,0.235,0.235
0.224,32.019,-0.682,0.201,0.201,0.237,0.237
0.225,32.150,-0.709,0.224,0.224,0.233,0.233
0.226,32.101,-0.731,0.209,0.209,0.235,0.235
0.223,31.807,-0.644,0.227,0.227,0.243,0.243
0.221,31.628,-0.594,0.206,0.206,0.249,0.249
0.221,31.481,-0.593,0.246,0.246,0.240,0.240
0.226,31.268,-0.748,0.218,0.218,0.246,0.246
0.229,31.122,-0.836,0.230,0.230,0.259,0.259
0.228,31.089,-0.815,0.218,0.218,0.249,0.249
0.229,31.122,-0.838,0.233,0.233,0.249,0.249
0.228,31.138,-0.802,0.212,0.212,0.250,0.250
0.228,31.122,-0.795,0.233,0.233,0.246,0.246
0.228,31.105,-0.820,0.224,0.224,0.253,0.253
0.228,31.203,-0.819,0.235,0.235,0.252,0.252
0.230,31.432,-0.867,0.221,0.221,0.243,0.243
0.230,31.709,-0.853,0.230,0.230,0.252,0.252
0.228,32.052,-0.815,0.218,0.218,0.253,0.253
0.227,32.427,-0.771,0.227,0.227,0.247,0.247
0.229,32.574,-0.833,0.215,0.215,0.255,0.255
0.232,32.672,-0.929,0.224,0.224,0.249,0.249
0.235,32.705,-1.027,0.227,0.227,0.250,0.250
0.235,32.868,-1.021,0.214,0.214,0.237,0.237
0.233,33.178,-0.967,0.227,0.227,0.247,0.247
0.234,33.439,-1.012,0.221,0.221,0.252,0.252
0.234,33.668,-0.997,0.209,0.209,0.247,0.247
0.234,33.880,-1.001,0.217,0.217,0.247,0.247
0.234,34.092,-1.007,0.217,0.217,0.238,0.238
0.235,34.092,-1.031,0.214,0.214,0.249,0.249
0.236,34.059,-1.061,0.218,0.218,0.256,0.256
0.234,34.076,-0.991,0.218,0.218,0.250,0.250
0.234,34.059,-0.999,0.229,0.229,0.256,0.256
0.234,34.076,-0.994,0.220,0.220,0.255,0.255
0.236,34.076,-1.083,0.247,0.247,0.262,0.262
0.240,34.092,-1.217,0.230,0.230,0.272,0.272
0.242,34.092,-1.257,0.238,0.238,0.273,0.273
0.239,34.076,-1.184,0.232,0.232,0.270,0.270
0.241,34.076,-1.232,0.244,0.244,0.264,0.264
0.240,34.157,-1.207,0.220,0.220,0.262,0.262
0.241,34.288,-1.236,0.238,0.238,0.267,0.267
0.240,34.239,-1.207,0.224,0.224,0.267,0.267
0.242,34.124,-1.270,0.238,0.238,0.295,0.295
0.241,34.059,-1.248,0.221,0.221,0.272,0.272
0.243,33.945,-1.292,0.238,0.238,0.249,0.249
0.240,33.651,-1.210,0.226,0.226,0.261,0.261
0.241,33.260,-1.223,0.229,0.229,0.256,0.256
0.240,32.982,-1.190,0.217,0.217,0.258,0.258
0.245,32.639,-1.357,0.229,0.229,0.252,0.252
0.247,32.182,-1.437,0.214,0.214,0.264,0.264
0.247,31.676,-1.436,0.240,0.240,0.252,0.252
0.246,31.252,-1.410,0.224,0.224,0.253,0.253
0.247,31.056,-1.431,0.237,0.237,0.256,0.256
0.247,30.991,-1.437,0.218,0.218,0.252,0.252
0.248,30.860,-1.466,0.247,0.247,0.240,0.240
0.249,30.942,-1.490,0.221,0.221,0.247,0.247
0.249,31.154,-1.500,0.235,0.235,0.240,0.240
0.248,31.464,-1.467,0.230,0.230,0.252,0.252
0.246,31.725,-1.400,0.241,0.241,0.252,0.252
0.248,31.987,-1.471,0.226,0.226,0.250,0.250
0.250,32.133,-1.538,0.235,0.235,0.249,0.249
0.253,32.248,-1.624,0.235,0.235,0.250,0.250
0.253,32.444,-1.641,0.240,0.240,0.249,0.249
0.253,32.558,-1.630,0.235,0.235,0.255,0.255
0.253,32.623,-1.621,0.244,0.244,0.253,0.253
0.254,32.607,-1.653,0.243,0.243,0.256,0.256
0.254,32.509,-1.649,0.237,0.237,0.255,0.255
0.255,32.297,-1.692,0.237,0.237,0.259,0.259
0.256,32.101,-1.720,0.232,0.232,0.244,0.244
0.256,32.182,-1.707,0.238,0.238,0.250,0.250
0.257,32.476,-1.752,0.220,0.220,0.253,0.253
0.254,33.031,-1.669,0.235,0.235,0.247,0.247
0.254,33.537,-1.665,0.221,0.221,0.244,0.244
0.255,34.059,-1.706,0.217,0.217,0.243,0.243
0.257,34.532,-1.749,0.212,0.212,0.227,0.227
0.261,34.940,-1.910,0.218,0.218,0.247,0.247
0.261,35.202,-1.903,0.204,0.204,0.224,0.224
0.261,35.512,-1.896,0.215,0.215,0.229,0.229
0.262,35.903,-1.922,0.195,0.195,0.230,0.230
0.262,36.067,-1.933,0.223,0.223,0.237,0.237
0.263,36.001,-1.965,0.204,0.204,0.229,0.229
0.264,35.659,-1.994,0.229,0.229,0.238,0.238
0.265,35.104,-2.024,0.218,0.218,0.227,0.227
0.265,34.696,-2.045,0.233,0.233,0.224,0.224
0.263,34.467,-1.988,0.211,0.211,0.243,0.243
0.263,34.451,-1.973,0.243,0.243,0.233,0.233
0.263,34.239,-1.979,0.221,0.221,0.240,0.240
0.266,34.092,-2.061,0.235,0.235,0.240,0.240
0.269,34.059,-2.185,0.215,0.215,0.252,0.252
0.270,34.076,-2.212,0.237,0.237,0.230,0.230
0.269,34.108,-2.185,0.223,0.223,0.253,0.253
0.270,34.059,-2.218,0.235,0.235,0.255,0.255
0.270,34.092,-2.213,0.229,0.229,0.250,0.250
0.271,34.059,-2.241,0.229,0.229,0.249,0.249
0.273,34.010,-2.295,0.232,0.232,0.256,0.256
0.273,33.749,-2.317,0.215,0.215,0.255,0.255
0.273,33.488,-2.304,0.227,0.227,0.262,0.262
0.273,33.211,-2.311,0.218,0.218,0.247,0.247
0.272,33.064,-2.293,0.215,0.215,0.253,0.253
0.270,33.047,-2.228,0.220,0.220,0.252,0.252
0.276,33.096,-2.407,0.227,0.227,0.250,0.250
0.278,33.162,-2.470,0.215,0.215,0.264,0.264
0.279,33.455,-2.515,0.223,0.223,0.255,0.255
0.279,33.651,-2.521,0.212,0.212,0.247,0.247
0.279,34.043,-2.513,0.215,0.215,0.252,0.252
0.278,34.386,-2.480,0.198,0.198,0.250,0.250
0.280,34.598,-2.541,0.214,0.214,0.253,0.253
0.280,34.614,-2.552,0.200,0.200,0.255,0.255
0.281,34.581,-2.588,0.209,0.209,0.250,0.250
0.282,34.565,-2.612,0.204,0.204,0.252,0.252
0.282,34.598,-2.621,0.220,0.220,0.255,0.255
0.282,34.892,-2.597,0.211,0.211,0.256,0.256
0.281,35.153,-2.576,0.238,0.238,0.258,0.258
0.282,35.430,-2.613,0.226,0.226,0.262,0.262
0.286,35.659,-2.760,0.241,0.241,0.273,0.273
0.288,35.903,-2.845,0.226,0.226,0.247,0.247
0.288,36.067,-2.820,0.246,0.246,0.267,0.267
0.288,36.083,-2.835,0.233,0.233,0.282,0.282
0.288,36.067,-2.839,0.247,0.247,0.275,0.275
0.290,36.050,-2.896,0.232,0.232,0.266,0.266
0.290,35.952,-2.894,0.246,0.246,0.266,0.266
0.291,35.740,-2.920,0.230,0.230,0.266,0.266
0.291,35.463,-2.932,0.246,0.246,0.264,0.264
0.293,35.185,-3.000,0.233,0.233,0.270,0.270
0.292,35.022,-2.980,0.237,0.237,0.266,0.266
0.291,35.022,-2.938,0.217,0.217,0.261,0.261
0.291,35.038,-2.920,0.243,0.243,0.255,0.255
0.293,35.071,-3.003,0.223,0.223,0.279,0.279
0.297,35.153,-3.143,0.230,0.230,0.259,0.259
0.299,35.381,-3.205,0.227,0.227,0.262,0.262
0.299,35.724,-3.216,0.240,0.240,0.249,0.249
0.300,36.230,-3.250,0.217,0.217,0.249,0.249
0.300,36.605,-3.236,0.241,0.241,0.252,0.252
0.300,36.899,-3.236,0.229,0.229,0.253,0.253
0.301,37.046,-3.289,0.227,0.227,0.264,0.264
0.302,37.029,-3.309,0.221,0.221,0.259,0.259
0.303,37.029,-3.373,0.233,0.233,0.258,0.258
0.304,36.899,-3.391,0.232,0.232,0.252,0.252
0.301,36.687,-3.306,0.226,0.226,0.247,0.247
0.300,36.524,-3.259,0.237,0.237,0.253,0.253
0.304,36.458,-3.397,0.226,0.226,0.252,0.252
0.308,36.524,-3.564,0.243,0.243,0.244,0.244
0.309,36.540,-3.594,0.224,0.224,0.250,0.250
0.310,36.621,-3.618,0.244,0.244,0.261,0.261
0.309,36.850,-3.599,0.226,0.226,0.258,0.258
0.310,36.980,-3.616,0.227,0.227,0.250,0.250
0.310,37.062,-3.635,0.229,0.229,0.250,0.250
0.312,37.029,-3.680,0.246,0.246,0.252,0.252
0.312,37.029,-3.708,0.224,0.224,0.267,0.267
0.313,37.013,-3.728,0.240,0.240,0.255,0.255
0.313,36.980,-3.743,0.230,0.230,0.249,0.249
0.313,37.111,-3.713,0.233,0.233,0.247,0.247
0.311,37.437,-3.675,0.218,0.218,0.249,0.249
0.314,37.927,-3.779,0.232,0.232,0.246,0.246
0.318,38.351,-3.925,0.212,0.212,0.233,0.233
0.320,38.629,-4.003,0.223,0.223,0.252,0.252
0.320,38.792,-4.009,0.203,0.203,0.227,0.227
0.321,38.661,-4.038,0.229,0.229,0.223,0.223
0.321,38.531,-4.040,0.206,0.206,0.232,0.232
0.321,38.580,-4.025,0.223,0.223,0.235,0.235
0.323,38.808,-4.110,0.214,0.214,0.232,0.232
0.324,38.988,-4.152,0.230,0.230,0.233,0.233
0.325,39.135,-4.201,0.214,0.214,0.238,0.238
0.325,39.412,-4.207,0.226,0.226,0.233,0.233
0.325,39.820,-4.180,0.215,0.215,0.253,0.253
0.323,39.983,-4.127,0.227,0.227,0.244,0.244
0.323,40.016,-4.113,0.215,0.215,0.241,0.241
0.330,40.016,-4.392,0.230,0.230,0.246,0.246
0.331,39.951,-4.449,0.227,0.227,0.252,0.252
0.332,39.983,-4.482,0.226,0.226,0.232,0.232
0.333,39.967,-4.516,0.230,0.230,0.255,0.255
0.333,39.983,-4.531,0.220,0.220,0.256,0.256
0.333,39.967,-4.524,0.223,0.223,0.255,0.255
0.335,39.967,-4.597,0.209,0.209,0.255,0.255
0.335,39.983,-4.601,0.230,0.230,0.253,0.253
0.336,40.032,-4.645,0.211,0.211,0.258,0.258
0.337,40.196,-4.679,0.223,0.223,0.243,0.243
0.337,40.147,-4.675,0.212,0.212,0.253,0.253
0.335,39.951,-4.596,0.230,0.230,0.258,0.258
0.336,39.608,-4.648,0.212,0.212,0.255,0.255
0.339,39.494,-4.751,0.221,0.221,0.252,0.252
0.344,39.461,-4.944,0.212,0.212,0.240,0.240
0.345,39.477,-4.998,0.224,0.224,0.249,0.249
0.345,39.494,-4.993,0.197,0.197,0.256,0.256
0.345,39.510,-4.978,0.230,0.230,0.252,0.252
0.345,39.510,-4.990,0.208,0.208,0.246,0.246
0.347,39.477,-5.068,0.218,0.218,0.252,0.252
0.348,39.526,-5.099,0.204,0.204,0.252,0.252
0.349,39.592,-5.132,0.233,0.233,0.246,0.246
0.350,39.739,-5.174,0.203,0.203,0.255,0.255
0.349,39.657,-5.159,0.229,0.229,0.255,0.255
0.349,39.526,-5.138,0.215,0.215,0.255,0.255
0.349,39.494,-5.146,0.243,0.243,0.253,0.253
0.351,39.363,-5.214,0.224,0.224,0.262,0.262
0.356,39.069,-5.418,0.249,0.249,0.272,0.272
0.357,38.580,-5.458,0.229,0.229,0.291,0.291
0.357,38.156,-5.475,0.258,0.258,0.270,0.270
0.359,37.878,-5.524,0.232,0.232,0.267,0.267
0.359,37.633,-5.527,0.253,0.253,0.272,0.272
0.359,37.503,-5.541,0.240,0.240,0.273,0.273
0.361,37.519,-5.607,0.240,0.240,0.275,0.275
0.361,37.421,-5.621,0.237,0.237,0.275,0.275
0.363,37.291,-5.672,0.243,0.243,0.261,0.261
0.364,37.356,-5.710,0.226,0.226,0.275,0.275
0.363,37.584,-5.682,0.246,0.246,0.275,0.275
0.361,37.862,-5.628,0.232,0.232,0.267,0.267
0.365,38.041,-5.779,0.237,0.237,0.258,0.258
0.370,38.025,-5.945,0.230,0.230,0.261,0.261
0.370,37.927,-5.954,0.240,0.240,0.259,0.259
0.371,37.682,-5.981,0.232,0.232,0.247,0.247
0.371,37.535,-6.000,0.229,0.229,0.255,0.255
0.372,37.535,-6.020,0.230,0.230,0.266,0.266
0.373,37.601,-6.055,0.227,0.227,0.253,0.253
0.374,37.845,-6.087,0.226,0.226,0.252,0.252
0.375,37.927,-6.148,0.232,0.232,0.252,0.252
0.376,37.764,-6.167,0.233,0.233,0.256,0.256
0.376,37.421,-6.197,0.226,0.226,0.237,0.237
0.375,37.144,-6.151,0.237,0.237,0.256,0.256
0.375,36.980,-6.134,0.223,0.223,0.255,0.255
0.378,37.013,-6.250,0.240,0.240,0.258,0.258
0.382,37.095,-6.411,0.218,0.218,0.258,0.258
0.383,37.356,-6.445,0.243,0.243,0.250,0.250
0.384,37.519,-6.471,0.226,0.226,0.252,0.252
0.386,37.519,-6.534,0.240,0.240,0.256,0.256
0.386,37.470,-6.548,0.224,0.224,0.258,0.258
0.386,37.176,-6.562,0.247,0.247,0.258,0.258
0.387,36.997,-6.605,0.233,0.233,0.261,0.261
0.389,36.997,-6.654,0.246,0.246,0.258,0.258
0.389,36.997,-6.676,0.243,0.243,0.256,0.256
0.390,37.029,-6.682,0.250,0.250,0.253,0.253
0.389,37.111,-6.661,0.224,0.224,0.267,0.267
0.389,37.274,-6.668,0.249,0.249,0.253,0.253
0.392,37.176,-6.755,0.223,0.223,0.246,0.246
0.396,37.046,-6.915,0.238,0.238,0.249,0.249
0.398,37.013,-7.002,0.212,0.212,0.241,0.241
0.399,37.046,-7.015,0.237,0.237,0.238,0.238
0.399,37.454,-7.046,0.211,0.211,0.230,0.230
0.400,37.829,-7.074,0.232,0.232,0.247,0.247
0.401,38.058,-7.107,0.220,0.220,0.232,0.232
0.402,38.074,-7.129,0.227,0.227,0.235,0.235
0.403,38.025,-7.194,0.224,0.224,0.240,0.240
0.404,38.009,-7.223,0.227,0.227,0.238,0.238
0.406,37.960,-7.296,0.230,0.230,0.240,0.240
0.405,38.123,-7.274,0.227,0.227,0.237,0.237
0.405,38.400,-7.262,0.233,0.233,0.266,0.266
0.405,38.841,-7.262,0.223,0.223,0.246,0.246
0.406,39.037,-7.303,0.237,0.237,0.241,0.241
0.412,39.135,-7.553,0.220,0.220,0.249,0.249
0.414,39.233,-7.600,0.230,0.230,0.252,0.252
0.415,39.151,-7.639,0.223,0.223,0.250,0.250
0.415,39.102,-7.657,0.232,0.232,0.249,0.249
0.416,39.396,-7.697,0.215,0.215,0.250,0.250
0.417,39.853,-7.721,0.241,0.241,0.247,0.247
0.419,40.310,-7.801,0.218,0.218,0.259,0.259
0.420,40.571,-7.868,0.233,0.233,0.250,0.250
0.421,40.767,-7.887,0.217,0.217,0.255,0.255
0.421,40.620,-7.899,0.237,0.237,0.250,0.250
0.420,40.506,-7.858,0.221,0.221,0.252,0.252
0.419,40.424,-7.814,0.232,0.232,0.247,0.247
0.421,40.440,-7.899,0.218,0.218,0.249,0.249
0.428,40.359,-8.181,0.233,0.233,0.250,0.250
0.431,40.261,-8.290,0.215,0.215,0.250,0.250
0.430,40.114,-8.262,0.226,0.226,0.249,0.249
0.430,39.788,-8.235,0.218,0.218,0.255,0.255
0.431,39.526,-8.282,0.240,0.240,0.252,0.252
0.433,39.428,-8.385,0.209,0.209,0.240,0.240
0.434,39.559,-8.426,0.240,0.240,0.244,0.244
0.435,39.820,-8.461,0.215,0.215,0.253,0.253
0.436,40.098,-8.492,0.230,0.230,0.252,0.252
0.437,40.342,-8.546,0.215,0.215,0.253,0.253
0.436,40.571,-8.491,0.233,0.233,0.246,0.246
0.436,40.799,-8.483,0.217,0.217,0.261,0.261
0.437,40.963,-8.544,0.227,0.227,0.256,0.256
0.443,40.979,-8.780,0.235,0.235,0.264,0.264
0.446,40.930,-8.902,0.246,0.246,0.282,0.282
0.446,40.881,-8.896,0.243,0.243,0.273,0.273
0.446,40.538,-8.914,0.249,0.249,0.273,0.273
0.447,40.049,-8.937,0.243,0.243,0.275,0.275
0.449,39.624,-9.010,0.240,0.240,0.282,0.282
0.450,39.331,-9.048,0.241,0.241,0.273,0.273
0.451,39.037,-9.115,0.238,0.238,0.275,0.275
0.453,38.678,-9.190,0.243,0.243,0.270,0.270
0.455,38.482,-9.244,0.237,0.237,0.266,0.266
0.455,38.564,-9.257,0.241,0.241,0.273,0.273
0.452,38.808,-9.149,0.243,0.243,0.279,0.279
0.454,39.037,-9.231,0.233,0.233,0.267,0.267
0.457,39.037,-9.351,0.230,0.230,0.264,0.264
0.460,39.037,-9.439,0.237,0.237,0.264,0.264
0.465,39.004,-9.635,0.206,0.206,0.266,0.266
0.464,38.988,-9.600,0.233,0.233,0.267,0.267
0.464,38.906,-9.618,0.223,0.223,0.259,0.259
0.465,38.645,-9.638,0.230,0.230,0.272,0.272
0.467,38.335,-9.716,0.215,0.215,0.259,0.259
0.469,37.748,-9.787,0.238,0.238,0.252,0.252
0.469,37.176,-9.795,0.217,0.217,0.261,0.261
0.472,36.964,-9.893,0.233,0.233,0.264,0.264
0.471,36.850,-9.885,0.218,0.218,0.256,0.256
0.470,36.605,-9.837,0.237,0.237,0.252,0.252
0.471,36.099,-9.867,0.229,0.229,0.270,0.270
0.476,35.708,-10.035,0.273,0.273,0.258,0.258
0.478,35.512,-10.126,0.258,0.258,0.255,0.255
0.481,35.593,-10.235,0.285,0.285,0.255,0.255
0.481,35.887,-10.224,0.272,0.272,0.261,0.261
0.481,36.230,-10.241,0.291,0.291,0.259,0.259
0.483,36.834,-10.295,0.273,0.273,0.261,0.261
0.484,37.356,-10.323,0.285,0.285,0.281,0.281
0.485,37.568,-10.373,0.270,0.270,0.261,0.261
0.487,37.535,-10.459,0.287,0.287,0.252,0.252
0.488,37.176,-10.509,0.269,0.269,0.261,0.261
0.488,36.948,-10.499,0.290,0.290,0.261,0.261
0.488,36.654,-10.485,0.270,0.270,0.264,0.264
0.488,36.475,-10.495,0.276,0.276,0.255,0.255
0.490,36.491,-10.579,0.256,0.256,0.267,0.267
0.494,36.409,-10.715,0.272,0.272,0.247,0.247
0.498,36.230,-10.855,0.249,0.249,0.235,0.235
0.498,36.164,-10.839,0.244,0.244,0.240,0.240
0.500,36.393,-10.921,0.238,0.238,0.238,0.238
0.499,36.932,-10.903,0.235,0.235,0.237,0.237
0.501,37.421,-10.968,0.227,0.227,0.241,0.241
0.502,37.682,-11.019,0.223,0.223,0.243,0.243
0.503,37.894,-11.052,0.233,0.233,0.246,0.246
0.506,38.025,-11.163,0.224,0.224,0.249,0.249
0.507,38.123,-11.180,0.233,0.233,0.246,0.246
0.508,38.335,-11.218,0.212,0.212,0.246,0.246
0.507,38.645,-11.195,0.233,0.233,0.249,0.249
0.507,39.298,-11.198,0.217,0.217,0.249,0.249
0.511,39.788,-11.334,0.221,0.221,0.246,0.246
0.514,40.049,-11.484,0.214,0.214,0.252,0.252
0.518,40.147,-11.634,0.229,0.229,0.261,0.261
0.518,40.391,-11.642,0.211,0.211,0.253,0.253
0.518,40.848,-11.621,0.221,0.221,0.259,0.259
0.519,41.387,-11.686,0.211,0.211,0.258,0.258
0.520,41.811,-11.730,0.221,0.221,0.252,0.252
0.523,41.991,-11.819,0.200,0.200,0.249,0.249
0.524,42.007,-11.880,0.215,0.215,0.255,0.255
0.526,41.958,-11.946,0.197,0.197,0.264,0.264
0.525,41.925,-11.928,0.217,0.217,0.253,0.253
0.524,41.958,-11.889,0.191,0.191,0.261,0.261
0.526,41.942,-11.969,0.215,0.215,0.261,0.261
0.530,41.942,-12.132,0.197,0.197,0.264,0.264
0.534,41.942,-12.296,0.201,0.201,0.250,0.250
0.536,41.958,-12.402,0.198,0.198,0.250,0.250
0.537,41.958,-12.417,0.208,0.208,0.252,0.252
0.537,42.040,-12.416,0.198,0.198,0.253,0.253
0.539,42.301,-12.515,0.198,0.198,0.253,0.253
0.540,42.758,-12.535,0.191,0.191,0.256,0.256
0.540,43.035,-12.572,0.201,0.201,0.255,0.255
0.543,43.411,-12.668,0.188,0.188,0.250,0.250
0.544,43.704,-12.707,0.208,0.208,0.252,0.252
0.546,44.047,-12.820,0.201,0.201,0.259,0.259
0.544,44.324,-12.737,0.204,0.204,0.255,0.255
0.545,44.439,-12.774,0.220,0.220,0.258,0.258
0.547,44.406,-12.844,0.206,0.206,0.261,0.261
0.553,44.390,-13.112,0.221,0.221,0.261,0.261
0.555,44.390,-13.199,0.214,0.214,0.255,0.255
0.557,44.390,-13.295,0.221,0.221,0.276,0.276
0.557,44.324,-13.301,0.211,0.211,0.278,0.278
0.558,44.096,-13.355,0.212,0.212,0.272,0.272
0.559,43.835,-13.371,0.198,0.198,0.267,0.267
0.560,43.460,-13.435,0.214,0.214,0.272,0.272
0.562,43.084,-13.514,0.186,0.186,0.276,0.276
0.563,42.921,-13.576,0.212,0.212,0.247,0.247
0.565,42.774,-13.652,0.198,0.198,0.267,0.267
0.566,42.513,-13.676,0.204,0.204,0.282,0.282
0.565,42.121,-13.666,0.197,0.197,0.272,0.272
0.567,41.925,-13.718,0.212,0.212,0.259,0.259
0.570,41.991,-13.843,0.204,0.204,0.258,0.258
0.574,42.350,-14.015,0.223,0.223,0.256,0.256
0.577,42.888,-14.162,0.214,0.214,0.252,0.252
0.578,43.296,-14.186,0.237,0.237,0.259,0.259
0.578,43.460,-14.219,0.221,0.221,0.261,0.261
0.579,43.378,-14.247,0.249,0.249,0.253,0.253
0.581,43.084,-14.340,0.221,0.221,0.249,0.249
0.581,42.790,-14.344,0.237,0.237,0.244,0.244
0.584,42.546,-14.461,0.223,0.223,0.261,0.261
0.587,42.284,-14.568,0.240,0.240,0.243,0.243
0.585,42.072,-14.505,0.224,0.224,0.261,0.261
0.585,42.007,-14.494,0.243,0.243,0.255,0.255
0.585,42.333,-14.517,0.230,0.230,0.258,0.258
0.592,42.823,-14.806,0.244,0.244,0.255,0.255
0.594,43.313,-14.905,0.237,0.237,0.249,0.249
0.597,43.476,-14.995,0.252,0.252,0.255,0.255
0.597,43.574,-15.002,0.240,0.240,0.258,0.258
0.598,43.933,-15.059,0.267,0.267,0.259,0.259
0.599,44.520,-15.118,0.273,0.273,0.269,0.269
0.601,44.994,-15.174,0.288,0.288,0.262,0.262
0.602,45.189,-15.240,0.298,0.298,0.259,0.259
0.605,45.108,-15.364,0.308,0.308,0.255,0.255
0.606,44.798,-15.433,0.336,0.336,0.264,0.264
0.606,44.569,-15.431,0.342,0.342,0.258,0.258
0.605,44.276,-15.394,0.339,0.339,0.261,0.261
0.606,43.900,-15.421,0.345,0.345,0.259,0.259
0.612,43.460,-15.679,0.340,0.340,0.261,0.261
0.616,43.068,-15.845,0.320,0.320,0.253,0.253
0.618,42.905,-15.952,0.317,0.317,0.233,0.233
0.620,42.823,-16.003,0.314,0.314,0.240,0.240
0.619,42.921,-15.986,0.319,0.319,0.220,0.220
0.620,43.019,-16.034,0.301,0.301,0.238,0.238
0.621,43.247,-16.085,0.320,0.320,0.252,0.252
0.624,43.345,-16.181,0.288,0.288,0.246,0.246
0.626,43.052,-16.268,0.311,0.311,0.241,0.241
0.627,42.529,-16.319,0.285,0.285,0.233,0.233
0.629,41.974,-16.402,0.313,0.313,0.243,0.243
0.629,41.583,-16.427,0.285,0.285,0.238,0.238
0.627,41.207,-16.328,0.302,0.302,0.246,0.246
0.629,40.587,-16.416,0.264,0.264,0.253,0.253
0.637,39.739,-16.728,0.281,0.281,0.252,0.252
0.638,39.118,-16.768,0.252,0.252,0.252,0.252
0.642,38.792,-16.910,0.261,0.261,0.258,0.258
0.641,38.612,-16.903,0.238,0.238,0.261,0.261
0.641,38.417,-16.880,0.237,0.237,0.256,0.256
0.643,38.188,-16.981,0.211,0.211,0.255,0.255
0.646,37.943,-17.073,0.203,0.203,0.266,0.266
0.647,37.568,-17.100,0.203,0.203,0.259,0.259
0.649,37.095,-17.194,0.200,0.200,0.261,0.261
0.650,36.572,-17.226,0.183,0.183,0.282,0.282
0.649,36.230,-17.207,0.182,0.182,0.256,0.256
0.650,36.426,-17.224,0.169,0.169,0.256,0.256
0.651,36.801,-17.269,0.163,0.163,0.259,0.259
0.658,37.160,-17.540,0.159,0.159,0.262,0.262
0.661,37.617,-17.637,0.150,0.150,0.259,0.259
0.662,38.188,-17.658,0.151,0.151,0.261,0.261
0.664,38.449,-17.760,0.124,0.124,0.269,0.269
0.664,38.156,-17.740,0.137,0.137,0.256,0.256
0.666,37.535,-17.833,0.118,0.118,0.255,0.255
0.668,36.638,-17.900,0.124,0.124,0.256,0.256
0.669,35.626,-17.927,0.122,0.122,0.255,0.255
0.671,34.647,-18.008,0.136,0.136,0.255,0.255
0.673,33.635,-18.066,0.110,0.110,0.258,0.258
0.672,32.672,-18.043,0.128,0.128,0.267,0.267
0.673,31.791,-18.078,0.111,0.111,0.250,0.250
0.674,31.024,-18.088,0.136,0.136,0.249,0.249
0.677,30.404,-18.198,0.118,0.118,0.256,0.256
0.683,30.077,-18.375,0.157,0.157,0.261,0.261
0.685,29.996,-18.428,0.133,0.133,0.276,0.276
0.685,29.702,-18.442,0.151,0.151,0.273,0.273
0.687,29.245,-18.500,0.130,0.130,0.264,0.264
0.687,28.543,-18.505,0.157,0.157,0.273,0.273
0.688,27.548,-18.538,0.142,0.142,0.279,0.279
0.691,26.748,-18.617,0.159,0.159,0.269,0.269
0.693,26.079,-18.654,0.143,0.143,0.272,0.272
0.695,25.393,-18.710,0.151,0.151,0.272,0.272
0.696,24.806,-18.724,0.121,0.121,0.270,0.270
0.696,24.430,-18.743,0.157,0.157,0.252,0.252
0.695,24.512,-18.701,0.142,0.142,0.270,0.270
0.698,24.610,-18.773,0.165,0.165,0.267,0.267
0.705,24.349,-18.947,0.154,0.154,0.261,0.261
0.705,23.859,-18.957,0.172,0.172,0.255,0.255
0.708,23.272,-19.024,0.153,0.153,0.256,0.256
0.708,22.782,-19.037,0.175,0.175,0.255,0.255
0.709,22.227,-19.039,0.168,0.168,0.240,0.240
0.710,21.476,-19.080,0.186,0.186,0.253,0.253
0.713,20.840,-19.124,0.177,0.177,0.266,0.266
0.714,20.301,-19.148,0.197,0.197,0.264,0.264
0.715,19.812,-19.185,0.200,0.200,0.255,0.255
0.717,19.355,-19.223,0.197,0.197,0.253,0.253
0.716,18.882,-19.197,0.220,0.220,0.253,0.253
0.718,18.376,-19.231,0.211,0.211,0.246,0.246
0.720,17.886,-19.269,0.235,0.235,0.253,0.253
0.725,17.592,-19.350,0.217,0.217,0.258,0.258
0.728,17.641,-19.403,0.230,0.230,0.250,0.250
0.730,17.804,-19.443,0.217,0.217,0.246,0.246
0.729,17.886,-19.430,0.224,0.224,0.249,0.249
0.730,17.707,-19.446,0.229,0.229,0.249,0.249
0.733,17.201,-19.493,0.244,0.244,0.243,0.243
0.734,16.760,-19.510,0.237,0.237,0.250,0.250
0.736,16.450,-19.547,0.247,0.247,0.253,0.253
0.738,16.319,-19.580,0.238,0.238,0.250,0.250
0.739,16.450,-19.591,0.252,0.252,0.247,0.247
0.738,16.613,-19.589,0.224,0.224,0.249,0.249
0.739,16.548,-19.590,0.255,0.255,0.249,0.249
0.741,16.401,-19.637,0.233,0.233,0.243,0.243
0.747,16.434,-19.723,0.246,0.246,0.244,0.244
0.750,16.662,-19.781,0.218,0.218,0.246,0.246
0.750,16.744,-19.786,0.237,0.237,0.232,0.232
0.751,16.580,-19.804,0.211,0.211,0.226,0.226
0.752,16.401,-19.807,0.230,0.230,0.209,0.209
0.753,16.270,-19.830,0.218,0.218,0.233,0.233
0.756,15.944,-19.875,0.226,0.226,0.220,0.220
0.758,15.634,-19.907,0.206,0.206,0.233,0.233
0.758,15.699,-19.915,0.214,0.214,0.240,0.240
0.761,15.830,-19.951,0.214,0.214,0.237,0.237
0.762,15.911,-19.979,0.230,0.230,0.230,0.230
0.761,15.911,-19.957,0.217,0.217,0.226,0.226
0.763,15.928,-19.985,0.224,0.224,0.237,0.237
0.765,15.862,-20.012,0.229,0.229,0.229,0.229
0.770,15.879,-20.100,0.221,0.221,0.238,0.238
0.772,15.895,-20.135,0.221,0.221,0.249,0.249
0.773,15.781,-20.150,0.220,0.220,0.246,0.246
0.774,15.438,-20.160,0.235,0.235,0.247,0.247
0.776,14.948,-20.185,0.218,0.218,0.237,0.237
0.778,14.508,-20.215,0.243,0.243,0.244,0.244
0.779,14.230,-20.230,0.218,0.218,0.241,0.241
0.781,13.920,-20.263,0.232,0.232,0.244,0.244
0.783,13.480,-20.291,0.214,0.214,0.255,0.255
0.781,12.974,-20.265,0.238,0.238,0.247,0.247
0.781,12.452,-20.268,0.224,0.224,0.252,0.252
0.789,11.946,-20.357,0.232,0.232,0.244,0.244
0.790,11.456,-20.370,0.215,0.215,0.249,0.249
0.792,10.999,-20.398,0.232,0.232,0.250,0.250
0.793,10.395,-20.410,0.218,0.218,0.250,0.250
0.794,9.661,-20.417,0.241,0.241,0.243,0.243
0.796,9.008,-20.433,0.232,0.232,0.252,0.252
0.797,8.355,-20.447,0.258,0.258,0.249,0.249
0.798,7.768,-20.452,0.240,0.240,0.264,0.264
0.801,7.245,-20.474,0.278,0.278,0.244,0.244
0.803,6.707,-20.488,0.256,0.256,0.237,0.237
0.803,6.103,-20.486,0.270,0.270,0.249,0.249
0.804,5.483,-20.493,0.270,0.270,0.252,0.252
0.805,4.765,-20.498,0.291,0.291,0.250,0.250
0.806,4.112,-20.502,0.284,0.284,0.252,0.252
0.811,3.361,-20.523,0.304,0.304,0.244,0.244
0.814,2.366,-20.532,0.310,0.310,0.255,0.255
0.815,1.321,-20.533,0.336,0.336,0.261,0.261
0.816,0.554,-20.534,0.334,0.334,0.272,0.272
0.817,0.114,-20.534,0.359,0.359,0.264,0.264
0.818,-0.556,-20.534,0.353,0.353,0.296,0.296
0.820,-1.274,-20.532,0.356,0.356,0.279,0.279
0.823,-2.155,-20.528,0.366,0.366,0.275,0.275
0.824,-2.726,-20.526,0.365,0.365,0.272,0.272
0.826,-2.906,-20.520,0.371,0.371,0.270,0.270
0.827,-2.971,-20.516,0.378,0.378,0.261,0.261
0.827,-3.232,-20.518,0.374,0.374,0.264,0.264
0.826,-3.591,-20.520,0.371,0.371,0.250,0.250
0.832,-3.820,-20.499,0.359,0.359,0.267,0.267
0.834,-3.852,-20.488,0.362,0.362,0.272,0.272
0.838,-3.787,-20.476,0.362,0.362,0.264,0.264
0.839,-3.689,-20.470,0.353,0.353,0.255,0.255
0.839,-3.363,-20.471,0.360,0.360,0.269,0.269
0.840,-2.857,-20.466,0.342,0.342,0.256,0.256
0.843,-2.481,-20.460,0.354,0.354,0.255,0.255
0.844,-2.139,-20.458,0.331,0.331,0.253,0.253
0.846,-1.828,-20.453,0.351,0.351,0.258,0.258
0.848,-1.372,-20.450,0.322,0.322,0.259,0.259
0.848,-0.947,-20.450,0.325,0.325,0.253,0.253
0.849,-0.670,-20.449,0.291,0.291,0.275,0.275
0.849,-0.229,-20.449,0.293,0.293,0.250,0.250
0.854,0.097,-20.449,0.253,0.253,0.246,0.246
0.857,0.293,-20.450,0.276,0.276,0.253,0.253
0.859,0.505,-20.451,0.243,0.243,0.253,0.253
0.859,0.685,-20.450,0.252,0.252,0.252,0.252
0.861,0.995,-20.452,0.223,0.223,0.252,0.252
0.863,1.093,-20.454,0.232,0.232,0.267,0.267
0.864,1.240,-20.455,0.203,0.203,0.249,0.249
0.866,1.452,-20.458,0.211,0.211,0.244,0.244
0.868,1.680,-20.462,0.191,0.191,0.255,0.255
0.869,2.072,-20.462,0.194,0.194,0.253,0.253
0.869,2.447,-20.464,0.162,0.162,0.255,0.255
0.869,2.643,-20.463,0.175,0.175,0.255,0.255
0.871,2.643,-20.469,0.150,0.150,0.256,0.256
0.875,2.692,-20.479,0.157,0.157,0.243,0.243
0.880,3.002,-20.494,0.125,0.125,0.244,0.244
0.880,3.394,-20.493,0.148,0.148,0.243,0.243
0.881,3.688,-20.496,0.121,0.121,0.244,0.244
0.882,3.949,-20.502,0.119,0.119,0.227,0.227
0.883,4.079,-20.506,0.110,0.110,0.230,0.230
0.886,4.079,-20.516,0.119,0.119,0.203,0.203
0.888,4.161,-20.524,0.118,0.118,0.226,0.226
0.889,4.406,-20.528,0.116,0.116,0.238,0.238
0.891,4.634,-20.538,0.136,0.136,0.233,0.233
0.892,4.912,-20.543,0.122,0.122,0.227,0.227
0.891,5.173,-20.540,0.137,0.137,0.229,0.229
0.893,5.418,-20.547,0.121,0.121,0.243,0.243
0.894,5.646,-20.554,0.139,0.139,0.212,0.212
0.899,5.891,-20.584,0.133,0.133,0.233,0.233
0.902,6.136,-20.604,0.150,0.150,0.243,0.243
0.904,6.364,-20.614,0.136,0.136,0.237,0.237
0.904,6.527,-20.613,0.151,0.151,0.237,0.237
0.906,6.642,-20.625,0.134,0.134,0.233,0.233
0.908,6.756,-20.638,0.150,0.150,0.244,0.244
0.909,6.658,-20.645,0.139,0.139,0.247,0.247
0.911,6.544,-20.661,0.157,0.157,0.249,0.249
0.914,6.397,-20.678,0.139,0.139,0.253,0.253
0.914,6.168,-20.677,0.169,0.169,0.241,0.241
0.914,5.924,-20.677,0.151,0.151,0.246,0.246
0.914,5.679,-20.679,0.172,0.172,0.261,0.261
0.917,5.499,-20.697,0.162,0.162,0.249,0.249
0.921,5.516,-20.716,0.189,0.189,0.247,0.247
0.923,5.516,-20.731,0.174,0.174,0.250,0.250
0.925,5.450,-20.738,0.194,0.194,0.244,0.244
0.926,5.287,-20.743,0.185,0.185,0.243,0.243
0.928,5.156,-20.754,0.194,0.194,0.240,0.240
0.929,4.944,-20.760,0.183,0.183,0.267,0.267
0.931,4.895,-20.769,0.198,0.198,0.243,0.243
0.933,5.091,-20.782,0.194,0.194,0.241,0.241
0.934,5.189,-20.784,0.195,0.195,0.238,0.238
0.936,4.977,-20.794,0.188,0.188,0.246,0.246
0.935,4.944,-20.793,0.198,0.198,0.243,0.243
0.936,4.977,-20.796,0.204,0.204,0.250,0.250
0.939,5.059,-20.812,0.195,0.195,0.240,0.240
0.942,5.156,-20.829,0.214,0.214,0.249,0.249
0.946,5.352,-20.845,0.204,0.204,0.249,0.249
0.947,5.548,-20.856,0.208,0.208,0.255,0.255
0.948,5.679,-20.861,0.212,0.212,0.255,0.255
0.948,5.793,-20.861,0.227,0.227,0.264,0.264
0.950,5.695,-20.873,0.218,0.218,0.267,0.267
0.953,5.516,-20.886,0.230,0.230,0.247,0.247
0.953,5.091,-20.888,0.224,0.224,0.266,0.266
0.956,4.732,-20.900,0.241,0.241,0.278,0.278
0.958,4.438,-20.910,0.221,0.221,0.261,0.261
0.958,4.177,-20.910,0.237,0.237,0.261,0.261
0.957,4.014,-20.908,0.221,0.221,0.255,0.255
0.959,3.688,-20.913,0.233,0.233,0.264,0.264
0.963,3.492,-20.930,0.229,0.229,0.255,0.255
0.967,3.198,-20.940,0.237,0.237,0.258,0.258
0.970,3.002,-20.951,0.238,0.238,0.259,0.259
0.969,2.643,-20.947,0.273,0.273,0.255,0.255
0.970,2.268,-20.951,0.269,0.269,0.253,0.253
0.972,2.023,-20.955,0.298,0.298,0.253,0.253
0.974,1.729,-20.959,0.284,0.284,0.249,0.249
0.976,1.599,-20.962,0.314,0.314,0.252,0.252
0.978,1.582,-20.965,0.299,0.299,0.252,0.252
0.979,1.795,-20.967,0.327,0.327,0.255,0.255
0.980,2.366,-20.969,0.331,0.331,0.258,0.258
0.980,2.904,-20.969,0.395,0.395,0.247,0.247
0.980,3.247,-20.969,0.414,0.414,0.262,0.262
0.986,3.557,-20.989,0.464,0.464,0.249,0.249
0.988,3.900,-20.998,0.475,0.475,0.262,0.262
0.991,3.981,-21.007,0.504,0.504,0.252,0.252
0.992,3.720,-21.013,0.484,0.484,0.253,0.253
0.993,3.263,-21.014,0.519,0.519,0.253,0.253
0.994,3.051,-21.018,0.516,0.516,0.258,0.258
0.996,2.937,-21.024,0.525,0.525,0.256,0.256
0.998,2.660,-21.030,0.525,0.525,0.259,0.259
0.999,2.284,-21.032,0.542,0.542,0.252,0.252
1.000,1.974,-21.035,0.534,0.534,0.259,0.259
1.002,1.729,-21.038,0.543,0.543,0.255,0.255
1.001,1.501,-21.036,0.545,0.545,0.258,0.258
1.002,1.256,-21.039,0.542,0.542,0.258,0.258
1.008,1.011,-21.045,0.530,0.530,0.273,0.273
1.009,0.652,-21.046,0.534,0.534,0.255,0.255
1.012,0.309,-21.047,0.516,0.516,0.249,0.249
1.014,0.097,-21.048,0.496,0.496,0.249,0.249
1.014,-0.082,-21.048,0.470,0.470,0.249,0.249
1.016,-0.278,-21.047,0.449,0.449,0.233,0.233
1.018,-0.409,-21.047,0.424,0.424,0.227,0.227
1.019,-0.539,-21.046,0.386,0.386,0.241,0.241
1.021,-0.278,-21.045,0.382,0.382,0.238,0.238
1.023,0.048,-21.045,0.336,0.336,0.235,0.235
1.024,0.179,-21.045,0.325,0.325,0.232,0.232
1.025,0.195,-21.046,0.270,0.270,0.230,0.230
1.025,0.130,-21.046,0.266,0.266,0.237,0.237
1.025,-0.050,-21.046,0.206,0.206,0.244,0.244
1.030,-0.262,-21.045,0.203,0.203,0.215,0.215
1.034,-0.343,-21.044,0.159,0.159,0.238,0.238
1.035,-0.327,-21.043,0.153,0.153,0.250,0.250
1.036,-0.392,-21.043,0.107,0.107,0.244,0.244
1.038,-0.621,-21.042,0.098,0.098,0.233,0.233
1.039,-0.898,-21.041,0.063,0.063,0.243,0.243
1.041,-1.208,-21.039,0.056,0.056,0.244,0.244
1.042,-1.306,-21.037,0.012,0.012,0.238,0.238
1.044,-1.257,-21.035,0.012,0.012,0.247,0.247
1.046,-0.931,-21.033,-0.014,0.014,0.255,0.255
1.046,-0.474,-21.033,-0.020,0.020,0.241,0.241
1.047,-0.099,-21.033,-0.044,0.044,0.240,0.240
1.049,0.146,-21.033,-0.035,0.035,0.249,0.249
1.053,0.293,-21.034,-0.052,0.052,0.247,0.247
1.055,0.473,-21.034,-0.061,0.061,0.249,0.249
1.057,0.636,-21.035,-0.058,0.058,0.246,0.246
1.058,0.734,-21.036,-0.060,0.060,0.243,0.243
1.058,0.979,-21.037,-0.053,0.053,0.243,0.243
1.060,1.223,-21.038,-0.069,0.069,0.240,0.240
1.062,1.501,-21.042,-0.047,0.047,0.259,0.259
1.063,1.615,-21.043,-0.050,0.050,0.240,0.240
1.066,1.615,-21.047,-0.035,0.035,0.233,0.233
1.068,1.599,-21.051,-0.029,0.029,0.241,0.241
1.067,1.582,-21.050,-0.002,0.002,0.243,0.243
1.068,1.501,-21.051,-0.017,0.017,0.235,0.235
1.068,1.174,-21.051,0.008,0.008,0.229,0.229
1.075,0.799,-21.057,0.000,0.000,0.229,0.229
1.076,0.489,-21.059,0.037,0.037,0.238,0.238
1.078,0.260,-21.059,0.027,0.027,0.240,0.240
1.079,-0.196,-21.059,0.079,0.079,0.241,0.241
1.081,-0.702,-21.059,0.067,0.067,0.244,0.244
1.081,-1.208,-21.058,0.101,0.101,0.247,0.247
1.083,-1.388,-21.055,0.098,0.098,0.258,0.258
1.086,-1.339,-21.052,0.130,0.130,0.249,0.249
1.087,-1.323,-21.051,0.118,0.118,0.259,0.259
1.088,-1.274,-21.048,0.140,0.140,0.264,0.264
1.091,-1.388,-21.046,0.140,0.140,0.258,0.258
1.090,-1.616,-21.047,0.148,0.148,0.258,0.258
1.090,-1.731,-21.047,0.136,0.136,0.264,0.264
1.093,-1.633,-21.041,0.163,0.163,0.256,0.256
1.095,-1.665,-21.037,0.154,0.154,0.255,0.255
1.101,-1.763,-21.028,0.169,0.169,0.250,0.250
1.102,-1.828,-21.027,0.166,0.166,0.249,0.249
1.102,-1.926,-21.026,0.175,0.175,0.255,0.255
1.104,-2.155,-21.022,0.188,0.188,0.255,0.255
1.105,-2.383,-21.019,0.186,0.186,0.276,0.276
1.106,-2.742,-21.016,0.203,0.203,0.253,0.253
1.109,-3.150,-21.009,0.201,0.201,0.246,0.246
1.111,-3.363,-21.002,0.208,0.208,0.247,0.247
1.111,-3.314,-21.002,0.211,0.211,0.250,0.250
1.112,-3.330,-20.997,0.215,0.215,0.249,0.249
1.113,-3.346,-20.995,0.209,0.209,0.246,0.246
1.114,-3.607,-20.993,0.230,0.230,0.244,0.244
1.117,-3.868,-20.979,0.215,0.215,0.253,0.253
1.122,-4.146,-20.960,0.246,0.246,0.250,0.250
1.124,-4.293,-20.953,0.221,0.221,0.246,0.246
1.125,-4.195,-20.949,0.252,0.252,0.243,0.243
1.126,-3.934,-20.945,0.233,0.233,0.247,0.247
1.127,-3.656,-20.941,0.256,0.256,0.249,0.249
1.128,-3.314,-20.936,0.233,0.233,0.240,0.240
1.130,-2.922,-20.929,0.267,0.267,0.252,0.252
1.132,-2.775,-20.925,0.244,0.244,0.253,0.253
1.133,-2.759,-20.921,0.259,0.259,0.249,0.249
1.134,-2.677,-20.920,0.266,0.266,0.253,0.253
1.133,-2.367,-20.921,0.279,0.279,0.237,0.237
1.134,-2.057,-20.919,0.279,0.279,0.255,0.255
1.140,-2.090,-20.907,0.276,0.276,0.255,0.255
1.143,-2.236,-20.899,0.276,0.276,0.256,0.256
1.145,-2.318,-20.895,0.273,0.273,0.250,0.250
1.147,-2.334,-20.892,0.264,0.264,0.250,0.250
1.147,-2.400,-20.891,0.262,0.262,0.241,0.241
1.148,-2.612,-20.888,0.258,0.258,0.229,0.229
1.150,-2.808,-20.882,0.252,0.252,0.226,0.226
1.151,-2.840,-20.880,0.258,0.258,0.223,0.223
1.154,-2.906,-20.871,0.258,0.258,0.221,0.221
1.156,-3.101,-20.866,0.249,0.249,0.233,0.233
1.157,-3.183,-20.862,0.246,0.246,0.233,0.233
1.157,-3.004,-20.863,0.261,0.261,0.232,0.232
1.157,-2.824,-20.862,0.240,0.240,0.246,0.246
1.159,-2.857,-20.858,0.259,0.259,0.240,0.240
1.162,-3.101,-20.847,0.230,0.230,0.229,0.229
1.168,-3.346,-20.828,0.258,0.258,0.238,0.238
1.169,-3.754,-20.826,0.238,0.238,0.243,0.243
1.170,-4.211,-20.821,0.255,0.255,0.244,0.244
1.171,-4.440,-20.816,0.227,0.227,0.244,0.244
1.172,-4.146,-20.814,0.247,0.247,0.258,0.258
1.174,-3.754,-20.804,0.223,0.223,0.249,0.249
1.176,-3.379,-20.798,0.232,0.232,0.246,0.246
1.177,-3.167,-20.795,0.227,0.227,0.253,0.253
1.179,-2.955,-20.789,0.218,0.218,0.255,0.255
1.180,-2.808,-20.787,0.208,0.208,0.255,0.255
1.178,-2.824,-20.791,0.203,0.203,0.250,0.250
1.180,-3.199,-20.785,0.203,0.203,0.273,0.273
1.185,-3.689,-20.767,0.197,0.197,0.255,0.255
1.188,-4.276,-20.756,0.191,0.191,0.252,0.252
1.191,-4.554,-20.743,0.195,0.195,0.255,0.255
1.191,-4.472,-20.744,0.197,0.197,0.255,0.255
1.192,-4.130,-20.740,0.177,0.177,0.252,0.252
1.194,-3.395,-20.733,0.185,0.185,0.256,0.256
1.195,-2.416,-20.728,0.168,0.168,0.249,0.249
1.197,-1.453,-20.725,0.186,0.186,0.246,0.246
1.199,-0.866,-20.723,0.166,0.166,0.249,0.249
1.201,-0.784,-20.721,0.194,0.194,0.246,0.246
1.200,-1.192,-20.722,0.169,0.169,0.247,0.247
1.200,-1.682,-20.722,0.191,0.191,0.249,0.249
1.202,-1.763,-20.719,0.177,0.177,0.247,0.247
1.203,-1.469,-20.716,0.204,0.204,0.246,0.246
1.210,-0.882,-20.708,0.194,0.194,0.252,0.252
1.213,-0.425,-20.707,0.209,0.209,0.255,0.255
1.212,-0.082,-20.707,0.203,0.203,0.255,0.255
1.214,0.179,-20.707,0.221,0.221,0.256,0.256
1.215,0.179,-20.707,0.215,0.215,0.261,0.261
1.216,0.179,-20.707,0.233,0.233,0.273,0.273
1.218,0.130,-20.707,0.224,0.224,0.270,0.270
1.221,0.130,-20.708,0.238,0.238,0.267,0.267
1.222,0.130,-20.708,0.218,0.218,0.270,0.270
1.224,0.130,-20.708,0.237,0.237,0.261,0.261
1.223,0.163,-20.708,0.230,0.230,0.269,0.269
1.223,0.163,-20.708,0.230,0.230,0.284,0.284
1.225,0.146,-20.708,0.232,0.232,0.264,0.264
1.229,0.130,-20.709,0.220,0.220,0.258,0.258
1.233,0.244,-20.710,0.223,0.223,0.262,0.262
1.236,0.456,-20.711,0.221,0.221,0.259,0.259
1.236,0.750,-20.711,0.221,0.221,0.258,0.258
1.237,1.093,-20.711,0.209,0.209,0.253,0.253
1.239,1.550,-20.714,0.224,0.224,0.264,0.264
1.240,1.876,-20.717,0.211,0.211,0.252,0.252
1.242,1.827,-20.719,0.233,0.233,0.252,0.252
1.244,1.550,-20.723,0.211,0.211,0.253,0.253
1.245,1.174,-20.725,0.237,0.237,0.244,0.244
1.245,0.701,-20.725,0.215,0.215,0.252,0.252
1.245,0.260,-20.725,0.235,0.235,0.249,0.249
1.246,0.114,-20.725,0.215,0.215,0.227,0.227
1.252,0.065,-20.726,0.244,0.244,0.252,0.252
1.255,0.130,-20.726,0.220,0.220,0.253,0.253
1.258,0.179,-20.726,0.238,0.238,0.249,0.249
1.257,0.244,-20.726,0.227,0.227,0.253,0.253
1.260,0.571,-20.727,0.244,0.244,0.237,0.237
1.261,0.962,-20.728,0.232,0.232,0.255,0.255
1.262,1.256,-20.729,0.246,0.246,0.258,0.258
1.265,1.484,-20.733,0.238,0.238,0.249,0.249
1.266,1.631,-20.735,0.238,0.238,0.252,0.252
1.267,1.631,-20.738,0.230,0.230,0.259,0.259
1.268,1.631,-20.738,0.249,0.249,0.261,0.261
1.267,1.713,-20.737,0.246,0.246,0.267,0.267
1.267,2.039,-20.737,0.241,0.241,0.250,0.250
1.271,2.513,-20.747,0.240,0.240,0.247,0.247
1.277,2.970,-20.762,0.230,0.230,0.253,0.253
1.278,3.165,-20.766,0.233,0.233,0.252,0.252
1.280,3.165,-20.773,0.226,0.226,0.249,0.249
1.281,3.165,-20.774,0.226,0.226,0.247,0.247
1.282,3.492,-20.777,0.211,0.211,0.229,0.229
1.284,3.900,-20.784,0.214,0.214,0.229,0.229
1.286,4.112,-20.793,0.201,0.201,0.230,0.230
1.287,4.128,-20.798,0.220,0.220,0.235,0.235
1.289,4.096,-20.805,0.208,0.208,0.227,0.227
1.291,4.161,-20.814,0.227,0.227,0.230,0.230
1.290,4.292,-20.812,0.212,0.212,0.237,0.237
1.290,4.243,-20.810,0.246,0.246,0.212,0.212
1.291,4.014,-20.815,0.227,0.227,0.233,0.233
1.296,3.753,-20.832,0.247,0.247,0.241,0.241
1.300,3.655,-20.850,0.240,0.240,0.241,0.241
1.302,3.981,-20.855,0.253,0.253,0.238,0.238
1.302,4.471,-20.858,0.247,0.247,0.241,0.241
1.304,5.026,-20.864,0.250,0.250,0.243,0.243
1.305,5.532,-20.870,0.249,0.249,0.240,0.240
1.306,6.054,-20.878,0.249,0.249,0.246,0.246
1.308,6.429,-20.888,0.246,0.246,0.253,0.253
1.311,6.593,-20.906,0.259,0.259,0.253,0.253
1.312,6.495,-20.914,0.261,0.261,0.246,0.246
1.311,6.185,-20.909,0.246,0.246,0.240,0.240
1.312,6.136,-20.916,0.266,0.266,0.258,0.258
1.314,6.266,-20.928,0.246,0.246,0.250,0.250
1.320,6.609,-20.967,0.261,0.261,0.249,0.249
1.323,6.788,-20.984,0.243,0.243,0.250,0.250
1.323,6.707,-20.984,0.269,0.269,0.249,0.249
1.323,6.560,-20.988,0.241,0.241,0.253,0.253
1.326,6.478,-21.003,0.264,0.264,0.233,0.233
1.327,6.462,-21.012,0.247,0.247,0.250,0.250
1.329,6.625,-21.023,0.259,0.259,0.256,0.256
1.331,6.723,-21.038,0.233,0.233,0.252,0.252
1.333,6.609,-21.049,0.243,0.243,0.247,0.247
1.333,6.217,-21.051,0.230,0.230,0.255,0.255
1.334,6.005,-21.056,0.243,0.243,0.250,0.250
1.334,6.087,-21.056,0.221,0.221,0.247,0.247
1.335,6.315,-21.066,0.238,0.238,0.252,0.252
1.341,6.446,-21.101,0.224,0.224,0.264,0.264
1.343,6.168,-21.117,0.235,0.235,0.256,0.256
1.345,5.728,-21.129,0.224,0.224,0.250,0.250
1.347,5.499,-21.138,0.252,0.252,0.255,0.255
1.347,5.385,-21.137,0.250,0.250,0.269,0.269
1.349,5.222,-21.147,0.258,0.258,0.301,0.301
1.350,4.961,-21.154,0.261,0.261,0.282,0.282
1.352,4.634,-21.163,0.270,0.270,0.276,0.276
1.354,4.128,-21.172,0.259,0.259,0.276,0.276
1.356,3.622,-21.179,0.273,0.273,0.276,0.276
1.356,3.182,-21.179,0.270,0.270,0.276,0.276
1.355,3.035,-21.176,0.270,0.270,0.276,0.276
1.357,3.035,-21.183,0.266,0.266,0.302,0.302
1.359,3.084,-21.188,0.259,0.259,0.272,0.272
1.364,3.100,-21.204,0.262,0.262,0.272,0.272
1.368,3.100,-21.217,0.250,0.250,0.276,0.276
1.368,3.116,-21.216,0.258,0.258,0.272,0.272
1.369,3.165,-21.220,0.246,0.246,0.264,0.264
1.371,3.508,-21.225,0.247,0.247,0.264,0.264
1.371,3.981,-21.228,0.249,0.249,0.258,0.258
1.373,4.438,-21.236,0.250,0.250,0.264,0.264
1.376,4.602,-21.249,0.240,0.240,0.264,0.264
1.377,4.602,-21.253,0.252,0.252,0.256,0.256
1.379,4.667,-21.260,0.243,0.243,0.258,0.258
1.378,4.961,-21.257,0.243,0.243,0.255,0.255
1.377,5.369,-21.254,0.230,0.230,0.258,0.258
1.380,5.662,-21.270,0.243,0.243,0.229,0.229
1.387,5.842,-21.310,0.230,0.230,0.255,0.255
1.388,5.744,-21.316,0.233,0.233,0.253,0.253
1.390,5.564,-21.323,0.223,0.223,0.258,0.258
1.390,5.434,-21.327,0.235,0.235,0.258,0.258
1.391,5.124,-21.329,0.206,0.206,0.258,0.258
1.394,4.634,-21.343,0.229,0.229,0.253,0.253
1.395,4.177,-21.349,0.201,0.201,0.246,0.246
1.396,4.014,-21.355,0.218,0.218,0.256,0.256
1.399,3.998,-21.368,0.191,0.191,0.262,0.262
1.400,4.047,-21.368,0.227,0.227,0.255,0.255
1.399,4.177,-21.366,0.195,0.195,0.261,0.261
1.400,4.389,-21.368,0.211,0.211,0.256,0.256
1.402,4.585,-21.380,0.195,0.195,0.261,0.261
1.406,4.683,-21.397,0.211,0.211,0.253,0.253
1.410,4.895,-21.418,0.197,0.197,0.258,0.258
1.412,5.238,-21.427,0.197,0.197,0.253,0.253
1.412,5.826,-21.427,0.182,0.182,0.255,0.255
1.413,6.446,-21.433,0.185,0.185,0.250,0.250
1.415,7.017,-21.446,0.166,0.166,0.241,0.241
1.416,7.490,-21.454,0.179,0.179,0.240,0.240
1.419,7.751,-21.475,0.174,0.174,0.206,0.206
1.419,7.702,-21.479,0.175,0.175,0.232,0.232
1.421,7.637,-21.495,0.169,0.169,0.247,0.247
1.423,7.800,-21.505,0.183,0.183,0.240,0.240
1.422,7.866,-21.497,0.177,0.177,0.238,0.238
1.423,7.588,-21.507,0.169,0.169,0.238,0.238
1.424,7.099,-21.517,0.180,0.180,0.246,0.246
1.430,6.740,-21.558,0.174,0.174,0.220,0.220
1.434,6.674,-21.582,0.182,0.182,0.243,0.243
1.434,6.625,-21.585,0.169,0.169,0.258,0.258
1.435,6.462,-21.590,0.191,0.191,0.249,0.249
1.436,6.119,-21.594,0.175,0.175,0.249,0.249
1.438,5.597,-21.607,0.197,0.197,0.252,0.252
1.440,5.108,-21.616,0.182,0.182,0.255,0.255
1.442,4.634,-21.626,0.208,0.208,0.233,0.233
1.443,4.324,-21.632,0.186,0.186,0.252,0.252
1.443,3.851,-21.633,0.197,0.197,0.261,0.261
1.442,3.492,-21.629,0.194,0.194,0.255,0.255
1.444,3.084,-21.634,0.215,0.215,0.252,0.252
1.449,2.562,-21.649,0.191,0.191,0.246,0.246
1.451,1.713,-21.654,0.218,0.218,0.256,0.256
1.455,0.864,-21.658,0.206,0.206,0.249,0.249
1.455,0.130,-21.659,0.221,0.221,0.255,0.255
1.456,-0.474,-21.658,0.203,0.203,0.258,0.258
1.458,-1.045,-21.657,0.223,0.223,0.255,0.255
1.458,-1.714,-21.656,0.201,0.201,0.255,0.255
1.461,-2.759,-21.650,0.214,0.214,0.250,0.250
1.462,-4.113,-21.646,0.204,0.204,0.259,0.259
1.465,-5.631,-21.634,0.218,0.218,0.249,0.249
1.464,-7.149,-21.637,0.209,0.209,0.252,0.252
1.464,-8.634,-21.639,0.220,0.220,0.249,0.249
1.466,-10.103,-21.622,0.212,0.212,0.252,0.252
1.466,-11.653,-21.621,0.217,0.217,0.252,0.252
1.474,-13.252,-21.520,0.203,0.203,0.261,0.261
1.474,-14.705,-21.518,0.220,0.220,0.258,0.258
1.476,-15.864,-21.490,0.223,0.223,0.258,0.258
1.476,-16.729,-21.482,0.220,0.220,0.262,0.262
1.478,-17.626,-21.453,0.223,0.223,0.269,0.269
1.478,-18.818,-21.455,0.221,0.221,0.281,0.281
1.481,-20.058,-21.397,0.232,0.232,0.281,0.281
1.482,-21.249,-21.372,0.224,0.224,0.282,0.282
1.484,-22.016,-21.330,0.246,0.246,0.279,0.279
1.484,-22.555,-21.322,0.221,0.221,0.266,0.266
1.485,-23.044,-21.304,0.230,0.230,0.282,0.282
1.484,-23.991,-21.332,0.221,0.221,0.288,0.288
1.486,-25.248,-21.295,0.226,0.226,0.272,0.272
1.491,-26.635,-21.145,0.209,0.209,0.270,0.270
1.495,-27.304,-21.054,0.237,0.237,0.282,0.282
1.496,-27.255,-21.017,0.221,0.221,0.273,0.273
1.497,-27.124,-21.001,0.226,0.226,0.252,0.252
1.497,-27.386,-20.994,0.215,0.215,0.272,0.272
1.499,-28.397,-20.948,0.221,0.221,0.275,0.275
1.499,-29.899,-20.933,0.206,0.206,0.267,0.267
1.501,-31.009,-20.870,0.229,0.229,0.264,0.264
1.502,-31.221,-20.829,0.218,0.218,0.266,0.266
1.505,-30.878,-20.762,0.230,0.230,0.261,0.261
1.503,-30.519,-20.809,0.206,0.206,0.246,0.246
1.504,-30.405,-20.777,0.232,0.232,0.266,0.266
1.506,-30.617,-20.735,0.204,0.204,0.275,0.275
1.510,-30.731,-20.595,0.233,0.233,0.259,0.259
1.514,-30.486,-20.479,0.218,0.218,0.256,0.256
1.515,-29.948,-20.442,0.240,0.240,0.258,0.258
1.516,-29.475,-20.420,0.215,0.215,0.264,0.264
1.516,-29.328,-20.402,0.224,0.224,0.256,0.256
1.518,-29.311,-20.370,0.212,0.212,0.259,0.259
1.518,-29.377,-20.351,0.238,0.238,0.262,0.262
1.521,-29.409,-20.273,0.227,0.227,0.261,0.261
1.522,-29.507,-20.243,0.250,0.250,0.259,0.259
1.523,-29.817,-20.196,0.233,0.233,0.267,0.267
1.523,-30.209,-20.202,0.237,0.237,0.261,0.261
1.523,-30.421,-20.203,0.218,0.218,0.261,0.261
1.525,-30.323,-20.159,0.243,0.243,0.261,0.261
1.526,-30.078,-20.114,0.238,0.238,0.267,0.267
1.533,-29.834,-19.922,0.237,0.237,0.264,0.264
1.533,-29.719,-19.908,0.233,0.233,0.262,0.262
1.536,-29.360,-19.833,0.218,0.218,0.252,0.252
1.534,-28.626,-19.867,0.220,0.220,0.256,0.256
1.535,-28.022,-19.838,0.218,0.218,0.250,0.250
1.538,-27.810,-19.776,0.221,0.221,0.241,0.241
1.538,-27.826,-19.760,0.214,0.214,0.252,0.252
1.541,-27.794,-19.684,0.204,0.204,0.238,0.238
1.542,-27.500,-19.656,0.197,0.197,0.238,0.238
1.543,-27.043,-19.637,0.200,0.200,0.230,0.230
1.543,-26.504,-19.623,0.200,0.200,0.240,0.240
1.543,-26.080,-19.629,0.212,0.212,0.233,0.233
1.544,-26.015,-19.590,0.218,0.218,0.240,0.240
1.549,-26.243,-19.462,0.230,0.230,0.253,0.253
1.551,-26.357,-19.414,0.201,0.201,0.244,0.244
1.553,-26.064,-19.372,0.224,0.224,0.246,0.246
1.553,-25.378,-19.368,0.206,0.206,0.255,0.255
1.554,-24.350,-19.349,0.227,0.227,0.249,0.249
1.555,-23.665,-19.318,0.212,0.212,0.247,0.247
1.556,-23.893,-19.291,0.237,0.237,0.253,0.253
1.557,-24.611,-19.271,0.211,0.211,0.264,0.264
1.559,-25.362,-19.211,0.226,0.226,0.258,0.258
1.559,-25.476,-19.208,0.215,0.215,0.259,0.259
1.559,-25.150,-19.224,0.235,0.235,0.285,0.285
1.562,-24.546,-19.155,0.226,0.226,0.259,0.259
1.563,-24.089,-19.114,0.230,0.230,0.249,0.249
1.567,-24.105,-19.029,0.220,0.220,0.262,0.262
1.570,-24.709,-18.961,0.224,0.224,0.264,0.264
1.569,-25.476,-18.965,0.212,0.212,0.266,0.266
1.570,-26.243,-18.963,0.232,0.232,0.266,0.266
1.572,-26.439,-18.904,0.226,0.226,0.281,0.281
1.572,-26.031,-18.893,0.226,0.226,0.252,0.252
1.574,-25.395,-18.851,0.215,0.215,0.253,0.253
1.575,-25.444,-18.811,0.224,0.224,0.259,0.259
1.577,-26.227,-18.774,0.215,0.215,0.259,0.259
1.577,-27.190,-18.782,0.211,0.211,0.267,0.267
1.577,-27.875,-18.774,0.224,0.224,0.258,0.258
1.577,-27.843,-18.772,0.209,0.209,0.273,0.273
1.581,-27.304,-18.670,0.212,0.212,0.258,0.258
1.584,-26.945,-18.581,0.209,0.209,0.252,0.252
1.586,-26.929,-18.518,0.209,0.209,0.261,0.261
1.587,-27.320,-18.486,0.206,0.206,0.261,0.261
1.587,-27.843,-18.507,0.230,0.230,0.261,0.261
1.589,-28.283,-18.447,0.218,0.218,0.267,0.267
1.589,-28.544,-18.429,0.243,0.243,0.287,0.287
1.590,-28.659,-18.405,0.215,0.215,0.282,0.282
1.592,-28.561,-18.356,0.240,0.240,0.269,0.269
1.594,-28.528,-18.305,0.224,0.224,0.278,0.278
1.595,-28.789,-18.262,0.241,0.241,0.276,0.276
1.594,-29.377,-18.284,0.230,0.230,0.284,0.284
1.594,-30.160,-18.286,0.244,0.244,0.282,0.282
1.595,-30.731,-18.274,0.220,0.220,0.285,0.285
1.598,-30.878,-18.184,0.238,0.238,0.276,0.276
1.601,-30.568,-18.078,0.221,0.221,0.281,0.281
1.604,-30.454,-18.000,0.237,0.237,0.278,0.278
1.606,-30.715,-17.944,0.221,0.221,0.275,0.275
1.604,-31.139,-17.987,0.243,0.243,0.269,0.269
1.606,-31.449,-17.941,0.221,0.221,0.269,0.269
1.607,-31.629,-17.913,0.233,0.233,0.249,0.249
1.609,-31.498,-17.841,0.217,0.217,0.270,0.270
1.609,-31.335,-17.834,0.243,0.243,0.273,0.273
1.611,-31.188,-17.763,0.224,0.224,0.262,0.262
1.610,-30.976,-17.789,0.252,0.252,0.258,0.258
1.610,-30.748,-17.817,0.229,0.229,0.258,0.258
1.611,-30.503,-17.768,0.237,0.237,0.258,0.258
1.616,-30.258,-17.635,0.217,0.217,0.244,0.244
1.618,-29.932,-17.553,0.238,0.238,0.258,0.258
1.620,-29.426,-17.498,0.229,0.229,0.278,0.278
1.620,-29.018,-17.499,0.240,0.240,0.258,0.258
1.621,-28.920,-17.477,0.238,0.238,0.262,0.262
1.622,-29.164,-17.452,0.235,0.235,0.255,0.255
1.622,-29.475,-17.430,0.235,0.235,0.264,0.264
1.624,-29.736,-17.387,0.227,0.227,0.259,0.259
1.625,-29.997,-17.364,0.241,0.241,0.262,0.262
1.626,-30.405,-17.325,0.241,0.241,0.267,0.267
1.626,-31.139,-17.311,0.235,0.235,0.264,0.264
1.626,-31.710,-17.325,0.238,0.238,0.256,0.256
1.626,-31.939,-17.331,0.240,0.240,0.252,0.252
1.632,-31.727,-17.134,0.232,0.232,0.262,0.262
1.633,-31.139,-17.094,0.247,0.247,0.267,0.267
1.635,-30.748,-17.051,0.235,0.235,0.262,0.262
1.635,-30.421,-17.045,0.241,0.241,0.262,0.262
1.636,-30.225,-17.020,0.215,0.215,0.258,0.258
1.636,-29.899,-17.003,0.230,0.230,0.252,0.252
1.638,-29.360,-16.960,0.209,0.209,0.240,0.240
1.639,-28.626,-16.928,0.211,0.211,0.238,0.238
1.640,-27.908,-16.906,0.195,0.195,0.235,0.235
1.642,-27.484,-16.834,0.221,0.221,0.235,0.235
1.643,-27.288,-16.817,0.197,0.197,0.249,0.249
1.642,-27.076,-16.850,0.226,0.226,0.240,0.240
1.642,-26.929,-16.848,0.201,0.201,0.240,0.240
1.642,-26.929,-16.837,0.229,0.229,0.235,0.235
1.646,-27.108,-16.732,0.204,0.204,0.249,0.249
1.650,-27.647,-16.629,0.220,0.220,0.246,0.246
1.650,-28.251,-16.618,0.215,0.215,0.240,0.240
1.651,-28.463,-16.598,0.224,0.224,0.244,0.244
1.652,-28.397,-16.572,0.214,0.214,0.250,0.250
1.653,-28.169,-16.543,0.230,0.230,0.253,0.253
1.653,-28.234,-16.539,0.221,0.221,0.276,0.276
1.654,-28.430,-16.495,0.221,0.221,0.252,0.252
1.655,-28.740,-16.470,0.212,0.212,0.256,0.256
1.657,-28.887,-16.422,0.224,0.224,0.252,0.252
1.656,-28.920,-16.447,0.227,0.227,0.261,0.261
1.655,-28.887,-16.470,0.214,0.214,0.258,0.258
1.657,-28.985,-16.432,0.215,0.215,0.264,0.264
1.660,-29.230,-16.336,0.201,0.201,0.246,0.246
1.664,-29.360,-16.229,0.214,0.214,0.258,0.258
1.665,-29.507,-16.175,0.204,0.204,0.261,0.261
1.666,-29.817,-16.169,0.226,0.226,0.258,0.258
1.666,-30.291,-16.166,0.214,0.214,0.261,0.261
1.666,-30.796,-16.149,0.221,0.221,0.258,0.258
1.667,-31.302,-16.130,0.218,0.218,0.253,0.253
1.669,-31.629,-16.078,0.230,0.230,0.252,0.252
1.669,-31.645,-16.064,0.233,0.233,0.256,0.256
1.671,-31.890,-16.013,0.246,0.246,0.255,0.255
1.670,-32.641,-16.017,0.233,0.233,0.253,0.253
1.669,-33.604,-16.055,0.240,0.240,0.250,0.250
1.670,-34.354,-16.029,0.218,0.218,0.255,0.255
1.675,-34.730,-15.855,0.249,0.249,0.253,0.253
1.676,-34.876,-15.812,0.229,0.229,0.255,0.255
1.679,-34.860,-15.726,0.246,0.246,0.252,0.252
1.678,-34.893,-15.765,0.243,0.243,0.250,0.250
1.679,-35.219,-15.728,0.253,0.253,0.256,0.256
1.679,-35.611,-15.716,0.238,0.238,0.261,0.261
1.681,-35.823,-15.664,0.261,0.261,0.249,0.249
1.681,-35.741,-15.631,0.252,0.252,0.282,0.282
1.683,-35.480,-15.568,0.273,0.273,0.275,0.275
1.684,-35.301,-15.543,0.252,0.252,0.288,0.288
1.684,-35.448,-15.550,0.267,0.267,0.279,0.279
1.684,-36.035,-15.540,0.247,0.247,0.276,0.276
1.683,-36.623,-15.578,0.250,0.250,0.269,0.269
1.684,-36.737,-15.531,0.240,0.240,0.295,0.295
1.689,-36.443,-15.349,0.240,0.240,0.273,0.273
1.692,-35.970,-15.246,0.218,0.218,0.270,0.270
1.692,-35.807,-15.240,0.230,0.230,0.279,0.279
1.692,-36.149,-15.231,0.209,0.209,0.275,0.275
1.692,-36.688,-15.245,0.221,0.221,0.266,0.266
1.693,-37.047,-15.208,0.201,0.201,0.261,0.261
1.694,-36.998,-15.159,0.226,0.226,0.279,0.279
1.695,-36.819,-15.122,0.212,0.212,0.267,0.267
1.696,-36.721,-15.087,0.194,0.194,0.262,0.262
1.698,-36.851,-15.028,0.204,0.204,0.269,0.269
1.697,-37.308,-15.049,0.194,0.194,0.264,0.264
1.697,-38.059,-15.083,0.192,0.192,0.261,0.261
1.697,-38.597,-15.054,0.203,0.203,0.261,0.261
1.703,-38.728,-14.845,0.197,0.197,0.249,0.249
1.704,-38.483,-14.779,0.188,0.188,0.264,0.264
1.705,-38.320,-14.773,0.191,0.191,0.270,0.270
1.705,-38.614,-14.751,0.185,0.185,0.259,0.259
1.705,-39.120,-14.740,0.203,0.203,0.262,0.262
1.706,-39.691,-14.699,0.189,0.189,0.262,0.262
1.707,-40.132,-14.691,0.209,0.209,0.255,0.255
1.708,-40.180,-14.639,0.191,0.191,0.255,0.255
1.708,-39.968,-14.626,0.197,0.197,0.258,0.258
1.710,-39.707,-14.560,0.189,0.189,0.269,0.269
1.709,-39.658,-14.598,0.214,0.214,0.264,0.264
1.708,-39.691,-14.630,0.208,0.208,0.262,0.262
1.710,-39.740,-14.564,0.221,0.221,0.252,0.252
1.714,-39.626,-14.394,0.212,0.212,0.264,0.264
1.717,-39.413,-14.297,0.218,0.218,0.259,0.259
1.719,-39.267,-14.212,0.206,0.206,0.261,0.261
1.717,-39.397,-14.297,0.227,0.227,0.258,0.258
1.718,-39.985,-14.244,0.214,0.214,0.262,0.262
1.718,-40.621,-14.244,0.238,0.238,0.255,0.255
1.718,-41.111,-14.231,0.211,0.211,0.240,0.240
1.720,-41.192,-14.175,0.230,0.230,0.246,0.246
1.721,-40.948,-14.119,0.201,0.201,0.229,0.229
1.722,-40.719,-14.057,0.223,0.223,0.229,0.229
1.722,-40.866,-14.061,0.208,0.208,0.244,0.244
1.721,-41.453,-14.105,0.226,0.226,0.238,0.238
1.722,-42.155,-14.084,0.220,0.220,0.243,0.243
1.722,-42.710,-14.063,0.215,0.215,0.230,0.230
1.725,-43.085,-13.952,0.214,0.214,0.247,0.247
1.729,-43.118,-13.794,0.217,0.217,0.238,0.238
1.729,-43.004,-13.780,0.220,0.220,0.240,0.240
1.729,-42.922,-13.765,0.220,0.220,0.252,0.252
1.730,-42.922,-13.743,0.250,0.250,0.244,0.244
1.731,-43.036,-13.700,0.235,0.235,0.241,0.241
1.731,-43.249,-13.676,0.240,0.240,0.243,0.243
1.732,-43.640,-13.639,0.233,0.233,0.255,0.255
1.733,-43.967,-13.586,0.250,0.250,0.250,0.250
1.734,-44.244,-13.564,0.247,0.247,0.252,0.252
1.734,-44.424,-13.566,0.262,0.262,0.252,0.252
1.731,-44.440,-13.673,0.256,0.256,0.259,0.259
1.732,-44.489,-13.665,0.272,0.272,0.250,0.250
1.736,-44.505,-13.471,0.259,0.259,0.264,0.264
1.741,-44.326,-13.255,0.285,0.285,0.259,0.259
1.741,-44.081,-13.240,0.279,0.279,0.255,0.255
1.741,-43.804,-13.262,0.295,0.295,0.259,0.259
1.741,-43.738,-13.243,0.275,0.275,0.252,0.252
1.740,-43.950,-13.277,0.307,0.307,0.262,0.262
1.742,-44.130,-13.218,0.287,0.287,0.256,0.256
1.743,-44.179,-13.154,0.296,0.296,0.255,0.255
1.744,-44.179,-13.126,0.290,0.290,0.261,0.261
1.744,-44.048,-13.119,0.311,0.311,0.266,0.266
1.744,-43.836,-13.129,0.284,0.284,0.256,0.256
1.742,-43.542,-13.206,0.307,0.307,0.249,0.249
1.742,-43.298,-13.180,0.275,0.275,0.252,0.252
1.744,-43.134,-13.094,0.282,0.282,0.255,0.255
1.749,-43.265,-12.879,0.259,0.259,0.275,0.275
1.750,-43.575,-12.841,0.276,0.276,0.258,0.258
1.751,-43.999,-12.799,0.253,0.253,0.258,0.258
1.751,-44.179,-12.817,0.262,0.262,0.258,0.258
1.751,-44.097,-12.817,0.253,0.253,0.267,0.267
1.752,-43.738,-12.786,0.258,0.258,0.266,0.266
1.752,-43.118,-12.762,0.247,0.247,0.284,0.284
1.754,-42.367,-12.694,0.243,0.243,0.298,0.298
1.754,-41.747,-12.670,0.237,0.237,0.285,0.285
1.755,-41.290,-12.649,0.232,0.232,0.279,0.279
1.754,-41.045,-12.681,0.221,0.221,0.291,0.291
1.754,-40.833,-12.662,0.220,0.220,0.282,0.282
1.753,-40.703,-12.710,0.212,0.212,0.278,0.278
1.755,-40.670,-12.636,0.194,0.194,0.276,0.276
1.761,-40.654,-12.400,0.206,0.206,0.269,0.269
1.762,-40.376,-12.372,0.195,0.195,0.281,0.281
1.761,-40.262,-12.388,0.194,0.194,0.281,0.281
1.760,-40.262,-12.423,0.198,0.198,0.273,0.273
1.761,-40.442,-12.393,0.194,0.194,0.267,0.267
1.763,-40.474,-12.314,0.179,0.179,0.272,0.272
1.762,-40.491,-12.353,0.189,0.189,0.266,0.266
1.764,-40.376,-12.266,0.191,0.191,0.253,0.253
1.765,-40.213,-12.249,0.197,0.197,0.259,0.259
1.763,-40.099,-12.306,0.182,0.182,0.269,0.269
1.762,-39.968,-12.352,0.206,0.206,0.261,0.261
1.762,-39.968,-12.359,0.183,0.183,0.259,0.259
1.767,-39.870,-12.143,0.200,0.200,0.252,0.252
1.769,-39.658,-12.061,0.188,0.188,0.261,0.261
1.772,-39.364,-11.977,0.209,0.209,0.250,0.250
1.770,-39.201,-12.020,0.194,0.194,0.261,0.261
1.770,-39.152,-12.044,0.209,0.209,0.261,0.261
1.771,-39.299,-12.014,0.195,0.195,0.262,0.262
1.772,-39.560,-11.955,0.214,0.214,0.262,0.262
1.772,-39.511,-11.971,0.200,0.200,0.264,0.264
1.774,-39.120,-11.890,0.224,0.224,0.261,0.261
1.772,-38.744,-11.944,0.211,0.211,0.267,0.267
1.772,-38.679,-11.943,0.220,0.220,0.266,0.266
1.771,-38.695,-11.988,0.206,0.206,0.267,0.267
1.770,-38.826,-12.032,0.226,0.226,0.264,0.264
1.774,-39.071,-11.880,0.214,0.214,0.270,0.270
1.778,-39.299,-11.718,0.220,0.220,0.282,0.282
1.778,-39.593,-11.704,0.218,0.218,0.272,0.272
1.780,-39.724,-11.629,0.212,0.212,0.249,0.249
1.779,-39.756,-11.683,0.206,0.206,0.261,0.261
1.778,-39.658,-11.724,0.212,0.212,0.252,0.252
1.780,-39.364,-11.640,0.200,0.200,0.258,0.258
1.781,-39.299,-11.617,0.200,0.200,0.238,0.238
1.781,-39.511,-11.614,0.186,0.186,0.261,0.261
1.782,-39.707,-11.551,0.185,0.185,0.235,0.235
1.782,-39.740,-11.577,0.183,0.183,0.235,0.235
1.781,-39.707,-11.622,0.171,0.171,0.233,0.233
1.779,-39.609,-11.685,0.183,0.183,0.238,0.238
1.780,-39.267,-11.642,0.177,0.177,0.235,0.235
1.783,-38.810,-11.532,0.185,0.185,0.235,0.235
1.787,-38.287,-11.391,0.157,0.157,0.243,0.243
1.788,-37.749,-11.325,0.192,0.192,0.238,0.238
1.788,-37.259,-11.334,0.163,0.163,0.246,0.246
1.787,-36.770,-11.383,0.179,0.179,0.244,0.244
1.787,-36.394,-11.363,0.153,0.153,0.237,0.237
1.788,-36.231,-11.337,0.177,0.177,0.237,0.237
1.789,-36.215,-11.314,0.151,0.151,0.247,0.247
1.790,-36.264,-11.278,0.171,0.171,0.227,0.227
1.790,-36.198,-11.266,0.156,0.156,0.247,0.247
1.790,-35.905,-11.270,0.182,0.182,0.255,0.255
1.788,-35.741,-11.351,0.162,0.162,0.243,0.243
1.788,-35.823,-11.346,0.175,0.175,0.243,0.243
1.790,-36.133,-11.271,0.174,0.174,0.249,0.249
1.794,-36.704,-11.115,0.182,0.182,0.252,0.252
1.795,-37.145,-11.080,0.166,0.166,0.240,0.240
1.795,-37.341,-11.089,0.186,0.186,0.247,0.247
1.795,-37.308,-11.086,0.182,0.182,0.249,0.249
1.794,-37.292,-11.114,0.188,0.188,0.246,0.246
1.795,-37.178,-11.077,0.180,0.180,0.241,0.241
1.796,-36.851,-11.049,0.188,0.188,0.237,0.237
1.797,-36.362,-11.021,0.183,0.183,0.249,0.249
1.797,-35.839,-11.019,0.186,0.186,0.255,0.255
1.797,-35.301,-11.000,0.194,0.194,0.252,0.252
1.795,-34.844,-11.086,0.188,0.188,0.243,0.243
1.795,-34.436,-11.067,0.188,0.188,0.244,0.244
1.795,-34.305,-11.069,0.192,0.192,0.246,0.246
1.802,-34.240,-10.854,0.191,0.191,0.267,0.267
1.803,-34.436,-10.813,0.195,0.195,0.247,0.247
1.802,-34.599,-10.849,0.204,0.204,0.235,0.235
1.802,-34.795,-10.829,0.200,0.200,0.250,0.250
1.801,-34.844,-10.875,0.220,0.220,0.258,0.258
1.803,-34.925,-10.812,0.203,0.203,0.256,0.256
1.803,-35.121,-10.808,0.226,0.226,0.267,0.267
1.804,-35.382,-10.759,0.214,0.214,0.282,0.282
1.804,-35.644,-10.756,0.224,0.224,0.267,0.267
1.804,-35.692,-10.773,0.218,0.218,0.259,0.259
1.804,-35.513,-10.772,0.238,0.238,0.270,0.270
1.802,-35.170,-10.847,0.218,0.218,0.267,0.267
1.803,-34.860,-10.810,0.233,0.233,0.269,0.269
1.804,-34.371,-10.760,0.221,0.221,0.270,0.270
1.808,-33.718,-10.625,0.233,0.233,0.256,0.256
1.809,-33.000,-10.605,0.215,0.215,0.270,0.270
1.810,-32.331,-10.572,0.238,0.238,0.269,0.269
1.808,-31.906,-10.645,0.215,0.215,0.258,0.258
1.808,-31.759,-10.626,0.227,0.227,0.258,0.258
1.809,-31.776,-10.594,0.218,0.218,0.259,0.259
1.809,-31.825,-10.595,0.235,0.235,0.264,0.264
1.811,-31.825,-10.549,0.218,0.218,0.238,0.238
1.811,-31.759,-10.541,0.241,0.241,0.255,0.255
1.810,-31.482,-10.582,0.220,0.220,0.255,0.255
1.808,-31.319,-10.636,0.243,0.243,0.247,0.247
1.808,-31.368,-10.645,0.218,0.218,0.250,0.250
1.813,-31.629,-10.481,0.246,0.246,0.252,0.252
1.814,-31.825,-10.437,0.226,0.226,0.258,0.258
1.815,-31.955,-10.419,0.243,0.243,0.232,0.232
1.814,-32.200,-10.447,0.229,0.229,0.255,0.255
1.814,-32.331,-10.446,0.246,0.246,0.255,0.255
1.814,-32.396,-10.434,0.237,0.237,0.255,0.255
1.814,-32.347,-10.432,0.243,0.243,0.253,0.253
1.815,-32.363,-10.420,0.250,0.250,0.244,0.244
1.816,-32.331,-10.372,0.246,0.246,0.255,0.255
1.815,-32.347,-10.403,0.235,0.235,0.261,0.261
1.814,-32.331,-10.454,0.243,0.243,0.259,0.259
1.814,-32.331,-10.443,0.244,0.244,0.256,0.256
1.813,-32.314,-10.462,0.233,0.233,0.252,0.252
1.817,-32.412,-10.329,0.244,0.244,0.255,0.255
1.819,-32.673,-10.278,0.237,0.237,0.240,0.240
1.820,-32.690,-10.246,0.247,0.247,0.259,0.259
1.819,-32.526,-10.279,0.232,0.232,0.262,0.262
1.818,-32.216,-10.299,0.237,0.237,0.249,0.249
1.820,-31.972,-10.243,0.212,0.212,0.247,0.247
1.819,-31.678,-10.292,0.221,0.221,0.247,0.247
1.820,-31.351,-10.248,0.204,0.204,0.229,0.229
1.820,-30.894,-10.240,0.218,0.218,0.252,0.252
1.820,-30.388,-10.240,0.203,0.203,0.235,0.235
1.820,-29.899,-10.242,0.214,0.214,0.232,0.232
1.819,-29.393,-10.285,0.203,0.203,0.235,0.235
1.818,-29.001,-10.312,0.223,0.223,0.241,0.241
1.821,-28.756,-10.207,0.201,0.201,0.237,0.237
1.824,-28.512,-10.138,0.230,0.230,0.232,0.232
1.824,-28.414,-10.123,0.208,0.208,0.264,0.264
1.825,-28.381,-10.100,0.224,0.224,0.235,0.235
1.824,-28.381,-10.123,0.208,0.208,0.233,0.233
1.824,-28.495,-10.146,0.229,0.229,0.246,0.246
1.824,-28.740,-10.123,0.212,0.212,0.249,0.249
1.825,-28.985,-10.112,0.232,0.232,0.246,0.246
1.824,-29.328,-10.121,0.218,0.218,0.247,0.247
1.825,-29.703,-10.101,0.229,0.229,0.269,0.269
1.825,-29.899,-10.109,0.224,0.224,0.253,0.253
1.823,-29.932,-10.165,0.218,0.218,0.244,0.244
1.822,-29.866,-10.187,0.229,0.229,0.255,0.255
1.823,-29.768,-10.157,0.215,0.215,0.258,0.258
1.829,-29.442,-10.000,0.226,0.226,0.256,0.256
1.828,-28.952,-10.021,0.217,0.217,0.249,0.249
1.829,-28.528,-10.001,0.243,0.243,0.266,0.266
1.828,-28.234,-10.003,0.229,0.229,0.255,0.255
1.826,-27.940,-10.058,0.232,0.232,0.252,0.252
1.828,-27.467,-10.005,0.240,0.240,0.252,0.252
1.829,-27.059,-10.000,0.243,0.243,0.256,0.256
1.828,-26.896,-10.016,0.224,0.224,0.250,0.250
1.828,-26.896,-10.005,0.247,0.247,0.253,0.253
1.829,-26.831,-9.997,0.227,0.227,0.255,0.255
1.827,-26.635,-10.030,0.243,0.243,0.253,0.253
1.826,-26.455,-10.072,0.224,0.224,0.252,0.252
1.827,-26.521,-10.041,0.247,0.247,0.247,0.247
1.830,-26.733,-9.975,0.230,0.230,0.255,0.255
1.832,-27.059,-9.905,0.255,0.255,0.256,0.256
1.833,-27.288,-9.878,0.243,0.243,0.256,0.256
1.832,-27.532,-9.910,0.275,0.275,0.249,0.249
1.832,-27.745,-9.914,0.253,0.253,0.252,0.252
1.832,-27.924,-9.910,0.272,0.272,0.255,0.255
1.831,-27.924,-9.925,0.262,0.262,0.264,0.264
1.833,-27.924,-9.878,0.282,0.282,0.270,0.270
1.833,-27.957,-9.878,0.256,0.256,0.275,0.275
1.832,-28.153,-9.897,0.287,0.287,0.279,0.279
1.832,-28.055,-9.917,0.262,0.262,0.258,0.258
1.830,-27.940,-9.970,0.276,0.276,0.275,0.275
1.830,-27.875,-9.967,0.267,0.267,0.285,0.285
1.831,-27.875,-9.939,0.279,0.279,0.270,0.270
1.835,-27.875,-9.826,0.255,0.255,0.270,0.270
1.836,-27.940,-9.810,0.270,0.270,0.264,0.264
1.836,-27.777,-9.788,0.258,0.258,0.279,0.279
1.835,-27.565,-9.822,0.258,0.258,0.255,0.255
1.835,-27.402,-9.829,0.244,0.244,0.261,0.261
1.834,-27.386,-9.856,0.261,0.261,0.261,0.261
1.834,-27.402,-9.850,0.243,0.243,0.258,0.258
1.836,-27.418,-9.795,0.240,0.240,0.250,0.250
1.835,-27.516,-9.812,0.241,0.241,0.255,0.255
1.835,-27.712,-9.820,0.233,0.233,0.258,0.258
1.832,-27.908,-9.920,0.221,0.221,0.259,0.259
1.832,-27.924,-9.910,0.226,0.226,0.258,0.258
1.835,-27.908,-9.824,0.220,0.220,0.261,0.261
1.838,-27.875,-9.747,0.215,0.215,0.252,0.252
1.839,-27.794,-9.720,0.217,0.217,0.249,0.249
1.838,-27.581,-9.751,0.212,0.212,0.252,0.252
1.837,-27.402,-9.777,0.221,0.221,0.255,0.255
1.836,-27.386,-9.786,0.197,0.197,0.264,0.264
1.837,-27.386,-9.755,0.218,0.218,0.259,0.259
1.838,-27.353,-9.749,0.189,0.189,0.249,0.249
1.838,-27.076,-9.735,0.203,0.203,0.252,0.252
1.838,-26.945,-9.752,0.194,0.194,0.253,0.253
1.838,-26.912,-9.750,0.206,0.206,0.250,0.250
1.835,-26.912,-9.833,0.186,0.186,0.259,0.259
1.834,-27.043,-9.856,0.203,0.203,0.267,0.267
1.836,-27.255,-9.785,0.194,0.194,0.261,0.261
1.840,-27.418,-9.681,0.201,0.201,0.255,0.255
1.841,-27.435,-9.664,0.183,0.183,0.256,0.256
1.840,-27.435,-9.673,0.206,0.206,0.258,0.258
1.839,-27.386,-9.707,0.182,0.182,0.266,0.266
1.838,-27.320,-9.730,0.194,0.194,0.255,0.255
1.839,-27.092,-9.724,0.172,0.172,0.249,0.249
1.838,-26.929,-9.730,0.197,0.197,0.250,0.250
1.840,-26.912,-9.688,0.179,0.179,0.238,0.238
1.840,-26.847,-9.698,0.188,0.188,0.235,0.235
1.840,-26.635,-9.694,0.177,0.177,0.226,0.226
1.837,-26.439,-9.758,0.197,0.197,0.247,0.247
1.835,-26.341,-9.813,0.182,0.182,0.238,0.238
1.835,-26.129,-9.809,0.197,0.197,0.235,0.235
1.839,-25.949,-9.721,0.198,0.198,0.233,0.233
1.841,-25.933,-9.659,0.188,0.188,0.243,0.243
1.842,-25.949,-9.625,0.200,0.200,0.246,0.246
1.841,-25.966,-9.667,0.200,0.200,0.237,0.237
1.841,-26.047,-9.664,0.204,0.204,0.258,0.258
1.840,-26.276,-9.695,0.209,0.209,0.246,0.246
1.839,-26.374,-9.702,0.212,0.212,0.241,0.241
1.840,-26.178,-9.676,0.209,0.209,0.244,0.244
1.841,-25.982,-9.672,0.220,0.220,0.253,0.253
1.841,-25.819,-9.665,0.203,0.203,0.255,0.255
1.839,-25.721,-9.705,0.223,0.223,0.255,0.255
1.837,-25.688,-9.769,0.208,0.208,0.267,0.267
1.838,-25.590,-9.750,0.229,0.229,0.249,0.249
1.842,-25.476,-9.640,0.208,0.208,0.249,0.249
1.842,-25.346,-9.642,0.230,0.230,0.250,0.250
1.842,-25.182,-9.633,0.220,0.220,0.259,0.259
1.842,-25.199,-9.650,0.230,0.230,0.253,0.253
1.841,-25.101,-9.663,0.224,0.224,0.255,0.255
1.840,-25.003,-9.683,0.237,0.237,0.269,0.269
1.840,-24.938,-9.687,0.223,0.223,0.253,0.253
1.840,-24.970,-9.682,0.237,0.237,0.240,0.240
1.841,-25.068,-9.672,0.223,0.223,0.250,0.250
1.841,-25.231,-9.675,0.237,0.237,0.249,0.249
1.839,-25.231,-9.704,0.218,0.218,0.258,0.258
1.838,-25.427,-9.730,0.243,0.243,0.252,0.252
1.838,-25.786,-9.736,0.226,0.226,0.264,0.264
1.839,-25.998,-9.717,0.240,0.240,0.246,0.246
1.842,-26.047,-9.629,0.215,0.215,0.246,0.246
1.845,-25.966,-9.565,0.243,0.243,0.249,0.249
1.842,-26.064,-9.624,0.227,0.227,0.252,0.252
1.841,-26.276,-9.652,0.237,0.237,0.253,0.253
1.842,-26.472,-9.641,0.235,0.235,0.258,0.258
1.841,-26.504,-9.666,0.252,0.252,0.252,0.252
1.841,-26.504,-9.665,0.244,0.244,0.264,0.264
1.840,-26.537,-9.676,0.261,0.261,0.279,0.279
1.841,-26.782,-9.673,0.261,0.261,0.276,0.276
1.841,-26.912,-9.658,0.261,0.261,0.270,0.270
1.839,-27.076,-9.722,0.262,0.262,0.269,0.269
1.838,-27.288,-9.749,0.255,0.255,0.272,0.272
1.837,-27.386,-9.764,0.252,0.252,0.247,0.247
1.840,-27.435,-9.689,0.246,0.246,0.272,0.272
1.843,-27.418,-9.608,0.255,0.255,0.279,0.279
1.842,-27.369,-9.639,0.244,0.244,0.262,0.262
1.841,-27.402,-9.653,0.241,0.241,0.267,0.267
1.841,-27.386,-9.668,0.247,0.247,0.262,0.262
1.840,-27.418,-9.680,0.250,0.250,0.262,0.262
1.840,-27.402,-9.677,0.237,0.237,0.243,0.243
1.841,-27.435,-9.668,0.250,0.250,0.259,0.259
1.840,-27.320,-9.674,0.232,0.232,0.266,0.266
1.840,-27.092,-9.682,0.244,0.244,0.252,0.252
1.839,-27.010,-9.725,0.232,0.232,0.250,0.250
1.837,-27.190,-9.779,0.247,0.247,0.241,0.241
1.841,-27.418,-9.670,0.233,0.233,0.250,0.250
1.841,-27.435,-9.659,0.246,0.246,0.241,0.241
1.843,-27.451,-9.609,0.230,0.230,0.255,0.255
1.841,-27.402,-9.647,0.247,0.247,0.259,0.259
1.840,-27.418,-9.689,0.224,0.224,0.250,0.250
1.839,-27.435,-9.709,0.246,0.246,0.244,0.244
1.840,-27.402,-9.684,0.221,0.221,0.240,0.240
1.840,-27.516,-9.698,0.233,0.233,0.252,0.252
1.839,-27.745,-9.722,0.212,0.212,0.255,0.255
1.840,-27.826,-9.691,0.240,0.240,0.255,0.255
1.839,-27.598,-9.719,0.214,0.214,0.261,0.261
1.837,-27.549,-9.782,0.237,0.237,0.253,0.253
1.835,-27.712,-9.824,0.227,0.227,0.253,0.253
1.837,-27.777,-9.778,0.237,0.237,0.275,0.275
1.838,-27.598,-9.744,0.223,0.223,0.259,0.259
1.841,-27.435,-9.672,0.230,0.230,0.249,0.249
1.840,-27.369,-9.679,0.224,0.224,0.259,0.259
1.839,-27.402,-9.722,0.229,0.229,0.259,0.259
1.839,-27.418,-9.716,0.212,0.212,0.261,0.261
1.839,-27.467,-9.726,0.220,0.220,0.252,0.252
1.838,-27.418,-9.746,0.209,0.209,0.264,0.264
1.837,-27.435,-9.761,0.220,0.220,0.246,0.246
1.838,-27.320,-9.737,0.204,0.204,0.237,0.237
1.838,-27.206,-9.752,0.209,0.209,0.232,0.232
1.837,-27.255,-9.764,0.203,0.203,0.233,0.233
1.835,-27.386,-9.820,0.188,0.188,0.232,0.232
1.834,-27.451,-9.850,0.201,0.201,0.233,0.233
1.834,-27.435,-9.863,0.195,0.195,0.223,0.223
1.837,-27.435,-9.761,0.204,0.204,0.233,0.233
1.838,-27.337,-9.739,0.195,0.195,0.240,0.240
1.838,-27.108,-9.740,0.220,0.220,0.240,0.240
1.837,-27.027,-9.756,0.203,0.203,0.230,0.230
1.836,-27.141,-9.789,0.221,0.221,0.238,0.238
1.836,-27.157,-9.804,0.209,0.209,0.243,0.243
1.835,-27.320,-9.817,0.227,0.227,0.214,0.214
1.835,-27.402,-9.812,0.206,0.206,0.235,0.235
1.836,-27.549,-9.807,0.223,0.223,0.253,0.253
1.835,-27.679,-9.821,0.211,0.211,0.250,0.250
1.832,-27.679,-9.917,0.233,0.233,0.246,0.246
1.831,-27.745,-9.923,0.208,0.208,0.244,0.244
1.832,-27.859,-9.911,0.233,0.233,0.250,0.250
1.835,-27.924,-9.831,0.224,0.224,0.230,0.230
1.837,-27.908,-9.778,0.232,0.232,0.244,0.244
1.835,-27.908,-9.828,0.220,0.220,0.258,0.258
1.834,-27.892,-9.862,0.237,0.237,0.247,0.247
1.834,-27.728,-9.859,0.220,0.220,0.249,0.249
1.834,-27.418,-9.858,0.227,0.227,0.233,0.233
1.832,-27.565,-9.897,0.220,0.220,0.252,0.252
1.833,-27.745,-9.880,0.229,0.229,0.255,0.255
1.833,-27.712,-9.882,0.215,0.215,0.244,0.244
1.832,-27.777,-9.906,0.237,0.237,0.241,0.241
1.830,-27.875,-9.957,0.218,0.218,0.249,0.249
1.829,-27.908,-10.000,0.230,0.230,0.246,0.246
1.828,-27.924,-10.022,0.212,0.212,0.243,0.243
1.832,-27.892,-9.890,0.224,0.224,0.244,0.244
1.833,-27.892,-9.871,0.212,0.212,0.250,0.250
1.832,-27.892,-9.910,0.215,0.215,0.247,0.247
1.831,-27.908,-9.945,0.224,0.224,0.250,0.250
1.830,-27.973,-9.946,0.218,0.218,0.244,0.244
1.830,-28.234,-9.950,0.227,0.227,0.255,0.255
1.829,-28.414,-9.980,0.224,0.224,0.267,0.267
1.830,-28.446,-9.971,0.230,0.230,0.262,0.262
1.830,-28.430,-9.974,0.232,0.232,0.259,0.259
1.829,-28.283,-9.999,0.232,0.232,0.278,0.278
1.826,-28.169,-10.062,0.233,0.233,0.276,0.276
1.825,-28.234,-10.090,0.243,0.243,0.269,0.269
1.826,-28.332,-10.066,0.224,0.224,0.270,0.270
1.828,-28.430,-10.004,0.238,0.238,0.290,0.290
1.829,-28.446,-9.995,0.237,0.237,0.270,0.270
1.829,-28.430,-9.988,0.230,0.230,0.267,0.267
1.828,-28.397,-10.029,0.227,0.227,0.264,0.264
1.826,-28.430,-10.070,0.232,0.232,0.275,0.275
1.826,-28.300,-10.059,0.215,0.215,0.269,0.269
1.826,-28.071,-10.062,0.224,0.224,0.267,0.267
1.825,-27.892,-10.095,0.214,0.214,0.270,0.270
1.826,-27.859,-10.085,0.224,0.224,0.261,0.261
1.826,-27.777,-10.071,0.206,0.206,0.261,0.261
1.824,-27.679,-10.138,0.232,0.232,0.262,0.262
1.822,-27.777,-10.179,0.212,0.212,0.259,0.259
1.821,-27.859,-10.220,0.221,0.221,0.258,0.258
1.823,-27.940,-10.147,0.214,0.214,0.252,0.252
1.825,-27.924,-10.102,0.226,0.226,0.229,0.229
1.825,-27.989,-10.088,0.204,0.204,0.252,0.252
1.823,-28.234,-10.161,0.229,0.229,0.255,0.255
1.823,-28.430,-10.168,0.209,0.209,0.253,0.253
1.823,-28.528,-10.167,0.230,0.230,0.252,0.252
1.821,-28.756,-10.204,0.215,0.215,0.250,0.250
1.821,-28.887,-10.205,0.243,0.243,0.246,0.246
1.821,-28.985,-10.220,0.226,0.226,0.246,0.246
1.820,-29.230,-10.230,0.244,0.244,0.250,0.250
1.819,-29.377,-10.265,0.215,0.215,0.252,0.252
1.818,-29.377,-10.311,0.240,0.240,0.252,0.252
1.817,-29.475,-10.324,0.232,0.232,0.255,0.255
1.819,-29.670,-10.272,0.249,0.249,0.253,0.253
1.820,-29.866,-10.250,0.247,0.247,0.258,0.258
1.820,-29.801,-10.237,0.261,0.261,0.246,0.246
1.818,-29.572,-10.296,0.243,0.243,0.250,0.250
1.818,-29.328,-10.304,0.267,0.267,0.253,0.253
1.817,-29.262,-10.328,0.249,0.249,0.252,0.252
1.816,-28.969,-10.351,0.252,0.252,0.253,0.253
1.817,-28.561,-10.332,0.238,0.238,0.252,0.252
1.816,-28.283,-10.348,0.240,0.240,0.243,0.243
1.816,-28.006,-10.364,0.227,0.227,0.212,0.212
1.815,-27.924,-10.380,0.229,0.229,0.230,0.230
1.813,-27.843,-10.446,0.240,0.240,0.244,0.244
1.812,-27.875,-10.472,0.233,0.233,0.230,0.230
1.811,-27.940,-10.497,0.244,0.244,0.229,0.229
1.814,-27.989,-10.408,0.232,0.232,0.235,0.235
1.815,-28.267,-10.399,0.241,0.241,0.240,0.240
1.814,-28.512,-10.427,0.230,0.230,0.215,0.215
1.813,-28.903,-10.432,0.238,0.238,0.237,0.237
1.812,-29.360,-10.484,0.237,0.237,0.235,0.235
1.812,-29.850,-10.478,0.250,0.250,0.235,0.235
1.810,-30.225,-10.522,0.235,0.235,0.240,0.240
1.810,-30.552,-10.522,0.249,0.249,0.244,0.244
1.810,-30.748,-10.519,0.249,0.249,0.247,0.247
1.810,-30.764,-10.547,0.259,0.259,0.223,0.223
1.809,-30.568,-10.573,0.232,0.232,0.246,0.246
1.806,-30.340,-10.655,0.256,0.256,0.250,0.250
1.806,-30.340,-10.652,0.240,0.240,0.249,0.249
1.807,-30.258,-10.632,0.261,0.261,0.244,0.244
1.810,-29.980,-10.538,0.243,0.243,0.249,0.249
1.808,-29.850,-10.595,0.273,0.273,0.250,0.250
1.807,-29.703,-10.613,0.252,0.252,0.235,0.235
1.806,-29.491,-10.655,0.276,0.276,0.247,0.247
1.806,-29.409,-10.657,0.259,0.259,0.250,0.250
1.805,-29.230,-10.679,0.281,0.281,0.246,0.246
1.805,-29.018,-10.695,0.258,0.258,0.252,0.252
1.805,-28.936,-10.690,0.276,0.276,0.250,0.250
1.803,-29.181,-10.729,0.255,0.255,0.253,0.253
1.802,-29.475,-10.761,0.275,0.275,0.255,0.255
1.799,-29.883,-10.851,0.241,0.241,0.252,0.252
1.800,-30.258,-10.844,0.261,0.261,0.249,0.249
1.800,-30.503,-10.819,0.241,0.241,0.255,0.255
1.804,-30.731,-10.722,0.246,0.246,0.252,0.252
1.802,-30.845,-10.774,0.237,0.237,0.252,0.252
1.801,-30.862,-10.804,0.235,0.235,0.249,0.249
1.800,-30.748,-10.829,0.224,0.224,0.258,0.258
1.799,-30.437,-10.862,0.227,0.227,0.256,0.256
1.799,-30.029,-10.854,0.227,0.227,0.259,0.259
1.797,-29.638,-10.926,0.226,0.226,0.252,0.252
1.798,-29.050,-10.892,0.218,0.218,0.258,0.258
1.797,-28.446,-10.924,0.237,0.237,0.264,0.264
1.796,-27.973,-10.941,0.218,0.218,0.267,0.267
1.792,-27.859,-11.053,0.214,0.214,0.267,0.267
1.793,-27.843,-11.037,0.224,0.224,0.272,0.272
1.794,-27.745,-10.993,0.206,0.206,0.273,0.273
1.796,-27.712,-10.944,0.200,0.200,0.266,0.266
1.795,-27.875,-10.965,0.200,0.200,0.264,0.264
1.795,-28.300,-10.971,0.198,0.198,0.255,0.255
1.794,-28.838,-11.014,0.188,0.188,0.264,0.264
1.791,-29.360,-11.079,0.195,0.195,0.250,0.250
1.792,-29.752,-11.072,0.179,0.179,0.255,0.255
1.790,-29.932,-11.113,0.188,0.188,0.269,0.269
1.791,-29.964,-11.102,0.169,0.169,0.256,0.256
1.790,-30.258,-11.131,0.183,0.183,0.255,0.255
1.790,-30.650,-11.123,0.166,0.166,0.250,0.250
1.786,-30.878,-11.237,0.172,0.172,0.250,0.250
1.784,-30.911,-11.296,0.174,0.174,0.230,0.230
1.783,-30.878,-11.329,0.185,0.185,0.249,0.249
1.787,-30.829,-11.209,0.177,0.177,0.258,0.258
1.789,-30.699,-11.160,0.183,0.183,0.246,0.246
1.787,-30.633,-11.223,0.182,0.182,0.244,0.244
1.786,-30.650,-11.234,0.197,0.197,0.240,0.240
1.784,-30.894,-11.293,0.177,0.177,0.252,0.252
1.783,-31.156,-11.332,0.206,0.206,0.250,0.250
1.784,-31.466,-11.310,0.188,0.188,0.249,0.249
1.783,-31.792,-11.348,0.198,0.198,0.249,0.249
1.781,-32.151,-11.392,0.192,0.192,0.255,0.255
1.783,-32.347,-11.346,0.217,0.217,0.253,0.253
1.780,-32.461,-11.446,0.194,0.194,0.258,0.258
1.778,-32.788,-11.497,0.215,0.215,0.252,0.252
1.775,-33.179,-11.602,0.203,0.203,0.250,0.250
1.778,-33.408,-11.507,0.221,0.221,0.246,0.246
1.781,-33.620,-11.386,0.197,0.197,0.255,0.255
1.780,-33.391,-11.447,0.226,0.226,0.255,0.255
1.778,-32.934,-11.505,0.201,0.201,0.252,0.252
1.778,-32.445,-11.505,0.227,0.227,0.262,0.262
1.776,-32.167,-11.570,0.203,0.203,0.247,0.247
1.776,-31.923,-11.578,0.221,0.221,0.237,0.237
1.774,-31.825,-11.619,0.206,0.206,0.243,0.243
1.774,-31.661,-11.630,0.204,0.204,0.240,0.240
1.773,-31.564,-11.648,0.195,0.195,0.227,0.227
1.772,-31.743,-11.679,0.198,0.198,0.227,0.227
1.770,-32.233,-11.768,0.191,0.191,0.221,0.221
1.768,-32.641,-11.823,0.182,0.182,0.220,0.220
1.767,-32.983,-11.866,0.200,0.200,0.230,0.230
1.768,-33.212,-11.804,0.185,0.185,0.223,0.223
1.773,-33.326,-11.666,0.192,0.192,0.223,0.223
1.770,-33.359,-11.739,0.194,0.194,0.229,0.229
1.770,-33.326,-11.765,0.200,0.200,0.232,0.232
1.767,-33.196,-11.836,0.195,0.195,0.203,0.203
1.767,-32.967,-11.857,0.214,0.214,0.230,0.230
1.766,-32.722,-11.889,0.212,0.212,0.247,0.247
1.764,-32.445,-11.935,0.223,0.223,0.237,0.237
1.765,-32.314,-11.933,0.208,0.208,0.237,0.237
1.764,-32.167,-11.937,0.223,0.223,0.240,0.240
1.760,-31.890,-12.068,0.214,0.214,0.235,0.235
1.759,-31.580,-12.114,0.230,0.230,0.221,0.221
1.758,-31.694,-12.141,0.206,0.206,0.243,0.243
1.762,-32.184,-12.025,0.246,0.246,0.256,0.256
1.762,-32.853,-12.026,0.215,0.215,0.243,0.243
1.761,-33.652,-12.032,0.237,0.237,0.238,0.238
1.759,-34.191,-12.102,0.211,0.211,0.240,0.240
1.758,-34.338,-12.164,0.229,0.229,0.246,0.246
1.758,-34.028,-12.166,0.209,0.209,0.238,0.238
1.756,-33.816,-12.204,0.229,0.229,0.241,0.241
1.755,-33.767,-12.239,0.212,0.212,0.249,0.249
1.755,-33.799,-12.265,0.227,0.227,0.240,0.240
1.754,-33.816,-12.277,0.215,0.215,0.240,0.240
1.752,-33.914,-12.349,0.233,0.233,0.241,0.241
1.749,-34.060,-12.443,0.208,0.208,0.241,0.241
1.748,-33.995,-12.472,0.214,0.214,0.233,0.233
1.748,-33.848,-12.489,0.200,0.200,0.246,0.246
1.752,-33.685,-12.344,0.212,0.212,0.246,0.246
1.752,-33.391,-12.362,0.209,0.209,0.246,0.246
1.749,-32.902,-12.462,0.206,0.206,0.238,0.238
1.749,-32.380,-12.450,0.214,0.214,0.238,0.238
1.747,-31.923,-12.530,0.212,0.212,0.243,0.243
1.746,-31.776,-12.534,0.204,0.204,0.240,0.240
1.745,-31.955,-12.566,0.223,0.223,0.246,0.246
1.745,-32.575,-12.596,0.229,0.229,0.253,0.253
1.745,-33.261,-12.588,0.230,0.230,0.267,0.267
1.743,-33.848,-12.653,0.230,0.230,0.264,0.264
1.740,-34.207,-12.736,0.227,0.227,0.273,0.273
1.737,-34.371,-12.843,0.232,0.232,0.267,0.267
1.737,-34.371,-12.843,0.226,0.226,0.247,0.247
1.740,-34.371,-12.753,0.247,0.247,0.264,0.264
1.741,-34.322,-12.715,0.230,0.230,0.270,0.270
1.741,-34.322,-12.724,0.240,0.240,0.269,0.269
1.738,-34.420,-12.807,0.232,0.232,0.266,0.266
1.736,-34.566,-12.873,0.243,0.243,0.267,0.267
1.737,-34.371,-12.869,0.229,0.229,0.259,0.259
1.736,-33.946,-12.894,0.250,0.250,0.243,0.243
1.735,-33.457,-12.934,0.226,0.226,0.261,0.261
1.734,-33.147,-12.950,0.252,0.252,0.264,0.264
1.733,-32.951,-12.979,0.233,0.233,0.258,0.258
1.731,-32.820,-13.062,0.253,0.253,0.256,0.256
1.728,-32.804,-13.149,0.235,0.235,0.253,0.253
1.726,-32.804,-13.206,0.244,0.244,0.259,0.259
1.729,-32.739,-13.126,0.238,0.238,0.241,0.241
1.730,-32.494,-13.091,0.255,0.255,0.247,0.247
1.730,-32.445,-13.085,0.233,0.233,0.255,0.255
1.728,-32.641,-13.155,0.247,0.247,0.252,0.252
1.725,-32.804,-13.246,0.237,0.237,0.256,0.256
1.726,-32.869,-13.229,0.253,0.253,0.252,0.252
1.724,-32.951,-13.267,0.235,0.235,0.255,0.255
1.723,-33.130,-13.305,0.267,0.267,0.252,0.252
1.723,-33.342,-13.323,0.230,0.230,0.250,0.250
1.722,-33.326,-13.361,0.250,0.250,0.249,0.249
1.720,-33.440,-13.407,0.233,0.233,0.258,0.258
1.717,-33.718,-13.513,0.252,0.252,0.256,0.256
1.714,-34.158,-13.611,0.237,0.237,0.258,0.258
1.717,-34.452,-13.499,0.249,0.249,0.253,0.253
1.720,-34.697,-13.425,0.243,0.243,0.253,0.253
1.719,-34.713,-13.442,0.246,0.246,0.255,0.255
1.718,-34.485,-13.468,0.243,0.243,0.258,0.258
1.715,-34.354,-13.580,0.249,0.249,0.253,0.253
1.714,-34.289,-13.622,0.238,0.238,0.253,0.253
1.713,-34.322,-13.661,0.230,0.230,0.252,0.252
1.712,-34.354,-13.686,0.223,0.223,0.255,0.255
1.711,-34.240,-13.723,0.215,0.215,0.244,0.244
1.709,-33.995,-13.776,0.212,0.212,0.233,0.233
1.710,-33.832,-13.750,0.194,0.194,0.243,0.243
1.707,-33.767,-13.851,0.214,0.214,0.230,0.230
1.704,-33.799,-13.967,0.200,0.200,0.230,0.230
1.703,-33.816,-13.991,0.211,0.211,0.227,0.227
1.706,-33.995,-13.900,0.208,0.208,0.237,0.237
1.707,-34.566,-13.872,0.218,0.218,0.230,0.230
1.705,-35.284,-13.912,0.206,0.206,0.229,0.229
1.704,-35.937,-13.950,0.215,0.215,0.241,0.241
1.702,-35.937,-14.022,0.208,0.208,0.232,0.232
1.700,-35.448,-14.092,0.221,0.221,0.229,0.229
1.699,-35.040,-14.137,0.212,0.212,0.232,0.232
1.699,-35.072,-14.139,0.226,0.226,0.241,0.241
1.698,-35.431,-14.189,0.212,0.212,0.241,0.241
1.697,-35.986,-14.208,0.243,0.243,0.243,0.243
1.695,-36.329,-14.298,0.209,0.209,0.241,0.241
1.692,-36.264,-14.406,0.243,0.243,0.241,0.241
1.690,-35.986,-14.467,0.218,0.218,0.249,0.249
1.693,-35.660,-14.342,0.237,0.237,0.267,0.267
1.693,-35.382,-14.347,0.211,0.211,0.255,0.255
1.694,-35.187,-14.337,0.243,0.243,0.238,0.238
1.691,-34.828,-14.422,0.229,0.229,0.252,0.252
1.689,-34.305,-14.479,0.249,0.249,0.250,0.250
1.689,-33.326,-14.498,0.250,0.250,0.249,0.249
1.687,-32.086,-14.557,0.249,0.249,0.252,0.252
1.686,-30.796,-14.591,0.253,0.253,0.264,0.264
1.686,-29.524,-14.586,0.282,0.282,0.244,0.244
1.684,-28.397,-14.655,0.298,0.298,0.246,0.246
1.682,-27.369,-14.709,0.322,0.322,0.250,0.250
1.679,-26.080,-14.789,0.330,0.330,0.249,0.249
1.678,-24.497,-14.810,0.359,0.359,0.246,0.246
1.681,-22.751,-14.734,0.363,0.363,0.246,0.246
1.682,-21.070,-14.723,0.368,0.368,0.249,0.249
1.680,-19.764,-14.750,0.371,0.371,0.250,0.250
1.679,-18.850,-14.783,0.382,0.382,0.249,0.249
1.677,-18.181,-14.815,0.382,0.382,0.252,0.252
1.676,-17.414,-14.841,0.371,0.371,0.252,0.252
1.675,-16.239,-14.857,0.372,0.372,0.247,0.247
1.674,-14.787,-14.863,0.360,0.360,0.252,0.252
1.675,-13.481,-14.859,0.366,0.366,0.252,0.252
1.673,-12.959,-14.884,0.362,0.362,0.270,0.270
1.672,-12.975,-14.893,0.366,0.366,0.287,0.287
1.667,-13.089,-14.954,0.339,0.339,0.285,0.285
1.666,-12.861,-14.972,0.356,0.356,0.278,0.278
1.666,-11.947,-14.972,0.311,0.311,0.270,0.270
1.668,-10.853,-14.953,0.314,0.314,0.270,0.270
1.669,-9.695,-14.941,0.270,0.270,0.258,0.258
1.667,-8.732,-14.956,0.278,0.278,0.264,0.264
1.665,-7.818,-14.974,0.230,0.230,0.264,0.264
1.664,-7.100,-14.983,0.233,0.233,0.269,0.269
1.662,-6.382,-14.994,0.203,0.203,0.262,0.262
1.662,-5.745,-14.996,0.201,0.201,0.270,0.270
1.661,-5.158,-15.002,0.160,0.160,0.256,0.256
1.659,-4.440,-15.009,0.172,0.172,0.252,0.252
1.659,-3.787,-15.010,0.137,0.137,0.255,0.255
1.656,-3.346,-15.021,0.140,0.140,0.255,0.255
1.652,-3.330,-15.033,0.105,0.105,0.252,0.252
1.655,-3.607,-15.023,0.111,0.111,0.252,0.252
1.657,-3.705,-15.016,0.084,0.084,0.275,0.275
1.657,-3.412,-15.017,0.087,0.087,0.247,0.247
1.656,-2.889,-15.020,0.079,0.079,0.249,0.249
1.653,-2.416,-15.027,0.087,0.087,0.241,0.241
1.652,-2.236,-15.031,0.070,0.070,0.247,0.247
1.651,-2.220,-15.032,0.092,0.092,0.246,0.246
1.650,-2.188,-15.034,0.075,0.075,0.252,0.252
1.648,-1.894,-15.038,0.092,0.092,0.247,0.247
1.648,-1.486,-15.039,0.089,0.089,0.252,0.252
1.647,-1.274,-15.039,0.108,0.108,0.252,0.252
1.644,-1.127,-15.043,0.108,0.108,0.249,0.249
1.641,-0.980,-15.046,0.116,0.116,0.252,0.252
1.639,-0.735,-15.048,0.136,0.136,0.252,0.252
1.642,-0.556,-15.046,0.131,0.131,0.249,0.249
1.644,-0.653,-15.045,0.148,0.148,0.241,0.241
1.643,-0.751,-15.046,0.145,0.145,0.255,0.255
1.642,-0.849,-15.046,0.160,0.160,0.261,0.261
1.639,-0.817,-15.048,0.145,0.145,0.253,0.253
1.639,-0.833,-15.049,0.151,0.151,0.246,0.246
1.638,-0.702,-15.050,0.146,0.146,0.233,0.233
1.636,-0.278,-15.050,0.165,0.165,0.250,0.250
1.636,0.097,-15.050,0.146,0.146,0.249,0.249
1.635,0.228,-15.050,0.166,0.166,0.230,0.230
1.633,0.212,-15.050,0.157,0.157,0.244,0.244
1.630,0.163,-15.049,0.171,0.171,0.227,0.227
1.627,0.130,-15.049,0.162,0.162,0.227,0.227
1.628,0.130,-15.049,0.194,0.194,0.226,0.226
1.631,0.130,-15.049,0.175,0.175,0.230,0.230
1.630,0.260,-15.049,0.203,0.203,0.233,0.233
1.629,0.489,-15.049,0.186,0.186,0.233,0.233
1.627,0.636,-15.048,0.209,0.209,0.237,0.237
1.626,0.668,-15.047,0.198,0.198,0.232,0.232
1.624,0.554,-15.046,0.227,0.227,0.232,0.232
1.624,0.293,-15.046,0.211,0.211,0.255,0.255
1.623,0.146,-15.046,0.235,0.235,0.237,0.237
1.623,0.228,-15.046,0.218,0.218,0.235,0.235
1.622,0.342,-15.045,0.223,0.223,0.243,0.243
1.619,0.309,-15.044,0.229,0.229,0.249,0.249
1.615,0.195,-15.043,0.240,0.240,0.246,0.246
1.617,0.228,-15.044,0.224,0.224,0.252,0.252
1.620,0.358,-15.045,0.238,0.238,0.264,0.264
1.619,0.489,-15.044,0.243,0.243,0.258,0.258
1.617,0.750,-15.043,0.243,0.243,0.247,0.247
1.615,0.864,-15.042,0.250,0.250,0.246,0.246
1.613,1.044,-15.040,0.249,0.249,0.252,0.252
1.613,1.109,-15.039,0.264,0.264,0.252,0.252
1.611,1.076,-15.037,0.244,0.244,0.250,0.250
1.611,0.815,-15.037,0.270,0.270,0.240,0.240
1.610,0.652,-15.037,0.259,0.259,0.241,0.241
1.608,0.587,-15.036,0.261,0.261,0.243,0.243
1.606,0.717,-15.034,0.252,0.252,0.247,0.247
1.603,0.930,-15.032,0.264,0.264,0.244,0.244
1.602,1.223,-15.031,0.247,0.247,0.246,0.246
1.607,1.501,-15.037,0.250,0.250,0.241,0.241
1.606,1.648,-15.036,0.243,0.243,0.233,0.233
1.605,1.729,-15.035,0.244,0.244,0.243,0.243
1.603,1.990,-15.030,0.221,0.221,0.244,0.244
1.601,2.219,-15.027,0.241,0.241,0.241,0.241
1.601,2.496,-15.026,0.221,0.221,0.244,0.244
1.600,2.611,-15.022,0.241,0.241,0.241,0.241
1.599,2.643,-15.020,0.217,0.217,0.250,0.250
1.597,2.643,-15.015,0.255,0.255,0.255,0.255
1.596,2.529,-15.014,0.223,0.223,0.267,0.267
1.594,2.382,-15.009,0.252,0.252,0.269,0.269
1.592,2.513,-15.003,0.229,0.229,0.266,0.266
1.589,2.904,-14.995,0.250,0.250,0.261,0.261
1.590,3.133,-14.999,0.217,0.217,0.264,0.264
1.595,3.165,-15.012,0.243,0.243,0.269,0.269
1.594,3.116,-15.010,0.209,0.209,0.264,0.264
1.592,3.182,-15.003,0.235,0.235,0.262,0.262
1.589,3.394,-14.995,0.212,0.212,0.267,0.267
1.588,3.671,-14.989,0.233,0.233,0.264,0.264
1.588,3.851,-14.990,0.215,0.215,0.258,0.258
1.587,3.786,-14.988,0.229,0.229,0.267,0.267
1.586,3.720,-14.982,0.218,0.218,0.258,0.258
1.585,3.998,-14.978,0.226,0.226,0.253,0.253
1.584,4.389,-14.974,0.208,0.208,0.259,0.259
1.580,4.618,-14.956,0.223,0.223,0.256,0.256
1.577,4.732,-14.944,0.220,0.220,0.252,0.252
1.581,4.928,-14.960,0.230,0.230,0.247,0.247
1.581,5.042,-14.963,0.221,0.221,0.262,0.262
1.581,5.091,-14.963,0.226,0.226,0.246,0.246
1.579,5.189,-14.955,0.227,0.227,0.247,0.247
1.577,5.418,-14.942,0.227,0.227,0.247,0.247
1.577,5.548,-14.940,0.230,0.230,0.255,0.255
1.576,5.662,-14.934,0.224,0.224,0.247,0.247
1.575,5.924,-14.929,0.226,0.226,0.247,0.247
1.574,6.136,-14.922,0.227,0.227,0.270,0.270
1.572,6.380,-14.913,0.237,0.237,0.250,0.250
1.571,6.527,-14.906,0.226,0.226,0.243,0.243
1.568,6.544,-14.887,0.235,0.235,0.250,0.250
1.567,6.625,-14.877,0.226,0.226,0.253,0.253
1.567,6.756,-14.877,0.240,0.240,0.258,0.258
1.568,6.691,-14.884,0.218,0.218,0.252,0.252
1.568,6.560,-14.889,0.243,0.243,0.258,0.258
1.566,6.527,-14.873,0.223,0.223,0.249,0.249
1.565,6.511,-14.866,0.237,0.237,0.250,0.250
1.563,6.495,-14.856,0.221,0.221,0.258,0.258
1.562,6.527,-14.848,0.241,0.241,0.255,0.255
1.562,6.511,-14.845,0.223,0.223,0.249,0.249
1.562,6.560,-14.848,0.230,0.230,0.247,0.247
1.560,6.511,-14.836,0.214,0.214,0.243,0.243
1.560,6.527,-14.831,0.223,0.223,0.227,0.227
1.557,6.511,-14.816,0.198,0.198,0.240,0.240
1.555,6.511,-14.803,0.221,0.221,0.226,0.226
1.554,6.495,-14.795,0.208,0.208,0.227,0.227
1.555,6.593,-14.800,0.217,0.217,0.226,0.226
1.556,6.854,-14.810,0.203,0.203,0.240,0.240
1.555,6.984,-14.799,0.232,0.232,0.221,0.221
1.553,6.952,-14.785,0.215,0.215,0.230,0.230
1.551,6.674,-14.776,0.227,0.227,0.243,0.243
1.551,6.544,-14.776,0.218,0.218,0.230,0.230
1.549,6.462,-14.763,0.227,0.227,0.237,0.237
1.549,6.495,-14.757,0.221,0.221,0.240,0.240
1.548,6.495,-14.755,0.217,0.217,0.238,0.238
1.547,6.429,-14.746,0.226,0.226,0.238,0.238
1.545,6.168,-14.733,0.226,0.226,0.237,0.237
1.542,6.054,-14.714,0.227,0.227,0.249,0.249
1.542,6.005,-14.716,0.217,0.217,0.246,0.246
1.544,6.038,-14.730,0.240,0.240,0.250,0.250
1.544,6.054,-14.728,0.220,0.220,0.249,0.249
1.543,6.038,-14.723,0.230,0.230,0.258,0.258
1.541,6.021,-14.711,0.221,0.221,0.249,0.249
1.540,6.038,-14.706,0.233,0.233,0.244,0.244
1.539,6.054,-14.697,0.212,0.212,0.256,0.256
1.538,6.070,-14.690,0.230,0.230,0.247,0.247
1.536,6.038,-14.681,0.214,0.214,0.247,0.247
1.536,6.070,-14.681,0.230,0.230,0.233,0.233
1.534,6.021,-14.670,0.217,0.217,0.252,0.252
1.532,6.070,-14.655,0.240,0.240,0.252,0.252
1.530,6.070,-14.646,0.224,0.224,0.250,0.250
1.529,6.038,-14.635,0.227,0.227,0.246,0.246
1.531,6.021,-14.649,0.214,0.214,0.250,0.250
1.531,6.038,-14.651,0.230,0.230,0.243,0.243
1.530,6.038,-14.644,0.209,0.209,0.230,0.230
1.529,6.054,-14.638,0.230,0.230,0.247,0.247
1.527,5.907,-14.627,0.220,0.220,0.258,0.258
1.527,5.711,-14.624,0.235,0.235,0.252,0.252
1.526,5.532,-14.618,0.217,0.217,0.252,0.252
1.525,5.385,-14.614,0.250,0.250,0.246,0.246
1.524,5.156,-14.608,0.227,0.227,0.246,0.246
1.522,5.010,-14.600,0.247,0.247,0.243,0.243
1.522,5.026,-14.599,0.233,0.233,0.278,0.278
1.519,5.026,-14.585,0.256,0.256,0.269,0.269
1.516,5.059,-14.570,0.244,0.244,0.279,0.279
1.515,5.075,-14.564,0.252,0.252,0.276,0.276
1.515,5.026,-14.566,0.249,0.249,0.276,0.276
1.518,5.042,-14.578,0.256,0.256,0.269,0.269
1.517,5.124,-14.573,0.246,0.246,0.279,0.279
1.515,5.336,-14.565,0.259,0.259,0.275,0.275
1.514,5.499,-14.556,0.258,0.258,0.264,0.264
1.514,5.581,-14.557,0.255,0.255,0.273,0.273
1.513,5.630,-14.551,0.261,0.261,0.275,0.275
1.512,5.875,-14.546,0.255,0.255,0.264,0.264
1.510,6.054,-14.537,0.267,0.267,0.261,0.261
1.510,6.070,-14.537,0.253,0.253,0.282,0.282
1.508,6.038,-14.523,0.261,0.261,0.259,0.259
1.505,6.070,-14.506,0.258,0.258,0.255,0.255
1.503,6.021,-14.494,0.255,0.255,0.262,0.262
1.503,5.940,-14.492,0.256,0.256,0.255,0.255
1.506,5.711,-14.511,0.258,0.258,0.258,0.258
1.506,5.516,-14.508,0.241,0.241,0.249,0.249
1.503,5.483,-14.495,0.258,0.258,0.276,0.276
1.502,5.532,-14.488,0.243,0.243,0.253,0.253
1.500,5.548,-14.475,0.252,0.252,0.250,0.250
1.499,5.532,-14.473,0.233,0.233,0.253,0.253
1.498,5.548,-14.467,0.259,0.259,0.255,0.255
1.498,5.516,-14.464,0.237,0.237,0.261,0.261
1.498,5.532,-14.466,0.264,0.264,0.258,0.258
1.497,5.532,-14.460,0.240,0.240,0.253,0.253
1.493,5.646,-14.439,0.255,0.255,0.249,0.249
1.491,5.875,-14.428,0.230,0.230,0.253,0.253
1.491,6.152,-14.425,0.253,0.253,0.252,0.252
1.494,6.397,-14.443,0.237,0.237,0.255,0.255
1.493,6.593,-14.439,0.255,0.255,0.256,0.256
1.492,6.886,-14.434,0.232,0.232,0.256,0.256
1.491,6.984,-14.427,0.258,0.258,0.252,0.252
1.488,7.050,-14.406,0.244,0.244,0.258,0.258
1.487,7.082,-14.399,0.246,0.246,0.256,0.256
1.486,7.311,-14.391,0.227,0.227,0.253,0.253
1.485,7.588,-14.385,0.241,0.241,0.247,0.247
1.485,7.768,-14.379,0.212,0.212,0.230,0.230
1.484,7.784,-14.374,0.217,0.217,0.237,0.237
1.481,7.849,-14.352,0.215,0.215,0.230,0.230
1.479,7.996,-14.338,0.215,0.215,0.237,0.237
1.477,7.915,-14.320,0.209,0.209,0.233,0.233
1.478,7.686,-14.328,0.218,0.218,0.230,0.230
1.479,7.490,-14.337,0.217,0.217,0.237,0.237
1.480,7.458,-14.345,0.215,0.215,0.252,0.252
1.480,7.572,-14.343,0.209,0.209,0.238,0.238
1.477,7.866,-14.321,0.215,0.215,0.237,0.237
1.476,8.094,-14.311,0.214,0.214,0.233,0.233
1.475,8.355,-14.299,0.211,0.211,0.240,0.240
1.474,8.469,-14.295,0.218,0.218,0.238,0.238
1.472,8.535,-14.280,0.217,0.217,0.235,0.235
1.472,8.584,-14.277,0.223,0.223,0.264,0.264
1.471,8.894,-14.265,0.209,0.209,0.246,0.246
1.468,9.285,-14.246,0.235,0.235,0.240,0.240
1.466,9.514,-14.225,0.211,0.211,0.247,0.247
1.465,9.498,-14.211,0.224,0.224,0.246,0.246
1.465,9.596,-14.210,0.211,0.211,0.241,0.241
1.468,9.808,-14.246,0.233,0.233,0.241,0.241
1.467,9.971,-14.236,0.203,0.203,0.243,0.243
1.465,10.004,-14.210,0.220,0.220,0.244,0.244
1.464,9.971,-14.200,0.206,0.206,0.253,0.253
1.463,9.857,-14.192,0.230,0.230,0.247,0.247
1.462,9.612,-14.181,0.209,0.209,0.249,0.249
1.461,9.465,-14.175,0.217,0.217,0.243,0.243
1.460,9.432,-14.165,0.211,0.211,0.247,0.247
1.458,9.432,-14.147,0.220,0.220,0.237,0.237
1.455,9.465,-14.121,0.195,0.195,0.246,0.246
1.454,9.432,-14.105,0.215,0.215,0.246,0.246
1.452,9.465,-14.088,0.191,0.191,0.249,0.249
1.453,9.449,-14.098,0.201,0.201,0.246,0.246
1.456,9.367,-14.124,0.192,0.192,0.247,0.247
1.454,9.139,-14.108,0.203,0.203,0.240,0.240
1.452,9.090,-14.091,0.191,0.191,0.237,0.237
1.450,9.253,-14.071,0.208,0.208,0.243,0.243
1.451,9.449,-14.075,0.200,0.200,0.247,0.247
1.449,9.514,-14.065,0.211,0.211,0.246,0.246
1.449,9.514,-14.057,0.204,0.204,0.250,0.250
1.448,9.449,-14.052,0.224,0.224,0.241,0.241
1.447,9.481,-14.044,0.218,0.218,0.272,0.272
1.445,9.465,-14.023,0.224,0.224,0.258,0.258
1.442,9.481,-13.992,0.230,0.230,0.272,0.272
1.440,9.416,-13.980,0.229,0.229,0.275,0.275
1.439,9.465,-13.967,0.233,0.233,0.264,0.264
1.443,9.465,-14.002,0.220,0.220,0.258,0.258
1.442,9.465,-13.995,0.235,0.235,0.252,0.252
1.441,9.465,-13.982,0.218,0.218,0.272,0.272
1.439,9.449,-13.964,0.220,0.220,0.258,0.258
1.438,9.579,-13.952,0.217,0.217,0.261,0.261
1.436,9.791,-13.939,0.220,0.220,0.258,0.258
1.435,9.987,-13.930,0.211,0.211,0.258,0.258
1.434,9.889,-13.920,0.229,0.229,0.258,0.258
1.435,9.742,-13.924,0.212,0.212,0.279,0.279
1.433,9.808,-13.907,0.223,0.223,0.253,0.253
1.431,9.922,-13.884,0.212,0.212,0.252,0.252
1.429,9.987,-13.867,0.224,0.224,0.247,0.247
1.428,9.971,-13.856,0.212,0.212,0.247,0.247
1.430,9.987,-13.877,0.224,0.224,0.247,0.247
1.431,9.955,-13.884,0.211,0.211,0.243,0.243
1.428,9.955,-13.863,0.227,0.227,0.270,0.270
1.427,9.955,-13.848,0.206,0.206,0.249,0.249
1.426,10.085,-13.840,0.238,0.238,0.244,0.244
1.424,10.314,-13.818,0.209,0.209,0.249,0.249
1.424,10.444,-13.817,0.237,0.237,0.244,0.244
1.423,10.526,-13.804,0.214,0.214,0.244,0.244
1.422,10.379,-13.796,0.246,0.246,0.246,0.246
1.420,10.150,-13.781,0.226,0.226,0.266,0.266
1.418,9.955,-13.753,0.237,0.237,0.250,0.250
1.417,9.906,-13.744,0.230,0.230,0.246,0.246
1.415,10.052,-13.731,0.246,0.246,0.249,0.249
1.416,10.281,-13.740,0.235,0.235,0.252,0.252
1.419,10.477,-13.766,0.252,0.252,0.252,0.252
1.417,10.460,-13.750,0.247,0.247,0.255,0.255
1.415,10.558,-13.729,0.252,0.252,0.266,0.266
1.414,10.771,-13.712,0.238,0.238,0.253,0.253
1.413,10.934,-13.704,0.250,0.250,0.244,0.244
1.412,10.901,-13.693,0.230,0.230,0.253,0.253
1.410,10.754,-13.671,0.237,0.237,0.252,0.252
1.410,10.803,-13.676,0.229,0.229,0.244,0.244
1.408,10.836,-13.650,0.224,0.224,0.224,0.224
1.406,10.656,-13.627,0.230,0.230,0.212,0.212
1.404,10.444,-13.604,0.227,0.227,0.224,0.224
1.402,10.542,-13.589,0.240,0.240,0.241,0.241
1.402,10.771,-13.584,0.238,0.238,0.226,0.226
1.404,10.868,-13.611,0.247,0.247,0.226,0.226
1.406,10.689,-13.627,0.237,0.237,0.237,0.237
1.404,10.493,-13.608,0.259,0.259,0.235,0.235
1.402,10.363,-13.587,0.252,0.252,0.224,0.224
1.401,10.101,-13.576,0.261,0.261,0.230,0.230
1.400,10.004,-13.565,0.267,0.267,0.244,0.244
1.399,9.922,-13.558,0.278,0.278,0.241,0.241
1.398,9.987,-13.546,0.267,0.267,0.243,0.243
1.396,9.987,-13.531,0.285,0.285,0.243,0.243
1.396,9.987,-13.524,0.269,0.269,0.244,0.244
1.391,10.004,-13.482,0.284,0.284,0.247,0.247
1.389,9.987,-13.454,0.256,0.256,0.249,0.249
1.389,9.987,-13.458,0.272,0.272,0.246,0.246
1.393,9.955,-13.493,0.258,0.258,0.252,0.252
1.393,9.987,-13.500,0.272,0.272,0.249,0.249
1.392,10.004,-13.485,0.244,0.244,0.273,0.273
1.390,10.004,-13.464,0.264,0.264,0.252,0.252
1.388,10.069,-13.444,0.253,0.253,0.240,0.240
1.388,10.314,-13.444,0.253,0.253,0.250,0.250
1.387,10.477,-13.438,0.247,0.247,0.250,0.250
1.386,10.412,-13.424,0.247,0.247,0.246,0.246
1.385,10.134,-13.414,0.224,0.224,0.253,0.253
1.385,9.971,-13.411,0.232,0.232,0.262,0.262
1.380,9.808,-13.367,0.235,0.235,0.252,0.252
1.378,9.547,-13.346,0.217,0.217,0.246,0.246
1.377,9.171,-13.338,0.211,0.211,0.247,0.247
1.379,8.926,-13.353,0.217,0.217,0.243,0.243
1.380,8.845,-13.363,0.208,0.208,0.252,0.252
1.380,8.747,-13.362,0.203,0.203,0.247,0.247
1.377,8.812,-13.340,0.203,0.203,0.261,0.261
1.376,8.943,-13.325,0.192,0.192,0.250,0.250
1.374,9.008,-13.311,0.195,0.195,0.249,0.249
1.374,8.975,-13.310,0.191,0.191,0.247,0.247
1.373,9.008,-13.301,0.206,0.206,0.258,0.258
1.372,8.959,-13.289,0.203,0.203,0.255,0.255
1.372,9.024,-13.293,0.215,0.215,0.272,0.272
1.370,8.975,-13.273,0.208,0.208,0.249,0.249
1.368,9.008,-13.256,0.223,0.223,0.276,0.276
1.365,8.975,-13.233,0.200,0.200,0.285,0.285
1.364,9.057,-13.218,0.224,0.224,0.270,0.270
1.367,9.302,-13.252,0.204,0.204,0.264,0.264
1.368,9.465,-13.257,0.215,0.215,0.255,0.255
1.367,9.498,-13.245,0.203,0.203,0.267,0.267
1.364,9.498,-13.224,0.221,0.221,0.243,0.243
1.362,9.367,-13.203,0.212,0.212,0.267,0.267
1.361,9.139,-13.195,0.214,0.214,0.273,0.273
1.361,8.975,-13.190,0.209,0.209,0.262,0.262
1.359,8.894,-13.176,0.217,0.217,0.256,0.256
1.359,8.975,-13.172,0.198,0.198,0.259,0.259
1.358,9.008,-13.162,0.217,0.217,0.253,0.253
1.355,8.975,-13.136,0.195,0.195,0.241,0.241
1.352,8.975,-13.116,0.215,0.215,0.246,0.246
1.352,8.959,-13.112,0.197,0.197,0.255,0.255
1.355,8.992,-13.140,0.214,0.214,0.249,0.249
1.356,8.959,-13.150,0.200,0.200,0.241,0.241
1.354,8.975,-13.132,0.217,0.217,0.246,0.246
1.353,8.943,-13.117,0.201,0.201,0.252,0.252
1.351,8.975,-13.101,0.221,0.221,0.230,0.230
1.350,8.959,-13.091,0.200,0.200,0.255,0.255
1.349,8.992,-13.080,0.227,0.227,0.253,0.253
1.348,8.910,-13.078,0.206,0.206,0.255,0.255
1.347,8.812,-13.063,0.218,0.218,0.252,0.252
1.346,9.139,-13.056,0.201,0.201,0.240,0.240
1.343,9.432,-13.027,0.221,0.221,0.252,0.252
1.340,9.547,-13.002,0.214,0.214,0.264,0.264
1.339,9.514,-12.994,0.208,0.208,0.249,0.249
1.342,9.465,-13.022,0.209,0.209,0.249,0.249
1.342,9.449,-13.022,0.211,0.211,0.252,0.252
1.342,9.465,-13.026,0.206,0.206,0.253,0.253
1.341,9.498,-13.011,0.206,0.206,0.264,0.264
1.339,9.449,-12.992,0.214,0.214,0.249,0.249
1.337,9.481,-12.978,0.200,0.200,0.244,0.244
1.337,9.481,-12.973,0.201,0.201,0.243,0.243
1.336,9.383,-12.965,0.200,0.200,0.246,0.246
1.335,9.139,-12.955,0.208,0.208,0.244,0.244
1.334,8.992,-12.946,0.197,0.197,0.230,0.230
1.333,8.959,-12.935,0.206,0.206,0.252,0.252
1.329,8.975,-12.900,0.197,0.197,0.226,0.226
1.327,8.959,-12.882,0.209,0.209,0.215,0.215
1.329,8.992,-12.896,0.189,0.189,0.229,0.229
1.329,8.975,-12.905,0.217,0.217,0.233,0.233
1.330,8.992,-12.906,0.206,0.206,0.237,0.237
1.328,8.992,-12.894,0.215,0.215,0.229,0.229
1.326,8.975,-12.877,0.204,0.204,0.249,0.249
1.324,8.959,-12.855,0.227,0.227,0.232,0.232
1.324,8.975,-12.857,0.214,0.214,0.241,0.241
1.324,8.975,-12.857,0.230,0.230,0.230,0.230
1.323,8.975,-12.845,0.217,0.217,0.237,0.237
1.322,8.992,-12.839,0.237,0.237,0.238,0.238
1.321,8.959,-12.827,0.218,0.218,0.244,0.244
1.317,8.763,-12.793,0.229,0.229,0.235,0.235
1.316,8.518,-12.784,0.224,0.224,0.252,0.252
1.314,8.567,-12.771,0.235,0.235,0.255,0.255
1.318,8.682,-12.805,0.220,0.220,0.259,0.259
1.316,8.567,-12.789,0.233,0.233,0.247,0.247
1.316,7.882,-12.786,0.233,0.233,0.255,0.255
1.315,7.148,-12.778,0.227,0.227,0.250,0.250
1.312,6.821,-12.755,0.233,0.233,0.238,0.238
1.311,6.478,-12.751,0.229,0.229,0.252,0.252
1.309,6.185,-12.741,0.237,0.237,0.259,0.259
1.309,6.038,-12.740,0.224,0.224,0.253,0.253
1.309,5.907,-12.736,0.243,0.243,0.252,0.252
1.307,5.581,-12.728,0.230,0.230,0.229,0.229
1.306,5.108,-12.719,0.246,0.246,0.250,0.250
1.303,4.667,-12.706,0.241,0.241,0.256,0.256
1.303,4.504,-12.705,0.247,0.247,0.249,0.249
1.304,4.504,-12.711,0.232,0.232,0.249,0.249
1.306,4.487,-12.718,0.249,0.249,0.249,0.249
1.304,4.259,-12.713,0.243,0.243,0.247,0.247
1.302,4.030,-12.701,0.256,0.256,0.255,0.255
1.300,3.704,-12.697,0.243,0.243,0.249,0.249
1.300,3.557,-12.693,0.269,0.269,0.246,0.246
1.298,3.639,-12.689,0.261,0.261,0.252,0.252
1.297,3.916,-12.685,0.275,0.275,0.252,0.252
1.296,4.079,-12.680,0.264,0.264,0.259,0.259
1.296,4.112,-12.681,0.293,0.293,0.276,0.276
1.294,4.079,-12.671,0.278,0.278,0.291,0.291
1.291,3.900,-12.662,0.295,0.295,0.269,0.269
1.290,3.410,-12.655,0.281,0.281,0.270,0.270
1.290,3.100,-12.656,0.296,0.296,0.269,0.269
1.293,3.002,-12.665,0.272,0.272,0.276,0.276
1.292,3.068,-12.664,0.299,0.299,0.258,0.258
1.291,3.084,-12.660,0.272,0.272,0.272,0.272
1.290,3.133,-12.655,0.291,0.291,0.249,0.249
1.287,3.100,-12.648,0.273,0.273,0.270,0.270
1.286,3.100,-12.644,0.284,0.284,0.272,0.272
1.285,2.986,-12.641,0.266,0.266,0.267,0.267
1.285,2.806,-12.640,0.276,0.276,0.256,0.256
1.284,2.643,-12.637,0.262,0.262,0.259,0.259
1.283,2.660,-12.634,0.269,0.269,0.258,0.258
1.279,2.986,-12.623,0.246,0.246,0.241,0.241
1.277,3.100,-12.618,0.270,0.270,0.258,0.258
1.277,3.165,-12.617,0.244,0.244,0.261,0.261
1.280,3.165,-12.628,0.255,0.255,0.249,0.249
1.281,3.410,-12.629,0.241,0.241,0.250,0.250
1.279,3.671,-12.624,0.250,0.250,0.247,0.247
1.277,4.079,-12.615,0.240,0.240,0.258,0.258
1.275,4.340,-12.608,0.232,0.232,0.241,0.241
1.275,4.292,-12.605,0.233,0.233,0.259,0.259
1.274,4.145,-12.603,0.227,0.227,0.252,0.252
1.273,4.079,-12.599,0.226,0.226,0.255,0.255
1.273,4.128,-12.597,0.232,0.232,0.253,0.253
1.269,4.422,-12.584,0.227,0.227,0.264,0.264
1.267,4.569,-12.572,0.230,0.230,0.255,0.255
1.265,4.520,-12.562,0.233,0.233,0.255,0.255
1.267,4.243,-12.574,0.223,0.223,0.256,0.256
1.269,3.981,-12.579,0.235,0.235,0.262,0.262
1.268,3.688,-12.577,0.215,0.215,0.256,0.256
1.266,3.639,-12.571,0.235,0.235,0.255,0.255
1.264,3.884,-12.563,0.218,0.218,0.272,0.272
1.263,4.063,-12.556,0.237,0.237,0.256,0.256
1.263,4.145,-12.556,0.223,0.223,0.253,0.253
1.262,4.063,-12.555,0.237,0.237,0.252,0.252
1.261,4.063,-12.551,0.224,0.224,0.253,0.253
1.261,4.079,-12.548,0.227,0.227,0.250,0.250
1.259,4.047,-12.540,0.218,0.218,0.233,0.233
1.255,4.292,-12.526,0.227,0.227,0.211,0.211
1.253,4.830,-12.515,0.214,0.214,0.224,0.224
1.252,5.401,-12.509,0.233,0.233,0.240,0.240
1.256,5.597,-12.531,0.220,0.220,0.243,0.243
1.256,5.597,-12.531,0.237,0.237,0.230,0.230
1.254,5.532,-12.521,0.217,0.217,0.246,0.246
1.253,5.516,-12.516,0.250,0.250,0.233,0.233
1.251,5.548,-12.504,0.237,0.237,0.224,0.224
1.250,5.613,-12.498,0.256,0.256,0.230,0.230
1.249,5.891,-12.492,0.243,0.243,0.258,0.258
1.247,6.038,-12.483,0.259,0.259,0.240,0.240
1.247,6.087,-12.480,0.256,0.256,0.244,0.244
1.247,5.924,-12.484,0.256,0.256,0.235,0.235
1.245,5.597,-12.470,0.259,0.259,0.252,0.252
1.241,5.173,-12.451,0.267,0.267,0.247,0.247
1.241,4.912,-12.449,0.267,0.267,0.252,0.252
1.243,4.569,-12.460,0.256,0.256,0.249,0.249
1.244,4.128,-12.462,0.276,0.276,0.249,0.249
1.243,3.704,-12.458,0.261,0.261,0.246,0.246
1.240,3.606,-12.449,0.261,0.261,0.276,0.276
1.239,3.884,-12.445,0.253,0.253,0.252,0.252
1.237,4.161,-12.437,0.256,0.256,0.243,0.243
1.237,4.553,-12.435,0.246,0.246,0.246,0.246
1.235,4.928,-12.427,0.249,0.249,0.249,0.249
1.235,5.091,-12.426,0.232,0.232,0.249,0.249
1.234,5.010,-12.422,0.237,0.237,0.249,0.249
1.230,4.732,-12.404,0.214,0.214,0.269,0.269
1.229,4.569,-12.396,0.224,0.224,0.252,0.252
1.226,4.520,-12.386,0.203,0.203,0.243,0.243
1.230,4.634,-12.403,0.200,0.200,0.247,0.247
1.232,4.961,-12.412,0.185,0.185,0.249,0.249
1.230,5.434,-12.403,0.192,0.192,0.249,0.249
1.229,5.548,-12.394,0.166,0.166,0.249,0.249
1.227,5.548,-12.385,0.175,0.175,0.252,0.252
1.225,5.630,-12.374,0.162,0.162,0.250,0.250
1.224,5.891,-12.370,0.180,0.180,0.255,0.255
1.224,5.956,-12.369,0.151,0.151,0.255,0.255
1.223,5.581,-12.361,0.185,0.185,0.250,0.250
1.222,4.814,-12.356,0.160,0.160,0.258,0.258
1.220,4.096,-12.350,0.183,0.183,0.273,0.273
1.218,3.720,-12.339,0.171,0.171,0.256,0.256
1.215,3.965,-12.329,0.191,0.191,0.275,0.275
1.214,4.487,-12.323,0.165,0.165,0.288,0.288
1.217,4.830,-12.341,0.185,0.185,0.275,0.275
1.217,4.814,-12.340,0.169,0.169,0.269,0.269
1.218,4.504,-12.344,0.182,0.182,0.259,0.259
1.216,4.096,-12.334,0.169,0.169,0.276,0.276
1.214,3.704,-12.326,0.183,0.183,0.252,0.252
1.212,3.541,-12.321,0.168,0.168,0.267,0.267
1.211,3.622,-12.317,0.169,0.169,0.264,0.264
1.211,3.981,-12.315,0.174,0.174,0.264,0.264
1.210,4.536,-12.313,0.172,0.172,0.258,0.258
1.208,4.846,-12.302,0.172,0.172,0.259,0.259
1.207,4.683,-12.296,0.192,0.192,0.252,0.252
1.204,4.177,-12.284,0.177,0.177,0.253,0.253
1.202,3.704,-12.277,0.185,0.185,0.249,0.249
1.205,3.606,-12.287,0.169,0.169,0.252,0.252
1.206,3.884,-12.291,0.186,0.186,0.249,0.249
1.204,4.096,-12.284,0.182,0.182,0.249,0.249
1.202,4.161,-12.275,0.177,0.177,0.255,0.255
1.200,3.998,-12.266,0.174,0.174,0.252,0.252
1.200,3.671,-12.266,0.172,0.172,0.241,0.241
1.200,3.345,-12.266,0.186,0.186,0.249,0.249
1.199,3.492,-12.262,0.168,0.168,0.246,0.246
1.198,3.737,-12.260,0.194,0.194,0.246,0.246
1.197,3.884,-12.255,0.180,0.180,0.244,0.244
1.194,3.965,-12.244,0.185,0.185,0.255,0.255
1.192,4.063,-12.235,0.182,0.182,0.255,0.255
1.190,4.014,-12.229,0.197,0.197,0.249,0.249
1.194,3.867,-12.243,0.185,0.185,0.237,0.237
1.193,3.835,-12.241,0.211,0.211,0.247,0.247
1.193,3.688,-12.239,0.195,0.195,0.252,0.252
1.192,3.622,-12.235,0.221,0.221,0.253,0.253
1.189,3.557,-12.224,0.208,0.208,0.266,0.266
1.187,3.573,-12.219,0.230,0.230,0.250,0.250
1.187,3.590,-12.217,0.220,0.220,0.243,0.243
1.186,3.508,-12.213,0.227,0.227,0.246,0.246
1.185,3.231,-12.212,0.214,0.214,0.247,0.247
1.184,3.068,-12.207,0.229,0.229,0.243,0.243
1.183,3.051,-12.204,0.203,0.203,0.227,0.227
1.179,2.986,-12.192,0.217,0.217,0.229,0.229
1.178,2.741,-12.190,0.204,0.204,0.229,0.229
1.179,2.611,-12.193,0.227,0.227,0.235,0.235
1.181,2.562,-12.199,0.206,0.206,0.224,0.224
1.180,2.708,-12.196,0.233,0.233,0.226,0.226
1.179,2.937,-12.192,0.212,0.212,0.243,0.243
1.177,3.214,-12.185,0.229,0.229,0.232,0.232
1.176,3.459,-12.183,0.211,0.211,0.218,0.218
1.174,3.671,-12.177,0.229,0.229,0.232,0.232
1.174,3.949,-12.175,0.218,0.218,0.253,0.253
1.173,4.079,-12.171,0.229,0.229,0.240,0.240
1.171,4.096,-12.165,0.224,0.224,0.240,0.240
1.170,4.079,-12.161,0.224,0.224,0.238,0.238
1.168,4.063,-12.151,0.230,0.230,0.247,0.247
1.166,3.965,-12.143,0.220,0.220,0.247,0.247
1.166,3.737,-12.143,0.238,0.238,0.250,0.250
1.169,3.492,-12.155,0.223,0.223,0.252,0.252
1.169,3.198,-12.154,0.229,0.229,0.252,0.252
1.167,3.035,-12.147,0.218,0.218,0.243,0.243
1.164,3.084,-12.140,0.233,0.233,0.269,0.269
1.164,3.068,-12.138,0.215,0.215,0.253,0.253
1.163,3.019,-12.134,0.229,0.229,0.244,0.244
1.162,2.855,-12.133,0.221,0.221,0.253,0.253
1.160,2.970,-12.128,0.235,0.235,0.250,0.250
1.160,3.133,-12.126,0.221,0.221,0.252,0.252
1.158,3.443,-12.122,0.237,0.237,0.246,0.246
1.155,3.606,-12.110,0.217,0.217,0.264,0.264
1.154,3.704,-12.105,0.232,0.232,0.252,0.252
1.153,3.916,-12.100,0.212,0.212,0.244,0.244
1.155,4.145,-12.111,0.240,0.240,0.249,0.249
1.156,4.438,-12.113,0.224,0.224,0.250,0.250
1.153,4.634,-12.102,0.241,0.241,0.250,0.250
1.153,4.944,-12.100,0.226,0.226,0.250,0.250
1.152,5.140,-12.094,0.250,0.250,0.249,0.249
1.151,5.385,-12.089,0.221,0.221,0.246,0.246
1.149,5.532,-12.080,0.252,0.252,0.246,0.246
1.149,5.385,-12.078,0.233,0.233,0.255,0.255
1.148,4.895,-12.075,0.256,0.256,0.255,0.255
1.146,4.553,-12.066,0.238,0.238,0.262,0.262
1.144,4.438,-12.056,0.273,0.273,0.273,0.273
1.141,4.520,-12.044,0.249,0.249,0.253,0.253
1.140,4.471,-12.037,0.261,0.261,0.275,0.275
1.143,4.047,-12.052,0.264,0.264,0.287,0.287
1.144,3.296,-12.055,0.266,0.266,0.270,0.270
1.142,2.725,-12.048,0.256,0.256,0.272,0.272
1.141,2.594,-12.045,0.275,0.275,0.259,0.259
1.139,2.904,-12.040,0.259,0.259,0.284,0.284
1.138,3.002,-12.037,0.258,0.258,0.255,0.255
1.136,2.725,-12.033,0.256,0.256,0.273,0.273
1.137,2.317,-12.034,0.261,0.261,0.273,0.273
1.136,1.958,-12.033,0.261,0.261,0.261,0.261
1.135,1.582,-12.030,0.255,0.255,0.259,0.259
1.132,1.370,-12.027,0.256,0.256,0.262,0.262
1.130,1.403,-12.023,0.249,0.249,0.262,0.262
1.128,1.550,-12.020,0.241,0.241,0.262,0.262
1.130,1.631,-12.024,0.247,0.247,0.255,0.255
1.132,1.648,-12.027,0.238,0.238,0.249,0.249
1.129,1.615,-12.022,0.238,0.238,0.253,0.253
1.128,1.566,-12.021,0.243,0.243,0.250,0.250
1.127,1.599,-12.018,0.237,0.237,0.275,0.275
1.126,1.517,-12.017,0.243,0.243,0.250,0.250
1.124,1.174,-12.015,0.226,0.226,0.247,0.247
1.124,0.685,-12.014,0.256,0.256,0.256,0.256
1.123,0.244,-12.014,0.229,0.229,0.258,0.258
1.121,0.097,-12.014,0.235,0.235,0.249,0.249
1.118,0.097,-12.013,0.233,0.233,0.252,0.252
1.117,0.097,-12.013,0.243,0.243,0.266,0.266
1.119,0.179,-12.014,0.224,0.224,0.258,0.258
1.120,0.130,-12.014,0.243,0.243,0.249,0.249
1.119,0.146,-12.014,0.233,0.233,0.255,0.255
1.118,0.146,-12.013,0.249,0.249,0.255,0.255
1.115,0.130,-12.013,0.230,0.230,0.258,0.258
1.114,0.146,-12.013,0.250,0.250,0.255,0.255
1.114,0.114,-12.013,0.224,0.224,0.253,0.253
1.113,0.228,-12.013,0.246,0.246,0.253,0.253
1.112,0.505,-12.012,0.217,0.217,0.256,0.256
1.111,0.620,-12.012,0.238,0.238,0.253,0.253
1.110,0.685,-12.011,0.221,0.221,0.255,0.255
1.107,0.554,-12.010,0.223,0.223,0.246,0.246
1.104,0.391,-12.008,0.206,0.206,0.235,0.235
1.103,0.440,-12.008,0.218,0.218,0.217,0.217
1.103,0.489,-12.008,0.204,0.204,0.232,0.232
1.107,0.326,-12.009,0.212,0.212,0.238,0.238
1.106,0.163,-12.009,0.209,0.209,0.241,0.241
1.105,0.130,-12.009,0.209,0.209,0.237,0.237
1.103,0.130,-12.009,0.211,0.211,0.241,0.241
1.102,0.146,-12.008,0.214,0.214,0.235,0.235
1.101,0.163,-12.008,0.221,0.221,0.243,0.243
1.099,0.114,-12.008,0.215,0.215,0.237,0.237
1.099,0.163,-12.008,0.229,0.229,0.243,0.243
1.098,0.130,-12.008,0.218,0.218,0.249,0.249
1.097,0.146,-12.008,0.235,0.235,0.246,0.246
1.094,0.228,-12.007,0.211,0.211,0.269,0.269
1.091,0.489,-12.006,0.232,0.232,0.255,0.255
1.093,0.734,-12.007,0.215,0.215,0.244,0.244
1.093,1.109,-12.007,0.235,0.235,0.249,0.249
1.094,1.468,-12.009,0.215,0.215,0.255,0.255
1.091,1.648,-12.005,0.235,0.235,0.253,0.253
1.089,1.746,-12.001,0.214,0.214,0.252,0.252
1.090,1.958,-12.002,0.237,0.237,0.247,0.247
1.089,2.235,-12.000,0.223,0.223,0.253,0.253
1.087,2.562,-11.997,0.237,0.237,0.262,0.262
1.087,2.937,-11.996,0.215,0.215,0.250,0.250
1.085,3.133,-11.991,0.233,0.233,0.253,0.253
1.084,3.231,-11.986,0.220,0.220,0.253,0.253
1.080,3.427,-11.974,0.235,0.235,0.252,0.252
1.080,3.573,-11.973,0.208,0.208,0.247,0.247
1.080,3.590,-11.973,0.240,0.240,0.255,0.255
1.082,3.606,-11.980,0.212,0.212,0.259,0.259
1.081,3.557,-11.977,0.237,0.237,0.246,0.246
1.079,3.541,-11.969,0.209,0.209,0.250,0.250
1.078,3.476,-11.965,0.237,0.237,0.249,0.249
1.076,3.361,-11.960,0.215,0.215,0.255,0.255
1.075,3.312,-11.957,0.221,0.221,0.247,0.247
1.075,3.198,-11.956,0.226,0.226,0.253,0.253
1.074,3.133,-11.951,0.227,0.227,0.253,0.253
1.074,2.970,-11.953,0.221,0.221,0.255,0.255
1.072,2.741,-11.948,0.240,0.240,0.255,0.255
1.069,2.611,-11.939,0.237,0.237,0.256,0.256
1.067,2.578,-11.935,0.241,0.241,0.276,0.276
1.067,2.578,-11.933,0.253,0.253,0.258,0.258
1.069,2.578,-11.940,0.238,0.238,0.284,0.284
1.069,2.692,-11.939,0.252,0.252,0.291,0.291
1.067,2.937,-11.934,0.238,0.238,0.276,0.276
1.065,3.182,-11.928,0.252,0.252,0.266,0.266
1.065,3.427,-11.926,0.240,0.240,0.250,0.250
1.063,3.590,-11.921,0.243,0.243,0.275,0.275
1.062,3.606,-11.917,0.241,0.241,0.259,0.259
1.061,3.606,-11.914,0.241,0.241,0.270,0.270
1.060,3.573,-11.910,0.226,0.226,0.267,0.267
1.059,3.590,-11.907,0.246,0.246,0.262,0.262
1.058,3.492,-11.903,0.229,0.229,0.259,0.259
1.055,3.231,-11.892,0.241,0.241,0.285,0.285
1.055,3.100,-11.892,0.226,0.226,0.262,0.262
1.056,2.937,-11.894,0.233,0.233,0.253,0.253
1.057,2.708,-11.899,0.223,0.223,0.258,0.258
1.055,2.480,-11.893,0.235,0.235,0.253,0.253
1.053,2.154,-11.889,0.229,0.229,0.255,0.255
1.052,1.664,-11.887,0.249,0.249,0.259,0.259
1.052,1.240,-11.886,0.218,0.218,0.264,0.264
1.050,0.946,-11.885,0.243,0.243,0.256,0.256
1.049,0.815,-11.884,0.223,0.223,0.262,0.262
1.049,0.848,-11.883,0.238,0.238,0.249,0.249
1.047,0.848,-11.882,0.220,0.220,0.256,0.256
1.046,0.799,-11.881,0.244,0.244,0.253,0.253
1.043,0.571,-11.879,0.218,0.218,0.259,0.259
1.043,0.505,-11.879,0.238,0.238,0.253,0.253
1.043,0.652,-11.879,0.230,0.230,0.256,0.256
1.045,0.848,-11.880,0.246,0.246,0.252,0.252
1.043,0.799,-11.879,0.230,0.230,0.259,0.259
1.042,0.766,-11.878,0.240,0.240,0.256,0.256
1.040,1.011,-11.877,0.233,0.233,0.241,0.241
1.039,1.517,-11.875,0.240,0.240,0.262,0.262
1.039,1.811,-11.874,0.220,0.220,0.267,0.267
1.038,1.501,-11.872,0.233,0.233,0.256,0.256
1.037,1.060,-11.871,0.212,0.212,0.252,0.252
1.035,0.717,-11.870,0.220,0.220,0.247,0.247
1.033,0.603,-11.869,0.214,0.214,0.250,0.250
1.030,0.505,-11.867,0.214,0.214,0.258,0.258
1.030,0.391,-11.867,0.203,0.203,0.233,0.233
1.030,0.489,-11.867,0.189,0.189,0.218,0.218
1.032,0.603,-11.868,0.200,0.200,0.227,0.227
1.031,0.652,-11.867,0.185,0.185,0.230,0.230
1.029,0.587,-11.866,0.195,0.195,0.229,0.229
1.028,0.293,-11.866,0.180,0.180,0.233,0.233
1.027,0.130,-11.865,0.206,0.206,0.243,0.243
1.027,0.114,-11.865,0.185,0.185,0.224,0.224
1.025,0.163,-11.865,0.201,0.201,0.240,0.240
1.024,0.326,-11.865,0.194,0.194,0.230,0.230
1.024,0.913,-11.865,0.218,0.218,0.226,0.226
1.023,1.550,-11.864,0.197,0.197,0.233,0.233
1.020,2.056,-11.858,0.215,0.215,0.229,0.229
1.018,2.284,-11.853,0.200,0.200,0.212,0.212
1.017,2.300,-11.853,0.221,0.221,0.240,0.240
1.020,2.023,-11.859,0.201,0.201,0.253,0.253
1.020,1.925,-11.857,0.223,0.223,0.244,0.244
1.017,2.039,-11.853,0.211,0.211,0.243,0.243
1.016,2.105,-11.850,0.227,0.227,0.244,0.244
1.015,2.252,-11.848,0.215,0.215,0.253,0.253
1.013,2.480,-11.843,0.227,0.227,0.232,0.232
1.012,2.725,-11.841,0.220,0.220,0.247,0.247
1.011,2.986,-11.838,0.230,0.230,0.259,0.259
1.011,3.182,-11.839,0.226,0.226,0.253,0.253
1.010,3.459,-11.835,0.221,0.221,0.253,0.253
1.008,3.541,-11.827,0.223,0.223,0.243,0.243
1.006,3.606,-11.821,0.220,0.220,0.247,0.247
1.007,3.590,-11.822,0.217,0.217,0.253,0.253
1.008,3.688,-11.826,0.221,0.221,0.235,0.235
1.008,3.884,-11.828,0.212,0.212,0.252,0.252
1.006,4.079,-11.819,0.224,0.224,0.249,0.249
1.004,4.079,-11.810,0.218,0.218,0.252,0.252
1.003,4.079,-11.806,0.204,0.204,0.267,0.267
1.001,4.047,-11.800,0.218,0.218,0.250,0.250
1.001,4.079,-11.799,0.206,0.206,0.246,0.246
1.000,4.079,-11.793,0.218,0.218,0.249,0.249
0.999,4.047,-11.790,0.206,0.206,0.252,0.252
0.996,4.063,-11.781,0.229,0.229,0.252,0.252
0.994,4.063,-11.770,0.217,0.217,0.258,0.258
0.991,4.047,-11.759,0.229,0.229,0.267,0.267
0.995,3.949,-11.773,0.229,0.229,0.279,0.279
0.996,3.737,-11.779,0.246,0.246,0.279,0.279
0.996,3.573,-11.777,0.226,0.226,0.273,0.273
0.994,3.557,-11.770,0.249,0.249,0.266,0.266
0.992,3.541,-11.765,0.226,0.226,0.272,0.272
0.991,3.557,-11.760,0.240,0.240,0.273,0.273
0.989,3.573,-11.754,0.224,0.224,0.249,0.249
0.989,3.492,-11.753,0.246,0.246,0.275,0.275
0.988,3.247,-11.749,0.230,0.230,0.279,0.279
0.987,3.100,-11.746,0.240,0.240,0.269,0.269
0.986,3.002,-11.744,0.227,0.227,0.262,0.262
0.984,3.068,-11.736,0.237,0.237,0.250,0.250
0.981,3.116,-11.728,0.214,0.214,0.258,0.258
0.980,3.068,-11.724,0.244,0.244,0.261,0.261
0.981,3.100,-11.728,0.220,0.220,0.259,0.259
0.982,3.002,-11.731,0.233,0.233,0.255,0.255
0.982,2.741,-11.731,0.221,0.221,0.259,0.259
0.981,2.627,-11.729,0.249,0.249,0.252,0.252
0.979,2.496,-11.723,0.224,0.224,0.270,0.270
0.978,2.252,-11.721,0.233,0.233,0.255,0.255
0.976,2.088,-11.718,0.221,0.221,0.250,0.250
0.976,1.990,-11.716,0.238,0.238,0.255,0.255
0.975,1.795,-11.714,0.220,0.220,0.258,0.258
0.974,1.599,-11.713,0.244,0.244,0.255,0.255
0.972,1.566,-11.710,0.229,0.229,0.255,0.255
0.970,1.631,-11.707,0.246,0.246,0.275,0.275
0.967,1.501,-11.702,0.235,0.235,0.258,0.258
0.968,1.305,-11.703,0.243,0.243,0.249,0.249
0.970,1.142,-11.706,0.240,0.240,0.258,0.258
0.970,0.979,-11.706,0.235,0.235,0.258,0.258
0.969,0.783,-11.705,0.243,0.243,0.261,0.261
0.966,0.620,-11.703,0.238,0.238,0.266,0.266
0.964,0.587,-11.702,0.240,0.240,0.261,0.261
0.963,0.620,-11.701,0.240,0.240,0.256,0.256
0.964,0.620,-11.702,0.246,0.246,0.258,0.258
0.963,0.734,-11.701,0.243,0.243,0.258,0.258
0.962,0.962,-11.700,0.237,0.237,0.258,0.258
0.960,1.223,-11.698,0.238,0.238,0.258,0.258
0.957,1.484,-11.694,0.235,0.235,0.253,0.253
0.956,1.729,-11.692,0.218,0.218,0.246,0.246
0.954,1.990,-11.689,0.224,0.224,0.233,0.233
0.956,2.137,-11.692,0.204,0.204,0.246,0.246
0.957,2.170,-11.695,0.221,0.221,0.235,0.235
0.957,2.121,-11.695,0.203,0.203,0.229,0.229
0.954,2.007,-11.689,0.230,0.230,0.232,0.232
0.953,1.795,-11.686,0.209,0.209,0.243,0.243
0.952,1.582,-11.685,0.233,0.233,0.233,0.233
0.950,1.566,-11.682,0.211,0.211,0.230,0.230
0.950,1.517,-11.682,0.244,0.244,0.243,0.243
0.949,1.272,-11.680,0.223,0.223,0.233,0.233
0.948,1.142,-11.679,0.237,0.237,0.233,0.233
0.947,0.995,-11.679,0.224,0.224,0.249,0.249
0.944,0.897,-11.675,0.246,0.246,0.244,0.244
0.941,0.962,-11.673,0.221,0.221,0.243,0.243
0.942,1.174,-11.674,0.237,0.237,0.237,0.237
0.944,1.566,-11.677,0.235,0.235,0.252,0.252
0.945,2.072,-11.677,0.238,0.238,0.252,0.252
0.943,2.692,-11.672,0.233,0.233,0.253,0.253
0.941,3.296,-11.667,0.240,0.240,0.261,0.261
0.940,3.704,-11.663,0.237,0.237,0.255,0.255
0.938,4.079,-11.658,0.230,0.230,0.259,0.259
0.938,4.536,-11.655,0.232,0.232,0.258,0.258
0.936,4.944,-11.648,0.227,0.227,0.253,0.253
0.936,5.042,-11.646,0.237,0.237,0.253,0.253
0.934,5.124,-11.638,0.229,0.229,0.253,0.253
0.931,5.042,-11.622,0.241,0.241,0.249,0.249
0.929,5.042,-11.611,0.229,0.229,0.253,0.253
0.929,5.026,-11.611,0.227,0.227,0.255,0.255
0.933,5.026,-11.632,0.221,0.221,0.249,0.249
0.932,4.961,-11.627,0.227,0.227,0.252,0.252
0.931,4.634,-11.621,0.215,0.215,0.240,0.240
0.929,4.128,-11.615,0.218,0.218,0.252,0.252
0.928,3.720,-11.608,0.215,0.215,0.256,0.256
0.925,3.492,-11.600,0.226,0.226,0.250,0.250
0.925,3.508,-11.600,0.195,0.195,0.249,0.249
0.924,3.573,-11.595,0.235,0.235,0.252,0.252
0.924,3.704,-11.594,0.214,0.214,0.258,0.258
0.921,3.949,-11.586,0.235,0.235,0.259,0.259
0.920,4.063,-11.580,0.218,0.218,0.253,0.253
0.918,4.112,-11.571,0.243,0.243,0.249,0.249
0.916,4.079,-11.563,0.226,0.226,0.275,0.275
0.917,3.965,-11.568,0.246,0.246,0.279,0.279
0.920,3.704,-11.577,0.237,0.237,0.281,0.281
0.919,3.606,-11.575,0.247,0.247,0.278,0.278
0.918,3.524,-11.572,0.229,0.229,0.279,0.279
0.916,3.557,-11.565,0.255,0.255,0.273,0.273
0.914,3.590,-11.558,0.237,0.237,0.267,0.267
0.914,3.557,-11.558,0.252,0.252,0.276,0.276
0.913,3.606,-11.553,0.226,0.226,0.270,0.270
0.912,3.443,-11.550,0.241,0.241,0.270,0.270
0.911,3.149,-11.546,0.226,0.226,0.270,0.270
0.909,2.741,-11.541,0.235,0.235,0.244,0.244
0.906,2.366,-11.533,0.230,0.230,0.262,0.262
0.904,1.860,-11.528,0.233,0.233,0.272,0.272
0.905,1.697,-11.531,0.217,0.217,0.261,0.261
0.906,1.892,-11.532,0.235,0.235,0.255,0.255
0.907,2.088,-11.535,0.217,0.217,0.255,0.255
0.906,2.252,-11.531,0.218,0.218,0.259,0.259
0.903,2.349,-11.526,0.223,0.223,0.250,0.250
0.902,2.382,-11.524,0.224,0.224,0.255,0.255
0.902,2.447,-11.523,0.223,0.223,0.267,0.267
0.901,2.562,-11.520,0.214,0.214,0.258,0.258
0.900,2.725,-11.517,0.229,0.229,0.252,0.252
0.899,2.953,-11.515,0.217,0.217,0.243,0.243
0.897,3.100,-11.510,0.230,0.230,0.256,0.256
0.893,3.198,-11.496,0.226,0.226,0.259,0.259
0.892,3.361,-11.492,0.230,0.230,0.258,0.258
0.893,3.231,-11.497,0.218,0.218,0.259,0.259
0.895,3.019,-11.503,0.232,0.232,0.255,0.255
0.894,2.725,-11.501,0.218,0.218,0.252,0.252
0.893,2.513,-11.497,0.235,0.235,0.238,0.238
0.891,2.219,-11.492,0.218,0.218,0.261,0.261
0.890,2.137,-11.491,0.237,0.237,0.262,0.262
0.889,2.072,-11.488,0.224,0.224,0.261,0.261
0.888,2.121,-11.486,0.230,0.230,0.253,0.253
0.886,2.007,-11.482,0.227,0.227,0.258,0.258
0.886,1.795,-11.482,0.240,0.240,0.252,0.252
0.886,1.615,-11.483,0.217,0.217,0.240,0.240
0.883,1.484,-11.478,0.230,0.230,0.250,0.250
0.880,1.240,-11.474,0.212,0.212,0.258,0.258
0.878,1.142,-11.471,0.221,0.221,0.229,0.229
0.882,1.093,-11.475,0.195,0.195,0.240,0.240
0.882,1.093,-11.476,0.224,0.224,0.232,0.232
0.882,1.109,-11.476,0.204,0.204,0.224,0.224
0.881,1.142,-11.474,0.221,0.221,0.252,0.252
0.879,1.109,-11.472,0.203,0.203,0.237,0.237
0.877,1.109,-11.470,0.227,0.227,0.238,0.238
0.876,1.109,-11.468,0.214,0.214,0.238,0.238
0.875,1.109,-11.468,0.224,0.224,0.250,0.250
0.874,1.109,-11.467,0.214,0.214,0.241,0.241
0.873,1.240,-11.466,0.229,0.229,0.241,0.241
0.872,1.533,-11.464,0.218,0.218,0.269,0.269
0.869,1.974,-11.458,0.215,0.215,0.246,0.246
0.867,2.252,-11.454,0.227,0.227,0.246,0.246
0.866,2.611,-11.453,0.218,0.218,0.252,0.252
0.870,2.970,-11.462,0.229,0.229,0.255,0.255
0.870,3.149,-11.464,0.218,0.218,0.255,0.255
0.868,3.051,-11.456,0.227,0.227,0.255,0.255
0.866,2.774,-11.451,0.214,0.214,0.258,0.258
0.864,2.578,-11.447,0.224,0.224,0.249,0.249
0.863,2.480,-11.442,0.212,0.212,0.256,0.256
0.863,2.235,-11.444,0.224,0.224,0.253,0.253
0.862,2.023,-11.442,0.215,0.215,0.256,0.256
0.860,1.762,-11.438,0.227,0.227,0.255,0.255
0.859,1.615,-11.436,0.218,0.218,0.255,0.255
0.855,1.582,-11.430,0.232,0.232,0.258,0.258
0.854,1.631,-11.427,0.206,0.206,0.256,0.256
0.857,1.599,-11.433,0.232,0.232,0.252,0.252
0.857,1.631,-11.433,0.209,0.209,0.252,0.252
0.856,1.582,-11.432,0.229,0.229,0.253,0.253
0.855,1.729,-11.429,0.211,0.211,0.252,0.252
0.853,2.023,-11.427,0.237,0.237,0.255,0.255
0.852,2.545,-11.424,0.208,0.208,0.255,0.255
0.851,2.970,-11.421,0.233,0.233,0.250,0.250
0.851,3.133,-11.420,0.217,0.217,0.252,0.252
0.849,3.116,-11.414,0.233,0.233,0.249,0.249
0.849,3.084,-11.414,0.211,0.211,0.255,0.255
0.847,3.068,-11.408,0.240,0.240,0.255,0.255
0.843,3.100,-11.396,0.221,0.221,0.258,0.258
0.841,2.986,-11.389,0.244,0.244,0.261,0.261
0.843,2.774,-11.395,0.227,0.227,0.267,0.267
0.843,2.627,-11.396,0.249,0.249,0.285,0.285
0.845,2.578,-11.400,0.246,0.246,0.281,0.281
0.844,2.496,-11.399,0.252,0.252,0.273,0.273
0.841,2.170,-11.391,0.246,0.246,0.275,0.275
0.840,1.697,-11.389,0.249,0.249,0.275,0.275
0.838,1.256,-11.386,0.227,0.227,0.252,0.252
0.838,0.913,-11.386,0.240,0.240,0.282,0.282
0.838,0.864,-11.386,0.235,0.235,0.279,0.279
0.837,0.962,-11.385,0.229,0.229,0.267,0.267
0.835,1.093,-11.384,0.238,0.238,0.262,0.262
0.834,1.174,-11.382,0.229,0.229,0.258,0.258
0.830,1.240,-11.377,0.226,0.226,0.269,0.269
0.829,1.468,-11.376,0.229,0.229,0.255,0.255
0.831,1.599,-11.379,0.230,0.230,0.264,0.264
0.833,1.664,-11.382,0.224,0.224,0.259,0.259
0.831,1.631,-11.380,0.224,0.224,0.256,0.256
0.828,1.582,-11.375,0.224,0.224,0.256,0.256
0.827,1.713,-11.373,0.230,0.230,0.250,0.250
0.826,1.958,-11.371,0.214,0.214,0.259,0.259
0.825,2.137,-11.370,0.237,0.237,0.253,0.253
0.825,2.170,-11.369,0.218,0.218,0.258,0.258
0.824,2.154,-11.366,0.230,0.230,0.262,0.262
0.824,2.039,-11.366,0.217,0.217,0.256,0.256
0.821,1.746,-11.361,0.243,0.243,0.252,0.252
0.817,1.615,-11.355,0.220,0.220,0.269,0.269
0.817,1.436,-11.354,0.229,0.229,0.255,0.255
0.820,1.289,-11.359,0.226,0.226,0.253,0.253
0.821,1.109,-11.359,0.246,0.246,0.258,0.258
0.820,1.060,-11.358,0.226,0.226,0.255,0.255
0.817,1.109,-11.355,0.249,0.249,0.255,0.255
0.815,1.044,-11.353,0.235,0.235,0.258,0.258
0.815,0.799,-11.353,0.246,0.246,0.273,0.273
0.814,0.652,-11.352,0.230,0.230,0.262,0.262
0.812,0.701,-11.351,0.252,0.252,0.255,0.255
0.811,1.028,-11.350,0.227,0.227,0.261,0.261
0.811,1.436,-11.349,0.243,0.243,0.261,0.261
0.808,1.631,-11.345,0.226,0.226,0.258,0.258
0.806,1.680,-11.342,0.230,0.230,0.258,0.258
0.804,1.827,-11.338,0.220,0.220,0.250,0.250
0.803,2.268,-11.337,0.220,0.220,0.243,0.243
0.808,2.594,-11.348,0.214,0.214,0.241,0.241
0.808,2.774,-11.348,0.223,0.223,0.233,0.233
0.807,2.986,-11.344,0.212,0.212,0.233,0.233
0.804,3.100,-11.336,0.209,0.209,0.233,0.233
0.802,3.019,-11.331,0.215,0.215,0.233,0.233
0.802,2.790,-11.330,0.209,0.209,0.218,0.218
0.800,2.611,-11.325,0.218,0.218,0.233,0.233
0.800,2.692,-11.325,0.218,0.218,0.253,0.253
0.799,2.904,-11.322,0.218,0.218,0.240,0.240
0.797,3.100,-11.317,0.206,0.206,0.235,0.235
0.795,3.247,-11.311,0.224,0.224,0.244,0.244
0.793,3.459,-11.304,0.215,0.215,0.252,0.252
0.792,3.704,-11.299,0.233,0.233,0.232,0.232
0.793,3.932,-11.305,0.209,0.209,0.249,0.249
0.794,4.079,-11.309,0.241,0.241,0.255,0.255
0.793,4.096,-11.304,0.212,0.212,0.252,0.252
0.792,4.177,-11.297,0.230,0.230,0.250,0.250
0.791,4.422,-11.295,0.206,0.206,0.247,0.247
0.790,4.553,-11.291,0.238,0.238,0.253,0.253
0.788,4.602,-11.282,0.218,0.218,0.252,0.252
0.788,4.569,-11.280,0.230,0.230,0.252,0.252
0.787,4.471,-11.277,0.212,0.212,0.258,0.258
0.786,4.226,-11.270,0.232,0.232,0.253,0.253
0.782,3.981,-11.258,0.215,0.215,0.258,0.258
0.779,3.704,-11.246,0.237,0.237,0.259,0.259
0.781,3.573,-11.251,0.218,0.218,0.255,0.255
0.783,3.524,-11.257,0.232,0.232,0.258,0.258
0.782,3.459,-11.257,0.211,0.211,0.255,0.255
0.782,3.231,-11.255,0.237,0.237,0.250,0.250
0.779,3.002,-11.245,0.220,0.220,0.249,0.249
0.778,2.643,-11.243,0.229,0.229,0.249,0.249
0.777,2.154,-11.240,0.223,0.223,0.266,0.266
0.776,1.729,-11.237,0.221,0.221,0.252,0.252
0.776,1.582,-11.238,0.217,0.217,0.255,0.255
0.775,1.436,-11.237,0.221,0.221,0.250,0.250
0.774,1.289,-11.236,0.221,0.221,0.256,0.256
0.771,1.125,-11.232,0.218,0.218,0.256,0.256
0.767,1.076,-11.228,0.220,0.220,0.264,0.264
0.767,1.109,-11.228,0.233,0.233,0.272,0.272
0.771,1.011,-11.232,0.246,0.246,0.264,0.264
0.770,0.701,-11.231,0.230,0.230,0.269,0.269
0.771,0.293,-11.231,0.253,0.253,0.282,0.282
0.767,0.097,-11.231,0.233,0.233,0.284,0.284
0.766,0.097,-11.230,0.246,0.246,0.275,0.275
0.764,0.228,-11.230,0.237,0.237,0.272,0.272
0.763,0.456,-11.230,0.246,0.246,0.293,0.293
0.763,0.668,-11.229,0.223,0.223,0.278,0.278
0.762,0.685,-11.229,0.232,0.232,0.261,0.261
0.761,0.652,-11.228,0.227,0.227,0.273,0.273
0.760,0.652,-11.228,0.240,0.240,0.272,0.272
0.757,0.620,-11.226,0.221,0.221,0.267,0.267
0.755,0.522,-11.225,0.244,0.244,0.264,0.264
0.754,0.309,-11.224,0.223,0.223,0.291,0.291
0.757,-0.066,-11.225,0.238,0.238,0.264,0.264
0.759,-0.311,-11.224,0.220,0.220,0.259,0.259
0.756,-0.392,-11.225,0.238,0.238,0.259,0.259
0.754,-0.294,-11.226,0.227,0.227,0.256,0.256
0.752,-0.311,-11.227,0.240,0.240,0.253,0.253
0.752,-0.294,-11.227,0.230,0.230,0.266,0.266
0.750,-0.294,-11.227,0.246,0.246,0.276,0.276
0.750,-0.311,-11.227,0.227,0.227,0.253,0.253
0.749,-0.131,-11.228,0.249,0.249,0.241,0.241
0.747,0.195,-11.228,0.227,0.227,0.261,0.261
0.743,0.538,-11.226,0.244,0.244,0.252,0.252
0.743,0.766,-11.226,0.227,0.227,0.256,0.256
0.743,1.093,-11.226,0.255,0.255,0.259,0.259
0.745,1.452,-11.229,0.229,0.229,0.273,0.273
0.746,1.746,-11.230,0.241,0.241,0.258,0.258
0.744,1.974,-11.226,0.246,0.246,0.261,0.261
0.742,2.121,-11.223,0.243,0.243,0.256,0.256
0.740,2.023,-11.219,0.244,0.244,0.262,0.262
0.740,1.680,-11.219,0.244,0.244,0.261,0.261
0.738,1.370,-11.216,0.246,0.246,0.264,0.264
0.738,1.403,-11.215,0.237,0.237,0.282,0.282
0.737,1.566,-11.213,0.237,0.237,0.256,0.256
0.735,1.729,-11.211,0.237,0.237,0.247,0.247
0.733,1.860,-11.207,0.243,0.243,0.259,0.259
0.731,1.648,-11.204,0.227,0.227,0.256,0.256
0.731,1.387,-11.204,0.230,0.230,0.252,0.252
0.731,1.403,-11.204,0.218,0.218,0.247,0.247
0.733,1.533,-11.206,0.223,0.223,0.249,0.249
0.732,1.631,-11.205,0.201,0.201,0.237,0.237
0.730,1.729,-11.201,0.224,0.224,0.232,0.232
0.727,2.056,-11.197,0.204,0.204,0.241,0.241
0.728,2.496,-11.198,0.220,0.220,0.237,0.237
0.726,3.051,-11.194,0.211,0.211,0.243,0.243
0.726,3.573,-11.192,0.227,0.227,0.237,0.237
0.725,4.063,-11.187,0.215,0.215,0.256,0.256
0.724,4.406,-11.184,0.238,0.238,0.240,0.240
0.721,4.716,-11.171,0.221,0.221,0.243,0.243
0.718,4.928,-11.158,0.244,0.244,0.241,0.241
0.717,5.059,-11.150,0.227,0.227,0.249,0.249
0.717,5.075,-11.150,0.240,0.240,0.249,0.249
0.719,5.075,-11.164,0.229,0.229,0.255,0.255
0.720,4.912,-11.168,0.243,0.243,0.259,0.259
0.717,4.716,-11.154,0.220,0.220,0.256,0.256
0.715,4.455,-11.145,0.244,0.244,0.255,0.255
0.715,4.096,-11.143,0.230,0.230,0.253,0.253
0.714,3.688,-11.141,0.240,0.240,0.253,0.253
0.713,3.443,-11.137,0.233,0.233,0.262,0.262
0.711,3.084,-11.130,0.230,0.230,0.252,0.252
0.712,2.676,-11.133,0.227,0.227,0.262,0.262
0.709,2.219,-11.126,0.218,0.218,0.261,0.261
0.706,2.056,-11.120,0.227,0.227,0.258,0.258
0.705,1.958,-11.117,0.221,0.221,0.252,0.252
0.707,1.746,-11.120,0.221,0.221,0.256,0.256
0.709,1.517,-11.123,0.221,0.221,0.253,0.253
0.707,1.256,-11.122,0.218,0.218,0.258,0.258
0.705,1.191,-11.118,0.211,0.211,0.270,0.270
0.704,1.403,-11.117,0.214,0.214,0.258,0.258
0.702,1.599,-11.114,0.206,0.206,0.253,0.253
0.702,1.648,-11.114,0.212,0.212,0.256,0.256
0.701,1.631,-11.113,0.189,0.189,0.255,0.255
0.700,1.501,-11.111,0.215,0.215,0.253,0.253
0.699,1.272,-11.110,0.201,0.201,0.253,0.253
0.698,0.979,-11.108,0.217,0.217,0.266,0.266
0.694,0.636,-11.105,0.203,0.203,0.259,0.259
0.693,0.260,-11.105,0.235,0.235,0.259,0.259
0.692,-0.213,-11.105,0.218,0.218,0.266,0.266
0.696,-0.751,-11.103,0.243,0.243,0.264,0.264
0.696,-1.208,-11.103,0.229,0.229,0.269,0.269
0.694,-1.372,-11.105,0.244,0.244,0.275,0.275
0.693,-1.372,-11.106,0.221,0.221,0.259,0.259
0.690,-1.323,-11.110,0.253,0.253,0.278,0.278
0.690,-1.290,-11.111,0.224,0.224,0.285,0.285
0.688,-1.208,-11.113,0.246,0.246,0.270,0.270
0.687,-0.964,-11.114,0.226,0.226,0.273,0.273
0.687,-0.947,-11.114,0.246,0.246,0.267,0.267
0.687,-1.045,-11.115,0.224,0.224,0.276,0.276
0.684,-0.882,-11.117,0.241,0.241,0.247,0.247
0.682,-0.327,-11.118,0.230,0.230,0.267,0.267
0.678,0.195,-11.118,0.240,0.240,0.270,0.270
0.680,0.652,-11.119,0.215,0.215,0.267,0.267
0.684,1.109,-11.122,0.238,0.238,0.266,0.266
0.682,1.517,-11.120,0.221,0.221,0.261,0.261
0.682,1.648,-11.119,0.230,0.230,0.261,0.261
0.679,1.648,-11.115,0.221,0.221,0.252,0.252
0.678,1.533,-11.113,0.237,0.237,0.258,0.258
0.676,1.240,-11.111,0.226,0.226,0.273,0.273
0.676,1.076,-11.111,0.224,0.224,0.256,0.256
0.674,1.076,-11.108,0.224,0.224,0.258,0.258
0.674,1.093,-11.108,0.227,0.227,0.249,0.249
0.672,1.028,-11.106,0.223,0.223,0.258,0.258
0.669,0.766,-11.103,0.229,0.229,0.255,0.255
0.667,0.538,-11.102,0.226,0.226,0.261,0.261
0.669,0.391,-11.103,0.227,0.227,0.258,0.258
0.670,0.456,-11.104,0.240,0.240,0.259,0.259
0.670,0.587,-11.103,0.224,0.224,0.256,0.256
0.668,0.652,-11.102,0.237,0.237,0.249,0.249
0.666,0.783,-11.101,0.218,0.218,0.262,0.262
0.665,1.076,-11.100,0.237,0.237,0.261,0.261
0.665,1.533,-11.100,0.227,0.227,0.255,0.255
0.664,1.974,-11.098,0.235,0.235,0.255,0.255
0.662,2.252,-11.094,0.226,0.226,0.259,0.259
0.662,2.382,-11.095,0.238,0.238,0.259,0.259
0.659,2.235,-11.089,0.221,0.221,0.250,0.250
0.656,2.268,-11.081,0.227,0.227,0.253,0.253
0.655,2.415,-11.079,0.215,0.215,0.262,0.262
0.655,2.660,-11.077,0.224,0.224,0.249,0.249
0.657,2.986,-11.085,0.197,0.197,0.249,0.249
0.657,3.100,-11.084,0.223,0.223,0.237,0.237
0.656,3.198,-11.080,0.200,0.200,0.233,0.233
0.654,3.459,-11.075,0.214,0.214,0.262,0.262
0.652,3.557,-11.069,0.198,0.198,0.241,0.241
0.652,3.590,-11.066,0.224,0.224,0.230,0.230
0.651,3.508,-11.064,0.204,0.204,0.243,0.243
0.650,3.165,-11.059,0.227,0.227,0.235,0.235
0.648,2.741,-11.055,0.211,0.211,0.246,0.246
0.649,2.480,-11.057,0.229,0.229,0.238,0.238
0.646,2.105,-11.050,0.215,0.215,0.266,0.266
0.643,1.762,-11.045,0.215,0.215,0.249,0.249
0.642,1.582,-11.043,0.218,0.218,0.247,0.247
0.644,1.468,-11.046,0.218,0.218,0.247,0.247
0.646,1.272,-11.049,0.218,0.218,0.252,0.252
0.644,1.109,-11.046,0.214,0.214,0.255,0.255
0.642,1.093,-11.044,0.229,0.229,0.255,0.255
0.640,1.223,-11.042,0.217,0.217,0.258,0.258
0.639,1.566,-11.041,0.218,0.218,0.261,0.261
0.639,1.941,-11.040,0.212,0.212,0.249,0.249
0.638,2.268,-11.038,0.226,0.226,0.255,0.255
0.637,2.545,-11.036,0.209,0.209,0.252,0.252
0.636,2.643,-11.032,0.227,0.227,0.247,0.247
0.633,2.611,-11.026,0.212,0.212,0.252,0.252
0.630,2.562,-11.016,0.230,0.230,0.270,0.270
0.631,2.480,-11.020,0.209,0.209,0.255,0.255
0.630,2.268,-11.019,0.226,0.226,0.247,0.247
0.634,2.007,-11.027,0.215,0.215,0.246,0.246
0.631,1.648,-11.021,0.221,0.221,0.252,0.252
0.630,1.125,-11.020,0.208,0.208,0.252,0.252
0.628,0.750,-11.018,0.221,0.221,0.253,0.253
0.627,0.473,-11.018,0.201,0.201,0.264,0.264
0.626,0.260,-11.017,0.220,0.220,0.250,0.250
0.626,0.114,-11.017,0.208,0.208,0.252,0.252
0.625,-0.115,-11.017,0.223,0.223,0.253,0.253
0.624,-0.294,-11.017,0.204,0.204,0.253,0.253
0.621,-0.360,-11.019,0.240,0.240,0.250,0.250
0.619,-0.360,-11.019,0.215,0.215,0.246,0.246
0.618,-0.131,-11.019,0.237,0.237,0.249,0.249
0.620,0.097,-11.019,0.229,0.229,0.259,0.259
0.621,0.179,-11.020,0.250,0.250,0.264,0.264
0.618,0.179,-11.019,0.232,0.232,0.282,0.282
0.620,0.146,-11.019,0.252,0.252,0.270,0.270
0.617,0.130,-11.019,0.237,0.237,0.273,0.273
0.616,0.114,-11.019,0.252,0.252,0.273,0.273
0.614,-0.050,-11.019,0.235,0.235,0.253,0.253
0.614,-0.082,-11.019,0.250,0.250,0.264,0.264
0.613,0.065,-11.019,0.240,0.240,0.293,0.293
0.612,0.163,-11.019,0.235,0.235,0.267,0.267
0.610,0.163,-11.018,0.238,0.238,0.273,0.273
0.608,0.146,-11.018,0.227,0.227,0.264,0.264
0.606,-0.066,-11.018,0.227,0.227,0.269,0.269
0.604,-0.409,-11.018,0.230,0.230,0.252,0.252
0.608,-0.588,-11.017,0.232,0.232,0.261,0.261
0.608,-0.507,-11.017,0.232,0.232,0.266,0.266
0.606,-0.343,-11.018,0.230,0.230,0.261,0.261
0.604,-0.115,-11.018,0.227,0.227,0.253,0.253
0.603,0.130,-11.018,0.230,0.230,0.259,0.259
0.601,0.179,-11.018,0.215,0.215,0.258,0.258
0.602,0.163,-11.018,0.229,0.229,0.256,0.256
0.601,0.130,-11.018,0.224,0.224,0.256,0.256
0.600,0.212,-11.017,0.221,0.221,0.261,0.261
0.598,0.473,-11.017,0.220,0.220,0.252,0.252
0.596,0.734,-11.016,0.235,0.235,0.255,0.255
0.594,0.979,-11.014,0.220,0.220,0.255,0.255
0.593,1.223,-11.012,0.238,0.238,0.261,0.261
0.594,1.484,-11.015,0.223,0.223,0.264,0.264
0.596,1.615,-11.018,0.240,0.240,0.252,0.252
0.593,1.648,-11.013,0.217,0.217,0.253,0.253
0.592,1.599,-11.011,0.243,0.243,0.258,0.258
0.590,1.599,-11.008,0.229,0.229,0.258,0.258
0.589,1.517,-11.006,0.249,0.249,0.264,0.264
0.588,1.272,-11.005,0.227,0.227,0.255,0.255
0.588,1.109,-11.005,0.256,0.256,0.256,0.256
0.587,1.158,-11.003,0.240,0.240,0.258,0.258
0.587,1.436,-11.003,0.249,0.249,0.255,0.255
0.584,1.795,-10.999,0.238,0.238,0.255,0.255
0.581,2.529,-10.992,0.250,0.250,0.256,0.256
0.583,3.378,-10.997,0.226,0.226,0.264,0.264
0.583,4.079,-10.998,0.230,0.230,0.255,0.255
0.584,4.471,-11.004,0.221,0.221,0.253,0.253
0.582,4.700,-10.996,0.227,0.227,0.235,0.235
0.581,4.928,-10.988,0.209,0.209,0.233,0.233
0.579,4.944,-10.978,0.224,0.224,0.232,0.232
0.577,4.748,-10.968,0.221,0.221,0.240,0.240
0.577,4.569,-10.970,0.223,0.223,0.261,0.261
0.575,4.520,-10.962,0.220,0.220,0.249,0.249
0.575,4.536,-10.960,0.221,0.221,0.230,0.230
0.574,4.553,-10.955,0.224,0.224,0.247,0.247
0.572,4.438,-10.949,0.215,0.215,0.240,0.240
0.569,4.259,-10.935,0.230,0.230,0.240,0.240
0.567,4.063,-10.924,0.227,0.227,0.241,0.241
0.569,3.949,-10.934,0.238,0.238,0.264,0.264
0.571,3.688,-10.941,0.223,0.223,0.247,0.247
0.571,3.590,-10.942,0.249,0.249,0.250,0.250
0.569,3.427,-10.934,0.224,0.224,0.264,0.264
0.567,3.263,-10.928,0.240,0.240,0.246,0.246
0.566,3.068,-10.923,0.226,0.226,0.250,0.250
0.565,3.035,-10.921,0.244,0.244,0.249,0.249
0.563,3.068,-10.915,0.221,0.221,0.273,0.273
0.563,3.002,-10.916,0.240,0.240,0.255,0.255
0.562,2.660,-10.912,0.227,0.227,0.249,0.249
0.560,2.170,-10.908,0.243,0.243,0.253,0.253
0.557,1.631,-10.902,0.226,0.226,0.253,0.253
0.555,1.093,-10.899,0.249,0.249,0.250,0.250
0.554,0.734,-10.898,0.233,0.233,0.253,0.253
0.558,0.489,-10.901,0.246,0.246,0.250,0.250
0.557,0.260,-10.901,0.220,0.220,0.256,0.256
0.556,0.130,-10.900,0.237,0.237,0.259,0.259
0.555,0.130,-10.900,0.227,0.227,0.258,0.258
0.553,-0.180,-10.900,0.218,0.218,0.252,0.252
0.553,-0.702,-10.901,0.230,0.230,0.252,0.252
0.551,-1.176,-10.902,0.229,0.229,0.244,0.244
0.551,-1.388,-10.902,0.215,0.215,0.243,0.243
0.550,-1.355,-10.904,0.230,0.230,0.252,0.252
0.549,-1.306,-10.905,0.221,0.221,0.261,0.261
0.546,-1.274,-10.909,0.221,0.221,0.241,0.241
0.544,-1.306,-10.911,0.221,0.221,0.253,0.253
0.542,-1.437,-10.914,0.229,0.229,0.255,0.255
0.544,-1.633,-10.911,0.230,0.230,0.262,0.262
0.546,-1.828,-10.907,0.229,0.229,0.281,0.281
0.544,-1.828,-10.912,0.247,0.247,0.279,0.279
0.543,-1.828,-10.913,0.230,0.230,0.279,0.279
0.541,-1.796,-10.917,0.237,0.237,0.281,0.281
0.540,-1.828,-10.918,0.224,0.224,0.281,0.281
0.539,-1.812,-10.921,0.235,0.235,0.281,0.281
0.538,-1.894,-10.922,0.223,0.223,0.272,0.272
0.538,-2.139,-10.922,0.230,0.230,0.273,0.273
0.536,-2.220,-10.927,0.217,0.217,0.267,0.267
0.536,-1.910,-10.926,0.232,0.232,0.275,0.275
0.532,-1.453,-10.933,0.215,0.215,0.270,0.270
0.530,-1.143,-10.936,0.230,0.230,0.266,0.266
0.530,-0.800,-10.936,0.212,0.212,0.266,0.266
0.531,-0.262,-10.935,0.220,0.220,0.264,0.264
0.533,0.212,-10.935,0.212,0.212,0.240,0.240
0.531,0.571,-10.934,0.223,0.223,0.259,0.259
0.529,0.571,-10.933,0.203,0.203,0.269,0.269
0.528,0.326,-10.933,0.227,0.227,0.255,0.255
0.526,0.130,-10.932,0.208,0.208,0.258,0.258
0.526,-0.099,-10.932,0.230,0.230,0.252,0.252
0.524,-0.294,-10.933,0.209,0.209,0.264,0.264
0.524,-0.360,-10.933,0.246,0.246,0.240,0.240
0.523,-0.131,-10.933,0.214,0.214,0.252,0.252
0.521,0.081,-10.933,0.238,0.238,0.247,0.247
0.518,-0.001,-10.933,0.223,0.223,0.256,0.256
0.519,-0.229,-10.933,0.237,0.237,0.258,0.258
0.520,-0.458,-10.932,0.224,0.224,0.244,0.244
0.521,-0.686,-10.932,0.232,0.232,0.252,0.252
0.519,-0.849,-10.933,0.226,0.226,0.264,0.264
0.517,-0.849,-10.935,0.243,0.243,0.255,0.255
0.516,-0.556,-10.936,0.221,0.221,0.258,0.258
0.514,0.016,-10.936,0.237,0.237,0.253,0.253
0.514,0.620,-10.936,0.240,0.240,0.261,0.261
0.513,1.142,-10.935,0.230,0.230,0.270,0.270
0.512,1.599,-10.934,0.233,0.233,0.261,0.261
0.510,2.088,-10.931,0.233,0.233,0.259,0.259
0.507,2.480,-10.924,0.235,0.235,0.255,0.255
0.505,2.676,-10.920,0.218,0.218,0.250,0.250
0.504,2.627,-10.915,0.230,0.230,0.252,0.252
0.507,2.725,-10.924,0.220,0.220,0.246,0.246
0.508,2.921,-10.928,0.211,0.211,0.258,0.258
0.508,3.068,-10.926,0.211,0.211,0.232,0.232
0.506,3.100,-10.919,0.212,0.212,0.240,0.240
0.504,3.019,-10.913,0.195,0.195,0.232,0.232
0.503,2.676,-10.911,0.209,0.209,0.238,0.238
0.502,2.154,-10.909,0.200,0.200,0.233,0.233
0.501,1.697,-10.907,0.218,0.218,0.244,0.244
0.500,1.468,-10.905,0.203,0.203,0.212,0.212
0.499,1.109,-10.903,0.218,0.218,0.240,0.240
0.497,0.913,-10.902,0.211,0.211,0.246,0.246
0.494,0.946,-10.900,0.224,0.224,0.238,0.238
0.492,0.962,-10.897,0.209,0.209,0.237,0.237
0.491,0.815,-10.896,0.240,0.240,0.237,0.237
0.493,0.587,-10.898,0.218,0.218,0.249,0.249
0.495,0.587,-10.899,0.233,0.233,0.233,0.233
0.493,0.603,-10.898,0.212,0.212,0.256,0.256
0.492,0.554,-10.897,0.244,0.244,0.258,0.258
0.490,0.277,-10.896,0.218,0.218,0.255,0.255
0.489,0.146,-10.896,0.230,0.230,0.252,0.252
0.489,0.114,-10.896,0.226,0.226,0.246,0.246
0.488,0.081,-10.896,0.230,0.230,0.256,0.256
0.487,0.163,-10.896,0.230,0.230,0.252,0.252
0.486,0.260,-10.896,0.230,0.230,0.246,0.246
0.483,0.407,-10.895,0.227,0.227,0.252,0.252
0.480,0.293,-10.894,0.223,0.223,0.256,0.256
0.479,-0.001,-10.894,0.218,0.218,0.258,0.258
0.484,-0.409,-10.893,0.224,0.224,0.258,0.258
0.483,-0.800,-10.893,0.226,0.226,0.249,0.249
0.481,-1.192,-10.895,0.215,0.215,0.246,0.246
0.480,-1.372,-10.896,0.224,0.224,0.250,0.250
0.478,-1.274,-10.899,0.220,0.220,0.250,0.250
0.476,-0.849,-10.901,0.221,0.221,0.250,0.250
0.476,-0.588,-10.901,0.209,0.209,0.249,0.249
0.475,-0.621,-10.902,0.221,0.221,0.269,0.269
0.475,-0.702,-10.902,0.208,0.208,0.250,0.250
0.474,-0.621,-10.903,0.212,0.212,0.241,0.241
0.471,-0.686,-10.905,0.214,0.214,0.253,0.253
0.468,-0.702,-10.907,0.224,0.224,0.253,0.253
0.466,-0.572,-10.908,0.217,0.217,0.252,0.252
0.467,-0.556,-10.907,0.237,0.237,0.256,0.256
0.469,-0.392,-10.906,0.230,0.230,0.262,0.262
0.470,-0.148,-10.906,0.249,0.249,0.275,0.275
0.468,0.097,-10.906,0.226,0.226,0.282,0.282
0.466,0.228,-10.906,0.258,0.258,0.269,0.269
0.464,0.163,-10.905,0.233,0.233,0.275,0.275
0.463,0.130,-10.905,0.247,0.247,0.266,0.266
0.463,-0.066,-10.905,0.232,0.232,0.266,0.266
0.463,-0.392,-10.905,0.247,0.247,0.253,0.253
0.461,-0.588,-10.906,0.229,0.229,0.264,0.264
0.461,-0.588,-10.906,0.255,0.255,0.278,0.278
0.458,-0.702,-10.908,0.233,0.233,0.266,0.266
0.454,-0.768,-10.911,0.249,0.249,0.258,0.258
0.455,-0.947,-10.910,0.223,0.223,0.258,0.258
0.456,-1.061,-10.909,0.244,0.244,0.259,0.259
0.458,-0.964,-10.907,0.226,0.226,0.261,0.261
0.457,-0.849,-10.908,0.237,0.237,0.259,0.259
0.454,-0.882,-10.910,0.235,0.235,0.261,0.261
0.453,-1.078,-10.912,0.235,0.235,0.255,0.255
0.452,-0.947,-10.913,0.232,0.232,0.249,0.249
0.450,-0.866,-10.914,0.244,0.244,0.276,0.276
0.450,-0.670,-10.914,0.237,0.237,0.256,0.256
0.449,-0.458,-10.915,0.240,0.240,0.241,0.241
0.447,-0.245,-10.915,0.230,0.230,0.253,0.253
0.443,-0.262,-10.916,0.232,0.232,0.256,0.256
0.441,-0.311,-10.917,0.240,0.240,0.259,0.259
0.445,-0.311,-10.916,0.226,0.226,0.256,0.256
0.446,-0.164,-10.916,0.246,0.246,0.273,0.273
0.447,0.114,-10.916,0.224,0.224,0.255,0.255
0.444,0.260,-10.915,0.237,0.237,0.249,0.249
0.442,0.489,-10.914,0.227,0.227,0.253,0.253
0.441,0.734,-10.914,0.252,0.252,0.259,0.259
0.439,0.995,-10.912,0.226,0.226,0.261,0.261
0.439,1.028,-10.912,0.230,0.230,0.258,0.258
0.438,0.832,-10.911,0.230,0.230,0.267,0.267
0.437,0.522,-10.910,0.241,0.241,0.253,0.253
0.436,0.244,-10.910,0.227,0.227,0.252,0.252
0.432,0.114,-10.909,0.240,0.240,0.258,0.258
0.429,-0.099,-10.909,0.224,0.224,0.258,0.258
0.430,-0.392,-10.909,0.237,0.237,0.249,0.249
0.431,-0.735,-10.908,0.215,0.215,0.249,0.249
0.433,-1.078,-10.906,0.230,0.230,0.237,0.237
0.431,-1.012,-10.909,0.209,0.209,0.229,0.229
0.430,-0.882,-10.910,0.221,0.221,0.243,0.243
0.430,-0.670,-10.910,0.204,0.204,0.230,0.230
0.427,-0.474,-10.911,0.223,0.223,0.229,0.229
0.427,-0.278,-10.911,0.214,0.214,0.230,0.230
0.426,-0.262,-10.912,0.217,0.217,0.246,0.246
0.424,-0.115,-10.912,0.218,0.218,0.227,0.227
0.423,0.179,-10.912,0.229,0.229,0.233,0.233
0.423,0.620,-10.912,0.217,0.217,0.238,0.238
0.419,0.962,-10.909,0.223,0.223,0.235,0.235
0.417,1.191,-10.906,0.227,0.227,0.241,0.241
0.417,1.158,-10.906,0.224,0.224,0.249,0.249
0.419,1.044,-10.909,0.215,0.215,0.246,0.246
0.420,0.799,-10.909,0.224,0.224,0.249,0.249
0.418,0.652,-10.909,0.221,0.221,0.246,0.246
0.415,0.505,-10.907,0.218,0.218,0.252,0.252
0.415,0.293,-10.906,0.224,0.224,0.255,0.255
0.413,-0.066,-10.906,0.223,0.223,0.253,0.253
0.412,-0.392,-10.906,0.233,0.233,0.281,0.281
0.412,-0.751,-10.906,0.212,0.212,0.255,0.255
0.411,-0.947,-10.908,0.238,0.238,0.244,0.244
0.410,-1.290,-10.909,0.215,0.215,0.252,0.252
0.406,-1.747,-10.915,0.227,0.227,0.247,0.247
0.405,-2.188,-10.917,0.212,0.212,0.249,0.249
0.407,-2.334,-10.912,0.237,0.237,0.250,0.250
0.408,-2.367,-10.910,0.211,0.211,0.270,0.270
0.408,-2.204,-10.910,0.232,0.232,0.252,0.252
0.406,-1.861,-10.914,0.215,0.215,0.246,0.246
0.404,-1.355,-10.917,0.227,0.227,0.249,0.249
0.403,-0.849,-10.918,0.212,0.212,0.255,0.255
0.402,-0.392,-10.919,0.229,0.229,0.264,0.264
0.401,-0.262,-10.919,0.215,0.215,0.255,0.255
0.399,-0.245,-10.920,0.227,0.227,0.269,0.269
0.398,-0.294,-10.920,0.204,0.204,0.253,0.253
0.398,-0.327,-10.920,0.227,0.227,0.246,0.246
0.396,-0.327,-10.921,0.212,0.212,0.259,0.259
0.393,-0.425,-10.922,0.229,0.229,0.249,0.249
0.392,-0.751,-10.923,0.227,0.227,0.255,0.255
0.394,-1.127,-10.920,0.246,0.246,0.255,0.255
0.396,-1.437,-10.918,0.240,0.240,0.276,0.276
0.395,-1.731,-10.920,0.249,0.249,0.275,0.275
0.393,-1.828,-10.923,0.243,0.243,0.276,0.276
0.391,-1.828,-10.927,0.243,0.243,0.270,0.270
0.390,-1.926,-10.929,0.237,0.237,0.273,0.273
0.389,-2.106,-10.931,0.249,0.249,0.273,0.273
0.388,-2.318,-10.933,0.241,0.241,0.270,0.270
0.387,-2.334,-10.934,0.238,0.238,0.293,0.293
0.386,-2.318,-10.937,0.246,0.246,0.267,0.267
0.385,-2.269,-10.940,0.237,0.237,0.264,0.264
0.380,-2.188,-10.950,0.233,0.233,0.267,0.267
0.378,-1.959,-10.955,0.233,0.233,0.264,0.264
0.381,-1.682,-10.950,0.233,0.233,0.266,0.266
0.383,-1.453,-10.946,0.223,0.223,0.259,0.259
0.383,-1.241,-10.946,0.230,0.230,0.259,0.259
0.381,-1.159,-10.949,0.220,0.220,0.253,0.253
0.379,-0.980,-10.951,0.237,0.237,0.255,0.255
0.378,-0.817,-10.952,0.224,0.224,0.258,0.258
0.377,-0.784,-10.953,0.240,0.240,0.255,0.255
0.376,-0.817,-10.953,0.227,0.227,0.255,0.255
0.375,-0.947,-10.955,0.238,0.238,0.255,0.255
0.374,-1.159,-10.955,0.230,0.230,0.256,0.256
0.372,-1.274,-10.958,0.244,0.244,0.255,0.255
0.368,-1.323,-10.963,0.238,0.238,0.258,0.258
0.366,-1.306,-10.965,0.255,0.255,0.253,0.253
0.367,-1.404,-10.964,0.252,0.252,0.255,0.255
0.371,-1.633,-10.959,0.269,0.269,0.256,0.256
0.371,-1.682,-10.958,0.250,0.250,0.264,0.264
0.367,-1.437,-10.964,0.288,0.288,0.253,0.253
0.366,-0.898,-10.965,0.262,0.262,0.255,0.255
0.366,-0.425,-10.965,0.284,0.284,0.253,0.253
0.365,-0.082,-10.966,0.267,0.267,0.253,0.253
0.365,0.244,-10.966,0.287,0.287,0.258,0.258
0.363,0.652,-10.965,0.267,0.267,0.261,0.261
0.362,0.962,-10.964,0.281,0.281,0.258,0.258
0.360,1.142,-10.962,0.273,0.273,0.258,0.258
0.356,1.142,-10.957,0.275,0.275,0.253,0.253
0.355,1.125,-10.956,0.266,0.266,0.253,0.253
0.354,1.109,-10.955,0.266,0.266,0.253,0.253
0.359,1.076,-10.960,0.261,0.261,0.255,0.255
0.357,1.060,-10.959,0.250,0.250,0.247,0.247
0.355,1.093,-10.956,0.232,0.232,0.235,0.235
0.354,1.109,-10.955,0.233,0.233,0.224,0.224
0.353,1.142,-10.954,0.229,0.229,0.244,0.244
0.351,1.093,-10.951,0.218,0.218,0.243,0.243
0.351,1.044,-10.951,0.223,0.223,0.240,0.240
0.350,0.799,-10.950,0.230,0.230,0.246,0.246
0.350,0.538,-10.951,0.238,0.238,0.241,0.241
0.349,0.244,-10.950,0.220,0.220,0.244,0.244
0.347,-0.082,-10.950,0.233,0.233,0.229,0.229
0.344,-0.294,-10.950,0.221,0.221,0.238,0.238
0.342,-0.360,-10.951,0.240,0.240,0.250,0.250
0.343,-0.131,-10.951,0.214,0.214,0.243,0.243
0.345,0.097,-10.951,0.240,0.240,0.246,0.246
0.345,0.195,-10.951,0.218,0.218,0.252,0.252
0.342,0.163,-10.950,0.237,0.237,0.250,0.250
0.341,0.163,-10.950,0.221,0.221,0.232,0.232
0.340,-0.099,-10.950,0.241,0.241,0.259,0.259
0.339,-0.409,-10.950,0.230,0.230,0.262,0.262
0.338,-0.702,-10.950,0.252,0.252,0.252,0.252
0.338,-0.882,-10.951,0.233,0.233,0.249,0.249
0.335,-0.882,-10.954,0.253,0.253,0.246,0.246
0.332,-0.849,-10.956,0.249,0.249,0.253,0.253
0.332,-0.849,-10.956,0.273,0.273,0.258,0.258
0.332,-0.800,-10.956,0.255,0.255,0.258,0.258
0.334,-0.931,-10.954,0.273,0.273,0.249,0.249
0.334,-1.176,-10.954,0.258,0.258,0.253,0.253
0.332,-1.420,-10.957,0.284,0.284,0.252,0.252
0.330,-1.796,-10.959,0.279,0.279,0.252,0.252
0.329,-2.090,-10.963,0.281,0.281,0.250,0.250
0.328,-1.943,-10.964,0.287,0.287,0.253,0.253
0.327,-1.306,-10.966,0.276,0.276,0.253,0.253
0.325,-0.311,-10.967,0.273,0.273,0.255,0.255
0.325,0.652,-10.967,0.279,0.279,0.249,0.249
0.323,1.615,-10.965,0.281,0.281,0.247,0.247
0.322,2.562,-10.962,0.284,0.284,0.270,0.270
0.318,3.557,-10.952,0.284,0.284,0.255,0.255
0.318,4.504,-10.950,0.298,0.298,0.249,0.249
0.318,5.483,-10.950,0.305,0.305,0.253,0.253
0.321,6.495,-10.968,0.302,0.302,0.261,0.261
0.321,7.572,-10.965,0.330,0.330,0.267,0.267
0.319,8.861,-10.950,0.320,0.320,0.275,0.275
0.316,10.297,-10.924,0.331,0.331,0.272,0.272
0.317,11.325,-10.935,0.324,0.324,0.279,0.279
0.316,12.109,-10.919,0.319,0.319,0.278,0.278
0.314,12.778,-10.903,0.298,0.298,0.279,0.279
0.314,13.398,-10.899,0.301,0.301,0.264,0.264
0.313,13.986,-10.881,0.273,0.273,0.276,0.276
0.311,14.720,-10.860,0.285,0.285,0.270,0.270
0.308,15.242,-10.810,0.255,0.255,0.258,0.258
0.307,15.569,-10.789,0.273,0.273,0.264,0.264
0.308,15.862,-10.811,0.237,0.237,0.264,0.264
0.310,16.319,-10.836,0.240,0.240,0.264,0.264
0.310,16.825,-10.847,0.220,0.220,0.262,0.262
0.310,17.348,-10.835,0.226,0.226,0.262,0.262
0.306,17.756,-10.778,0.197,0.197,0.255,0.255
0.306,18.000,-10.764,0.194,0.194,0.240,0.240
0.305,18.343,-10.745,0.175,0.175,0.258,0.258
0.304,18.653,-10.736,0.175,0.175,0.256,0.256
0.303,18.947,-10.708,0.146,0.146,0.255,0.255
0.302,19.306,-10.698,0.169,0.169,0.247,0.247
0.301,19.779,-10.681,0.145,0.145,0.250,0.250
0.299,20.187,-10.633,0.157,0.157,0.255,0.255
0.296,20.448,-10.579,0.137,0.137,0.270,0.270
0.297,20.677,-10.602,0.148,0.148,0.255,0.255
0.298,20.889,-10.613,0.121,0.121,0.253,0.253
0.301,21.150,-10.672,0.136,0.136,0.250,0.250
0.298,21.297,-10.621,0.130,0.130,0.256,0.256
0.296,21.428,-10.572,0.134,0.134,0.264,0.264
0.294,21.656,-10.537,0.127,0.127,0.261,0.261
0.295,21.787,-10.547,0.139,0.139,0.256,0.256
0.293,21.819,-10.518,0.125,0.125,0.259,0.259
0.293,21.803,-10.507,0.133,0.133,0.255,0.255
0.291,21.787,-10.474,0.130,0.130,0.261,0.261
0.291,21.787,-10.463,0.128,0.128,0.255,0.255
0.290,21.770,-10.435,0.128,0.128,0.273,0.273
0.287,21.770,-10.386,0.113,0.113,0.255,0.255
0.285,21.754,-10.344,0.134,0.134,0.250,0.250
0.287,21.803,-10.381,0.118,0.118,0.258,0.258
0.290,21.787,-10.448,0.125,0.125,0.253,0.253
0.288,21.770,-10.398,0.114,0.114,0.241,0.241
0.287,21.803,-10.372,0.127,0.127,0.227,0.227
0.286,21.803,-10.349,0.116,0.116,0.212,0.212
0.284,21.884,-10.321,0.137,0.137,0.223,0.223
0.283,22.129,-10.297,0.134,0.134,0.250,0.250
0.282,22.276,-10.279,0.162,0.162,0.232,0.232
0.283,22.423,-10.290,0.156,0.156,0.243,0.243
0.282,22.619,-10.261,0.179,0.179,0.232,0.232
0.281,22.880,-10.250,0.172,0.172,0.241,0.241
0.280,23.223,-10.216,0.194,0.194,0.212,0.212
0.278,23.810,-10.175,0.174,0.174,0.237,0.237
0.275,24.545,-10.097,0.201,0.201,0.249,0.249
0.277,25.197,-10.153,0.191,0.191,0.243,0.243
0.279,25.752,-10.216,0.208,0.208,0.243,0.243
0.278,26.209,-10.188,0.188,0.188,0.238,0.238
0.278,26.715,-10.172,0.214,0.214,0.241,0.241
0.276,27.140,-10.115,0.198,0.198,0.244,0.244
0.275,27.678,-10.093,0.206,0.206,0.246,0.246
0.274,28.135,-10.062,0.197,0.197,0.255,0.255
0.274,28.755,-10.059,0.208,0.208,0.252,0.252
0.272,29.669,-10.023,0.209,0.209,0.255,0.255
0.272,31.056,-10.004,0.200,0.200,0.255,0.255
0.270,32.427,-9.961,0.214,0.214,0.253,0.253
0.268,33.635,-9.892,0.211,0.211,0.255,0.255
0.266,34.614,-9.806,0.212,0.212,0.252,0.252
0.270,35.512,-9.939,0.212,0.212,0.250,0.250
0.270,36.491,-9.964,0.235,0.235,0.253,0.253
0.270,37.568,-9.951,0.218,0.218,0.252,0.252
0.269,38.923,-9.911,0.233,0.233,0.247,0.247
0.267,40.473,-9.846,0.218,0.218,0.256,0.256
0.266,42.219,-9.798,0.230,0.230,0.253,0.253
0.266,43.884,-9.800,0.211,0.211,0.247,0.247
0.265,45.402,-9.742,0.227,0.227,0.243,0.243
0.264,46.772,-9.692,0.214,0.214,0.252,0.252
0.264,47.980,-9.725,0.224,0.224,0.249,0.249
0.261,49.188,-9.576,0.211,0.211,0.238,0.238
0.259,50.200,-9.448,0.235,0.235,0.252,0.252
0.258,50.885,-9.403,0.221,0.221,0.262,0.262
0.259,51.277,-9.486,0.235,0.235,0.253,0.253
0.263,51.440,-9.651,0.218,0.218,0.258,0.258
0.263,51.783,-9.651,0.253,0.253,0.259,0.259
0.259,52.109,-9.468,0.227,0.227,0.270,0.270
0.259,52.419,-9.472,0.258,0.258,0.287,0.287
0.258,52.648,-9.393,0.237,0.237,0.284,0.284
0.258,52.778,-9.428,0.252,0.252,0.273,0.273
0.256,52.778,-9.318,0.241,0.241,0.275,0.275
0.256,52.648,-9.308,0.255,0.255,0.261,0.261
0.256,52.517,-9.274,0.240,0.240,0.273,0.273
0.255,52.387,-9.241,0.249,0.249,0.264,0.264
0.253,51.979,-9.127,0.241,0.241,0.287,0.287
0.250,51.391,-9.002,0.244,0.244,0.270,0.270
0.250,50.771,-8.985,0.224,0.224,0.267,0.267
0.252,50.412,-9.084,0.246,0.246,0.258,0.258
0.254,49.939,-9.189,0.224,0.224,0.266,0.266
0.253,49.253,-9.154,0.235,0.235,0.262,0.262
0.251,48.600,-9.044,0.237,0.237,0.258,0.258
0.250,48.062,-9.009,0.230,0.230,0.275,0.275
0.249,47.621,-8.960,0.240,0.240,0.256,0.256
0.249,47.099,-8.958,0.227,0.227,0.255,0.255
0.249,46.528,-8.925,0.238,0.238,0.259,0.259
0.248,45.679,-8.895,0.226,0.226,0.261,0.261
0.248,44.781,-8.899,0.227,0.227,0.258,0.258
0.245,44.031,-8.755,0.226,0.226,0.247,0.247
0.243,43.345,-8.691,0.238,0.238,0.272,0.272
0.242,42.790,-8.653,0.221,0.221,0.256,0.256
0.247,42.121,-8.865,0.238,0.238,0.250,0.250
0.247,41.354,-8.840,0.227,0.227,0.258,0.258
0.247,40.604,-8.831,0.243,0.243,0.255,0.255
0.245,39.967,-8.751,0.224,0.224,0.256,0.256
0.244,39.559,-8.726,0.246,0.246,0.253,0.253
0.243,39.461,-8.680,0.229,0.229,0.266,0.266
0.243,39.461,-8.676,0.243,0.243,0.255,0.255
0.241,39.494,-8.627,0.230,0.230,0.259,0.259
0.243,39.608,-8.669,0.253,0.253,0.258,0.258
0.240,39.836,-8.564,0.232,0.232,0.259,0.259
0.238,40.081,-8.499,0.249,0.249,0.258,0.258
0.235,40.326,-8.371,0.232,0.232,0.261,0.261
0.239,40.473,-8.514,0.252,0.252,0.246,0.246
0.240,40.522,-8.566,0.223,0.223,0.250,0.250
0.241,40.473,-8.615,0.244,0.244,0.250,0.250
0.240,40.375,-8.574,0.215,0.215,0.250,0.250
0.238,40.114,-8.504,0.229,0.229,0.229,0.229
0.237,39.967,-8.438,0.204,0.204,0.227,0.227
0.237,39.967,-8.433,0.229,0.229,0.230,0.230
0.235,39.951,-8.386,0.212,0.212,0.226,0.226
0.236,39.967,-8.391,0.217,0.217,0.230,0.230
0.235,39.967,-8.370,0.224,0.224,0.241,0.241
0.236,40.081,-8.394,0.217,0.217,0.232,0.232
0.233,40.408,-8.286,0.227,0.227,0.241,0.241
0.231,40.881,-8.207,0.214,0.214,0.230,0.230
0.229,41.452,-8.136,0.233,0.233,0.241,0.241
0.230,42.040,-8.166,0.217,0.217,0.240,0.240
0.234,42.872,-8.332,0.229,0.229,0.235,0.235
0.233,43.639,-8.293,0.206,0.206,0.243,0.243
0.234,44.080,-8.340,0.232,0.232,0.247,0.247
0.231,44.455,-8.228,0.214,0.214,0.252,0.252
0.231,44.830,-8.212,0.230,0.230,0.264,0.264
0.231,45.353,-8.203,0.226,0.226,0.252,0.252
0.231,45.826,-8.190,0.240,0.240,0.244,0.244
0.230,46.348,-8.153,0.220,0.220,0.252,0.252
0.229,46.756,-8.133,0.233,0.233,0.255,0.255
0.228,46.887,-8.080,0.223,0.223,0.255,0.255
0.225,47.034,-7.940,0.235,0.235,0.249,0.249
0.224,47.180,-7.874,0.214,0.214,0.258,0.258
0.225,47.376,-7.915,0.241,0.241,0.256,0.256
0.228,47.409,-8.069,0.224,0.224,0.256,0.256
0.229,47.393,-8.113,0.243,0.243,0.255,0.255
0.226,47.442,-7.970,0.218,0.218,0.252,0.252
0.226,47.719,-7.959,0.244,0.244,0.246,0.246
0.225,47.931,-7.926,0.224,0.224,0.250,0.250
0.224,48.323,-7.897,0.230,0.230,0.249,0.249
0.224,48.698,-7.898,0.224,0.224,0.256,0.256
0.224,48.976,-7.900,0.230,0.230,0.255,0.255
0.224,49.220,-7.876,0.214,0.214,0.249,0.249
0.223,49.367,-7.817,0.229,0.229,0.253,0.253
0.219,49.351,-7.647,0.220,0.220,0.250,0.250
0.218,49.351,-7.575,0.227,0.227,0.249,0.249
0.222,49.318,-7.789,0.232,0.232,0.255,0.255
0.224,49.253,-7.858,0.233,0.233,0.255,0.255
0.223,48.976,-7.851,0.246,0.246,0.267,0.267
0.223,48.764,-7.827,0.233,0.233,0.264,0.264
0.221,48.470,-7.741,0.249,0.249,0.279,0.279
0.221,48.339,-7.717,0.237,0.237,0.267,0.267
0.219,48.307,-7.653,0.243,0.243,0.276,0.276
0.220,48.307,-7.695,0.243,0.243,0.259,0.259
0.220,48.356,-7.659,0.249,0.249,0.276,0.276
0.220,48.339,-7.690,0.241,0.241,0.273,0.273
0.220,48.453,-7.663,0.247,0.247,0.276,0.276
0.217,48.682,-7.540,0.230,0.230,0.267,0.267
0.215,48.959,-7.443,0.241,0.241,0.264,0.264
0.213,49.204,-7.352,0.224,0.224,0.275,0.275
0.217,49.351,-7.537,0.240,0.240,0.264,0.264
0.220,49.384,-7.676,0.227,0.227,0.266,0.266
0.218,49.351,-7.597,0.227,0.227,0.264,0.264
0.218,49.253,-7.566,0.226,0.226,0.269,0.269
0.218,48.910,-7.563,0.246,0.246,0.258,0.258
0.216,48.404,-7.471,0.221,0.221,0.270,0.270
0.216,47.784,-7.468,0.247,0.247,0.261,0.261
0.216,47.001,-7.472,0.227,0.227,0.249,0.249
0.215,46.348,-7.428,0.250,0.250,0.247,0.247
0.215,45.842,-7.449,0.227,0.227,0.253,0.253
0.213,45.271,-7.354,0.269,0.269,0.249,0.249
0.211,44.700,-7.251,0.249,0.249,0.250,0.250
0.208,44.243,-7.123,0.273,0.273,0.255,0.255
0.213,43.900,-7.333,0.252,0.252,0.256,0.256
0.216,43.541,-7.466,0.275,0.275,0.267,0.267
0.216,43.394,-7.471,0.261,0.261,0.255,0.255
0.214,43.264,-7.393,0.259,0.259,0.252,0.252
0.212,43.084,-7.306,0.261,0.261,0.258,0.258
0.213,42.921,-7.333,0.264,0.264,0.255,0.255
0.213,42.888,-7.356,0.252,0.252,0.261,0.261
0.212,43.003,-7.286,0.266,0.266,0.259,0.259
0.212,43.247,-7.302,0.255,0.255,0.264,0.264
0.212,43.313,-7.309,0.258,0.258,0.255,0.255
0.211,43.117,-7.283,0.252,0.252,0.253,0.253
0.208,42.823,-7.136,0.256,0.256,0.258,0.258
0.207,42.578,-7.080,0.250,0.250,0.258,0.258
0.207,42.415,-7.084,0.238,0.238,0.276,0.276
0.213,42.415,-7.347,0.237,0.237,0.255,0.255
0.213,42.431,-7.330,0.223,0.223,0.246,0.246
0.212,42.431,-7.282,0.218,0.218,0.249,0.249
0.211,42.431,-7.246,0.204,0.204,0.240,0.240
0.210,42.431,-7.224,0.212,0.212,0.238,0.238
0.210,42.431,-7.198,0.200,0.200,0.235,0.235
0.209,42.431,-7.161,0.208,0.208,0.233,0.233
0.209,42.415,-7.175,0.200,0.200,0.238,0.238
0.209,42.546,-7.171,0.215,0.215,0.250,0.250
0.209,42.774,-7.191,0.195,0.195,0.238,0.238
0.207,42.921,-7.093,0.220,0.220,0.241,0.241
0.205,43.052,-6.997,0.201,0.201,0.230,0.230
0.203,43.313,-6.936,0.223,0.223,0.240,0.240
0.205,43.411,-7.002,0.197,0.197,0.223,0.223
0.210,43.443,-7.200,0.223,0.223,0.247,0.247
0.210,43.411,-7.241,0.203,0.203,0.258,0.258
0.209,43.427,-7.163,0.227,0.227,0.249,0.249
0.207,43.508,-7.092,0.211,0.211,0.252,0.252
0.207,43.770,-7.094,0.233,0.233,0.247,0.247
0.207,43.916,-7.074,0.220,0.220,0.255,0.255
0.207,43.998,-7.081,0.226,0.226,0.244,0.244
0.207,43.949,-7.103,0.220,0.220,0.255,0.255
0.206,43.884,-7.037,0.224,0.224,0.266,0.266
0.205,43.868,-6.983,0.221,0.221,0.258,0.258
0.203,43.900,-6.895,0.220,0.220,0.258,0.258
0.202,43.786,-6.861,0.232,0.232,0.246,0.246
0.203,43.672,-6.902,0.223,0.223,0.252,0.252
0.207,43.721,-7.100,0.227,0.227,0.259,0.259
0.207,43.916,-7.107,0.232,0.232,0.252,0.252
0.206,43.965,-7.061,0.241,0.241,0.258,0.258
0.205,43.949,-7.005,0.243,0.243,0.255,0.255
0.205,43.868,-6.988,0.258,0.258,0.253,0.253
0.205,43.998,-7.000,0.252,0.252,0.240,0.240
0.205,44.243,-7.013,0.272,0.272,0.253,0.253
0.205,44.373,-7.007,0.256,0.256,0.258,0.258
0.205,44.422,-7.004,0.285,0.285,0.250,0.250
0.203,44.292,-6.913,0.273,0.273,0.250,0.250
0.201,44.096,-6.806,0.293,0.293,0.252,0.252
0.200,44.145,-6.768,0.284,0.284,0.256,0.256
0.200,44.324,-6.771,0.311,0.311,0.243,0.243
0.204,44.357,-6.960,0.301,0.301,0.255,0.255
0.206,44.014,-7.042,0.320,0.320,0.262,0.262
0.206,43.655,-7.041,0.313,0.313,0.259,0.259
0.205,43.264,-6.989,0.339,0.339,0.284,0.284
0.204,43.035,-6.958,0.313,0.313,0.276,0.276
0.204,42.790,-6.943,0.343,0.343,0.272,0.272
0.203,42.595,-6.909,0.314,0.314,0.276,0.276
0.203,42.415,-6.900,0.327,0.327,0.276,0.276
0.203,42.399,-6.905,0.305,0.305,0.269,0.269
0.203,42.513,-6.929,0.314,0.314,0.276,0.276
0.201,42.660,-6.822,0.290,0.290,0.269,0.269
0.199,42.578,-6.743,0.301,0.301,0.262,0.262
0.198,42.497,-6.717,0.278,0.278,0.270,0.270
0.202,42.382,-6.875,0.284,0.284,0.269,0.269
0.205,42.497,-7.011,0.252,0.252,0.273,0.273
0.205,42.741,-6.985,0.264,0.264,0.262,0.262
0.204,42.921,-6.949,0.235,0.235,0.262,0.262
0.203,42.970,-6.922,0.237,0.237,0.255,0.255
0.203,42.954,-6.895,0.215,0.215,0.256,0.256
0.203,42.823,-6.896,0.223,0.223,0.253,0.253
0.203,42.480,-6.932,0.201,0.201,0.270,0.270
0.203,42.089,-6.912,0.198,0.198,0.261,0.261
0.203,41.811,-6.933,0.172,0.172,0.253,0.253
0.202,41.501,-6.858,0.171,0.171,0.258,0.258
0.199,41.109,-6.758,0.157,0.157,0.258,0.258
0.199,40.865,-6.757,0.160,0.160,0.253,0.253
0.201,40.571,-6.837,0.159,0.159,0.258,0.258
0.205,40.440,0.000,0.136,0.136,0.246,0.246
0.204,40.522,0.042,0.151,0.151,0.256,0.256
0.203,40.799,0.059,0.130,0.130,0.266,0.266
0.203,41.060,0.071,0.139,0.139,0.259,0.259
0.202,41.354,0.089,0.121,0.121,0.247,0.247
0.203,41.468,0.056,0.150,0.150,0.250,0.250
0.203,41.501,0.048,0.145,0.145,0.250,0.250
0.203,41.485,0.078,0.166,0.166,0.250,0.250
0.203,41.436,0.060,0.163,0.163,0.255,0.255
0.202,41.452,0.114,0.179,0.179,0.258,0.258
0.199,41.420,0.216,0.168,0.168,0.253,0.253
0.198,41.468,0.268,0.185,0.185,0.247,0.247
0.200,41.436,0.211,0.172,0.172,0.252,0.252
0.203,41.452,0.071,0.192,0.192,0.252,0.252
0.204,41.338,0.008,0.163,0.163,0.253,0.253
0.204,41.028,0.038,0.191,0.191,0.243,0.243
0.204,40.620,0.022,0.172,0.172,0.223,0.223
0.202,40.310,0.100,0.194,0.194,0.233,0.233
0.203,40.065,0.061,0.179,0.179,0.233,0.233
0.202,39.853,0.106,0.208,0.208,0.227,0.227
0.203,39.543,0.077,0.191,0.191,0.224,0.224
0.204,39.135,0.047,0.212,0.212,0.246,0.246
0.203,38.972,0.083,0.198,0.198,0.232,0.232
0.202,38.939,0.116,0.221,0.221,0.227,0.227
0.199,38.890,0.231,0.218,0.218,0.235,0.235
0.198,38.645,0.265,0.224,0.224,0.235,0.235
0.203,38.498,0.053,0.229,0.229,0.244,0.244
0.205,38.449,-0.003,0.232,0.232,0.237,0.237
0.206,38.580,-0.035,0.233,0.233,0.259,0.259
0.205,38.743,-0.011,0.227,0.227,0.244,0.244
0.204,38.678,0.027,0.235,0.235,0.246,0.246
0.203,38.547,0.060,0.223,0.223,0.249,0.249
0.204,38.384,0.036,0.218,0.218,0.252,0.252
0.204,38.139,0.014,0.209,0.209,0.252,0.252
0.204,37.992,0.023,0.215,0.215,0.247,0.247
0.204,37.878,0.022,0.197,0.197,0.267,0.267
0.201,37.666,0.161,0.209,0.209,0.247,0.247
0.200,37.519,0.163,0.194,0.194,0.246,0.246
0.200,37.486,0.178,0.206,0.206,0.247,0.247
0.206,37.405,-0.045,0.177,0.177,0.249,0.249
0.207,37.176,-0.067,0.203,0.203,0.249,0.249
0.206,37.029,-0.038,0.185,0.185,0.252,0.252
0.206,36.964,-0.044,0.192,0.192,0.233,0.233
0.205,36.997,-0.004,0.180,0.180,0.252,0.252
0.205,36.915,-0.006,0.197,0.197,0.253,0.253
0.205,36.687,-0.000,0.177,0.177,0.249,0.249
0.205,36.524,-0.014,0.200,0.200,0.246,0.246
0.206,36.491,-0.055,0.186,0.186,0.253,0.253
0.206,36.507,-0.028,0.201,0.201,0.247,0.247
0.204,36.426,0.023,0.182,0.182,0.241,0.241
0.202,36.197,0.085,0.217,0.217,0.243,0.243
0.202,36.050,0.104,0.189,0.189,0.244,0.244
0.205,35.936,-0.008,0.214,0.214,0.249,0.249
0.209,35.675,-0.150,0.197,0.197,0.256,0.256
0.209,35.561,-0.142,0.221,0.221,0.256,0.256
0.209,35.544,-0.147,0.212,0.212,0.258,0.258
0.207,35.642,-0.082,0.230,0.230,0.273,0.273
0.208,35.887,-0.100,0.220,0.220,0.270,0.270
0.207,36.067,-0.070,0.230,0.230,0.246,0.246
0.208,36.083,-0.125,0.221,0.221,0.276,0.276
0.209,36.067,-0.145,0.232,0.232,0.279,0.279
0.208,36.050,-0.104,0.229,0.229,0.262,0.262
0.208,35.952,-0.112,0.227,0.227,0.269,0.269
0.204,35.708,0.014,0.230,0.230,0.264,0.264
0.204,35.512,0.019,0.224,0.224,0.270,0.270
0.206,35.512,-0.045,0.227,0.227,0.250,0.250
0.208,35.430,-0.101,0.227,0.227,0.258,0.258
0.212,35.202,-0.244,0.237,0.237,0.270,0.270
0.210,35.055,-0.195,0.232,0.232,0.261,0.261
0.211,35.022,-0.205,0.226,0.226,0.258,0.258
0.210,35.038,-0.189,0.227,0.227,0.252,0.252
0.210,35.087,-0.174,0.233,0.233,0.259,0.259
0.211,34.973,-0.201,0.215,0.215,0.253,0.253
0.210,34.728,-0.198,0.241,0.241,0.255,0.255
0.212,34.549,-0.236,0.230,0.230,0.262,0.262
0.211,34.549,-0.208,0.232,0.232,0.252,0.252
0.207,34.435,-0.096,0.229,0.229,0.247,0.247
0.206,34.222,-0.061,0.240,0.240,0.241,0.241
0.211,34.108,-0.218,0.226,0.226,0.255,0.255
0.213,34.043,-0.274,0.243,0.243,0.255,0.255
0.215,33.978,-0.362,0.229,0.229,0.255,0.255
0.213,33.847,-0.289,0.252,0.252,0.252,0.252
0.213,33.831,-0.297,0.223,0.223,0.250,0.250
0.214,33.602,-0.312,0.246,0.246,0.253,0.253
0.213,33.260,-0.269,0.227,0.227,0.246,0.246
0.213,33.064,-0.297,0.250,0.250,0.255,0.255
0.214,33.031,-0.328,0.227,0.227,0.252,0.252
0.215,33.080,-0.354,0.259,0.259,0.253,0.253
0.215,33.096,-0.336,0.238,0.238,0.258,0.258
0.212,33.096,-0.260,0.246,0.246,0.250,0.250
0.211,33.096,-0.227,0.241,0.241,0.256,0.256
0.211,33.080,-0.210,0.253,0.253,0.247,0.247
0.216,32.998,-0.369,0.227,0.227,0.252,0.252
0.219,32.754,-0.493,0.241,0.241,0.249,0.249
0.218,32.590,-0.437,0.232,0.232,0.255,0.255
0.217,32.574,-0.415,0.224,0.224,0.246,0.246
0.216,32.509,-0.387,0.211,0.211,0.227,0.227
0.217,32.264,-0.403,0.229,0.229,0.224,0.224
0.217,32.133,-0.431,0.220,0.220,0.230,0.230
0.217,32.052,-0.402,0.212,0.212,0.232,0.232
0.218,32.117,-0.448,0.220,0.220,0.212,0.212
0.218,32.117,-0.460,0.218,0.218,0.244,0.244
0.217,32.133,-0.424,0.229,0.229,0.244,0.244
0.217,32.036,-0.406,0.211,0.211,0.237,0.237
0.214,31.791,-0.310,0.230,0.230,0.230,0.230
0.217,31.725,-0.423,0.218,0.218,0.237,0.237
0.222,31.921,-0.560,0.224,0.224,0.244,0.244
0.222,32.101,-0.567,0.209,0.209,0.224,0.224
0.222,32.166,-0.571,0.241,0.241,0.246,0.246
0.221,32.150,-0.535,0.220,0.220,0.253,0.253
0.221,32.117,-0.544,0.233,0.233,0.247,0.247
0.221,32.117,-0.553,0.224,0.224,0.247,0.247
0.221,32.182,-0.559,0.238,0.238,0.249,0.249
0.223,32.460,-0.603,0.218,0.218,0.249,0.249
0.222,32.590,-0.586,0.233,0.233,0.230,0.230
0.222,32.639,-0.588,0.224,0.224,0.256,0.256
0.220,32.541,-0.501,0.241,0.241,0.259,0.259
0.218,32.264,-0.433,0.223,0.223,0.252,0.252
0.222,32.117,-0.589,0.246,0.246,0.247,0.247
0.226,32.068,-0.688,0.229,0.229,0.256,0.256
0.227,32.117,-0.736,0.237,0.237,0.249,0.249
0.226,32.117,-0.706,0.217,0.217,0.247,0.247
0.225,32.133,-0.672,0.240,0.240,0.252,0.252
0.226,32.003,-0.693,0.224,0.224,0.255,0.255
0.226,31.791,-0.690,0.229,0.229,0.253,0.253
0.226,31.595,-0.691,0.230,0.230,0.249,0.249
0.227,31.628,-0.743,0.229,0.229,0.243,0.243
0.227,31.628,-0.721,0.227,0.227,0.247,0.247
0.227,31.660,-0.743,0.227,0.227,0.240,0.240
0.224,31.628,-0.655,0.226,0.226,0.249,0.249
0.223,31.644,-0.613,0.227,0.227,0.247,0.247
0.228,31.709,-0.757,0.223,0.223,0.255,0.255
0.230,31.954,-0.841,0.227,0.227,0.252,0.252
0.232,32.199,-0.887,0.226,0.226,0.252,0.252
0.231,32.492,-0.869,0.227,0.227,0.256,0.256
0.231,32.672,-0.873,0.246,0.246,0.252,0.252
0.230,33.064,-0.835,0.238,0.238,0.275,0.275
0.231,33.455,-0.853,0.261,0.261,0.288,0.288
0.231,33.716,-0.877,0.252,0.252,0.279,0.279
0.232,33.961,-0.901,0.278,0.278,0.270,0.270
0.232,34.173,-0.911,0.264,0.264,0.273,0.273
0.232,34.451,-0.902,0.273,0.273,0.259,0.259
0.230,34.565,-0.840,0.264,0.264,0.250,0.250
0.229,34.598,-0.796,0.273,0.273,0.264,0.264
0.231,34.598,-0.850,0.255,0.255,0.273,0.273
0.234,34.581,-0.968,0.270,0.270,0.266,0.266
0.236,34.581,-1.046,0.252,0.252,0.264,0.264
0.238,34.581,-1.093,0.259,0.259,0.261,0.261
0.237,34.549,-1.077,0.250,0.250,0.262,0.262
0.237,34.549,-1.083,0.258,0.258,0.253,0.253
0.236,34.581,-1.049,0.240,0.240,0.253,0.253
0.238,34.663,-1.107,0.255,0.255,0.258,0.258
0.238,34.892,-1.104,0.233,0.233,0.256,0.256
0.240,35.153,-1.156,0.252,0.252,0.249,0.249
0.239,35.430,-1.125,0.230,0.230,0.252,0.252
0.237,35.446,-1.060,0.256,0.256,0.250,0.250
0.236,35.251,-1.038,0.227,0.227,0.243,0.243
0.240,35.055,-1.160,0.252,0.252,0.246,0.246
0.242,34.908,-1.239,0.223,0.223,0.255,0.255
0.244,34.696,-1.313,0.246,0.246,0.246,0.246
0.244,34.549,-1.328,0.227,0.227,0.258,0.258
0.243,34.418,-1.277,0.233,0.233,0.252,0.252
0.242,34.141,-1.259,0.227,0.227,0.253,0.253
0.243,33.635,-1.291,0.233,0.233,0.249,0.249
0.244,33.227,-1.295,0.223,0.223,0.256,0.256
0.244,32.900,-1.321,0.223,0.223,0.252,0.252
0.245,32.590,-1.341,0.226,0.226,0.256,0.256
0.245,32.150,-1.343,0.226,0.226,0.255,0.255
0.243,31.660,-1.275,0.221,0.221,0.261,0.261
0.243,31.220,-1.294,0.224,0.224,0.258,0.258
0.244,31.171,-1.302,0.218,0.218,0.262,0.262
0.248,31.366,-1.424,0.211,0.211,0.255,0.255
0.251,31.725,-1.518,0.230,0.230,0.249,0.249
0.251,32.003,-1.546,0.215,0.215,0.246,0.246
0.250,32.264,-1.492,0.221,0.221,0.250,0.250
0.250,32.476,-1.506,0.212,0.212,0.249,0.249
0.251,32.607,-1.524,0.221,0.221,0.230,0.230
0.251,32.623,-1.520,0.211,0.211,0.230,0.230
0.251,32.607,-1.535,0.212,0.212,0.227,0.227
0.252,32.590,-1.551,0.209,0.209,0.240,0.240
0.253,32.607,-1.586,0.224,0.224,0.237,0.237
0.252,32.705,-1.567,0.215,0.215,0.241,0.241
0.252,32.835,-1.553,0.226,0.226,0.232,0.232
0.250,32.770,-1.483,0.218,0.218,0.244,0.244
0.253,32.525,-1.590,0.237,0.237,0.237,0.237
0.255,32.362,-1.659,0.214,0.214,0.243,0.243
0.257,32.411,-1.734,0.235,0.235,0.246,0.246
0.259,32.656,-1.791,0.221,0.221,0.240,0.240
0.257,33.080,-1.732,0.241,0.241,0.240,0.240
0.258,33.553,-1.757,0.221,0.221,0.246,0.246
0.259,34.059,-1.785,0.240,0.240,0.252,0.252
0.259,34.581,-1.780,0.224,0.224,0.255,0.255
0.259,35.055,-1.808,0.230,0.230,0.253,0.253
0.260,35.561,-1.822,0.215,0.215,0.259,0.259
0.261,36.034,-1.853,0.229,0.229,0.250,0.250
0.260,36.426,-1.811,0.224,0.224,0.252,0.252
0.258,36.507,-1.762,0.217,0.217,0.249,0.249
0.260,36.262,-1.832,0.229,0.229,0.252,0.252
0.262,35.969,-1.907,0.220,0.220,0.253,0.253
0.266,35.544,-2.055,0.224,0.224,0.255,0.255
0.266,35.071,-2.055,0.230,0.230,0.250,0.250
0.265,34.679,-2.020,0.246,0.246,0.253,0.253
0.266,34.402,-2.049,0.232,0.232,0.250,0.250
0.267,34.076,-2.065,0.235,0.235,0.249,0.249
0.267,33.749,-2.065,0.226,0.226,0.250,0.250
0.267,33.651,-2.079,0.237,0.237,0.259,0.259
0.269,33.880,-2.146,0.218,0.218,0.250,0.250
0.269,34.059,-2.138,0.233,0.233,0.246,0.246
0.268,34.141,-2.120,0.218,0.218,0.246,0.246
0.267,34.108,-2.087,0.224,0.224,0.249,0.249
0.267,34.076,-2.089,0.212,0.212,0.250,0.250
0.270,33.978,-2.180,0.233,0.233,0.247,0.247
0.275,33.749,-2.335,0.227,0.227,0.259,0.259
0.273,33.586,-2.296,0.249,0.249,0.250,0.250
0.274,33.553,-2.326,0.243,0.243,0.252,0.252
0.275,33.553,-2.335,0.264,0.264,0.256,0.256
0.275,33.570,-2.343,0.246,0.246,0.275,0.275
0.276,33.586,-2.372,0.281,0.281,0.269,0.269
0.277,33.684,-2.416,0.253,0.253,0.272,0.272
0.277,33.945,-2.412,0.275,0.275,0.249,0.249
0.279,34.076,-2.466,0.255,0.255,0.275,0.275
0.279,34.124,-2.474,0.273,0.273,0.270,0.270
0.277,34.206,-2.408,0.250,0.250,0.272,0.272
0.277,34.288,-2.415,0.261,0.261,0.261,0.261
0.277,34.255,-2.430,0.256,0.256,0.262,0.262
0.282,34.206,-2.581,0.266,0.266,0.262,0.262
0.283,34.386,-2.611,0.249,0.249,0.249,0.249
0.285,34.565,-2.688,0.262,0.262,0.253,0.253
0.285,34.696,-2.683,0.243,0.243,0.269,0.269
0.284,35.006,-2.650,0.253,0.253,0.252,0.252
0.285,35.495,-2.672,0.246,0.246,0.255,0.255
0.286,35.920,-2.712,0.244,0.244,0.252,0.252
0.287,36.181,-2.743,0.237,0.237,0.258,0.258
0.287,36.409,-2.754,0.241,0.241,0.246,0.246
0.288,36.556,-2.782,0.233,0.233,0.252,0.252
0.287,36.556,-2.769,0.238,0.238,0.250,0.250
0.286,36.540,-2.737,0.220,0.220,0.255,0.255
0.286,36.458,-2.721,0.230,0.230,0.250,0.250
0.289,36.083,-2.844,0.220,0.220,0.243,0.243
0.294,35.724,-2.999,0.211,0.211,0.255,0.255
0.294,35.414,-3.021,0.206,0.206,0.261,0.261
0.293,35.120,-2.984,0.203,0.203,0.252,0.252
0.294,35.055,-2.998,0.206,0.206,0.255,0.255
0.295,35.038,-3.055,0.191,0.191,0.255,0.255
0.296,35.055,-3.073,0.211,0.211,0.252,0.252
0.296,35.185,-3.068,0.191,0.191,0.238,0.238
0.297,35.381,-3.120,0.209,0.209,0.258,0.258
0.298,35.756,-3.152,0.188,0.188,0.264,0.264
0.297,36.360,-3.132,0.206,0.206,0.255,0.255
0.296,36.883,-3.095,0.186,0.186,0.252,0.252
0.298,37.209,-3.143,0.197,0.197,0.249,0.249
0.300,37.388,-3.245,0.188,0.188,0.252,0.252
0.303,37.535,-3.355,0.201,0.201,0.237,0.237
0.305,37.633,-3.399,0.183,0.183,0.250,0.250
0.305,37.878,-3.415,0.200,0.200,0.249,0.249
0.304,38.009,-3.366,0.182,0.182,0.246,0.246
0.304,38.041,-3.393,0.197,0.197,0.232,0.232
0.305,38.041,-3.430,0.175,0.175,0.229,0.229
0.306,37.992,-3.468,0.206,0.206,0.227,0.227
0.308,37.911,-3.530,0.188,0.188,0.224,0.224
0.308,37.666,-3.539,0.208,0.208,0.232,0.232
0.308,37.503,-3.544,0.208,0.208,0.240,0.240
0.308,37.470,-3.525,0.224,0.224,0.235,0.235
0.308,37.519,-3.537,0.209,0.209,0.244,0.244
0.308,37.486,-3.525,0.215,0.215,0.229,0.229
0.313,37.535,-3.723,0.218,0.218,0.229,0.229
0.314,37.470,-3.771,0.224,0.224,0.238,0.238
0.315,37.535,-3.802,0.224,0.224,0.241,0.241
0.315,37.633,-3.792,0.218,0.218,0.240,0.240
0.316,37.976,-3.815,0.224,0.224,0.241,0.241
0.316,38.466,-3.842,0.212,0.212,0.247,0.247
0.317,38.972,-3.885,0.218,0.218,0.249,0.249
0.318,39.396,-3.916,0.224,0.224,0.249,0.249
0.319,39.575,-3.944,0.227,0.227,0.264,0.264
0.319,39.543,-3.960,0.224,0.224,0.250,0.250
0.318,39.477,-3.895,0.238,0.238,0.246,0.246
0.319,39.575,-3.948,0.220,0.220,0.256,0.256
0.320,39.804,-4.001,0.237,0.237,0.258,0.258
0.324,39.967,-4.147,0.217,0.217,0.246,0.246
0.327,40.000,-4.271,0.243,0.243,0.247,0.247
0.328,40.081,-4.295,0.223,0.223,0.269,0.269
0.326,40.293,-4.239,0.240,0.240,0.249,0.249
0.327,40.506,-4.260,0.227,0.227,0.247,0.247
0.328,40.799,-4.294,0.246,0.246,0.249,0.249
0.329,40.816,-4.356,0.229,0.229,0.250,0.250
0.330,40.652,-4.386,0.252,0.252,0.252,0.252
0.331,40.408,-4.422,0.243,0.243,0.252,0.252
0.331,40.440,-4.445,0.290,0.290,0.267,0.267
0.330,40.424,-4.406,0.296,0.296,0.249,0.249
0.329,40.440,-4.335,0.351,0.351,0.247,0.247
0.331,40.587,-4.434,0.346,0.346,0.253,0.253
0.335,40.783,-4.614,0.374,0.374,0.261,0.261
0.338,40.963,-4.725,0.365,0.365,0.262,0.262
0.337,41.012,-4.670,0.389,0.389,0.258,0.258
0.338,40.865,-4.721,0.372,0.372,0.258,0.258
0.338,40.604,-4.733,0.397,0.397,0.262,0.262
0.340,40.310,-4.780,0.386,0.386,0.285,0.285
0.341,40.098,-4.822,0.395,0.395,0.276,0.276
0.342,39.967,-4.870,0.386,0.386,0.284,0.284
0.343,40.016,-4.913,0.398,0.398,0.275,0.275
0.344,40.244,-4.949,0.380,0.380,0.282,0.282
0.344,40.457,-4.951,0.378,0.378,0.252,0.252
0.342,40.506,-4.869,0.377,0.377,0.279,0.279
0.343,40.473,-4.920,0.360,0.360,0.276,0.276
0.347,40.457,-5.094,0.353,0.353,0.275,0.275
0.349,40.457,-5.174,0.331,0.331,0.272,0.272
0.352,40.538,-5.276,0.319,0.319,0.272,0.272
0.352,40.816,-5.269,0.298,0.298,0.267,0.267
0.352,40.832,-5.268,0.284,0.284,0.249,0.249
0.353,40.555,-5.304,0.264,0.264,0.261,0.261
0.354,40.163,-5.350,0.261,0.261,0.262,0.262
0.354,39.853,-5.379,0.227,0.227,0.262,0.262
0.355,39.477,-5.420,0.223,0.223,0.264,0.264
0.357,39.118,-5.481,0.201,0.201,0.262,0.262
0.356,38.841,-5.432,0.192,0.192,0.259,0.259
0.356,38.612,-5.426,0.160,0.160,0.243,0.243
0.356,38.335,-5.447,0.168,0.168,0.261,0.261
0.358,38.156,-5.536,0.139,0.139,0.261,0.261
0.364,37.976,-5.730,0.137,0.137,0.256,0.256
0.365,38.090,-5.767,0.114,0.114,0.258,0.258
0.364,38.351,-5.762,0.121,0.121,0.253,0.253
0.365,38.612,-5.790,0.096,0.096,0.258,0.258
0.365,38.857,-5.798,0.119,0.119,0.262,0.262
0.367,39.020,-5.851,0.096,0.096,0.258,0.258
0.368,39.135,-5.905,0.111,0.111,0.246,0.246
0.369,39.331,-5.931,0.092,0.092,0.249,0.249
0.370,39.494,-5.983,0.127,0.127,0.250,0.250
0.370,39.526,-5.970,0.099,0.099,0.258,0.258
0.368,39.428,-5.889,0.124,0.124,0.255,0.255
0.369,39.118,-5.943,0.113,0.113,0.253,0.253
0.372,38.972,-6.069,0.137,0.137,0.253,0.253
0.377,38.841,-6.246,0.124,0.124,0.255,0.255
0.379,38.645,-6.328,0.139,0.139,0.247,0.247
0.378,38.498,-6.272,0.133,0.133,0.246,0.246
0.378,38.368,-6.307,0.131,0.131,0.244,0.244
0.379,38.253,-6.328,0.111,0.111,0.241,0.241
0.379,38.351,-6.334,0.127,0.127,0.203,0.203
0.381,38.580,-6.392,0.127,0.127,0.232,0.232
0.382,38.857,-6.457,0.133,0.133,0.241,0.241
0.383,39.020,-6.470,0.128,0.128,0.233,0.233
0.385,39.037,-6.544,0.139,0.139,0.226,0.226
0.384,38.988,-6.521,0.154,0.154,0.241,0.241
0.383,38.988,-6.468,0.156,0.156,0.233,0.233
0.384,38.988,-6.521,0.172,0.172,0.215,0.215
0.386,39.004,-6.619,0.174,0.174,0.230,0.230
0.392,39.004,-6.842,0.192,0.192,0.241,0.241
0.393,39.037,-6.888,0.185,0.185,0.240,0.240
0.392,38.874,-6.842,0.214,0.214,0.235,0.235
0.394,38.661,-6.902,0.203,0.203,0.244,0.244
0.394,38.580,-6.903,0.227,0.227,0.244,0.244
0.395,38.792,-6.956,0.221,0.221,0.226,0.226
0.397,38.972,-7.035,0.249,0.249,0.246,0.246
0.398,39.135,-7.057,0.232,0.232,0.259,0.259
0.398,39.363,-7.085,0.252,0.252,0.253,0.253
0.398,39.494,-7.049,0.230,0.230,0.243,0.243
0.396,39.543,-6.990,0.255,0.255,0.246,0.246
0.398,39.510,-7.084,0.221,0.221,0.250,0.250
0.403,39.412,-7.261,0.252,0.252,0.232,0.232
0.406,39.135,-7.396,0.232,0.232,0.253,0.253
0.407,39.004,-7.430,0.247,0.247,0.255,0.255
0.407,39.069,-7.438,0.220,0.220,0.258,0.258
0.408,39.445,-7.456,0.247,0.247,0.249,0.249
0.409,39.820,-7.502,0.230,0.230,0.253,0.253
0.410,40.114,-7.531,0.237,0.237,0.250,0.250
0.411,40.277,-7.572,0.232,0.232,0.249,0.249
0.413,40.244,-7.644,0.235,0.235,0.252,0.252
0.414,40.342,-7.683,0.220,0.220,0.258,0.258
0.413,40.636,-7.664,0.226,0.226,0.255,0.255
0.413,41.256,-7.648,0.224,0.224,0.255,0.255
0.412,41.779,-7.640,0.221,0.221,0.253,0.253
0.418,42.089,-7.873,0.212,0.212,0.247,0.247
0.422,42.350,-8.025,0.229,0.229,0.244,0.244
0.423,42.464,-8.088,0.224,0.224,0.258,0.258
0.423,42.464,-8.088,0.230,0.230,0.259,0.259
0.424,42.333,-8.109,0.241,0.241,0.262,0.262
0.424,42.105,-8.119,0.237,0.237,0.261,0.261
0.425,41.942,-8.154,0.247,0.247,0.281,0.281
0.427,41.811,-8.254,0.238,0.238,0.276,0.276
0.428,41.599,-8.278,0.253,0.253,0.255,0.255
0.429,41.468,-8.323,0.243,0.243,0.272,0.272
0.430,41.452,-8.373,0.246,0.246,0.282,0.282
0.429,41.436,-8.325,0.238,0.238,0.275,0.275
0.429,41.468,-8.320,0.252,0.252,0.275,0.275
0.429,41.452,-8.332,0.227,0.227,0.275,0.275
0.434,41.566,-8.552,0.262,0.262,0.275,0.275
0.438,41.909,-8.703,0.246,0.246,0.258,0.258
0.439,42.268,-8.770,0.269,0.269,0.266,0.266
0.440,42.464,-8.790,0.275,0.275,0.273,0.273
0.440,42.497,-8.790,0.311,0.311,0.266,0.266
0.441,42.448,-8.836,0.316,0.316,0.267,0.267
0.442,42.431,-8.897,0.346,0.346,0.262,0.262
0.443,42.350,-8.915,0.354,0.354,0.264,0.264
0.445,42.105,-8.994,0.375,0.375,0.246,0.246
0.445,41.860,-9.010,0.357,0.357,0.261,0.261
0.445,41.583,-9.023,0.397,0.397,0.266,0.266
0.446,41.452,-9.028,0.385,0.385,0.259,0.259
0.445,41.305,-8.998,0.415,0.415,0.261,0.261
0.451,41.044,-9.259,0.403,0.403,0.261,0.261
0.455,40.620,-9.405,0.436,0.436,0.262,0.262
0.456,40.424,-9.474,0.432,0.432,0.264,0.264
0.456,40.506,-9.443,0.447,0.447,0.259,0.259
0.456,40.783,-9.444,0.432,0.432,0.259,0.259
0.458,41.060,-9.531,0.453,0.453,0.256,0.256
0.459,41.338,-9.561,0.430,0.430,0.261,0.261
0.460,41.485,-9.623,0.444,0.444,0.262,0.262
0.461,41.485,-9.654,0.426,0.426,0.266,0.266
0.463,41.371,-9.763,0.426,0.426,0.264,0.264
0.463,40.995,-9.743,0.385,0.385,0.259,0.259
0.461,40.522,-9.683,0.388,0.388,0.258,0.258
0.462,39.983,-9.716,0.363,0.363,0.266,0.266
0.468,39.592,-9.962,0.343,0.343,0.258,0.258
0.470,39.314,-10.034,0.334,0.334,0.258,0.258
0.472,39.020,-10.110,0.301,0.301,0.255,0.255
0.474,38.645,-10.163,0.282,0.282,0.267,0.267
0.473,38.482,-10.139,0.259,0.259,0.256,0.256
0.475,38.466,-10.204,0.247,0.247,0.249,0.249
0.476,38.482,-10.263,0.208,0.208,0.232,0.232
0.477,38.531,-10.296,0.194,0.194,0.230,0.230
0.478,38.629,-10.315,0.172,0.172,0.233,0.233
0.480,38.972,-10.404,0.171,0.171,0.233,0.233
0.480,39.363,-10.418,0.148,0.148,0.241,0.241
0.480,39.657,-10.391,0.139,0.139,0.246,0.246
0.480,39.885,-10.406,0.121,0.121,0.240,0.240
0.482,40.016,-10.508,0.122,0.122,0.240,0.240
0.489,39.918,-10.754,0.087,0.087,0.237,0.237
0.491,39.657,-10.854,0.105,0.105,0.232,0.232
0.491,39.510,-10.836,0.078,0.078,0.238,0.238
0.491,39.363,-10.854,0.090,0.090,0.249,0.249
0.492,39.135,-10.877,0.064,0.064,0.241,0.241
0.493,38.906,-10.916,0.092,0.092,0.243,0.243
0.495,38.612,-10.998,0.069,0.069,0.246,0.246
0.496,38.498,-11.044,0.081,0.081,0.246,0.246
0.497,38.580,-11.085,0.060,0.060,0.250,0.250
0.497,38.923,-11.098,0.075,0.075,0.253,0.253
0.497,39.445,-11.073,0.069,0.069,0.273,0.273
0.497,40.000,-11.101,0.078,0.078,0.253,0.253
0.502,40.359,-11.277,0.076,0.076,0.252,0.252
0.506,40.522,-11.431,0.082,0.082,0.253,0.253
0.507,40.604,-11.505,0.073,0.073,0.255,0.255
0.508,40.881,-11.528,0.087,0.087,0.253,0.253
0.508,41.387,-11.546,0.092,0.092,0.256,0.256
0.509,41.909,-11.585,0.096,0.096,0.269,0.269
0.511,42.333,-11.631,0.107,0.107,0.256,0.256
0.512,42.480,-11.705,0.107,0.107,0.249,0.249
0.514,42.578,-11.794,0.122,0.122,0.261,0.261
0.516,42.758,-11.859,0.121,0.121,0.255,0.255
0.515,43.117,-11.835,0.148,0.148,0.249,0.249
0.515,43.704,-11.823,0.134,0.134,0.247,0.247
0.516,44.243,-11.874,0.150,0.150,0.267,0.267
0.517,44.471,-11.919,0.154,0.154,0.247,0.247
0.524,44.471,-12.227,0.166,0.166,0.246,0.246
0.526,44.390,-12.303,0.169,0.169,0.253,0.253
0.526,44.276,-12.289,0.188,0.188,0.255,0.255
0.528,44.145,-12.393,0.183,0.183,0.255,0.255
0.528,44.145,-12.393,0.200,0.200,0.256,0.256
0.529,44.096,-12.448,0.188,0.188,0.275,0.275
0.531,44.145,-12.523,0.214,0.214,0.275,0.275
0.533,44.047,-12.605,0.204,0.204,0.264,0.264
0.534,43.998,-12.660,0.218,0.218,0.273,0.273
0.536,44.292,-12.750,0.211,0.211,0.273,0.273
0.535,44.716,-12.714,0.233,0.233,0.273,0.273
0.536,45.026,-12.731,0.203,0.203,0.262,0.262
0.536,45.369,-12.764,0.221,0.221,0.284,0.284
0.540,45.859,-12.933,0.204,0.204,0.270,0.270
0.544,46.348,-13.127,0.232,0.232,0.269,0.269
0.545,46.756,-13.161,0.203,0.203,0.273,0.273
0.547,46.887,-13.265,0.230,0.230,0.266,0.266
0.547,46.887,-13.236,0.198,0.198,0.264,0.264
0.549,46.838,-13.344,0.212,0.212,0.261,0.261
0.550,46.968,-13.379,0.203,0.203,0.255,0.255
0.551,47.229,-13.455,0.215,0.215,0.255,0.255
0.553,47.376,-13.530,0.200,0.200,0.264,0.264
0.554,47.425,-13.607,0.217,0.217,0.256,0.256
0.554,47.393,-13.585,0.203,0.203,0.255,0.255
0.554,47.246,-13.595,0.214,0.214,0.252,0.252
0.554,47.034,-13.595,0.200,0.200,0.256,0.256
0.561,46.838,-13.939,0.224,0.224,0.226,0.226
0.563,46.707,-13.990,0.217,0.217,0.252,0.252
0.566,46.528,-14.129,0.243,0.243,0.252,0.252
0.565,46.234,-14.123,0.252,0.252,0.253,0.253
0.566,45.810,-14.158,0.269,0.269,0.255,0.255
0.569,45.173,-14.277,0.266,0.266,0.259,0.259
0.569,45.043,-14.268,0.282,0.282,0.256,0.256
0.571,45.467,-14.397,0.298,0.298,0.255,0.255
0.573,45.940,-14.463,0.304,0.304,0.255,0.255
0.574,46.283,-14.536,0.310,0.310,0.261,0.261
0.575,46.413,-14.541,0.334,0.334,0.253,0.253
0.573,46.397,-14.456,0.345,0.345,0.261,0.261
0.575,46.348,-14.554,0.342,0.342,0.261,0.261
0.581,46.364,-14.833,0.366,0.366,0.261,0.261
0.583,46.267,-14.911,0.359,0.359,0.258,0.258
0.586,46.038,-15.075,0.375,0.375,0.262,0.262
0.586,45.777,-15.082,0.365,0.365,0.255,0.255
0.587,45.597,-15.128,0.389,0.389,0.249,0.249
0.589,45.826,-15.211,0.380,0.380,0.252,0.252
0.589,46.283,-15.219,0.400,0.400,0.240,0.240
0.592,46.838,-15.342,0.394,0.394,0.241,0.241
0.593,47.327,-15.397,0.415,0.415,0.229,0.229
0.595,47.442,-15.502,0.395,0.395,0.233,0.233
0.597,47.556,-15.568,0.397,0.397,0.240,0.240
0.595,47.719,-15.488,0.394,0.394,0.240,0.240
0.596,48.094,-15.524,0.403,0.403,0.247,0.247
0.598,48.551,-15.646,0.378,0.378,0.258,0.258
0.603,48.861,-15.872,0.394,0.394,0.238,0.238
0.607,48.910,-16.067,0.377,0.377,0.243,0.243
0.608,48.878,-16.104,0.368,0.368,0.243,0.243
0.609,48.829,-16.174,0.339,0.339,0.252,0.252
0.608,48.633,-16.132,0.356,0.356,0.244,0.244
0.610,48.160,-16.228,0.324,0.324,0.253,0.253
0.612,47.686,-16.334,0.311,0.311,0.253,0.253
0.614,46.985,-16.402,0.276,0.276,0.261,0.261
0.616,46.479,-16.523,0.270,0.270,0.258,0.258
0.616,46.299,-16.503,0.262,0.262,0.264,0.264
0.615,46.316,-16.467,0.227,0.227,0.255,0.255
0.618,46.364,-16.575,0.232,0.232,0.259,0.259
0.618,46.283,-16.597,0.214,0.214,0.256,0.256
0.625,45.940,-16.938,0.203,0.203,0.273,0.273
0.628,45.434,-17.048,0.172,0.172,0.264,0.264
0.629,44.994,-17.090,0.182,0.182,0.269,0.269
0.629,44.814,-17.099,0.150,0.150,0.269,0.269
0.631,44.896,-17.209,0.143,0.143,0.267,0.267
0.632,45.173,-17.221,0.127,0.127,0.261,0.261
0.634,44.814,-17.311,0.128,0.128,0.259,0.259
0.636,44.178,-17.396,0.104,0.104,0.264,0.264
0.637,43.525,-17.438,0.124,0.124,0.261,0.261
0.638,43.215,-17.506,0.116,0.116,0.264,0.264
0.639,43.003,-17.540,0.130,0.130,0.261,0.261
0.638,42.790,-17.516,0.118,0.118,0.258,0.258
0.640,42.399,-17.581,0.127,0.127,0.258,0.258
0.647,41.746,-17.873,0.121,0.121,0.258,0.258
0.648,41.322,-17.928,0.136,0.136,0.258,0.258
0.650,41.044,-18.001,0.134,0.134,0.253,0.253
0.652,40.816,-18.080,0.154,0.154,0.252,0.252
0.651,40.701,-18.053,0.139,0.139,0.253,0.253
0.654,40.767,-18.167,0.160,0.160,0.256,0.256
0.655,41.028,-18.226,0.143,0.143,0.261,0.261
0.658,41.452,-18.329,0.179,0.179,0.272,0.272
0.659,42.040,-18.358,0.151,0.151,0.295,0.295
0.661,42.644,-18.446,0.186,0.186,0.270,0.270
0.662,42.954,-18.483,0.154,0.154,0.255,0.255
0.662,42.790,-18.482,0.160,0.160,0.269,0.269
0.663,42.056,-18.537,0.148,0.148,0.258,0.258
0.664,40.914,-18.582,0.162,0.162,0.267,0.267
0.669,39.526,-18.794,0.146,0.146,0.261,0.261
0.673,38.025,-18.924,0.179,0.179,0.262,0.262
0.673,36.589,-18.922,0.162,0.162,0.270,0.270
0.674,35.512,-18.979,0.165,0.165,0.267,0.267
0.675,34.532,-19.000,0.145,0.145,0.261,0.261
0.677,33.716,-19.067,0.156,0.156,0.256,0.256
0.678,33.162,-19.120,0.137,0.137,0.262,0.262
0.680,33.015,-19.187,0.148,0.148,0.261,0.261
0.681,33.047,-19.220,0.137,0.137,0.240,0.240
0.683,32.868,-19.266,0.127,0.127,0.256,0.256
0.682,32.346,-19.259,0.119,0.119,0.258,0.258
0.683,31.546,-19.291,0.130,0.130,0.246,0.246
0.689,30.746,-19.456,0.121,0.121,0.250,0.250
0.692,30.110,-19.559,0.133,0.133,0.253,0.253
0.693,29.588,-19.590,0.127,0.127,0.252,0.252
0.695,29.147,-19.648,0.128,0.128,0.237,0.237
0.696,28.755,-19.664,0.134,0.134,0.249,0.249
0.698,28.625,-19.729,0.136,0.136,0.252,0.252
0.699,28.527,-19.757,0.159,0.159,0.250,0.250
0.701,28.331,-19.824,0.162,0.162,0.250,0.250
0.702,28.086,-19.854,0.172,0.172,0.253,0.253
0.704,27.678,-19.891,0.160,0.160,0.252,0.252
0.704,27.123,-19.891,0.186,0.186,0.249,0.249
0.703,26.372,-19.883,0.175,0.175,0.256,0.256
0.708,25.589,-20.014,0.182,0.182,0.252,0.252
0.712,24.740,-20.093,0.186,0.186,0.249,0.249
0.715,23.876,-20.179,0.203,0.203,0.249,0.249
0.715,23.125,-20.167,0.186,0.186,0.256,0.256
0.716,22.456,-20.199,0.206,0.206,0.255,0.255
0.718,21.966,-20.243,0.194,0.194,0.249,0.249
0.719,21.428,-20.256,0.204,0.204,0.249,0.249
0.720,20.922,-20.289,0.195,0.195,0.249,0.249
0.723,20.742,-20.339,0.209,0.209,0.243,0.243
0.724,20.742,-20.367,0.189,0.189,0.229,0.229
0.726,20.873,-20.418,0.200,0.200,0.229,0.229
0.726,21.068,-20.417,0.182,0.182,0.233,0.233
0.726,20.856,-20.402,0.206,0.206,0.211,0.211
0.728,20.383,-20.444,0.194,0.194,0.237,0.237
0.732,19.844,-20.533,0.209,0.209,0.253,0.253
0.736,19.436,-20.607,0.206,0.206,0.246,0.246
0.737,19.159,-20.632,0.229,0.229,0.233,0.233
0.739,18.865,-20.661,0.226,0.226,0.233,0.233
0.739,18.490,-20.666,0.262,0.262,0.233,0.233
0.741,18.408,-20.697,0.267,0.267,0.217,0.217
0.742,18.555,-20.730,0.284,0.284,0.240,0.240
0.743,18.506,-20.749,0.269,0.269,0.261,0.261
0.746,18.392,-20.802,0.285,0.285,0.244,0.244
0.748,18.343,-20.830,0.285,0.285,0.252,0.252
0.747,18.229,-20.819,0.290,0.290,0.237,0.237
0.746,18.000,-20.804,0.307,0.307,0.253,0.253
0.750,17.772,-20.860,0.305,0.305,0.250,0.250
0.755,17.364,-20.949,0.320,0.320,0.249,0.249
0.758,16.907,-21.001,0.307,0.307,0.262,0.262
0.760,16.499,-21.044,0.325,0.325,0.255,0.255
0.760,16.368,-21.034,0.313,0.313,0.249,0.249
0.761,16.417,-21.062,0.320,0.320,0.241,0.241
0.763,16.613,-21.095,0.322,0.322,0.252,0.252
0.764,16.629,-21.103,0.336,0.336,0.258,0.258
0.766,16.744,-21.133,0.325,0.325,0.250,0.250
0.768,16.825,-21.178,0.327,0.327,0.253,0.253
0.768,16.858,-21.182,0.316,0.316,0.250,0.250
0.770,16.874,-21.204,0.311,0.311,0.252,0.252
0.770,16.760,-21.202,0.290,0.290,0.237,0.237
0.770,16.515,-21.206,0.304,0.304,0.246,0.246
0.774,16.368,-21.281,0.267,0.267,0.255,0.255
0.779,16.221,-21.351,0.270,0.270,0.246,0.246
0.780,16.026,-21.370,0.240,0.240,0.246,0.246
0.781,15.895,-21.392,0.249,0.249,0.249,0.249
0.783,15.846,-21.416,0.223,0.223,0.255,0.255
0.783,15.879,-21.422,0.240,0.240,0.240,0.240
0.786,15.846,-21.463,0.215,0.215,0.250,0.250
0.788,15.895,-21.494,0.221,0.221,0.258,0.258
0.789,15.862,-21.509,0.191,0.191,0.255,0.255
0.792,15.911,-21.555,0.206,0.206,0.278,0.278
0.793,15.862,-21.576,0.175,0.175,0.276,0.276
0.793,15.781,-21.570,0.188,0.188,0.269,0.269
0.794,15.552,-21.594,0.163,0.163,0.272,0.272
0.794,15.275,-21.601,0.182,0.182,0.272,0.272
0.798,14.981,-21.651,0.154,0.154,0.261,0.261
0.801,14.867,-21.705,0.163,0.163,0.267,0.267
0.804,14.851,-21.746,0.157,0.157,0.267,0.267
0.805,14.851,-21.758,0.157,0.157,0.262,0.262
0.806,14.753,-21.775,0.145,0.145,0.264,0.264
0.807,14.557,-21.787,0.157,0.157,0.266,0.266
0.809,14.394,-21.818,0.143,0.143,0.266,0.266
0.811,14.230,-21.838,0.146,0.146,0.262,0.262
0.813,13.920,-21.872,0.157,0.157,0.258,0.258
0.813,13.545,-21.879,0.150,0.150,0.252,0.252
0.815,13.268,-21.906,0.166,0.166,0.259,0.259
0.815,12.892,-21.901,0.175,0.175,0.253,0.253
0.814,12.533,-21.893,0.183,0.183,0.275,0.275
0.820,12.288,-21.958,0.183,0.183,0.252,0.252
0.824,11.913,-22.009,0.197,0.197,0.247,0.247
0.826,11.554,-22.033,0.214,0.214,0.253,0.253
0.827,11.391,-22.043,0.227,0.227,0.255,0.255
0.828,11.309,-22.054,0.221,0.221,0.250,0.250
0.829,11.081,-22.063,0.243,0.243,0.252,0.252
0.831,10.852,-22.086,0.230,0.230,0.270,0.270
0.832,10.575,-22.104,0.252,0.252,0.249,0.249
0.834,10.444,-22.121,0.226,0.226,0.249,0.249
0.836,10.412,-22.139,0.253,0.253,0.255,0.255
0.837,10.444,-22.154,0.229,0.229,0.249,0.249
0.836,10.542,-22.140,0.241,0.241,0.249,0.249
0.837,10.787,-22.148,0.226,0.226,0.252,0.252
0.842,10.852,-22.203,0.244,0.244,0.261,0.261
0.845,10.640,-22.235,0.224,0.224,0.259,0.259
0.847,10.477,-22.261,0.249,0.249,0.249,0.249
0.848,10.412,-22.271,0.237,0.237,0.253,0.253
0.849,10.330,-22.281,0.249,0.249,0.252,0.252
0.850,10.118,-22.295,0.227,0.227,0.252,0.252
0.853,9.955,-22.317,0.246,0.246,0.246,0.246
0.854,9.824,-22.327,0.215,0.215,0.243,0.243
0.856,9.628,-22.347,0.227,0.227,0.238,0.238
0.858,9.449,-22.374,0.197,0.197,0.237,0.237
0.859,9.449,-22.376,0.215,0.215,0.233,0.233
0.858,9.416,-22.374,0.197,0.197,0.227,0.227
0.860,9.563,-22.386,0.203,0.203,0.224,0.224
0.860,9.693,-22.390,0.195,0.195,0.227,0.227
0.866,9.612,-22.447,0.206,0.206,0.226,0.226
0.869,9.514,-22.478,0.195,0.195,0.232,0.232
0.871,9.432,-22.490,0.192,0.192,0.244,0.244
0.871,9.547,-22.493,0.198,0.198,0.233,0.233
0.872,9.791,-22.508,0.189,0.189,0.229,0.229
0.874,9.987,-22.520,0.189,0.189,0.237,0.237
0.876,9.889,-22.541,0.188,0.188,0.240,0.240
0.878,9.644,-22.564,0.194,0.194,0.241,0.241
0.879,9.563,-22.576,0.201,0.201,0.240,0.240
0.881,9.775,-22.587,0.197,0.197,0.246,0.246
0.880,9.955,-22.587,0.191,0.191,0.249,0.249
0.881,10.004,-22.590,0.209,0.209,0.252,0.252
0.882,10.004,-22.601,0.185,0.185,0.266,0.266
0.886,9.987,-22.639,0.206,0.206,0.246,0.246
0.890,9.857,-22.683,0.189,0.189,0.238,0.238
0.893,9.628,-22.707,0.203,0.203,0.240,0.240
0.893,9.465,-22.711,0.186,0.186,0.250,0.250
0.894,9.432,-22.722,0.212,0.212,0.247,0.247
0.896,9.416,-22.739,0.189,0.189,0.250,0.250
0.898,9.465,-22.755,0.206,0.206,0.264,0.264
0.898,9.449,-22.760,0.203,0.203,0.252,0.252
0.901,9.465,-22.786,0.212,0.212,0.237,0.237
0.902,9.563,-22.798,0.191,0.191,0.244,0.244
0.902,9.791,-22.792,0.208,0.208,0.243,0.243
0.903,9.987,-22.804,0.191,0.191,0.246,0.246
0.905,10.020,-22.826,0.198,0.198,0.240,0.240
0.908,9.971,-22.853,0.183,0.183,0.267,0.267
0.913,9.955,-22.902,0.206,0.206,0.244,0.244
0.914,9.971,-22.914,0.183,0.183,0.238,0.238
0.914,9.955,-22.915,0.203,0.203,0.238,0.238
0.915,9.955,-22.929,0.192,0.192,0.246,0.246
0.917,10.020,-22.949,0.214,0.214,0.246,0.246
0.919,9.938,-22.966,0.195,0.195,0.250,0.250
0.921,9.987,-22.985,0.218,0.218,0.270,0.270
0.923,9.955,-23.001,0.221,0.221,0.255,0.255
0.924,9.971,-23.013,0.238,0.238,0.269,0.269
0.925,9.971,-23.026,0.223,0.223,0.276,0.276
0.926,9.955,-23.033,0.252,0.252,0.270,0.270
0.926,9.971,-23.034,0.241,0.241,0.269,0.269
0.927,9.971,-23.050,0.240,0.240,0.267,0.267
0.933,9.857,-23.109,0.246,0.246,0.270,0.270
0.936,9.628,-23.138,0.237,0.237,0.267,0.267
0.937,9.530,-23.142,0.227,0.227,0.270,0.270
0.938,9.661,-23.150,0.233,0.233,0.270,0.270
0.939,9.596,-23.164,0.232,0.232,0.272,0.272
0.941,9.596,-23.180,0.230,0.230,0.256,0.256
0.942,9.791,-23.192,0.227,0.227,0.258,0.258
0.944,10.020,-23.210,0.233,0.233,0.240,0.240
0.946,10.346,-23.229,0.230,0.230,0.258,0.258
0.948,10.460,-23.248,0.221,0.221,0.255,0.255
0.946,10.477,-23.236,0.232,0.232,0.255,0.255
0.948,10.460,-23.255,0.221,0.221,0.249,0.249
0.949,10.330,-23.264,0.227,0.227,0.249,0.249
0.953,10.118,-23.306,0.217,0.217,0.249,0.249
0.957,9.955,-23.350,0.226,0.226,0.223,0.223
0.959,9.840,-23.364,0.217,0.217,0.250,0.250
0.959,9.596,-23.367,0.224,0.224,0.259,0.259
0.961,9.465,-23.386,0.220,0.220,0.250,0.250
0.961,9.432,-23.384,0.243,0.243,0.247,0.247
0.963,9.449,-23.402,0.215,0.215,0.247,0.247
0.966,9.481,-23.428,0.233,0.233,0.247,0.247
0.967,9.367,-23.436,0.217,0.217,0.244,0.244
0.969,9.155,-23.454,0.237,0.237,0.246,0.246
0.969,8.959,-23.457,0.217,0.217,0.249,0.249
0.969,8.910,-23.456,0.244,0.244,0.250,0.250
0.974,8.992,-23.499,0.224,0.224,0.246,0.246
0.977,8.894,-23.530,0.240,0.240,0.230,0.230
0.980,8.649,-23.555,0.240,0.240,0.246,0.246
0.981,8.502,-23.561,0.249,0.249,0.255,0.255
0.981,8.551,-23.564,0.230,0.230,0.250,0.250
0.982,8.796,-23.577,0.240,0.240,0.246,0.246
0.983,9.057,-23.585,0.227,0.227,0.249,0.249
0.985,9.383,-23.604,0.238,0.238,0.243,0.243
0.987,9.498,-23.624,0.215,0.215,0.256,0.256
0.989,9.514,-23.641,0.240,0.240,0.246,0.246
0.991,9.449,-23.657,0.214,0.214,0.223,0.223
0.992,9.383,-23.664,0.230,0.230,0.217,0.217
0.991,9.106,-23.656,0.212,0.212,0.230,0.230
0.992,8.975,-23.667,0.235,0.235,0.227,0.227
0.994,8.812,-23.683,0.224,0.224,0.232,0.232
1.000,8.600,-23.737,0.226,0.226,0.253,0.253
1.003,8.486,-23.760,0.237,0.237,0.230,0.230
1.003,8.339,-23.759,0.233,0.233,0.235,0.235
1.004,8.143,-23.771,0.243,0.243,0.230,0.230
1.006,7.996,-23.787,0.233,0.233,0.235,0.235
1.007,7.882,-23.793,0.252,0.252,0.237,0.237
1.008,7.637,-23.804,0.237,0.237,0.233,0.233
1.011,7.490,-23.822,0.253,0.253,0.227,0.227
1.012,7.441,-23.829,0.238,0.238,0.243,0.243
1.013,7.458,-23.843,0.264,0.264,0.253,0.253
1.013,7.490,-23.840,0.241,0.241,0.240,0.240
1.015,7.490,-23.857,0.255,0.255,0.246,0.246
1.018,7.523,-23.874,0.243,0.243,0.243,0.243
1.022,7.490,-23.904,0.258,0.258,0.241,0.241
1.024,7.637,-23.921,0.237,0.237,0.223,0.223
1.025,7.833,-23.927,0.272,0.272,0.246,0.246
1.026,7.996,-23.937,0.249,0.249,0.261,0.261
1.027,7.931,-23.942,0.261,0.261,0.247,0.247
1.029,7.653,-23.959,0.246,0.246,0.247,0.247
1.031,7.376,-23.977,0.259,0.259,0.240,0.240
1.032,7.099,-23.984,0.232,0.232,0.246,0.246
1.034,6.968,-23.996,0.246,0.246,0.240,0.240
1.035,6.952,-24.008,0.233,0.233,0.247,0.247
1.035,6.903,-24.005,0.246,0.246,0.249,0.249
1.036,6.691,-24.012,0.224,0.224,0.249,0.249
1.038,6.511,-24.023,0.237,0.237,0.237,0.237
1.043,6.478,-24.057,0.215,0.215,0.227,0.227
1.045,6.478,-24.069,0.230,0.230,0.241,0.241
1.046,6.527,-24.075,0.204,0.204,0.249,0.249
1.047,6.478,-24.080,0.220,0.220,0.243,0.243
1.048,6.429,-24.093,0.206,0.206,0.249,0.249
1.051,6.299,-24.109,0.211,0.211,0.246,0.246
1.052,6.380,-24.116,0.209,0.209,0.250,0.250
1.054,6.462,-24.125,0.214,0.214,0.235,0.235
1.056,6.429,-24.140,0.218,0.218,0.258,0.258
1.057,6.217,-24.147,0.217,0.217,0.264,0.264
1.057,6.070,-24.145,0.227,0.227,0.272,0.272
1.059,6.005,-24.158,0.203,0.203,0.273,0.273
1.058,6.021,-24.153,0.223,0.223,0.273,0.273
1.061,6.054,-24.172,0.215,0.215,0.275,0.275
1.068,6.054,-24.215,0.215,0.215,0.284,0.284
1.067,6.087,-24.210,0.200,0.200,0.259,0.259
1.069,5.956,-24.221,0.221,0.221,0.252,0.252
1.071,5.711,-24.233,0.206,0.206,0.258,0.258
1.071,5.418,-24.234,0.212,0.212,0.266,0.266
1.074,5.189,-24.247,0.214,0.214,0.258,0.258
1.076,5.042,-24.256,0.212,0.212,0.253,0.253
1.077,4.928,-24.263,0.201,0.201,0.275,0.275
1.079,4.716,-24.271,0.215,0.215,0.252,0.252
1.080,4.553,-24.276,0.200,0.200,0.244,0.244
1.079,4.438,-24.273,0.212,0.212,0.250,0.250
1.080,4.340,-24.276,0.192,0.192,0.244,0.244
1.084,4.340,-24.295,0.218,0.218,0.243,0.243
1.088,4.210,-24.312,0.203,0.203,0.244,0.244
1.090,4.096,-24.321,0.221,0.221,0.258,0.258
1.093,3.949,-24.331,0.204,0.204,0.247,0.247
1.092,3.655,-24.327,0.227,0.227,0.237,0.237
1.094,3.263,-24.335,0.209,0.209,0.241,0.241
1.095,2.970,-24.339,0.223,0.223,0.243,0.243
1.097,2.741,-24.343,0.208,0.208,0.244,0.244
1.099,2.480,-24.348,0.224,0.224,0.246,0.246
1.101,2.137,-24.353,0.206,0.206,0.267,0.267
1.100,1.746,-24.352,0.233,0.233,0.249,0.249
1.101,1.370,-24.352,0.218,0.218,0.240,0.240
1.102,0.897,-24.354,0.237,0.237,0.247,0.247
1.105,0.603,-24.356,0.226,0.226,0.247,0.247
1.110,0.668,-24.359,0.243,0.243,0.249,0.249
1.112,0.946,-24.361,0.227,0.227,0.246,0.246
1.113,1.158,-24.362,0.232,0.232,0.266,0.266
1.114,1.174,-24.363,0.238,0.238,0.252,0.252
1.115,1.158,-24.364,0.230,0.230,0.246,0.246
1.116,1.011,-24.366,0.224,0.224,0.246,0.246
1.118,0.783,-24.367,0.233,0.233,0.241,0.241
1.120,0.538,-24.369,0.224,0.224,0.243,0.243
1.122,0.358,-24.370,0.226,0.226,0.238,0.238
1.124,0.473,-24.370,0.204,0.204,0.252,0.252
1.125,0.603,-24.371,0.212,0.212,0.229,0.229
1.122,0.766,-24.369,0.209,0.209,0.214,0.214
1.125,1.093,-24.371,0.200,0.200,0.227,0.227
1.131,1.468,-24.379,0.208,0.208,0.224,0.224
1.133,1.631,-24.383,0.200,0.200,0.235,0.235
1.136,1.566,-24.388,0.217,0.217,0.224,0.224
1.137,1.289,-24.388,0.198,0.198,0.252,0.252
1.137,0.995,-24.389,0.229,0.229,0.232,0.232
1.139,0.848,-24.390,0.203,0.203,0.221,0.221
1.141,0.848,-24.392,0.224,0.224,0.238,0.238
1.142,0.766,-24.393,0.206,0.206,0.230,0.230
1.143,0.522,-24.394,0.232,0.232,0.233,0.233
1.146,0.260,-24.395,0.211,0.211,0.237,0.237
1.146,0.114,-24.395,0.232,0.232,0.238,0.238
1.145,0.114,-24.395,0.217,0.217,0.244,0.244
1.148,0.130,-24.395,0.238,0.238,0.253,0.253
1.149,0.163,-24.395,0.218,0.218,0.246,0.246
1.155,0.179,-24.396,0.240,0.240,0.246,0.246
1.158,0.146,-24.397,0.244,0.244,0.252,0.252
1.158,0.244,-24.397,0.269,0.269,0.247,0.247
1.159,0.473,-24.397,0.261,0.261,0.229,0.229
1.161,0.652,-24.398,0.293,0.293,0.249,0.249
1.161,0.685,-24.399,0.278,0.278,0.255,0.255
1.164,0.668,-24.401,0.290,0.290,0.252,0.252
1.166,0.505,-24.402,0.285,0.285,0.250,0.250
1.167,0.293,-24.402,0.295,0.295,0.243,0.243
1.168,-0.066,-24.402,0.285,0.285,0.250,0.250
1.168,-0.409,-24.402,0.298,0.298,0.240,0.240
1.168,-0.719,-24.402,0.301,0.301,0.249,0.249
1.171,-0.833,-24.400,0.319,0.319,0.249,0.249
1.177,-0.866,-24.395,0.311,0.311,0.255,0.255
1.178,-0.833,-24.394,0.319,0.319,0.249,0.249
1.180,-0.686,-24.393,0.314,0.314,0.241,0.241
1.181,-0.474,-24.392,0.314,0.314,0.250,0.250
1.181,-0.392,-24.392,0.310,0.310,0.259,0.259
1.184,-0.719,-24.390,0.311,0.311,0.255,0.255
1.186,-1.241,-24.388,0.301,0.301,0.252,0.252
1.187,-1.796,-24.386,0.298,0.298,0.259,0.259
1.190,-2.220,-24.381,0.317,0.317,0.264,0.264
1.190,-2.220,-24.379,0.287,0.287,0.299,0.299
1.190,-1.910,-24.379,0.285,0.285,0.282,0.282
1.191,-1.241,-24.379,0.279,0.279,0.266,0.266
1.192,-0.262,-24.378,0.278,0.278,0.273,0.273
1.197,0.652,-24.379,0.250,0.250,0.275,0.275
1.200,1.109,-24.382,0.253,0.253,0.272,0.272
1.202,1.207,-24.384,0.230,0.230,0.278,0.278
1.203,1.076,-24.385,0.230,0.230,0.285,0.285
1.203,0.668,-24.385,0.208,0.208,0.272,0.272
1.206,0.293,-24.387,0.212,0.212,0.275,0.275
1.206,0.228,-24.387,0.185,0.185,0.264,0.264
1.208,0.424,-24.387,0.182,0.182,0.264,0.264
1.211,0.734,-24.389,0.163,0.163,0.264,0.264
1.212,0.897,-24.390,0.169,0.169,0.266,0.266
1.212,0.913,-24.389,0.145,0.145,0.243,0.243
1.211,1.011,-24.389,0.162,0.162,0.262,0.262
1.213,1.076,-24.391,0.136,0.136,0.269,0.269
1.219,1.125,-24.397,0.150,0.150,0.256,0.256
1.222,1.011,-24.401,0.130,0.130,0.252,0.252
1.224,0.799,-24.402,0.146,0.146,0.252,0.252
1.225,0.522,-24.403,0.127,0.127,0.258,0.258
1.226,0.260,-24.403,0.148,0.148,0.243,0.243
1.227,0.130,-24.404,0.139,0.139,0.261,0.261
1.229,-0.115,-24.404,0.157,0.157,0.255,0.255
1.231,-0.278,-24.403,0.148,0.148,0.261,0.261
1.232,-0.180,-24.403,0.163,0.163,0.253,0.253
1.233,0.195,-24.403,0.165,0.165,0.250,0.250
1.233,0.652,-24.403,0.175,0.175,0.255,0.255
1.233,1.011,-24.403,0.157,0.157,0.264,0.264
1.236,1.289,-24.406,0.182,0.182,0.255,0.255
1.239,1.533,-24.411,0.175,0.175,0.259,0.259
1.244,1.517,-24.418,0.182,0.182,0.256,0.256
1.245,1.191,-24.420,0.179,0.179,0.256,0.256
1.246,0.717,-24.421,0.179,0.179,0.270,0.270
1.247,0.016,-24.421,0.182,0.182,0.253,0.253
1.248,-0.327,-24.421,0.186,0.186,0.240,0.240
1.251,-0.392,-24.420,0.192,0.192,0.244,0.244
1.252,-0.311,-24.419,0.185,0.185,0.249,0.249
1.254,-0.099,-24.419,0.177,0.177,0.246,0.246
1.256,0.097,-24.419,0.174,0.174,0.243,0.243
1.256,0.293,-24.419,0.172,0.172,0.211,0.211
1.256,0.505,-24.419,0.166,0.166,0.226,0.226
1.258,0.668,-24.420,0.166,0.166,0.233,0.233
1.259,0.750,-24.421,0.171,0.171,0.230,0.230
1.264,0.913,-24.425,0.179,0.179,0.227,0.227
1.269,0.897,-24.429,0.166,0.166,0.240,0.240
1.269,0.995,-24.429,0.197,0.197,0.233,0.233
1.269,1.191,-24.430,0.188,0.188,0.223,0.223
1.270,1.566,-24.432,0.208,0.208,0.233,0.233
1.272,2.088,-24.434,0.189,0.189,0.233,0.233
1.274,2.480,-24.439,0.223,0.223,0.237,0.237
1.276,2.676,-24.445,0.206,0.206,0.237,0.237
1.277,2.643,-24.448,0.233,0.233,0.235,0.235
1.278,2.627,-24.451,0.211,0.211,0.244,0.244
1.279,2.627,-24.453,0.241,0.241,0.247,0.247
1.278,2.708,-24.449,0.220,0.220,0.246,0.246
1.280,2.953,-24.455,0.230,0.230,0.246,0.246
1.287,3.116,-24.476,0.230,0.230,0.253,0.253
1.288,3.149,-24.481,0.237,0.237,0.246,0.246
1.290,2.986,-24.484,0.223,0.223,0.276,0.276
1.292,2.774,-24.491,0.237,0.237,0.253,0.253
1.292,2.578,-24.491,0.230,0.230,0.255,0.255
1.293,2.611,-24.495,0.232,0.232,0.249,0.249
1.295,2.578,-24.500,0.221,0.221,0.252,0.252
1.297,2.627,-24.504,0.235,0.235,0.246,0.246
1.299,2.692,-24.509,0.232,0.232,0.253,0.253
1.300,2.953,-24.512,0.232,0.232,0.247,0.247
1.299,3.198,-24.509,0.232,0.232,0.252,0.252
1.300,3.606,-24.514,0.224,0.224,0.252,0.252
1.302,4.112,-24.522,0.224,0.224,0.253,0.253
1.308,4.781,-24.547,0.209,0.209,0.247,0.247
1.310,5.091,-24.557,0.224,0.224,0.243,0.243
1.312,5.124,-24.567,0.214,0.214,0.252,0.252
1.312,5.059,-24.568,0.218,0.218,0.253,0.253
1.314,5.059,-24.576,0.211,0.211,0.247,0.247
1.316,5.124,-24.586,0.229,0.229,0.253,0.253
1.317,5.385,-24.591,0.208,0.208,0.255,0.255
1.319,5.548,-24.603,0.233,0.233,0.253,0.253
1.320,5.483,-24.612,0.218,0.218,0.249,0.249
1.322,5.140,-24.618,0.249,0.249,0.256,0.256
1.323,4.667,-24.626,0.221,0.221,0.264,0.264
1.323,4.504,-24.626,0.258,0.258,0.272,0.272
1.323,4.536,-24.626,0.235,0.235,0.278,0.278
1.326,4.520,-24.639,0.246,0.246,0.272,0.272
1.333,4.553,-24.669,0.237,0.237,0.275,0.275
1.334,4.471,-24.676,0.255,0.255,0.276,0.276
1.336,4.145,-24.685,0.230,0.230,0.272,0.272
1.336,3.851,-24.685,0.259,0.259,0.273,0.273
1.337,3.867,-24.688,0.235,0.235,0.267,0.267
1.339,4.112,-24.694,0.249,0.249,0.270,0.270
1.341,4.340,-24.702,0.237,0.237,0.269,0.269
1.342,4.145,-24.710,0.253,0.253,0.261,0.261
1.344,3.753,-24.718,0.233,0.233,0.247,0.247
1.345,3.541,-24.721,0.258,0.258,0.261,0.261
1.345,3.524,-24.720,0.240,0.240,0.262,0.262
1.345,3.557,-24.722,0.256,0.256,0.261,0.261
1.348,3.492,-24.731,0.237,0.237,0.264,0.264
1.355,3.182,-24.753,0.249,0.249,0.258,0.258
1.356,2.774,-24.758,0.237,0.237,0.261,0.261
1.358,2.545,-24.762,0.249,0.249,0.235,0.235
1.357,2.447,-24.759,0.235,0.235,0.258,0.258
1.359,2.252,-24.765,0.246,0.246,0.264,0.264
1.361,2.121,-24.768,0.243,0.243,0.262,0.262
1.361,2.088,-24.769,0.235,0.235,0.258,0.258
1.364,2.105,-24.775,0.247,0.247,0.255,0.255
1.366,2.154,-24.779,0.237,0.237,0.258,0.258
1.367,2.137,-24.780,0.240,0.240,0.255,0.255
1.366,2.121,-24.779,0.230,0.230,0.259,0.259
1.367,2.252,-24.781,0.244,0.244,0.256,0.256
1.369,2.464,-24.787,0.230,0.230,0.253,0.253
1.375,2.725,-24.802,0.240,0.240,0.253,0.253
1.378,3.068,-24.811,0.235,0.235,0.262,0.262
1.378,3.557,-24.812,0.255,0.255,0.258,0.258
1.379,3.965,-24.815,0.238,0.238,0.255,0.255
1.381,4.128,-24.823,0.249,0.249,0.261,0.261
1.381,4.210,-24.821,0.238,0.238,0.256,0.256
1.384,4.406,-24.835,0.246,0.246,0.255,0.255
1.386,4.569,-24.845,0.223,0.223,0.256,0.256
1.387,4.504,-24.846,0.241,0.241,0.252,0.252
1.389,4.243,-24.855,0.221,0.221,0.249,0.249
1.388,3.965,-24.851,0.227,0.227,0.215,0.215
1.387,3.590,-24.849,0.209,0.209,0.235,0.235
1.390,3.100,-24.860,0.224,0.224,0.246,0.246
1.395,2.741,-24.873,0.215,0.215,0.241,0.241
1.399,2.578,-24.884,0.221,0.221,0.233,0.233
1.401,2.447,-24.888,0.218,0.218,0.230,0.230
1.401,2.300,-24.888,0.221,0.221,0.237,0.237
1.402,2.154,-24.891,0.218,0.218,0.223,0.223
1.403,2.105,-24.894,0.212,0.212,0.241,0.241
1.406,2.121,-24.899,0.224,0.224,0.247,0.247
1.407,2.333,-24.901,0.214,0.214,0.244,0.244
1.409,2.921,-24.908,0.224,0.224,0.240,0.240
1.411,3.524,-24.913,0.208,0.208,0.246,0.246
1.411,4.047,-24.915,0.230,0.230,0.246,0.246
1.410,4.243,-24.911,0.209,0.209,0.229,0.229
1.411,4.585,-24.915,0.232,0.232,0.247,0.247
1.417,4.912,-24.941,0.218,0.218,0.258,0.258
1.421,5.091,-24.960,0.244,0.244,0.249,0.249
1.421,5.124,-24.964,0.220,0.220,0.244,0.244
1.423,4.961,-24.971,0.243,0.243,0.249,0.249
1.424,4.732,-24.975,0.220,0.220,0.255,0.255
1.424,4.471,-24.977,0.230,0.230,0.232,0.232
1.426,4.226,-24.987,0.211,0.211,0.253,0.253
1.428,3.981,-24.996,0.237,0.237,0.255,0.255
1.430,3.720,-25.001,0.215,0.215,0.261,0.261
1.432,3.459,-25.010,0.224,0.224,0.249,0.249
1.432,3.198,-25.010,0.215,0.215,0.244,0.244
1.432,2.970,-25.010,0.215,0.215,0.253,0.253
1.434,2.725,-25.014,0.218,0.218,0.255,0.255
1.436,2.480,-25.021,0.206,0.206,0.250,0.250
1.441,2.137,-25.032,0.221,0.221,0.255,0.255
1.443,1.729,-25.035,0.198,0.198,0.255,0.255
1.443,1.599,-25.036,0.201,0.201,0.252,0.252
1.445,1.436,-25.039,0.194,0.194,0.233,0.233
1.446,1.174,-25.040,0.206,0.206,0.246,0.246
1.448,0.799,-25.041,0.189,0.189,0.255,0.255
1.449,0.358,-25.042,0.200,0.200,0.258,0.258
1.451,-0.539,-25.042,0.209,0.209,0.256,0.256
1.452,-1.698,-25.040,0.211,0.211,0.258,0.258
1.453,-2.808,-25.039,0.204,0.204,0.266,0.266
1.454,-3.917,-25.037,0.220,0.220,0.267,0.267
1.454,-5.223,-25.036,0.203,0.203,0.282,0.282
1.458,-6.692,-25.010,0.221,0.221,0.259,0.259
1.461,-8.275,-24.989,0.204,0.204,0.273,0.273
1.464,-10.054,-24.960,0.227,0.227,0.285,0.285
1.464,-11.751,-24.961,0.206,0.206,0.276,0.276
1.465,-13.546,-24.946,0.226,0.226,0.278,0.278
1.467,-15.048,-24.925,0.214,0.214,0.270,0.270
1.469,-16.353,-24.898,0.227,0.227,0.270,0.270
1.470,-17.887,-24.878,0.204,0.204,0.262,0.262
1.472,-19.487,-24.837,0.224,0.224,0.267,0.267
1.472,-20.956,-24.825,0.203,0.203,0.273,0.273
1.474,-21.869,-24.788,0.223,0.223,0.266,0.266
1.473,-22.261,-24.804,0.203,0.203,0.267,0.267
1.474,-22.751,-24.787,0.224,0.224,0.261,0.261
1.475,-23.746,-24.767,0.204,0.204,0.272,0.272
1.482,-24.889,-24.607,0.212,0.212,0.264,0.264
1.484,-25.884,-24.553,0.215,0.215,0.262,0.262
1.484,-26.439,-24.539,0.215,0.215,0.270,0.270
1.486,-26.570,-24.501,0.221,0.221,0.266,0.266
1.487,-26.716,-24.464,0.214,0.214,0.255,0.255
1.488,-27.435,-24.428,0.218,0.218,0.258,0.258
1.490,-28.626,-24.392,0.206,0.206,0.269,0.269
1.492,-29.768,-24.327,0.209,0.209,0.262,0.262
1.492,-30.258,-24.312,0.218,0.218,0.258,0.258
1.494,-30.111,-24.268,0.237,0.237,0.258,0.258
1.493,-30.013,-24.300,0.211,0.211,0.262,0.262
1.494,-30.454,-24.260,0.220,0.220,0.261,0.261
1.496,-31.678,-24.199,0.212,0.212,0.262,0.262
1.501,-33.098,-24.029,0.230,0.230,0.262,0.262
1.503,-34.060,-23.976,0.218,0.218,0.256,0.256
1.503,-34.060,-23.960,0.247,0.247,0.264,0.264
1.505,-33.489,-23.913,0.224,0.224,0.262,0.262
1.506,-32.967,-23.886,0.240,0.240,0.261,0.261
1.507,-32.820,-23.848,0.215,0.215,0.264,0.264
1.508,-33.098,-23.803,0.237,0.237,0.264,0.264
1.510,-33.228,-23.727,0.227,0.227,0.262,0.262
1.512,-32.836,-23.679,0.240,0.240,0.258,0.258
1.514,-32.053,-23.625,0.230,0.230,0.258,0.258
1.513,-31.302,-23.639,0.221,0.221,0.250,0.250
1.515,-30.878,-23.591,0.203,0.203,0.238,0.238
1.515,-30.748,-23.571,0.206,0.206,0.238,0.238
1.517,-30.796,-23.526,0.209,0.209,0.238,0.238
1.522,-30.813,-23.353,0.217,0.217,0.238,0.238
1.524,-30.845,-23.303,0.212,0.212,0.221,0.221
1.525,-30.943,-23.270,0.203,0.203,0.241,0.241
1.525,-31.172,-23.273,0.206,0.206,0.246,0.246
1.527,-31.319,-23.224,0.197,0.197,0.250,0.250
1.528,-31.384,-23.191,0.204,0.204,0.244,0.244
1.529,-31.335,-23.160,0.215,0.215,0.237,0.237
1.530,-31.351,-23.102,0.230,0.230,0.249,0.249
1.531,-31.319,-23.086,0.208,0.208,0.252,0.252
1.533,-31.107,-23.011,0.223,0.223,0.255,0.255
1.533,-30.568,-23.025,0.203,0.203,0.256,0.256
1.532,-30.029,-23.054,0.232,0.232,0.252,0.252
1.536,-29.785,-22.938,0.218,0.218,0.253,0.253
1.540,-29.801,-22.810,0.240,0.240,0.259,0.259
1.542,-29.654,-22.744,0.211,0.211,0.259,0.259
1.542,-29.099,-22.746,0.223,0.223,0.262,0.262
1.544,-28.348,-22.707,0.203,0.203,0.256,0.256
1.544,-27.532,-22.690,0.227,0.227,0.256,0.256
1.546,-26.994,-22.651,0.221,0.221,0.262,0.262
1.548,-26.961,-22.591,0.229,0.229,0.258,0.258
1.549,-27.222,-22.562,0.232,0.232,0.261,0.261
1.550,-27.337,-22.540,0.215,0.215,0.258,0.258
1.551,-26.929,-22.515,0.215,0.215,0.279,0.279
1.550,-25.966,-22.544,0.206,0.206,0.259,0.259
1.549,-24.889,-22.551,0.220,0.220,0.258,0.258
1.556,-24.481,-22.398,0.212,0.212,0.255,0.255
1.558,-24.889,-22.344,0.212,0.212,0.250,0.250
1.559,-25.721,-22.301,0.206,0.206,0.255,0.255
1.561,-26.406,-22.256,0.209,0.209,0.258,0.258
1.561,-26.586,-22.271,0.203,0.203,0.272,0.272
1.562,-26.325,-22.246,0.215,0.215,0.256,0.256
1.564,-25.884,-22.187,0.214,0.214,0.249,0.249
1.564,-25.754,-22.178,0.224,0.224,0.253,0.253
1.565,-26.080,-22.145,0.200,0.200,0.258,0.258
1.568,-26.782,-22.076,0.226,0.226,0.256,0.256
1.569,-27.500,-22.050,0.214,0.214,0.264,0.264
1.567,-28.202,-22.114,0.243,0.243,0.282,0.282
1.569,-28.397,-22.050,0.227,0.227,0.281,0.281
1.570,-28.038,-22.022,0.252,0.252,0.269,0.269
1.573,-27.696,-21.950,0.224,0.224,0.281,0.281
1.577,-27.989,-21.820,0.246,0.246,0.276,0.276
1.578,-28.985,-21.802,0.232,0.232,0.278,0.278
1.578,-29.834,-21.799,0.250,0.250,0.269,0.269
1.580,-30.372,-21.744,0.224,0.224,0.304,0.304
1.580,-30.454,-21.724,0.258,0.258,0.273,0.273
1.581,-30.307,-21.698,0.223,0.223,0.266,0.266
1.582,-29.997,-21.667,0.240,0.240,0.278,0.278
1.584,-29.932,-21.602,0.221,0.221,0.272,0.272
1.586,-30.274,-21.550,0.243,0.243,0.269,0.269
1.586,-30.927,-21.551,0.227,0.227,0.270,0.270
1.587,-31.678,-21.535,0.241,0.241,0.291,0.291
1.586,-32.282,-21.544,0.227,0.227,0.269,0.269
1.587,-32.314,-21.510,0.230,0.230,0.258,0.258
1.592,-32.053,-21.350,0.209,0.209,0.267,0.267
1.596,-31.825,-21.232,0.230,0.230,0.264,0.264
1.595,-31.988,-21.263,0.224,0.224,0.256,0.256
1.595,-32.706,-21.264,0.230,0.230,0.255,0.255
1.596,-33.620,-21.231,0.230,0.230,0.281,0.281
1.599,-34.289,-21.149,0.224,0.224,0.259,0.259
1.599,-34.452,-21.124,0.218,0.218,0.264,0.264
1.601,-34.371,-21.079,0.220,0.220,0.259,0.259
1.602,-34.338,-21.023,0.227,0.227,0.261,0.261
1.603,-34.403,-20.988,0.229,0.229,0.262,0.262
1.602,-34.762,-21.027,0.224,0.224,0.261,0.261
1.603,-35.170,-20.990,0.221,0.221,0.255,0.255
1.604,-35.236,-20.975,0.224,0.224,0.261,0.261
1.610,-35.040,-20.751,0.215,0.215,0.267,0.267
1.612,-34.811,-20.668,0.235,0.235,0.261,0.261
1.611,-34.664,-20.708,0.221,0.221,0.262,0.262
1.612,-34.452,-20.693,0.243,0.243,0.267,0.267
1.612,-34.224,-20.663,0.224,0.224,0.267,0.267
1.615,-33.930,-20.572,0.238,0.238,0.244,0.244
1.616,-33.685,-20.559,0.217,0.217,0.258,0.258
1.616,-33.342,-20.530,0.226,0.226,0.264,0.264
1.618,-32.836,-20.466,0.220,0.220,0.264,0.264
1.618,-32.494,-20.466,0.233,0.233,0.255,0.255
1.618,-32.282,-20.474,0.211,0.211,0.255,0.255
1.619,-32.298,-20.451,0.214,0.214,0.233,0.233
1.619,-32.331,-20.443,0.201,0.201,0.227,0.227
1.625,-32.331,-20.259,0.217,0.217,0.235,0.235
1.626,-32.477,-20.207,0.201,0.201,0.232,0.232
1.628,-32.885,-20.152,0.221,0.221,0.240,0.240
1.628,-33.652,-20.149,0.212,0.212,0.255,0.255
1.629,-34.207,-20.108,0.218,0.218,0.240,0.240
1.630,-34.322,-20.095,0.198,0.198,0.243,0.243
1.630,-33.914,-20.095,0.227,0.227,0.235,0.235
1.632,-33.375,-20.019,0.214,0.214,0.241,0.241
1.632,-32.934,-20.003,0.223,0.223,0.238,0.238
1.635,-32.673,-19.908,0.212,0.212,0.247,0.247
1.634,-32.200,-19.953,0.230,0.230,0.261,0.261
1.633,-31.564,-19.976,0.226,0.226,0.252,0.252
1.634,-30.862,-19.956,0.215,0.215,0.255,0.255
1.640,-30.209,-19.782,0.224,0.224,0.247,0.247
1.641,-29.507,-19.731,0.217,0.217,0.258,0.258
1.643,-28.985,-19.686,0.223,0.223,0.252,0.252
1.643,-28.691,-19.667,0.220,0.220,0.258,0.258
1.644,-28.495,-19.639,0.230,0.230,0.264,0.264
1.644,-28.365,-19.646,0.215,0.215,0.261,0.261
1.646,-28.495,-19.597,0.221,0.221,0.258,0.258
1.647,-28.952,-19.572,0.206,0.206,0.255,0.255
1.648,-29.768,-19.547,0.223,0.223,0.262,0.262
1.648,-30.601,-19.530,0.212,0.212,0.259,0.259
1.648,-30.845,-19.527,0.232,0.232,0.255,0.255
1.648,-30.633,-19.528,0.203,0.203,0.255,0.255
1.650,-30.388,-19.489,0.223,0.223,0.259,0.259
1.653,-30.388,-19.387,0.203,0.203,0.259,0.259
1.657,-30.780,-19.272,0.221,0.221,0.241,0.241
1.658,-31.156,-19.237,0.208,0.208,0.256,0.256
1.657,-31.384,-19.250,0.215,0.215,0.259,0.259
1.658,-31.400,-19.243,0.217,0.217,0.258,0.258
1.659,-31.237,-19.210,0.221,0.221,0.252,0.252
1.660,-30.992,-19.176,0.198,0.198,0.253,0.253
1.661,-30.911,-19.137,0.212,0.212,0.255,0.255
1.662,-31.107,-19.111,0.209,0.209,0.243,0.243
1.663,-31.319,-19.059,0.232,0.232,0.261,0.261
1.664,-31.515,-19.050,0.214,0.214,0.273,0.273
1.662,-31.678,-19.096,0.252,0.252,0.262,0.262
1.666,-31.955,-18.989,0.223,0.223,0.279,0.279
1.665,-32.184,-19.009,0.243,0.243,0.278,0.278
1.670,-32.461,-18.849,0.230,0.230,0.278,0.278
1.671,-32.804,-18.801,0.252,0.252,0.270,0.270
1.671,-33.408,-18.806,0.229,0.229,0.282,0.282
1.672,-34.256,-18.780,0.249,0.249,0.269,0.269
1.672,-35.252,-18.770,0.226,0.226,0.276,0.276
1.674,-36.198,-18.721,0.233,0.233,0.278,0.278
1.674,-36.753,-18.705,0.226,0.226,0.272,0.272
1.675,-36.949,-18.665,0.240,0.240,0.278,0.278
1.677,-37.161,-18.613,0.229,0.229,0.267,0.267
1.678,-37.341,-18.577,0.233,0.233,0.270,0.270
1.676,-37.618,-18.631,0.224,0.224,0.270,0.270
1.676,-37.667,-18.648,0.223,0.223,0.272,0.272
1.678,-37.422,-18.578,0.215,0.215,0.272,0.272
1.682,-37.178,-18.424,0.227,0.227,0.262,0.262
1.685,-36.770,-18.319,0.226,0.226,0.259,0.259
1.685,-36.508,-18.288,0.232,0.232,0.249,0.249
1.684,-36.688,-18.327,0.224,0.224,0.264,0.264
1.686,-37.161,-18.281,0.223,0.223,0.258,0.258
1.686,-37.635,-18.255,0.230,0.230,0.262,0.262
1.688,-37.716,-18.207,0.212,0.212,0.262,0.262
1.689,-37.341,-18.163,0.230,0.230,0.258,0.258
1.690,-36.884,-18.116,0.223,0.223,0.261,0.261
1.691,-36.819,-18.096,0.224,0.224,0.275,0.275
1.690,-37.031,-18.125,0.214,0.214,0.256,0.256
1.689,-37.373,-18.151,0.227,0.227,0.253,0.253
1.692,-37.765,-18.050,0.226,0.226,0.258,0.258
1.695,-38.026,-17.933,0.237,0.237,0.261,0.261
1.698,-37.945,-17.801,0.218,0.218,0.270,0.270
1.698,-37.994,-17.798,0.233,0.233,0.256,0.256
1.698,-38.614,-17.797,0.214,0.214,0.269,0.269
1.699,-39.528,-17.780,0.237,0.237,0.258,0.258
1.699,-40.164,-17.762,0.226,0.226,0.255,0.255
1.701,-40.360,-17.704,0.244,0.244,0.261,0.261
1.702,-40.180,-17.643,0.221,0.221,0.261,0.261
1.703,-39.887,-17.608,0.235,0.235,0.255,0.255
1.704,-39.691,-17.585,0.215,0.215,0.255,0.255
1.703,-39.756,-17.619,0.221,0.221,0.246,0.246
1.701,-40.262,-17.684,0.211,0.211,0.253,0.253
1.703,-40.899,-17.614,0.223,0.223,0.249,0.249
1.707,-41.323,-17.456,0.201,0.201,0.240,0.240
1.709,-41.290,-17.364,0.215,0.215,0.230,0.230
1.711,-41.127,-17.296,0.200,0.200,0.241,0.241
1.711,-40.768,-17.285,0.211,0.211,0.241,0.241
1.711,-40.344,-17.267,0.198,0.198,0.224,0.224
1.712,-40.197,-17.261,0.232,0.232,0.237,0.237
1.713,-40.066,-17.191,0.226,0.226,0.255,0.255
1.714,-39.740,-17.168,0.224,0.224,0.244,0.244
1.715,-39.381,-17.124,0.201,0.201,0.241,0.241
1.716,-39.299,-17.077,0.217,0.217,0.237,0.237
1.717,-39.658,-17.055,0.211,0.211,0.252,0.252
1.716,-40.164,-17.087,0.214,0.214,0.249,0.249
1.715,-40.637,-17.142,0.223,0.223,0.252,0.252
1.715,-40.768,-17.121,0.218,0.218,0.255,0.255
1.720,-40.654,-16.927,0.223,0.223,0.253,0.253
1.723,-40.376,-16.785,0.204,0.204,0.252,0.252
1.723,-40.344,-16.795,0.227,0.227,0.247,0.247
1.723,-40.719,-16.791,0.209,0.209,0.261,0.261
1.723,-41.600,-16.794,0.221,0.221,0.246,0.246
1.725,-42.563,-16.710,0.218,0.218,0.252,0.252
1.725,-43.265,-16.732,0.230,0.230,0.264,0.264
1.725,-43.608,-16.697,0.204,0.204,0.262,0.262
1.728,-43.738,-16.604,0.212,0.212,0.255,0.255
1.728,-43.689,-16.583,0.206,0.206,0.243,0.243
1.727,-43.559,-16.645,0.230,0.230,0.256,0.256
1.725,-43.298,-16.734,0.217,0.217,0.258,0.258
1.729,-43.183,-16.545,0.232,0.232,0.255,0.255
1.731,-43.232,-16.462,0.211,0.211,0.255,0.255
1.734,-43.591,-16.319,0.223,0.223,0.255,0.255
1.734,-44.081,-16.348,0.194,0.194,0.250,0.250
1.735,-44.538,-16.285,0.221,0.221,0.237,0.237
1.735,-44.571,-16.297,0.211,0.211,0.253,0.253
1.735,-44.358,-16.263,0.227,0.227,0.256,0.256
1.736,-44.114,-16.251,0.209,0.209,0.256,0.256
1.736,-44.114,-16.228,0.237,0.237,0.253,0.253
1.738,-44.016,-16.131,0.204,0.204,0.255,0.255
1.739,-43.804,-16.107,0.237,0.237,0.258,0.258
1.738,-43.673,-16.153,0.221,0.221,0.256,0.256
1.738,-43.624,-16.144,0.243,0.243,0.261,0.261
1.738,-43.738,-16.171,0.224,0.224,0.262,0.262
1.740,-43.999,-16.073,0.247,0.247,0.276,0.276
1.743,-44.260,-15.934,0.238,0.238,0.287,0.287
1.747,-44.505,-15.766,0.240,0.240,0.272,0.272
1.746,-44.652,-15.814,0.246,0.246,0.275,0.275
1.745,-44.668,-15.854,0.247,0.247,0.270,0.270
1.746,-44.554,-15.794,0.230,0.230,0.275,0.275
1.746,-44.277,-15.794,0.233,0.233,0.272,0.272
1.747,-44.146,-15.759,0.227,0.227,0.275,0.275
1.748,-44.114,-15.714,0.215,0.215,0.279,0.279
1.749,-44.244,-15.685,0.230,0.230,0.264,0.264
1.750,-44.489,-15.632,0.232,0.232,0.261,0.261
1.748,-44.685,-15.692,0.232,0.232,0.282,0.282
1.747,-44.554,-15.756,0.223,0.223,0.262,0.262
1.748,-44.097,-15.687,0.224,0.224,0.259,0.259
1.753,-43.347,-15.478,0.217,0.217,0.256,0.256
1.756,-42.792,-15.339,0.220,0.220,0.256,0.256
1.755,-42.465,-15.396,0.224,0.224,0.255,0.255
1.756,-42.384,-15.350,0.227,0.227,0.255,0.255
1.756,-42.514,-15.373,0.212,0.212,0.285,0.285
1.757,-42.694,-15.334,0.227,0.227,0.255,0.255
1.757,-42.710,-15.317,0.217,0.217,0.250,0.250
1.758,-42.612,-15.286,0.230,0.230,0.253,0.253
1.759,-42.237,-15.227,0.209,0.209,0.259,0.259
1.760,-41.845,-15.197,0.246,0.246,0.258,0.258
1.757,-41.551,-15.304,0.215,0.215,0.255,0.255
1.756,-41.290,-15.351,0.233,0.233,0.256,0.256
1.758,-41.192,-15.273,0.215,0.215,0.255,0.255
1.761,-41.143,-15.132,0.237,0.237,0.255,0.255
1.765,-41.127,-14.972,0.218,0.218,0.256,0.256
1.765,-40.882,-14.985,0.240,0.240,0.256,0.256
1.766,-40.703,-14.933,0.232,0.232,0.259,0.259
1.765,-40.801,-14.998,0.240,0.240,0.256,0.256
1.766,-41.062,-14.934,0.235,0.235,0.252,0.252
1.767,-41.225,-14.896,0.235,0.235,0.258,0.258
1.767,-41.176,-14.906,0.233,0.233,0.262,0.262
1.768,-40.850,-14.854,0.240,0.240,0.255,0.255
1.769,-40.686,-14.827,0.221,0.221,0.256,0.256
1.767,-40.670,-14.884,0.226,0.226,0.246,0.246
1.766,-40.768,-14.931,0.211,0.211,0.252,0.252
1.766,-41.078,-14.936,0.201,0.201,0.224,0.224
1.771,-41.209,-14.728,0.212,0.212,0.235,0.235
1.774,-41.143,-14.605,0.195,0.195,0.233,0.233
1.774,-40.768,-14.633,0.212,0.212,0.238,0.238
1.775,-40.376,-14.591,0.195,0.195,0.237,0.237
1.774,-40.164,-14.607,0.209,0.209,0.244,0.244
1.775,-40.180,-14.581,0.203,0.203,0.238,0.238
1.775,-40.311,-14.586,0.212,0.212,0.238,0.238
1.776,-40.588,-14.520,0.200,0.200,0.244,0.244
1.777,-40.703,-14.503,0.229,0.229,0.238,0.238
1.777,-40.768,-14.504,0.206,0.206,0.246,0.246
1.778,-40.703,-14.473,0.227,0.227,0.244,0.244
1.775,-40.703,-14.566,0.204,0.204,0.273,0.273
1.774,-40.670,-14.605,0.226,0.226,0.258,0.258
1.779,-40.703,-14.422,0.215,0.215,0.255,0.255
1.782,-40.817,-14.296,0.233,0.233,0.249,0.249
1.783,-41.062,-14.257,0.221,0.221,0.255,0.255
1.783,-41.241,-14.243,0.230,0.230,0.253,0.253
1.782,-41.225,-14.275,0.218,0.218,0.256,0.256
1.783,-41.127,-14.265,0.212,0.212,0.282,0.282
1.783,-40.882,-14.233,0.218,0.218,0.259,0.259
1.784,-40.605,-14.200,0.217,0.217,0.249,0.249
1.785,-40.229,-14.183,0.212,0.212,0.261,0.261
1.786,-39.642,-14.134,0.218,0.218,0.255,0.255
1.785,-38.777,-14.183,0.217,0.217,0.252,0.252
1.783,-37.912,-14.262,0.209,0.209,0.255,0.255
1.783,-37.194,-14.263,0.224,0.224,0.269,0.269
1.788,-36.819,-14.071,0.204,0.204,0.258,0.258
1.789,-36.721,-14.022,0.229,0.229,0.261,0.261
1.791,-36.639,-13.948,0.203,0.203,0.249,0.249
1.790,-36.427,-13.978,0.218,0.218,0.246,0.246
1.790,-36.280,-13.992,0.200,0.200,0.249,0.249
1.790,-36.231,-13.971,0.217,0.217,0.250,0.250
1.790,-36.362,-13.975,0.201,0.201,0.249,0.249
1.792,-36.802,-13.925,0.230,0.230,0.252,0.252
1.791,-37.455,-13.936,0.206,0.206,0.262,0.262
1.793,-37.830,-13.881,0.223,0.223,0.256,0.256
1.794,-37.928,-13.844,0.218,0.218,0.253,0.253
1.791,-38.140,-13.943,0.237,0.237,0.255,0.255
1.791,-38.222,-13.940,0.223,0.223,0.261,0.261
1.791,-38.287,-13.968,0.250,0.250,0.282,0.282
1.796,-38.255,-13.752,0.233,0.233,0.287,0.287
1.798,-38.255,-13.693,0.246,0.246,0.276,0.276
1.798,-38.157,-13.670,0.230,0.230,0.278,0.278
1.798,-37.781,-13.698,0.243,0.243,0.273,0.273
1.798,-37.210,-13.675,0.235,0.235,0.273,0.273
1.797,-36.623,-13.716,0.238,0.238,0.267,0.267
1.799,-36.557,-13.650,0.235,0.235,0.267,0.267
1.800,-36.574,-13.628,0.233,0.233,0.270,0.270
1.800,-36.557,-13.627,0.226,0.226,0.270,0.270
1.801,-36.623,-13.576,0.229,0.229,0.264,0.264
1.800,-36.737,-13.604,0.221,0.221,0.264,0.264
1.799,-36.786,-13.637,0.224,0.224,0.262,0.262
1.797,-36.802,-13.704,0.221,0.221,0.264,0.264
1.800,-36.868,-13.599,0.214,0.214,0.278,0.278
1.804,-37.210,-13.445,0.229,0.229,0.261,0.261
1.805,-37.602,-13.421,0.209,0.209,0.258,0.258
1.805,-37.994,-13.436,0.232,0.232,0.256,0.256
1.804,-38.500,-13.480,0.212,0.212,0.258,0.258
1.804,-38.532,-13.474,0.230,0.230,0.258,0.258
1.805,-38.026,-13.439,0.215,0.215,0.250,0.250
1.806,-37.308,-13.399,0.237,0.237,0.272,0.272
1.805,-36.606,-13.407,0.217,0.217,0.252,0.252
1.806,-35.986,-13.380,0.227,0.227,0.247,0.247
1.805,-35.611,-13.425,0.217,0.217,0.250,0.250
1.805,-35.366,-13.442,0.243,0.243,0.253,0.253
1.803,-35.170,-13.483,0.227,0.227,0.255,0.255
1.810,-34.942,-13.254,0.238,0.238,0.256,0.256
1.810,-34.893,-13.249,0.233,0.233,0.266,0.266
1.812,-35.023,-13.188,0.240,0.240,0.261,0.261
1.810,-34.942,-13.235,0.226,0.226,0.258,0.258
1.811,-34.860,-13.228,0.247,0.247,0.256,0.256
1.811,-34.762,-13.228,0.235,0.235,0.262,0.262
1.811,-34.795,-13.209,0.235,0.235,0.261,0.261
1.811,-34.697,-13.213,0.237,0.237,0.261,0.261
1.812,-34.485,-13.174,0.237,0.237,0.247,0.247
1.813,-34.354,-13.139,0.238,0.238,0.255,0.255
1.812,-34.289,-13.173,0.223,0.223,0.258,0.258
1.811,-34.289,-13.224,0.233,0.233,0.258,0.258
1.811,-34.322,-13.222,0.223,0.223,0.247,0.247
1.810,-34.354,-13.250,0.214,0.214,0.232,0.232
1.815,-34.322,-13.089,0.203,0.203,0.237,0.237
1.816,-34.322,-13.031,0.215,0.215,0.215,0.215
1.817,-34.322,-12.998,0.203,0.203,0.237,0.237
1.816,-34.354,-13.032,0.220,0.220,0.243,0.243
1.816,-34.305,-13.052,0.209,0.209,0.238,0.238
1.817,-34.338,-13.021,0.227,0.227,0.235,0.235
1.816,-34.338,-13.050,0.212,0.212,0.237,0.237
1.818,-34.305,-12.977,0.235,0.235,0.243,0.243
1.817,-34.322,-12.995,0.220,0.220,0.224,0.224
1.818,-34.305,-12.991,0.246,0.246,0.240,0.240
1.817,-34.338,-12.997,0.218,0.218,0.244,0.244
1.815,-34.305,-13.082,0.240,0.240,0.246,0.246
1.817,-34.224,-13.009,0.223,0.223,0.247,0.247
1.818,-33.963,-12.962,0.241,0.241,0.256,0.256
1.821,-33.701,-12.879,0.221,0.221,0.255,0.255
1.822,-33.326,-12.847,0.244,0.244,0.252,0.252
1.821,-32.836,-12.884,0.229,0.229,0.255,0.255
1.820,-32.445,-12.889,0.238,0.238,0.255,0.255
1.822,-32.151,-12.853,0.237,0.237,0.252,0.252
1.821,-31.939,-12.862,0.237,0.237,0.253,0.253
1.823,-31.694,-12.813,0.233,0.233,0.279,0.279
1.822,-31.417,-12.840,0.224,0.224,0.261,0.261
1.823,-31.286,-12.814,0.233,0.233,0.252,0.252
1.821,-31.270,-12.863,0.227,0.227,0.247,0.247
1.820,-31.433,-12.893,0.229,0.229,0.249,0.249
1.820,-31.792,-12.917,0.227,0.227,0.247,0.247
1.824,-32.314,-12.772,0.230,0.230,0.250,0.250
1.826,-32.836,-12.696,0.226,0.226,0.266,0.266
1.825,-33.359,-12.736,0.229,0.229,0.252,0.252
1.826,-33.734,-12.696,0.220,0.220,0.247,0.247
1.826,-33.865,-12.715,0.226,0.226,0.253,0.253
1.826,-33.865,-12.706,0.206,0.206,0.252,0.252
1.826,-33.832,-12.710,0.230,0.230,0.250,0.250
1.827,-33.718,-12.687,0.215,0.215,0.250,0.250
1.827,-33.489,-12.667,0.224,0.224,0.250,0.250
1.827,-33.228,-12.683,0.215,0.215,0.256,0.256
1.827,-32.836,-12.666,0.243,0.243,0.258,0.258
1.824,-32.363,-12.760,0.221,0.221,0.261,0.261
1.824,-31.825,-12.763,0.244,0.244,0.259,0.259
1.826,-31.302,-12.698,0.233,0.233,0.275,0.275
1.829,-30.911,-12.603,0.250,0.250,0.276,0.276
1.831,-30.813,-12.555,0.227,0.227,0.261,0.261
1.829,-30.780,-12.611,0.259,0.259,0.276,0.276
1.829,-30.748,-12.603,0.232,0.232,0.291,0.291
1.830,-30.519,-12.597,0.249,0.249,0.275,0.275
1.830,-30.486,-12.595,0.233,0.233,0.275,0.275
1.831,-30.748,-12.561,0.244,0.244,0.270,0.270
1.831,-31.172,-12.558,0.227,0.227,0.270,0.270
1.830,-31.482,-12.575,0.237,0.237,0.255,0.255
1.830,-31.727,-12.581,0.221,0.221,0.273,0.273
1.830,-31.939,-12.597,0.227,0.227,0.276,0.276
1.827,-32.200,-12.668,0.220,0.220,0.273,0.273
1.827,-32.347,-12.684,0.237,0.237,0.264,0.264
1.833,-32.477,-12.481,0.218,0.218,0.262,0.262
1.834,-32.575,-12.466,0.224,0.224,0.255,0.255
1.835,-32.494,-12.438,0.223,0.223,0.240,0.240
1.833,-32.347,-12.486,0.226,0.226,0.255,0.255
1.832,-32.200,-12.512,0.215,0.215,0.264,0.264
1.833,-31.955,-12.482,0.212,0.212,0.261,0.261
1.833,-31.808,-12.486,0.212,0.212,0.258,0.258
1.834,-31.759,-12.464,0.211,0.211,0.255,0.255
1.834,-31.694,-12.457,0.206,0.206,0.256,0.256
1.833,-31.482,-12.494,0.211,0.211,0.249,0.249
1.832,-31.237,-12.515,0.212,0.212,0.255,0.255
1.832,-30.943,-12.527,0.203,0.203,0.253,0.253
1.831,-30.813,-12.539,0.221,0.221,0.253,0.253
1.835,-30.813,-12.418,0.203,0.203,0.258,0.258
1.836,-30.813,-12.396,0.218,0.218,0.256,0.256
1.837,-30.862,-12.375,0.200,0.200,0.252,0.252
1.835,-30.845,-12.413,0.226,0.226,0.249,0.249
1.836,-30.943,-12.404,0.212,0.212,0.256,0.256
1.835,-31.204,-12.413,0.220,0.220,0.259,0.259
1.836,-31.302,-12.408,0.206,0.206,0.256,0.256
1.836,-31.368,-12.388,0.230,0.230,0.258,0.258
1.837,-31.335,-12.372,0.212,0.212,0.256,0.256
1.836,-31.302,-12.390,0.224,0.224,0.250,0.250
1.835,-31.253,-12.437,0.208,0.208,0.250,0.250
1.834,-30.976,-12.462,0.217,0.217,0.249,0.249
1.833,-30.845,-12.490,0.192,0.192,0.247,0.247
1.838,-30.813,-12.328,0.211,0.211,0.233,0.233
1.839,-30.829,-12.295,0.194,0.194,0.237,0.237
1.838,-30.764,-12.321,0.206,0.206,0.230,0.230
1.838,-30.519,-12.325,0.188,0.188,0.233,0.233
1.838,-30.405,-12.343,0.212,0.212,0.200,0.200
1.837,-30.372,-12.363,0.201,0.201,0.232,0.232
1.837,-30.340,-12.372,0.214,0.214,0.243,0.243
1.838,-30.372,-12.334,0.204,0.204,0.237,0.237
1.839,-30.470,-12.306,0.211,0.211,0.240,0.240
1.839,-30.584,-12.318,0.212,0.212,0.233,0.233
1.838,-30.519,-12.341,0.200,0.200,0.237,0.237
1.836,-30.405,-12.396,0.218,0.218,0.221,0.221
1.835,-30.340,-12.418,0.206,0.206,0.240,0.240
1.837,-30.340,-12.370,0.221,0.221,0.253,0.253
1.840,-30.356,-12.280,0.208,0.208,0.246,0.246
1.841,-30.356,-12.244,0.227,0.227,0.243,0.243
1.840,-30.388,-12.263,0.206,0.206,0.241,0.241
1.840,-30.372,-12.271,0.220,0.220,0.247,0.247
1.839,-30.388,-12.304,0.209,0.209,0.241,0.241
1.840,-30.258,-12.279,0.226,0.226,0.243,0.243
1.840,-30.046,-12.287,0.204,0.204,0.253,0.253
1.840,-29.834,-12.266,0.223,0.223,0.249,0.249
1.839,-29.736,-12.293,0.206,0.206,0.255,0.255
1.838,-29.507,-12.340,0.223,0.223,0.249,0.249
1.836,-29.377,-12.406,0.203,0.203,0.256,0.256
1.839,-29.344,-12.316,0.230,0.230,0.255,0.255
1.841,-29.360,-12.237,0.209,0.209,0.252,0.252
1.842,-29.393,-12.214,0.226,0.226,0.249,0.249
1.842,-29.360,-12.209,0.212,0.212,0.250,0.250
1.841,-29.295,-12.251,0.230,0.230,0.250,0.250
1.840,-29.018,-12.270,0.209,0.209,0.270,0.270
1.840,-28.854,-12.270,0.217,0.217,0.252,0.252
1.841,-28.822,-12.255,0.209,0.209,0.249,0.249
1.841,-28.724,-12.255,0.224,0.224,0.249,0.249
1.840,-28.528,-12.265,0.204,0.204,0.247,0.247
1.841,-28.479,-12.258,0.230,0.230,0.244,0.244
1.840,-28.724,-12.278,0.214,0.214,0.255,0.255
1.837,-28.887,-12.348,0.232,0.232,0.273,0.273
1.837,-28.969,-12.351,0.223,0.223,0.259,0.259
1.837,-28.952,-12.347,0.235,0.235,0.255,0.255
1.842,-28.920,-12.219,0.233,0.233,0.276,0.276
1.842,-28.887,-12.205,0.232,0.232,0.272,0.272
1.842,-28.822,-12.212,0.243,0.243,0.275,0.275
1.842,-28.871,-12.224,0.237,0.237,0.267,0.267
1.842,-28.871,-12.225,0.235,0.235,0.275,0.275
1.841,-28.854,-12.237,0.237,0.237,0.270,0.270
1.841,-28.887,-12.240,0.246,0.246,0.282,0.282
1.842,-28.887,-12.229,0.226,0.226,0.272,0.272
1.842,-28.887,-12.212,0.240,0.240,0.270,0.270
1.842,-28.920,-12.224,0.223,0.223,0.269,0.269
1.841,-28.969,-12.254,0.233,0.233,0.259,0.259
1.839,-29.067,-12.315,0.220,0.220,0.237,0.237
1.838,-29.246,-12.340,0.238,0.238,0.261,0.261
1.839,-29.409,-12.313,0.224,0.224,0.275,0.275
1.844,-29.719,-12.165,0.226,0.226,0.261,0.261
1.843,-29.948,-12.185,0.227,0.227,0.258,0.258
1.840,-30.176,-12.264,0.232,0.232,0.255,0.255
1.840,-30.454,-12.270,0.212,0.212,0.253,0.253
1.840,-30.699,-12.268,0.233,0.233,0.229,0.229
1.841,-30.813,-12.248,0.218,0.218,0.255,0.255
1.840,-30.845,-12.274,0.230,0.230,0.264,0.264
1.841,-31.009,-12.245,0.212,0.212,0.256,0.256
1.841,-31.204,-12.246,0.243,0.243,0.252,0.252
1.839,-31.302,-12.305,0.220,0.220,0.250,0.250
1.838,-31.270,-12.352,0.243,0.243,0.252,0.252
1.838,-31.009,-12.335,0.220,0.220,0.246,0.246
1.842,-30.911,-12.210,0.249,0.249,0.247,0.247
1.842,-30.829,-12.220,0.233,0.233,0.253,0.253
1.841,-30.829,-12.238,0.244,0.244,0.252,0.252
1.841,-30.764,-12.242,0.230,0.230,0.256,0.256
1.840,-30.650,-12.286,0.247,0.247,0.240,0.240
1.840,-30.699,-12.263,0.230,0.230,0.258,0.258
1.840,-30.829,-12.267,0.255,0.255,0.258,0.258
1.840,-30.894,-12.271,0.243,0.243,0.258,0.258
1.840,-30.992,-12.272,0.247,0.247,0.250,0.250
1.840,-31.237,-12.271,0.237,0.237,0.255,0.255
1.837,-31.335,-12.368,0.243,0.243,0.252,0.252
1.836,-31.400,-12.387,0.227,0.227,0.252,0.252
1.836,-31.351,-12.402,0.220,0.220,0.252,0.252
1.838,-31.335,-12.331,0.224,0.224,0.255,0.255
1.841,-31.335,-12.253,0.208,0.208,0.223,0.223
1.842,-31.335,-12.224,0.212,0.212,0.237,0.237
1.840,-31.335,-12.263,0.214,0.214,0.237,0.237
1.839,-31.319,-12.296,0.215,0.215,0.237,0.237
1.840,-31.319,-12.287,0.206,0.206,0.252,0.252
1.840,-31.335,-12.289,0.211,0.211,0.237,0.237
1.839,-31.237,-12.314,0.206,0.206,0.230,0.230
1.838,-31.009,-12.335,0.218,0.218,0.238,0.238
1.839,-30.943,-12.322,0.206,0.206,0.240,0.240
1.838,-31.156,-12.346,0.215,0.215,0.227,0.227
1.837,-31.319,-12.382,0.209,0.209,0.241,0.241
1.835,-31.400,-12.429,0.224,0.224,0.256,0.256
1.836,-31.351,-12.399,0.208,0.208,0.240,0.240
1.839,-31.433,-12.317,0.241,0.241,0.240,0.240
1.839,-31.661,-12.301,0.217,0.217,0.246,0.246
1.839,-31.841,-12.314,0.235,0.235,0.241,0.241
1.838,-31.759,-12.332,0.214,0.214,0.246,0.246
1.837,-31.596,-12.367,0.238,0.238,0.243,0.243
1.838,-31.678,-12.341,0.220,0.220,0.253,0.253
1.838,-31.776,-12.346,0.227,0.227,0.249,0.249
1.837,-31.759,-12.381,0.218,0.218,0.255,0.255
1.836,-31.596,-12.398,0.227,0.227,0.249,0.249
1.836,-31.580,-12.408,0.227,0.227,0.255,0.255
1.834,-31.433,-12.459,0.224,0.224,0.247,0.247
1.833,-31.335,-12.484,0.229,0.229,0.253,0.253
1.833,-31.302,-12.482,0.223,0.223,0.246,0.246
1.837,-31.335,-12.370,0.215,0.215,0.253,0.253
1.837,-31.433,-12.384,0.223,0.223,0.253,0.253
1.836,-31.678,-12.398,0.215,0.215,0.256,0.256
1.836,-31.825,-12.398,0.206,0.206,0.247,0.247
1.836,-31.874,-12.410,0.218,0.218,0.249,0.249
1.835,-31.825,-12.445,0.208,0.208,0.243,0.243
1.835,-31.857,-12.439,0.218,0.218,0.244,0.244
1.834,-31.808,-12.453,0.204,0.204,0.250,0.250
1.835,-31.825,-12.441,0.214,0.214,0.253,0.253
1.833,-31.825,-12.483,0.203,0.203,0.249,0.249
1.830,-31.857,-12.588,0.212,0.212,0.249,0.249
1.830,-31.972,-12.599,0.212,0.212,0.249,0.249
1.832,-32.216,-12.539,0.220,0.220,0.255,0.255
1.835,-32.477,-12.430,0.218,0.218,0.256,0.256
1.835,-32.706,-12.444,0.233,0.233,0.270,0.270
1.834,-32.951,-12.477,0.229,0.229,0.282,0.282
1.833,-33.212,-12.502,0.244,0.244,0.276,0.276
1.832,-33.244,-12.541,0.221,0.221,0.275,0.275
1.832,-33.000,-12.535,0.246,0.246,0.264,0.264
1.832,-32.820,-12.537,0.227,0.227,0.269,0.269
1.832,-32.771,-12.544,0.229,0.229,0.250,0.250
1.831,-32.804,-12.560,0.221,0.221,0.269,0.269
1.832,-32.820,-12.542,0.244,0.244,0.272,0.272
1.830,-32.836,-12.609,0.212,0.212,0.272,0.272
1.828,-32.804,-12.674,0.240,0.240,0.261,0.261
1.827,-32.804,-12.692,0.226,0.226,0.256,0.256
1.829,-32.820,-12.615,0.235,0.235,0.256,0.256
1.832,-32.722,-12.532,0.221,0.221,0.240,0.240
1.830,-32.575,-12.590,0.243,0.243,0.253,0.253
1.830,-32.657,-12.596,0.218,0.218,0.267,0.267
1.828,-32.788,-12.659,0.235,0.235,0.252,0.252
1.828,-32.836,-12.648,0.226,0.226,0.253,0.253
1.828,-32.951,-12.658,0.237,0.237,0.255,0.255
1.828,-33.179,-12.649,0.223,0.223,0.262,0.262
1.827,-33.326,-12.690,0.250,0.250,0.229,0.229
1.828,-33.375,-12.677,0.230,0.230,0.252,0.252
1.827,-33.310,-12.710,0.246,0.246,0.256,0.256
1.824,-33.408,-12.792,0.224,0.224,0.253,0.253
1.823,-33.538,-12.833,0.235,0.235,0.252,0.252
1.826,-33.391,-12.732,0.232,0.232,0.256,0.256
1.828,-33.016,-12.654,0.227,0.227,0.252,0.252
1.827,-32.722,-12.694,0.235,0.235,0.256,0.256
1.826,-32.428,-12.724,0.230,0.230,0.256,0.256
1.825,-32.331,-12.748,0.238,0.238,0.255,0.255
1.825,-32.200,-12.776,0.227,0.227,0.253,0.253
1.824,-31.988,-12.796,0.243,0.243,0.259,0.259
1.825,-31.939,-12.771,0.230,0.230,0.258,0.258
1.824,-32.151,-12.809,0.230,0.230,0.255,0.255
1.824,-32.461,-12.799,0.233,0.233,0.259,0.259
1.821,-32.722,-12.883,0.237,0.237,0.250,0.250
1.820,-32.967,-12.908,0.214,0.214,0.247,0.247
1.819,-33.326,-12.950,0.233,0.233,0.249,0.249
1.823,-33.652,-12.816,0.218,0.218,0.250,0.250
1.822,-33.979,-12.845,0.227,0.227,0.249,0.249
1.822,-34.224,-12.857,0.209,0.209,0.230,0.230
1.821,-34.240,-12.877,0.223,0.223,0.223,0.223
1.821,-34.028,-12.899,0.197,0.197,0.223,0.223
1.820,-33.848,-12.925,0.221,0.221,0.232,0.232
1.820,-33.783,-12.938,0.197,0.197,0.233,0.233
1.820,-33.914,-12.929,0.224,0.224,0.233,0.233
1.820,-34.060,-12.933,0.209,0.209,0.237,0.237
1.818,-33.995,-12.976,0.223,0.223,0.233,0.233
1.818,-33.750,-12.981,0.215,0.215,0.255,0.255
1.818,-33.571,-13.005,0.237,0.237,0.230,0.230
1.814,-33.538,-13.111,0.218,0.218,0.232,0.232
1.815,-33.457,-13.107,0.235,0.235,0.238,0.238
1.817,-33.359,-13.011,0.224,0.224,0.246,0.246
1.818,-33.310,-12.985,0.233,0.233,0.247,0.247
1.818,-33.196,-13.004,0.223,0.223,0.250,0.250
1.816,-32.983,-13.049,0.235,0.235,0.247,0.247
1.815,-32.836,-13.095,0.223,0.223,0.250,0.250
1.814,-32.788,-13.113,0.230,0.230,0.249,0.249
1.814,-32.820,-13.110,0.226,0.226,0.250,0.250
1.815,-32.836,-13.106,0.221,0.221,0.250,0.250
1.813,-32.853,-13.149,0.232,0.232,0.252,0.252
1.813,-32.934,-13.165,0.212,0.212,0.247,0.247
1.811,-33.179,-13.232,0.230,0.230,0.270,0.270
1.810,-33.440,-13.257,0.212,0.212,0.253,0.253
1.810,-33.816,-13.244,0.223,0.223,0.243,0.243
1.813,-34.191,-13.165,0.211,0.211,0.247,0.247
1.813,-34.485,-13.163,0.232,0.232,0.255,0.255
1.812,-34.811,-13.197,0.211,0.211,0.249,0.249
1.811,-35.187,-13.227,0.220,0.220,0.246,0.246
1.809,-35.317,-13.290,0.220,0.220,0.266,0.266
1.810,-35.382,-13.260,0.224,0.224,0.249,0.249
1.808,-35.317,-13.317,0.201,0.201,0.241,0.241
1.809,-35.268,-13.301,0.224,0.224,0.243,0.243
1.808,-35.301,-13.323,0.201,0.201,0.244,0.244
1.808,-35.284,-13.337,0.221,0.221,0.252,0.252
1.805,-35.203,-13.442,0.200,0.200,0.249,0.249
1.802,-34.974,-13.533,0.230,0.230,0.258,0.258
1.804,-34.681,-13.486,0.214,0.214,0.255,0.255
1.805,-34.322,-13.440,0.237,0.237,0.258,0.258
1.808,-33.832,-13.340,0.224,0.224,0.256,0.256
1.806,-33.440,-13.408,0.252,0.252,0.267,0.267
1.805,-33.261,-13.435,0.221,0.221,0.272,0.272
1.804,-33.277,-13.478,0.247,0.247,0.270,0.270
1.803,-33.424,-13.492,0.230,0.230,0.269,0.269
1.803,-33.701,-13.513,0.246,0.246,0.269,0.269
1.803,-33.930,-13.505,0.224,0.224,0.273,0.273
1.801,-34.207,-13.559,0.249,0.249,0.272,0.272
1.802,-34.387,-13.544,0.227,0.227,0.270,0.270
1.800,-34.354,-13.589,0.237,0.237,0.261,0.261
1.798,-34.322,-13.683,0.230,0.230,0.269,0.269
1.795,-34.207,-13.783,0.237,0.237,0.253,0.253
1.796,-33.946,-13.757,0.215,0.215,0.261,0.261
1.800,-33.701,-13.610,0.232,0.232,0.269,0.269
1.799,-33.424,-13.628,0.217,0.217,0.266,0.266
1.799,-33.196,-13.637,0.224,0.224,0.255,0.255
1.797,-32.853,-13.704,0.215,0.215,0.246,0.246
1.796,-32.494,-13.737,0.229,0.229,0.243,0.243
1.795,-32.200,-13.759,0.218,0.218,0.238,0.238
1.796,-31.923,-13.745,0.218,0.218,0.250,0.250
1.795,-31.808,-13.781,0.218,0.218,0.267,0.267
1.795,-31.890,-13.782,0.212,0.212,0.250,0.250
1.794,-32.184,-13.806,0.208,0.208,0.255,0.255
1.791,-32.575,-13.894,0.209,0.209,0.252,0.252
1.790,-32.951,-13.949,0.220,0.220,0.252,0.252
1.788,-33.228,-13.990,0.211,0.211,0.246,0.246
1.794,-33.685,-13.803,0.223,0.223,0.249,0.249
1.792,-34.175,-13.857,0.215,0.215,0.250,0.250
1.792,-34.485,-13.871,0.229,0.229,0.250,0.250
1.791,-34.713,-13.912,0.206,0.206,0.253,0.253
1.790,-34.795,-13.942,0.235,0.235,0.249,0.249
1.788,-34.828,-13.993,0.215,0.215,0.246,0.246
1.789,-34.697,-13.970,0.230,0.230,0.240,0.240
1.788,-34.436,-14.022,0.218,0.218,0.253,0.253
1.787,-34.338,-14.039,0.240,0.240,0.255,0.255
1.787,-34.371,-14.031,0.224,0.224,0.252,0.252
1.784,-34.762,-14.156,0.240,0.240,0.250,0.250
1.782,-35.154,-14.214,0.229,0.229,0.244,0.244
1.781,-35.350,-14.247,0.238,0.238,0.244,0.244
1.783,-35.448,-14.190,0.217,0.217,0.247,0.247
1.786,-35.741,-14.081,0.229,0.229,0.243,0.243
1.784,-36.100,-14.126,0.206,0.206,0.240,0.240
1.782,-36.411,-14.204,0.218,0.218,0.230,0.230
1.783,-36.655,-14.191,0.201,0.201,0.223,0.223
1.781,-36.900,-14.253,0.218,0.218,0.227,0.227
1.781,-37.112,-14.267,0.204,0.204,0.230,0.230
1.780,-37.373,-14.308,0.221,0.221,0.211,0.211
1.779,-37.651,-14.327,0.206,0.206,0.229,0.229
1.779,-37.749,-14.319,0.227,0.227,0.240,0.240
1.778,-37.667,-14.381,0.218,0.218,0.240,0.240
1.776,-37.292,-14.452,0.212,0.212,0.230,0.230
1.773,-36.819,-14.566,0.220,0.220,0.227,0.227
1.772,-36.264,-14.597,0.215,0.215,0.237,0.237
1.776,-35.774,-14.451,0.224,0.224,0.243,0.243
1.777,-35.399,-14.405,0.211,0.211,0.243,0.243
1.775,-35.236,-14.476,0.227,0.227,0.246,0.246
1.774,-35.252,-14.514,0.215,0.215,0.243,0.243
1.772,-35.415,-14.578,0.230,0.230,0.246,0.246
1.772,-35.758,-14.591,0.211,0.211,0.256,0.256
1.772,-36.231,-14.596,0.230,0.230,0.252,0.252
1.771,-36.753,-14.620,0.212,0.212,0.238,0.238
1.770,-37.161,-14.672,0.223,0.223,0.238,0.238
1.769,-37.308,-14.688,0.212,0.212,0.249,0.249
1.766,-37.292,-14.790,0.227,0.227,0.250,0.250
1.764,-37.178,-14.879,0.209,0.209,0.252,0.252
1.764,-36.802,-14.876,0.233,0.233,0.264,0.264
1.768,-36.313,-14.743,0.227,0.227,0.247,0.247
1.768,-35.856,-14.736,0.233,0.233,0.243,0.243
1.766,-35.627,-14.794,0.215,0.215,0.246,0.246
1.764,-35.301,-14.873,0.233,0.233,0.249,0.249
1.765,-34.860,-14.859,0.208,0.208,0.249,0.249
1.762,-34.420,-14.957,0.224,0.224,0.247,0.247
1.763,-34.289,-14.925,0.217,0.217,0.252,0.252
1.762,-34.371,-14.939,0.226,0.226,0.249,0.249
1.761,-34.860,-14.998,0.212,0.212,0.250,0.250
1.760,-35.578,-15.011,0.233,0.233,0.244,0.244
1.758,-36.313,-15.102,0.215,0.215,0.246,0.246
1.756,-36.819,-15.154,0.235,0.235,0.246,0.246
1.754,-37.063,-15.221,0.221,0.221,0.249,0.249
1.757,-36.949,-15.111,0.243,0.243,0.244,0.244
1.758,-36.786,-15.070,0.237,0.237,0.258,0.258
1.756,-36.737,-15.154,0.240,0.240,0.279,0.279
1.756,-36.737,-15.156,0.247,0.247,0.267,0.267
1.755,-36.770,-15.207,0.243,0.243,0.264,0.264
1.753,-36.786,-15.263,0.249,0.249,0.267,0.267
1.753,-36.753,-15.290,0.243,0.243,0.273,0.273
1.751,-36.786,-15.362,0.255,0.255,0.252,0.252
1.752,-36.770,-15.312,0.233,0.233,0.269,0.269
1.751,-36.672,-15.337,0.243,0.243,0.282,0.282
1.749,-36.329,-15.414,0.233,0.233,0.266,0.266
1.746,-35.823,-15.513,0.244,0.244,0.270,0.270
1.746,-35.350,-15.544,0.224,0.224,0.252,0.252
1.745,-35.138,-15.549,0.240,0.240,0.264,0.264
1.748,-34.893,-15.454,0.220,0.220,0.256,0.256
1.748,-34.925,-15.459,0.226,0.226,0.259,0.259
1.747,-35.187,-15.496,0.221,0.221,0.262,0.262
1.744,-35.839,-15.581,0.235,0.235,0.255,0.255
1.743,-36.623,-15.624,0.223,0.223,0.255,0.255
1.743,-37.308,-15.627,0.232,0.232,0.275,0.275
1.743,-37.667,-15.651,0.217,0.217,0.250,0.250
1.741,-37.716,-15.716,0.233,0.233,0.240,0.240
1.740,-37.455,-15.731,0.215,0.215,0.247,0.247
1.739,-37.357,-15.788,0.243,0.243,0.249,0.249
1.735,-37.471,-15.922,0.227,0.227,0.250,0.250
1.733,-37.504,-16.011,0.246,0.246,0.252,0.252
1.736,-37.667,-15.910,0.221,0.221,0.264,0.264
1.738,-37.635,-15.810,0.238,0.238,0.247,0.247
1.738,-37.422,-15.809,0.220,0.220,0.249,0.249
1.736,-37.259,-15.906,0.237,0.237,0.252,0.252
1.733,-37.210,-15.994,0.230,0.230,0.250,0.250
1.732,-37.129,-16.047,0.250,0.250,0.249,0.249
1.732,-36.900,-16.058,0.226,0.226,0.256,0.256
1.731,-36.655,-16.069,0.252,0.252,0.249,0.249
1.731,-36.378,-16.090,0.237,0.237,0.258,0.258
1.730,-36.133,-16.125,0.250,0.250,0.255,0.255
1.728,-35.888,-16.179,0.240,0.240,0.258,0.258
1.724,-35.644,-16.324,0.247,0.247,0.252,0.252
1.723,-35.415,-16.365,0.227,0.227,0.253,0.253
1.724,-35.268,-16.317,0.227,0.227,0.255,0.255
1.727,-35.382,-16.242,0.226,0.226,0.246,0.246
1.727,-35.611,-16.238,0.215,0.215,0.246,0.246
1.726,-35.888,-16.264,0.212,0.212,0.243,0.243
1.723,-36.133,-16.386,0.215,0.215,0.227,0.227
1.722,-36.394,-16.416,0.212,0.212,0.226,0.226
1.720,-36.753,-16.477,0.212,0.212,0.230,0.230
1.719,-37.227,-16.501,0.200,0.200,0.237,0.237
1.720,-37.667,-16.485,0.211,0.211,0.218,0.218
1.718,-37.896,-16.545,0.214,0.214,0.235,0.235
1.718,-38.043,-16.551,0.212,0.212,0.243,0.243
1.716,-37.912,-16.630,0.214,0.214,0.233,0.233
1.711,-37.781,-16.815,0.206,0.206,0.224,0.224
1.710,-37.635,-16.860,0.215,0.215,0.227,0.227
1.713,-37.406,-16.760,0.200,0.200,0.240,0.240
1.714,-37.276,-16.716,0.229,0.229,0.243,0.243
1.714,-37.112,-16.702,0.211,0.211,0.246,0.246
1.712,-36.819,-16.792,0.220,0.220,0.243,0.243
1.711,-36.394,-16.832,0.201,0.201,0.240,0.240
1.710,-36.231,-16.870,0.229,0.229,0.243,0.243
1.708,-36.100,-16.916,0.208,0.208,0.255,0.255
1.708,-35.921,-16.941,0.227,0.227,0.250,0.250
1.707,-35.758,-16.964,0.211,0.211,0.241,0.241
1.706,-35.937,-17.008,0.232,0.232,0.247,0.247
1.703,-36.541,-17.106,0.215,0.215,0.252,0.252
1.699,-37.341,-17.241,0.229,0.229,0.247,0.247
1.699,-37.994,-17.263,0.227,0.227,0.253,0.253
1.701,-38.287,-17.173,0.232,0.232,0.267,0.267
1.703,-38.336,-17.110,0.212,0.212,0.247,0.247
1.701,-38.271,-17.166,0.232,0.232,0.243,0.243
1.699,-38.336,-17.254,0.215,0.215,0.253,0.253
1.698,-38.695,-17.303,0.229,0.229,0.250,0.250
1.696,-39.071,-17.369,0.212,0.212,0.255,0.255
1.695,-39.267,-17.413,0.227,0.227,0.240,0.240
1.695,-39.185,-17.424,0.221,0.221,0.258,0.258
1.695,-38.810,-17.425,0.224,0.224,0.246,0.246
1.693,-38.255,-17.477,0.218,0.218,0.246,0.246
1.692,-37.765,-17.526,0.214,0.214,0.241,0.241
1.689,-37.243,-17.656,0.215,0.215,0.250,0.250
1.687,-36.737,-17.701,0.227,0.227,0.247,0.247
1.688,-36.166,-17.684,0.226,0.226,0.249,0.249
1.690,-35.219,-17.610,0.226,0.226,0.252,0.252
1.690,-33.897,-17.605,0.237,0.237,0.256,0.256
1.688,-32.477,-17.678,0.229,0.229,0.279,0.279
1.686,-31.270,-17.738,0.249,0.249,0.273,0.273
1.684,-30.388,-17.791,0.232,0.232,0.270,0.270
1.683,-29.605,-17.817,0.252,0.252,0.275,0.275
1.683,-28.430,-17.841,0.235,0.235,0.270,0.270
1.681,-27.027,-17.882,0.238,0.238,0.241,0.241
1.680,-25.460,-17.898,0.229,0.229,0.266,0.266
1.680,-24.073,-17.901,0.237,0.237,0.275,0.275
1.676,-23.012,-18.000,0.223,0.223,0.264,0.264
1.674,-22.375,-18.056,0.246,0.246,0.266,0.266
1.674,-21.869,-18.047,0.230,0.230,0.258,0.258
1.674,-20.841,-18.051,0.233,0.233,0.259,0.259
1.678,-19.324,-17.964,0.220,0.220,0.246,0.246
1.676,-17.708,-18.004,0.230,0.230,0.253,0.253
1.674,-16.565,-18.040,0.223,0.223,0.264,0.264
1.672,-15.945,-18.064,0.232,0.232,0.252,0.252
1.671,-15.635,-18.083,0.226,0.226,0.247,0.247
1.671,-15.439,-18.090,0.243,0.243,0.241,0.241
1.670,-15.015,-18.104,0.220,0.220,0.253,0.253
1.669,-14.068,-18.118,0.244,0.244,0.246,0.246
1.668,-12.730,-18.133,0.223,0.223,0.247,0.247
1.664,-11.261,-18.173,0.243,0.243,0.250,0.250
1.662,-10.184,-18.199,0.221,0.221,0.244,0.244
1.660,-9.483,-18.218,0.247,0.247,0.249,0.249
1.665,-8.764,-18.171,0.226,0.226,0.246,0.246
1.664,-8.210,-18.181,0.240,0.240,0.247,0.247
1.663,-7.687,-18.190,0.226,0.226,0.258,0.258
1.661,-7.116,-18.206,0.243,0.243,0.247,0.247
1.659,-6.382,-18.218,0.233,0.233,0.250,0.250
1.659,-5.843,-18.221,0.246,0.246,0.252,0.252
1.657,-5.647,-18.231,0.252,0.252,0.253,0.253
1.656,-5.680,-18.234,0.250,0.250,0.266,0.266
1.657,-5.647,-18.232,0.232,0.232,0.256,0.256
1.655,-5.403,-18.238,0.240,0.240,0.255,0.255
1.654,-5.141,-18.248,0.238,0.238,0.258,0.258
1.649,-4.766,-18.271,0.233,0.233,0.247,0.247
1.649,-4.293,-18.270,0.238,0.238,0.246,0.246
1.649,-3.868,-18.270,0.227,0.227,0.247,0.247
1.653,-3.722,-18.257,0.229,0.229,0.269,0.269
1.652,-3.705,-18.258,0.215,0.215,0.241,0.241
1.650,-3.656,-18.268,0.221,0.221,0.224,0.224
1.647,-3.412,-18.276,0.206,0.206,0.229,0.229
1.646,-3.167,-18.279,0.215,0.215,0.227,0.227
1.645,-2.906,-18.283,0.203,0.203,0.230,0.230
1.645,-2.759,-18.284,0.218,0.218,0.229,0.229
1.644,-2.791,-18.286,0.206,0.206,0.212,0.212
1.643,-2.922,-18.288,0.215,0.215,0.229,0.229
1.642,-3.167,-18.292,0.211,0.211,0.244,0.244
1.639,-3.412,-18.301,0.237,0.237,0.238,0.238
1.637,-3.673,-18.311,0.211,0.211,0.230,0.230
1.636,-3.787,-18.314,0.235,0.235,0.232,0.232
1.640,-3.722,-18.299,0.215,0.215,0.233,0.233
1.640,-3.460,-18.298,0.237,0.237,0.221,0.221
1.638,-3.183,-18.305,0.212,0.212,0.244,0.244
1.637,-2.922,-18.309,0.241,0.241,0.250,0.250
1.634,-2.677,-18.315,0.217,0.217,0.243,0.243
1.633,-2.514,-18.318,0.240,0.240,0.241,0.241
1.632,-2.742,-18.320,0.221,0.221,0.243,0.243
1.632,-3.134,-18.322,0.237,0.237,0.249,0.249
1.630,-3.216,-18.326,0.226,0.226,0.237,0.237
1.629,-2.889,-18.331,0.238,0.238,0.246,0.246
1.627,-2.449,-18.337,0.226,0.226,0.256,0.256
1.624,-2.367,-18.344,0.227,0.227,0.249,0.249
1.626,-2.596,-18.338,0.226,0.226,0.258,0.258
1.626,-2.906,-18.339,0.221,0.221,0.235,0.235
1.628,-3.216,-18.332,0.230,0.230,0.246,0.246
1.626,-3.428,-18.339,0.227,0.227,0.256,0.256
1.624,-3.689,-18.345,0.221,0.221,0.244,0.244
1.623,-3.803,-18.351,0.224,0.224,0.243,0.243
1.622,-3.787,-18.354,0.224,0.224,0.249,0.249
1.620,-3.803,-18.359,0.211,0.211,0.246,0.246
1.619,-3.787,-18.364,0.223,0.223,0.244,0.244
1.618,-3.787,-18.368,0.208,0.208,0.244,0.244
1.617,-3.803,-18.372,0.221,0.221,0.249,0.249
1.615,-3.673,-18.380,0.209,0.209,0.244,0.244
1.612,-3.330,-18.389,0.229,0.229,0.246,0.246
1.611,-2.971,-18.393,0.211,0.211,0.252,0.252
1.613,-2.677,-18.387,0.232,0.232,0.255,0.255
1.614,-2.302,-18.385,0.224,0.224,0.276,0.276
1.613,-1.943,-18.387,0.249,0.249,0.259,0.259
1.611,-1.861,-18.391,0.227,0.227,0.259,0.259
1.610,-2.024,-18.393,0.250,0.250,0.269,0.269
1.610,-1.959,-18.393,0.230,0.230,0.270,0.270
1.609,-1.845,-18.396,0.250,0.250,0.266,0.266
1.608,-1.812,-18.397,0.230,0.230,0.267,0.267
1.606,-1.682,-18.399,0.253,0.253,0.291,0.291
1.605,-1.469,-18.401,0.232,0.232,0.267,0.267
1.603,-1.323,-18.405,0.244,0.244,0.258,0.258
1.600,-1.290,-18.409,0.230,0.230,0.262,0.262
1.599,-1.192,-18.410,0.247,0.247,0.266,0.266
1.598,-0.964,-18.410,0.221,0.221,0.261,0.261
1.602,-0.784,-18.408,0.243,0.243,0.259,0.259
1.602,-0.800,-18.407,0.224,0.224,0.264,0.264
1.600,-0.784,-18.409,0.237,0.237,0.258,0.258
1.598,-0.849,-18.411,0.218,0.218,0.258,0.258
1.596,-0.719,-18.412,0.250,0.250,0.250,0.250
1.596,-0.572,-18.412,0.229,0.229,0.249,0.249
1.595,-0.523,-18.413,0.244,0.244,0.249,0.249
1.593,-0.441,-18.414,0.232,0.232,0.252,0.252
1.592,-0.311,-18.414,0.241,0.241,0.229,0.229
1.590,-0.082,-18.414,0.221,0.221,0.256,0.256
1.588,0.114,-18.414,0.240,0.240,0.261,0.261
1.588,0.195,-18.414,0.227,0.227,0.253,0.253
1.591,0.146,-18.415,0.241,0.241,0.247,0.247
1.590,0.130,-18.415,0.230,0.230,0.253,0.253
1.589,0.146,-18.414,0.243,0.243,0.249,0.249
1.587,0.260,-18.414,0.237,0.237,0.250,0.250
1.585,0.456,-18.413,0.230,0.230,0.250,0.250
1.584,0.750,-18.413,0.246,0.246,0.256,0.256
1.584,0.979,-18.412,0.233,0.233,0.258,0.258
1.583,1.142,-18.411,0.241,0.241,0.252,0.252
1.582,1.125,-18.411,0.233,0.233,0.227,0.227
1.580,1.028,-18.409,0.243,0.243,0.253,0.253
1.578,0.881,-18.407,0.230,0.230,0.261,0.261
1.576,1.060,-18.405,0.238,0.238,0.252,0.252
1.574,1.436,-18.402,0.232,0.232,0.249,0.249
1.578,1.615,-18.408,0.243,0.243,0.250,0.250
1.577,1.648,-18.407,0.221,0.221,0.249,0.249
1.577,1.615,-18.406,0.235,0.235,0.250,0.250
1.575,1.615,-18.404,0.209,0.209,0.244,0.244
1.574,1.582,-18.402,0.220,0.220,0.220,0.220
1.572,1.599,-18.399,0.197,0.197,0.221,0.221
1.571,1.517,-18.398,0.224,0.224,0.226,0.226
1.570,1.272,-18.396,0.206,0.206,0.230,0.230
1.570,1.191,-18.395,0.223,0.223,0.235,0.235
1.569,1.403,-18.394,0.201,0.201,0.253,0.253
1.567,1.631,-18.392,0.233,0.233,0.227,0.227
1.565,1.664,-18.389,0.206,0.206,0.223,0.223
1.563,1.550,-18.386,0.221,0.221,0.233,0.233
1.562,1.370,-18.384,0.214,0.214,0.237,0.237
1.565,1.338,-18.388,0.226,0.226,0.240,0.240
1.564,1.338,-18.386,0.211,0.211,0.243,0.243
1.563,1.370,-18.385,0.218,0.218,0.255,0.255
1.562,1.240,-18.384,0.221,0.221,0.244,0.244
1.561,1.142,-18.382,0.220,0.220,0.247,0.247
1.560,1.125,-18.382,0.224,0.224,0.249,0.249
1.558,1.109,-18.380,0.223,0.223,0.246,0.246
1.558,1.207,-18.379,0.223,0.223,0.250,0.250
1.557,1.468,-18.378,0.215,0.215,0.252,0.252
1.555,1.631,-18.375,0.215,0.215,0.232,0.232
1.552,1.648,-18.370,0.212,0.212,0.250,0.250
1.550,1.533,-18.367,0.224,0.224,0.256,0.256
1.552,1.272,-18.370,0.209,0.209,0.250,0.250
1.553,0.979,-18.370,0.226,0.226,0.252,0.252
1.552,0.799,-18.370,0.217,0.217,0.247,0.247
1.551,0.962,-18.369,0.221,0.221,0.247,0.247
1.548,1.093,-18.366,0.209,0.209,0.247,0.247
1.547,1.158,-18.364,0.215,0.215,0.249,0.249
1.546,1.109,-18.364,0.208,0.208,0.250,0.250
1.546,1.125,-18.363,0.211,0.211,0.246,0.246
1.545,1.125,-18.363,0.204,0.204,0.249,0.249
1.545,1.109,-18.362,0.217,0.217,0.229,0.229
1.543,1.044,-18.360,0.206,0.206,0.246,0.246
1.540,0.766,-18.357,0.223,0.223,0.256,0.256
1.539,0.620,-18.357,0.201,0.201,0.249,0.249
1.539,0.603,-18.357,0.226,0.226,0.240,0.240
1.542,0.620,-18.358,0.209,0.209,0.244,0.244
1.540,0.620,-18.357,0.237,0.237,0.249,0.249
1.538,0.652,-18.356,0.217,0.217,0.255,0.255
1.536,0.636,-18.355,0.240,0.240,0.255,0.255
1.535,0.522,-18.354,0.227,0.227,0.267,0.267
1.534,0.309,-18.354,0.250,0.250,0.270,0.270
1.534,0.146,-18.354,0.233,0.233,0.276,0.276
1.533,0.097,-18.354,0.250,0.250,0.273,0.273
1.531,0.130,-18.353,0.244,0.244,0.273,0.273
1.531,0.130,-18.353,0.253,0.253,0.293,0.293
1.528,-0.082,-18.353,0.227,0.227,0.269,0.269
1.526,-0.343,-18.354,0.246,0.246,0.255,0.255
1.526,-0.686,-18.354,0.229,0.229,0.264,0.264
1.525,-0.833,-18.355,0.233,0.233,0.276,0.276
1.528,-0.849,-18.352,0.238,0.238,0.264,0.264
1.527,-0.817,-18.353,0.238,0.238,0.256,0.256
1.525,-0.882,-18.354,0.227,0.227,0.278,0.278
1.524,-1.045,-18.356,0.243,0.243,0.261,0.261
1.523,-1.078,-18.357,0.230,0.230,0.253,0.253
1.521,-1.078,-18.358,0.230,0.230,0.253,0.253
1.521,-0.947,-18.359,0.230,0.230,0.253,0.253
1.519,-0.817,-18.361,0.226,0.226,0.250,0.250
1.519,-0.768,-18.361,0.229,0.229,0.249,0.249
1.516,-0.800,-18.363,0.215,0.215,0.244,0.244
1.514,-0.915,-18.364,0.235,0.235,0.250,0.250
1.512,-0.931,-18.366,0.218,0.218,0.261,0.261
1.513,-0.392,-18.366,0.230,0.230,0.253,0.253
1.516,0.097,-18.365,0.220,0.220,0.253,0.253
1.516,0.260,-18.365,0.237,0.237,0.249,0.249
1.513,0.195,-18.364,0.224,0.224,0.246,0.246
1.511,0.163,-18.364,0.232,0.232,0.238,0.238
1.511,0.097,-18.364,0.226,0.226,0.250,0.250
1.510,0.146,-18.364,0.238,0.238,0.252,0.252
1.509,0.163,-18.364,0.223,0.223,0.253,0.253
1.508,0.097,-18.364,0.246,0.246,0.250,0.250
1.507,0.179,-18.364,0.235,0.235,0.256,0.256
1.503,0.114,-18.363,0.243,0.243,0.252,0.252
1.502,-0.050,-18.363,0.237,0.237,0.249,0.249
1.502,-0.294,-18.363,0.249,0.249,0.252,0.252
1.504,-0.327,-18.363,0.241,0.241,0.258,0.258
1.504,-0.343,-18.362,0.243,0.243,0.252,0.252
1.502,-0.409,-18.363,0.223,0.223,0.255,0.255
1.499,-0.686,-18.365,0.233,0.233,0.237,0.237
1.499,-0.817,-18.365,0.218,0.218,0.252,0.252
1.498,-1.061,-18.366,0.208,0.208,0.229,0.229
1.497,-1.306,-18.367,0.217,0.217,0.232,0.232
1.496,-0.996,-18.367,0.198,0.198,0.232,0.232
1.496,-0.294,-18.368,0.217,0.217,0.232,0.232
1.495,0.179,-18.368,0.208,0.208,0.233,0.233
1.493,0.358,-18.367,0.223,0.223,0.256,0.256
1.491,0.554,-18.366,0.203,0.203,0.240,0.240
1.488,0.489,-18.365,0.217,0.217,0.224,0.224
1.490,0.342,-18.366,0.208,0.208,0.237,0.237
1.490,0.260,-18.366,0.227,0.227,0.230,0.230
1.491,0.456,-18.366,0.209,0.209,0.240,0.240
1.488,0.636,-18.365,0.221,0.221,0.241,0.241
1.487,0.783,-18.364,0.218,0.218,0.256,0.256
1.486,0.979,-18.363,0.237,0.237,0.244,0.244
1.485,1.109,-18.361,0.218,0.218,0.246,0.246
1.484,1.158,-18.360,0.238,0.238,0.244,0.244
1.483,1.011,-18.360,0.224,0.224,0.247,0.247
1.482,0.783,-18.359,0.232,0.232,0.253,0.253
1.481,0.522,-18.358,0.217,0.217,0.258,0.258
1.477,0.260,-18.357,0.233,0.233,0.232,0.232
1.476,0.130,-18.356,0.221,0.221,0.255,0.255
1.477,0.228,-18.357,0.226,0.226,0.267,0.267
1.479,0.587,-18.357,0.218,0.218,0.253,0.253
1.478,1.011,-18.357,0.223,0.223,0.252,0.252
1.477,1.191,-18.356,0.229,0.229,0.249,0.249
1.475,1.240,-18.353,0.206,0.206,0.246,0.246
1.474,1.468,-18.351,0.233,0.233,0.250,0.250
1.473,1.599,-18.350,0.204,0.204,0.249,0.249
1.472,1.762,-18.348,0.223,0.223,0.258,0.258
1.471,1.958,-18.346,0.206,0.206,0.246,0.246
1.470,2.252,-18.345,0.221,0.221,0.243,0.243
1.468,2.611,-18.340,0.201,0.201,0.233,0.233
1.465,3.002,-18.333,0.215,0.215,0.243,0.243
1.464,3.100,-18.328,0.206,0.206,0.255,0.255
1.464,3.149,-18.327,0.224,0.224,0.246,0.246
1.468,3.068,-18.339,0.208,0.208,0.246,0.246
1.466,3.068,-18.335,0.226,0.226,0.249,0.249
1.466,3.051,-18.333,0.217,0.217,0.249,0.249
1.463,3.100,-18.324,0.235,0.235,0.267,0.267
1.461,3.084,-18.320,0.223,0.223,0.255,0.255
1.461,3.084,-18.318,0.250,0.250,0.258,0.258
1.459,3.100,-18.314,0.232,0.232,0.275,0.275
1.458,3.084,-18.310,0.243,0.243,0.273,0.273
1.458,3.214,-18.309,0.237,0.237,0.276,0.276
1.456,3.394,-18.302,0.244,0.244,0.270,0.270
1.453,3.573,-18.294,0.237,0.237,0.264,0.264
1.451,3.606,-18.284,0.240,0.240,0.261,0.261
1.450,3.590,-18.284,0.232,0.232,0.276,0.276
1.451,3.688,-18.287,0.240,0.240,0.264,0.264
1.454,3.932,-18.296,0.224,0.224,0.275,0.275
1.453,4.079,-18.293,0.230,0.230,0.259,0.259
1.451,4.210,-18.284,0.227,0.227,0.264,0.264
1.451,4.422,-18.284,0.215,0.215,0.235,0.235
1.449,4.569,-18.274,0.233,0.233,0.256,0.256
1.448,4.602,-18.270,0.221,0.221,0.266,0.266
1.447,4.553,-18.265,0.232,0.232,0.255,0.255
1.446,4.569,-18.261,0.212,0.212,0.250,0.250
1.445,4.536,-18.256,0.235,0.235,0.246,0.246
1.442,4.683,-18.243,0.217,0.217,0.255,0.255
1.440,4.895,-18.233,0.227,0.227,0.244,0.244
1.439,5.059,-18.227,0.221,0.221,0.246,0.246
1.440,4.944,-18.233,0.227,0.227,0.250,0.250
1.442,4.700,-18.245,0.214,0.214,0.249,0.249
1.440,4.651,-18.237,0.237,0.237,0.249,0.249
1.439,4.961,-18.228,0.221,0.221,0.249,0.249
1.437,5.385,-18.217,0.240,0.240,0.249,0.249
1.435,5.581,-18.209,0.220,0.220,0.253,0.253
1.436,5.613,-18.214,0.243,0.243,0.249,0.249
1.434,5.581,-18.205,0.230,0.230,0.252,0.252
1.434,5.646,-18.202,0.246,0.246,0.249,0.249
1.433,5.858,-18.196,0.224,0.224,0.255,0.255
1.431,5.940,-18.185,0.246,0.246,0.270,0.270
1.427,5.760,-18.162,0.241,0.241,0.258,0.258
1.426,5.548,-18.159,0.233,0.233,0.250,0.250
1.427,5.499,-18.162,0.240,0.240,0.255,0.255
1.430,5.532,-18.179,0.235,0.235,0.249,0.249
1.429,5.564,-18.175,0.233,0.233,0.252,0.252
1.427,5.662,-18.160,0.230,0.230,0.249,0.249
1.425,5.924,-18.149,0.230,0.230,0.255,0.255
1.424,6.136,-18.143,0.214,0.214,0.247,0.247
1.422,6.429,-18.133,0.209,0.209,0.237,0.237
1.422,6.446,-18.133,0.208,0.208,0.227,0.227
1.420,6.201,-18.120,0.212,0.212,0.229,0.229
1.420,6.070,-18.120,0.200,0.200,0.230,0.230
1.420,6.038,-18.120,0.212,0.212,0.233,0.233
1.416,6.038,-18.096,0.203,0.203,0.212,0.212
1.414,6.021,-18.083,0.223,0.223,0.233,0.233
1.413,6.054,-18.078,0.209,0.209,0.247,0.247
1.413,6.136,-18.076,0.237,0.237,0.241,0.241
1.417,6.380,-18.105,0.209,0.209,0.221,0.221
1.416,6.527,-18.098,0.238,0.238,0.224,0.224
1.413,6.593,-18.076,0.209,0.209,0.240,0.240
1.412,6.511,-18.068,0.238,0.238,0.233,0.233
1.410,6.527,-18.059,0.223,0.223,0.246,0.246
1.410,6.511,-18.054,0.230,0.230,0.247,0.247
1.408,6.511,-18.043,0.221,0.221,0.247,0.247
1.408,6.544,-18.046,0.235,0.235,0.246,0.246
1.407,6.642,-18.035,0.232,0.232,0.237,0.237
1.404,6.723,-18.015,0.221,0.221,0.252,0.252
1.402,6.772,-18.001,0.233,0.233,0.247,0.247
1.399,6.886,-17.985,0.218,0.218,0.252,0.252
1.404,6.903,-18.015,0.227,0.227,0.259,0.259
1.405,6.593,-18.023,0.211,0.211,0.253,0.253
1.403,6.201,-18.011,0.229,0.229,0.252,0.252
1.402,5.972,-18.007,0.214,0.214,0.229,0.229
1.400,6.005,-17.991,0.227,0.227,0.249,0.249
1.399,6.038,-17.987,0.215,0.215,0.252,0.252
1.398,6.054,-17.979,0.226,0.226,0.249,0.249
1.397,6.038,-17.973,0.209,0.209,0.249,0.249
1.396,6.054,-17.969,0.227,0.227,0.250,0.250
1.394,6.038,-17.959,0.218,0.218,0.247,0.247
1.393,6.070,-17.949,0.229,0.229,0.230,0.230
1.390,6.038,-17.931,0.206,0.206,0.247,0.247
1.386,6.021,-17.911,0.227,0.227,0.246,0.246
1.390,6.054,-17.933,0.212,0.212,0.249,0.249
1.391,6.070,-17.936,0.230,0.230,0.250,0.250
1.391,6.136,-17.938,0.215,0.215,0.258,0.258
1.390,6.380,-17.930,0.237,0.237,0.255,0.255
1.389,6.625,-17.924,0.226,0.226,0.238,0.238
1.386,6.935,-17.905,0.240,0.240,0.258,0.258
1.386,7.033,-17.903,0.240,0.240,0.262,0.262
1.385,6.919,-17.897,0.250,0.250,0.272,0.272
1.384,6.691,-17.892,0.235,0.235,0.279,0.279
1.382,6.380,-17.880,0.246,0.246,0.272,0.272
1.382,6.152,-17.878,0.244,0.244,0.267,0.267
1.379,6.038,-17.861,0.238,0.238,0.272,0.272
1.375,5.907,-17.840,0.240,0.240,0.267,0.267
1.375,5.679,-17.835,0.230,0.230,0.267,0.267
1.375,5.532,-17.837,0.240,0.240,0.266,0.266
1.379,5.483,-17.857,0.220,0.220,0.273,0.273
1.378,5.581,-17.852,0.243,0.243,0.261,0.261
1.374,5.548,-17.834,0.223,0.223,0.264,0.264
1.373,5.548,-17.827,0.233,0.233,0.276,0.276
1.372,5.516,-17.819,0.220,0.220,0.261,0.261
1.371,5.548,-17.817,0.240,0.240,0.253,0.253
1.371,5.532,-17.816,0.215,0.215,0.253,0.253
1.371,5.613,-17.812,0.235,0.235,0.246,0.246
1.369,5.907,-17.805,0.215,0.215,0.253,0.253
1.367,6.054,-17.791,0.237,0.237,0.249,0.249
1.364,6.103,-17.770,0.214,0.214,0.278,0.278
1.363,6.070,-17.767,0.243,0.243,0.250,0.250
1.363,6.005,-17.765,0.224,0.224,0.249,0.249
1.367,6.070,-17.791,0.240,0.240,0.247,0.247
1.366,6.038,-17.783,0.223,0.223,0.253,0.253
1.363,6.168,-17.768,0.243,0.243,0.249,0.249
1.362,6.364,-17.761,0.229,0.229,0.253,0.253
1.361,6.413,-17.752,0.235,0.235,0.273,0.273
1.360,6.234,-17.746,0.235,0.235,0.256,0.256
1.359,6.038,-17.740,0.230,0.230,0.244,0.244
1.358,5.989,-17.732,0.240,0.240,0.249,0.249
1.357,6.021,-17.729,0.238,0.238,0.252,0.252
1.355,5.924,-17.715,0.241,0.241,0.255,0.255
1.353,5.728,-17.703,0.238,0.238,0.258,0.258
1.352,5.548,-17.699,0.235,0.235,0.269,0.269
1.350,5.401,-17.687,0.237,0.237,0.256,0.256
1.354,5.042,-17.712,0.240,0.240,0.252,0.252
1.354,4.683,-17.710,0.218,0.218,0.253,0.253
1.352,4.602,-17.699,0.237,0.237,0.250,0.250
1.351,4.961,-17.695,0.215,0.215,0.249,0.249
1.348,5.385,-17.681,0.224,0.224,0.246,0.246
1.348,5.613,-17.681,0.198,0.198,0.208,0.208
1.347,5.597,-17.674,0.227,0.227,0.226,0.226
1.346,5.581,-17.666,0.201,0.201,0.246,0.246
1.345,5.532,-17.661,0.227,0.227,0.233,0.233
1.343,5.662,-17.655,0.200,0.200,0.224,0.224
1.340,5.875,-17.635,0.233,0.233,0.220,0.220
1.338,6.070,-17.626,0.208,0.208,0.238,0.238
1.338,6.070,-17.620,0.224,0.224,0.223,0.223
1.340,5.940,-17.637,0.215,0.215,0.246,0.246
1.342,5.679,-17.649,0.230,0.230,0.237,0.237
1.340,5.564,-17.637,0.215,0.215,0.240,0.240
1.338,5.532,-17.627,0.221,0.221,0.240,0.240
1.337,5.418,-17.619,0.230,0.230,0.250,0.250
1.336,5.205,-17.611,0.223,0.223,0.243,0.243
1.335,4.944,-17.607,0.229,0.229,0.246,0.246
1.334,4.700,-17.602,0.227,0.227,0.249,0.249
1.333,4.553,-17.597,0.230,0.230,0.249,0.249
1.331,4.618,-17.590,0.217,0.217,0.246,0.246
1.327,4.895,-17.572,0.218,0.218,0.244,0.244
1.325,5.091,-17.559,0.221,0.221,0.259,0.259
1.326,5.091,-17.567,0.224,0.224,0.253,0.253
1.328,5.075,-17.576,0.220,0.220,0.252,0.252
1.329,5.173,-17.579,0.227,0.227,0.252,0.252
1.327,5.499,-17.568,0.221,0.221,0.255,0.255
1.326,5.924,-17.567,0.233,0.233,0.249,0.249
1.324,6.103,-17.552,0.209,0.209,0.250,0.250
1.323,6.119,-17.548,0.227,0.227,0.243,0.243
1.322,5.972,-17.541,0.209,0.209,0.250,0.250
1.322,5.711,-17.539,0.220,0.220,0.246,0.246
1.321,5.516,-17.535,0.212,0.212,0.247,0.247
1.318,5.516,-17.521,0.230,0.230,0.247,0.247
1.316,5.548,-17.505,0.208,0.208,0.240,0.240
1.314,5.679,-17.494,0.232,0.232,0.249,0.249
1.315,5.777,-17.500,0.204,0.204,0.247,0.247
1.317,5.581,-17.515,0.229,0.229,0.241,0.241
1.316,5.108,-17.506,0.201,0.201,0.244,0.244
1.316,4.569,-17.506,0.232,0.232,0.252,0.252
1.313,4.145,-17.495,0.211,0.211,0.252,0.252
1.311,3.884,-17.488,0.241,0.241,0.262,0.262
1.311,3.671,-17.487,0.233,0.233,0.258,0.258
1.310,3.541,-17.482,0.250,0.250,0.259,0.259
1.310,3.557,-17.482,0.240,0.240,0.276,0.276
1.309,3.492,-17.478,0.252,0.252,0.273,0.273
1.308,3.247,-17.477,0.244,0.244,0.273,0.273
1.306,3.100,-17.471,0.246,0.246,0.272,0.272
1.303,3.051,-17.460,0.227,0.227,0.284,0.284
1.302,3.100,-17.458,0.249,0.249,0.269,0.269
1.302,2.986,-17.457,0.237,0.237,0.267,0.267
1.304,2.774,-17.464,0.238,0.238,0.261,0.261
1.303,2.594,-17.462,0.237,0.237,0.272,0.272
1.302,2.578,-17.457,0.240,0.240,0.262,0.262
1.300,2.708,-17.453,0.226,0.226,0.262,0.262
1.299,3.051,-17.450,0.235,0.235,0.243,0.243
1.298,3.524,-17.445,0.229,0.229,0.258,0.258
1.297,3.981,-17.441,0.233,0.233,0.264,0.264
1.296,4.145,-17.438,0.227,0.227,0.256,0.256
1.295,4.014,-17.434,0.229,0.229,0.250,0.250
1.293,3.753,-17.428,0.230,0.230,0.246,0.246
1.290,3.459,-17.417,0.218,0.218,0.252,0.252
1.289,3.100,-17.414,0.240,0.240,0.240,0.240
1.290,2.741,-17.416,0.221,0.221,0.249,0.249
1.292,2.594,-17.421,0.227,0.227,0.261,0.261
1.292,2.660,-17.421,0.221,0.221,0.252,0.252
1.289,2.839,-17.414,0.230,0.230,0.246,0.246
1.288,2.806,-17.410,0.221,0.221,0.240,0.240
1.287,2.611,-17.408,0.227,0.227,0.249,0.249
1.285,2.594,-17.403,0.224,0.224,0.255,0.255
1.285,2.594,-17.403,0.238,0.238,0.250,0.250
1.283,2.741,-17.398,0.223,0.223,0.252,0.252
1.283,2.937,-17.397,0.244,0.244,0.249,0.249
1.281,3.100,-17.391,0.227,0.227,0.255,0.255
1.278,3.019,-17.381,0.244,0.244,0.272,0.272
1.276,2.904,-17.377,0.223,0.223,0.255,0.255
1.276,2.921,-17.375,0.249,0.249,0.246,0.246
1.280,3.182,-17.388,0.226,0.226,0.252,0.252
1.280,3.459,-17.389,0.244,0.244,0.256,0.256
1.278,3.606,-17.381,0.227,0.227,0.259,0.259
1.276,3.557,-17.374,0.247,0.247,0.249,0.249
1.275,3.100,-17.369,0.217,0.217,0.240,0.240
1.274,2.757,-17.367,0.235,0.235,0.243,0.243
1.273,2.578,-17.365,0.212,0.212,0.241,0.241
1.272,2.676,-17.363,0.223,0.223,0.227,0.227
1.271,3.051,-17.360,0.201,0.201,0.221,0.221
1.270,3.312,-17.356,0.224,0.224,0.223,0.223
1.267,3.214,-17.345,0.204,0.204,0.235,0.235
1.264,2.594,-17.337,0.218,0.218,0.214,0.214
1.263,1.876,-17.335,0.215,0.215,0.240,0.240
1.264,1.664,-17.337,0.221,0.221,0.246,0.246
1.267,1.860,-17.342,0.220,0.220,0.241,0.241
1.266,2.219,-17.340,0.212,0.212,0.227,0.227
1.263,2.480,-17.333,0.227,0.227,0.240,0.240
1.263,2.660,-17.333,0.208,0.208,0.244,0.244
1.262,2.545,-17.331,0.227,0.227,0.235,0.235
1.261,2.268,-17.328,0.209,0.209,0.240,0.240
1.259,2.105,-17.324,0.227,0.227,0.249,0.249
1.259,2.154,-17.324,0.212,0.212,0.252,0.252
1.258,2.562,-17.322,0.226,0.226,0.250,0.250
1.255,2.970,-17.312,0.220,0.220,0.266,0.266
1.252,3.165,-17.303,0.233,0.233,0.253,0.253
1.251,3.133,-17.301,0.214,0.214,0.246,0.246
1.256,3.116,-17.315,0.232,0.232,0.249,0.249
1.254,3.084,-17.312,0.215,0.215,0.252,0.252
1.254,3.198,-17.311,0.232,0.232,0.249,0.249
1.251,3.427,-17.301,0.208,0.208,0.250,0.250
1.250,3.590,-17.296,0.230,0.230,0.253,0.253
1.249,3.704,-17.292,0.212,0.212,0.255,0.255
1.248,3.835,-17.288,0.237,0.237,0.246,0.246
1.247,3.851,-17.284,0.212,0.212,0.246,0.246
1.246,3.867,-17.284,0.237,0.237,0.243,0.243
1.246,3.720,-17.281,0.215,0.215,0.249,0.249
1.243,3.492,-17.271,0.223,0.223,0.247,0.247
1.240,3.198,-17.262,0.209,0.209,0.243,0.243
1.238,2.970,-17.255,0.226,0.226,0.244,0.244
1.241,2.594,-17.263,0.206,0.206,0.253,0.253
1.242,2.219,-17.267,0.227,0.227,0.243,0.243
1.242,2.105,-17.266,0.220,0.220,0.250,0.250
1.239,2.300,-17.260,0.232,0.232,0.237,0.237
1.237,2.806,-17.255,0.224,0.224,0.253,0.253
1.236,3.214,-17.252,0.233,0.233,0.258,0.258
1.235,3.524,-17.247,0.233,0.233,0.262,0.262
1.236,3.622,-17.249,0.230,0.230,0.279,0.279
1.234,3.622,-17.242,0.243,0.243,0.278,0.278
1.233,3.492,-17.241,0.238,0.238,0.266,0.266
1.231,3.214,-17.233,0.240,0.240,0.296,0.296
1.228,3.198,-17.222,0.246,0.246,0.270,0.270
1.227,3.394,-17.222,0.241,0.241,0.262,0.262
1.226,3.590,-17.217,0.238,0.238,0.270,0.270
1.230,3.622,-17.232,0.240,0.240,0.275,0.275
1.230,3.492,-17.231,0.224,0.224,0.266,0.266
1.229,3.247,-17.227,0.232,0.232,0.272,0.272
1.227,3.165,-17.223,0.221,0.221,0.259,0.259
1.225,3.394,-17.214,0.237,0.237,0.266,0.266
1.223,3.459,-17.209,0.221,0.221,0.267,0.267
1.223,3.165,-17.208,0.224,0.224,0.258,0.258
1.222,2.676,-17.205,0.220,0.220,0.258,0.258
1.220,2.317,-17.201,0.235,0.235,0.261,0.261
1.219,2.415,-17.198,0.220,0.220,0.255,0.255
1.215,2.660,-17.188,0.237,0.237,0.233,0.233
1.214,3.084,-17.186,0.217,0.217,0.241,0.241
1.213,3.459,-17.182,0.230,0.230,0.252,0.252
1.217,3.524,-17.194,0.212,0.212,0.252,0.252
1.218,3.214,-17.197,0.237,0.237,0.255,0.255
1.216,2.643,-17.193,0.223,0.223,0.255,0.255
1.215,2.088,-17.190,0.238,0.238,0.253,0.253
1.213,1.697,-17.186,0.227,0.227,0.244,0.244
1.212,1.566,-17.185,0.241,0.241,0.252,0.252
1.211,1.664,-17.183,0.220,0.220,0.253,0.253
1.210,2.088,-17.181,0.240,0.240,0.252,0.252
1.209,2.366,-17.178,0.224,0.224,0.253,0.253
1.207,2.349,-17.175,0.244,0.244,0.241,0.241
1.204,1.958,-17.169,0.226,0.226,0.262,0.262
1.203,1.387,-17.166,0.255,0.255,0.264,0.264
1.202,1.076,-17.165,0.237,0.237,0.252,0.252
1.205,1.125,-17.168,0.255,0.255,0.249,0.249
1.205,1.436,-17.168,0.233,0.233,0.256,0.256
1.203,1.631,-17.164,0.255,0.255,0.255,0.255
1.202,1.550,-17.163,0.232,0.232,0.261,0.261
1.200,1.289,-17.161,0.233,0.233,0.253,0.253
1.200,1.109,-17.160,0.227,0.227,0.249,0.249
1.198,1.076,-17.158,0.226,0.226,0.246,0.246
1.198,1.240,-17.158,0.215,0.215,0.235,0.235
1.196,1.338,-17.156,0.218,0.218,0.230,0.230
1.196,1.191,-17.155,0.215,0.215,0.227,0.227
1.193,0.701,-17.153,0.209,0.209,0.221,0.221
1.191,0.260,-17.152,0.215,0.215,0.237,0.237
1.189,0.065,-17.152,0.212,0.212,0.244,0.244
1.191,0.097,-17.152,0.221,0.221,0.235,0.235
1.192,0.130,-17.152,0.212,0.212,0.221,0.221
1.191,0.163,-17.152,0.221,0.221,0.232,0.232
1.190,0.130,-17.152,0.206,0.206,0.232,0.232
1.188,0.163,-17.152,0.224,0.224,0.220,0.220
1.187,0.130,-17.151,0.211,0.211,0.238,0.238
1.186,-0.066,-17.151,0.240,0.240,0.252,0.252
1.185,-0.392,-17.152,0.226,0.226,0.243,0.243
1.184,-0.702,-17.152,0.235,0.235,0.243,0.243
1.184,-0.947,-17.152,0.217,0.217,0.246,0.246
1.181,-1.225,-17.156,0.237,0.237,0.246,0.246
1.179,-1.306,-17.158,0.218,0.218,0.252,0.252
1.178,-1.486,-17.159,0.233,0.233,0.252,0.252
1.179,-1.551,-17.157,0.218,0.218,0.261,0.261
1.180,-1.372,-17.156,0.237,0.237,0.269,0.269
1.179,-0.996,-17.157,0.218,0.218,0.252,0.252
1.177,-0.686,-17.159,0.240,0.240,0.262,0.262
1.176,-0.196,-17.159,0.227,0.227,0.249,0.249
1.175,0.130,-17.159,0.233,0.233,0.256,0.256
1.173,0.358,-17.159,0.211,0.211,0.253,0.253
1.172,0.489,-17.159,0.232,0.232,0.250,0.250
1.171,0.734,-17.158,0.217,0.217,0.255,0.255
1.171,0.979,-17.158,0.229,0.229,0.249,0.249
1.168,1.044,-17.154,0.220,0.220,0.270,0.270
1.167,0.815,-17.154,0.221,0.221,0.250,0.250
1.166,0.538,-17.153,0.224,0.224,0.249,0.249
1.169,-0.115,-17.154,0.218,0.218,0.250,0.250
1.168,-0.670,-17.154,0.221,0.221,0.252,0.252
1.168,-0.931,-17.154,0.215,0.215,0.249,0.249
1.165,-0.915,-17.156,0.212,0.212,0.258,0.258
1.163,-0.915,-17.159,0.221,0.221,0.272,0.272
1.162,-1.257,-17.159,0.227,0.227,0.253,0.253
1.162,-1.682,-17.159,0.223,0.223,0.249,0.249
1.161,-1.747,-17.161,0.237,0.237,0.258,0.258
1.159,-1.404,-17.164,0.238,0.238,0.273,0.273
1.159,-0.980,-17.164,0.247,0.247,0.276,0.276
1.157,-0.637,-17.166,0.237,0.237,0.272,0.272
1.155,-0.180,-17.166,0.244,0.244,0.267,0.267
1.153,0.244,-17.166,0.230,0.230,0.273,0.273
1.151,0.685,-17.165,0.233,0.233,0.281,0.281
1.154,1.011,-17.168,0.237,0.237,0.270,0.270
1.155,1.256,-17.169,0.243,0.243,0.272,0.272
1.154,1.599,-17.168,0.226,0.226,0.267,0.267
1.153,1.958,-17.166,0.243,0.243,0.273,0.273
1.151,2.154,-17.161,0.223,0.223,0.247,0.247
1.149,2.056,-17.158,0.237,0.237,0.273,0.273
1.148,1.680,-17.156,0.223,0.223,0.273,0.273
1.147,1.256,-17.155,0.233,0.233,0.261,0.261
1.147,1.076,-17.154,0.218,0.218,0.253,0.253
1.146,1.076,-17.153,0.230,0.230,0.256,0.256
1.144,1.044,-17.151,0.217,0.217,0.259,0.259
1.141,0.701,-17.148,0.238,0.238,0.241,0.241
1.139,0.179,-17.147,0.215,0.215,0.258,0.258
1.140,-0.572,-17.147,0.240,0.240,0.267,0.267
1.142,-1.208,-17.145,0.227,0.227,0.255,0.255
1.141,-1.274,-17.146,0.243,0.243,0.252,0.252
1.140,-1.045,-17.147,0.221,0.221,0.256,0.256
1.138,-0.800,-17.149,0.235,0.235,0.253,0.253
1.138,-0.882,-17.149,0.224,0.224,0.252,0.252
1.137,-1.241,-17.150,0.243,0.243,0.256,0.256
1.136,-1.698,-17.152,0.235,0.235,0.261,0.261
1.134,-1.877,-17.155,0.246,0.246,0.256,0.256
1.134,-1.861,-17.154,0.227,0.227,0.253,0.253
1.132,-1.845,-17.159,0.253,0.253,0.252,0.252
1.129,-1.796,-17.164,0.235,0.235,0.261,0.261
1.128,-1.714,-17.166,0.241,0.241,0.252,0.252
1.128,-1.551,-17.166,0.233,0.233,0.261,0.261
1.129,-1.649,-17.165,0.252,0.252,0.255,0.255
1.129,-1.812,-17.163,0.237,0.237,0.261,0.261
1.128,-1.828,-17.166,0.237,0.237,0.256,0.256
1.126,-1.959,-17.170,0.240,0.240,0.258,0.258
1.124,-2.155,-17.174,0.227,0.227,0.249,0.249
1.124,-2.400,-17.175,0.232,0.232,0.241,0.241
1.122,-2.710,-17.178,0.221,0.221,0.249,0.249
1.121,-2.938,-17.181,0.226,0.226,0.250,0.250
1.122,-3.069,-17.180,0.206,0.206,0.235,0.235
1.121,-2.938,-17.181,0.206,0.206,0.224,0.224
1.119,-2.840,-17.189,0.204,0.204,0.230,0.230
1.116,-2.661,-17.196,0.217,0.217,0.237,0.237
1.115,-2.400,-17.199,0.206,0.206,0.217,0.217
1.114,-2.400,-17.200,0.215,0.215,0.238,0.238
1.117,-2.596,-17.194,0.215,0.215,0.253,0.253
1.116,-2.824,-17.197,0.229,0.229,0.244,0.244
1.115,-2.857,-17.198,0.208,0.208,0.233,0.233
1.113,-2.742,-17.205,0.233,0.233,0.232,0.232
1.112,-2.449,-17.207,0.215,0.215,0.246,0.246
1.110,-2.302,-17.212,0.237,0.237,0.240,0.240
1.110,-2.139,-17.213,0.212,0.212,0.246,0.246
1.108,-2.041,-17.216,0.240,0.240,0.256,0.256
1.108,-2.171,-17.217,0.218,0.218,0.250,0.250
1.106,-2.253,-17.221,0.241,0.241,0.249,0.249
1.104,-2.334,-17.226,0.221,0.221,0.237,0.237
1.102,-2.302,-17.229,0.241,0.241,0.249,0.249
1.103,-2.432,-17.229,0.227,0.227,0.246,0.246
1.105,-2.547,-17.222,0.230,0.230,0.253,0.253
1.104,-2.612,-17.225,0.235,0.235,0.270,0.270
1.102,-2.677,-17.229,0.230,0.230,0.252,0.252
1.101,-2.808,-17.232,0.221,0.221,0.255,0.255
1.100,-2.824,-17.237,0.230,0.230,0.243,0.243
1.099,-2.840,-17.239,0.233,0.233,0.255,0.255
1.098,-2.808,-17.242,0.227,0.227,0.250,0.250
1.096,-2.808,-17.246,0.224,0.224,0.253,0.253
1.096,-2.693,-17.247,0.230,0.230,0.252,0.252
1.094,-2.465,-17.253,0.224,0.224,0.250,0.250
1.091,-2.188,-17.258,0.206,0.206,0.258,0.258
1.089,-1.943,-17.263,0.226,0.226,0.238,0.238
1.089,-1.812,-17.263,0.206,0.206,0.246,0.246
1.092,-1.649,-17.259,0.218,0.218,0.253,0.253
1.092,-1.486,-17.258,0.211,0.211,0.250,0.250
1.090,-1.176,-17.260,0.221,0.221,0.253,0.253
1.088,-0.947,-17.262,0.218,0.218,0.253,0.253
1.087,-0.784,-17.263,0.227,0.227,0.255,0.255
1.086,-0.817,-17.264,0.224,0.224,0.240,0.240
1.085,-0.817,-17.265,0.240,0.240,0.259,0.259
1.084,-0.735,-17.266,0.221,0.221,0.269,0.269
1.084,-0.474,-17.266,0.250,0.250,0.278,0.278
1.083,-0.131,-17.266,0.230,0.230,0.276,0.276
1.080,0.114,-17.266,0.250,0.250,0.273,0.273
1.078,0.179,-17.266,0.230,0.230,0.269,0.269
1.076,-0.033,-17.266,0.253,0.253,0.272,0.272
1.077,-0.294,-17.266,0.230,0.230,0.270,0.270
1.079,-0.343,-17.265,0.249,0.249,0.262,0.262
1.078,-0.180,-17.265,0.233,0.233,0.264,0.264
1.077,0.130,-17.265,0.243,0.243,0.276,0.276
1.075,-0.017,-17.265,0.221,0.221,0.264,0.264
1.074,-0.360,-17.265,0.249,0.249,0.262,0.262
1.073,-0.686,-17.266,0.221,0.221,0.264,0.264
1.073,-0.849,-17.266,0.241,0.241,0.259,0.259
1.072,-0.882,-17.267,0.224,0.224,0.259,0.259
1.071,-0.849,-17.267,0.247,0.247,0.258,0.258
1.069,-0.817,-17.269,0.227,0.227,0.256,0.256
1.067,-0.784,-17.271,0.240,0.240,0.252,0.252
1.064,-0.735,-17.273,0.224,0.224,0.250,0.250
1.064,-0.458,-17.273,0.241,0.241,0.253,0.253
1.067,-0.327,-17.272,0.215,0.215,0.256,0.256
1.065,-0.278,-17.272,0.241,0.241,0.249,0.249
1.065,-0.082,-17.273,0.229,0.229,0.259,0.259
1.063,0.081,-17.273,0.240,0.240,0.249,0.249
1.062,-0.001,-17.272,0.230,0.230,0.255,0.255
1.060,-0.262,-17.273,0.244,0.244,0.255,0.255
1.060,-0.425,-17.273,0.235,0.235,0.279,0.279
1.059,-0.686,-17.273,0.235,0.235,0.255,0.255
1.058,-0.849,-17.274,0.238,0.238,0.255,0.255
1.057,-0.866,-17.275,0.233,0.233,0.258,0.258
1.055,-0.947,-17.277,0.230,0.230,0.261,0.261
1.053,-1.274,-17.279,0.235,0.235,0.258,0.258
1.053,-1.763,-17.279,0.244,0.244,0.262,0.262
1.054,-2.318,-17.276,0.233,0.233,0.269,0.269
1.053,-2.742,-17.278,0.237,0.237,0.259,0.259
1.052,-2.840,-17.282,0.226,0.226,0.259,0.259
1.051,-2.857,-17.285,0.238,0.238,0.261,0.261
1.049,-2.710,-17.289,0.214,0.214,0.253,0.253
1.049,-2.449,-17.291,0.233,0.233,0.246,0.246
1.048,-2.302,-17.293,0.211,0.211,0.246,0.246
1.047,-2.351,-17.296,0.220,0.220,0.220,0.220
1.046,-2.661,-17.298,0.204,0.204,0.233,0.233
1.045,-2.955,-17.301,0.221,0.221,0.240,0.240
1.042,-3.183,-17.311,0.203,0.203,0.229,0.229
1.041,-3.314,-17.313,0.221,0.221,0.229,0.229
1.039,-3.297,-17.318,0.209,0.209,0.235,0.235
1.042,-3.297,-17.309,0.226,0.226,0.238,0.238
1.042,-3.265,-17.310,0.211,0.211,0.215,0.215
1.041,-3.281,-17.312,0.223,0.223,0.243,0.243
1.039,-3.281,-17.319,0.218,0.218,0.249,0.249
1.038,-3.428,-17.322,0.229,0.229,0.246,0.246
1.036,-3.656,-17.328,0.218,0.218,0.246,0.246
1.036,-3.787,-17.331,0.235,0.235,0.237,0.237
1.035,-3.852,-17.334,0.229,0.229,0.244,0.244
1.033,-3.803,-17.340,0.235,0.235,0.237,0.237
1.033,-3.803,-17.342,0.218,0.218,0.252,0.252
1.031,-3.787,-17.350,0.241,0.241,0.253,0.253
1.029,-3.787,-17.358,0.227,0.227,0.255,0.255
1.027,-3.803,-17.364,0.224,0.224,0.246,0.246
1.027,-3.868,-17.364,0.224,0.224,0.255,0.255
1.029,-4.015,-17.355,0.224,0.224,0.256,0.256
1.029,-4.064,-17.358,0.227,0.227,0.247,0.247
1.028,-4.179,-17.362,0.217,0.217,0.253,0.253
1.026,-4.146,-17.368,0.235,0.235,0.250,0.250
1.024,-3.950,-17.375,0.215,0.215,0.255,0.255
1.023,-3.722,-17.379,0.221,0.221,0.256,0.256
1.022,-3.297,-17.383,0.217,0.217,0.246,0.246
1.022,-2.938,-17.384,0.223,0.223,0.247,0.247
1.021,-2.775,-17.386,0.211,0.211,0.255,0.255
1.019,-2.775,-17.391,0.221,0.221,0.252,0.252
1.017,-2.791,-17.398,0.203,0.203,0.253,0.253
1.014,-2.808,-17.407,0.221,0.221,0.249,0.249
1.017,-2.742,-17.399,0.208,0.208,0.249,0.249
1.017,-2.351,-17.398,0.224,0.224,0.258,0.258
1.017,-1.959,-17.398,0.206,0.206,0.252,0.252
1.015,-1.780,-17.402,0.223,0.223,0.246,0.246
1.013,-1.633,-17.406,0.212,0.212,0.256,0.256
1.012,-1.437,-17.407,0.235,0.235,0.252,0.252
1.011,-1.208,-17.408,0.220,0.220,0.269,0.269
1.010,-0.931,-17.409,0.240,0.240,0.261,0.261
1.010,-0.784,-17.409,0.235,0.235,0.305,0.305
1.009,-0.784,-17.410,0.252,0.252,0.275,0.275
1.008,-0.800,-17.411,0.229,0.229,0.261,0.261
1.005,-0.833,-17.413,0.262,0.262,0.270,0.270
1.003,-0.915,-17.415,0.237,0.237,0.273,0.273
1.002,-1.045,-17.416,0.244,0.244,0.272,0.272
1.001,-0.964,-17.416,0.232,0.232,0.270,0.270
1.004,-0.784,-17.414,0.250,0.250,0.275,0.275
1.004,-0.458,-17.414,0.227,0.227,0.272,0.272
1.002,-0.294,-17.415,0.247,0.247,0.282,0.282
1.000,-0.262,-17.416,0.233,0.233,0.266,0.266
0.998,-0.082,-17.416,0.240,0.240,0.264,0.264
0.997,0.114,-17.416,0.229,0.229,0.264,0.264
0.997,0.195,-17.416,0.246,0.246,0.264,0.264
0.996,-0.164,-17.416,0.227,0.227,0.241,0.241
0.996,-0.637,-17.415,0.230,0.230,0.261,0.261
0.993,-0.866,-17.418,0.235,0.235,0.269,0.269
0.990,-0.898,-17.420,0.223,0.223,0.255,0.255
0.990,-0.833,-17.420,0.230,0.230,0.250,0.250
0.989,-0.931,-17.422,0.230,0.230,0.247,0.247
0.993,-1.143,-17.418,0.226,0.226,0.258,0.258
0.991,-1.306,-17.420,0.232,0.232,0.237,0.237
0.990,-1.453,-17.421,0.230,0.230,0.256,0.256
0.988,-1.665,-17.425,0.230,0.230,0.262,0.262
0.987,-1.698,-17.427,0.232,0.232,0.259,0.259
0.986,-1.616,-17.428,0.221,0.221,0.255,0.255
0.984,-1.567,-17.430,0.233,0.233,0.243,0.243
0.984,-1.404,-17.431,0.220,0.220,0.253,0.253
0.983,-1.306,-17.432,0.237,0.237,0.258,0.258
0.980,-1.388,-17.436,0.221,0.221,0.258,0.258
0.978,-1.665,-17.440,0.249,0.249,0.261,0.261
0.977,-1.796,-17.441,0.233,0.233,0.262,0.262
0.978,-1.877,-17.439,0.244,0.244,0.250,0.250
0.980,-1.943,-17.435,0.227,0.227,0.243,0.243
0.979,-2.155,-17.437,0.249,0.249,0.256,0.256
0.977,-2.449,-17.441,0.224,0.224,0.261,0.261
0.975,-2.693,-17.446,0.238,0.238,0.258,0.258
0.974,-2.808,-17.449,0.224,0.224,0.255,0.255
0.973,-2.938,-17.452,0.238,0.238,0.250,0.250
0.973,-3.150,-17.454,0.218,0.218,0.250,0.250
0.971,-3.265,-17.458,0.232,0.232,0.258,0.258
0.972,-3.297,-17.458,0.214,0.214,0.237,0.237
0.970,-3.379,-17.463,0.224,0.224,0.220,0.220
0.968,-3.607,-17.470,0.206,0.206,0.230,0.230
0.965,-3.771,-17.482,0.223,0.223,0.240,0.240
0.963,-3.836,-17.490,0.215,0.215,0.243,0.243
0.965,-3.787,-17.480,0.212,0.212,0.241,0.241
0.967,-3.771,-17.475,0.220,0.220,0.259,0.259
0.966,-3.754,-17.477,0.223,0.223,0.243,0.243
0.966,-3.689,-17.478,0.217,0.217,0.232,0.232
0.964,-3.395,-17.486,0.215,0.215,0.241,0.241
0.962,-3.167,-17.492,0.227,0.227,0.249,0.249
0.960,-2.906,-17.496,0.215,0.215,0.247,0.247
0.960,-2.775,-17.496,0.218,0.218,0.249,0.249
0.959,-2.661,-17.499,0.211,0.211,0.259,0.259
0.958,-2.530,-17.503,0.221,0.221,0.256,0.256
0.956,-2.759,-17.507,0.214,0.214,0.255,0.255
0.953,-3.199,-17.517,0.220,0.220,0.250,0.250
0.950,-3.656,-17.526,0.221,0.221,0.256,0.256
0.950,-3.836,-17.525,0.233,0.233,0.259,0.259
0.954,-3.836,-17.511,0.212,0.212,0.259,0.259
0.953,-3.673,-17.514,0.232,0.232,0.240,0.240
0.952,-3.395,-17.519,0.215,0.215,0.255,0.255
0.950,-3.265,-17.526,0.230,0.230,0.252,0.252
0.949,-3.346,-17.530,0.208,0.208,0.250,0.250
0.948,-3.624,-17.531,0.237,0.237,0.253,0.253
0.948,-3.754,-17.533,0.209,0.209,0.258,0.258
0.947,-3.820,-17.536,0.226,0.226,0.253,0.253
0.946,-3.689,-17.540,0.221,0.221,0.244,0.244
0.944,-3.297,-17.545,0.230,0.230,0.252,0.252
0.942,-2.938,-17.554,0.215,0.215,0.256,0.256
0.940,-2.547,-17.559,0.230,0.230,0.253,0.253
0.938,-1.828,-17.563,0.214,0.214,0.250,0.250
0.942,-1.078,-17.558,0.226,0.226,0.249,0.249
0.942,-0.604,-17.558,0.198,0.198,0.253,0.253
0.940,-0.327,-17.559,0.226,0.226,0.249,0.249
0.939,-0.099,-17.559,0.211,0.211,0.261,0.261
0.937,0.097,-17.559,0.227,0.227,0.253,0.253
0.935,0.179,-17.559,0.227,0.227,0.256,0.256
0.934,0.179,-17.558,0.244,0.244,0.261,0.261
0.933,0.114,-17.558,0.241,0.241,0.279,0.279
0.933,0.130,-17.558,0.238,0.238,0.281,0.281
0.933,0.163,-17.558,0.249,0.249,0.262,0.262
0.929,0.097,-17.558,0.240,0.240,0.281,0.281
0.927,0.163,-17.557,0.232,0.232,0.290,0.290
0.926,0.146,-17.557,0.243,0.243,0.273,0.273
0.927,0.114,-17.557,0.235,0.235,0.269,0.269
0.930,-0.033,-17.558,0.224,0.224,0.262,0.262
0.928,-0.262,-17.558,0.241,0.241,0.267,0.267
0.927,-0.148,-17.558,0.226,0.226,0.255,0.255
0.925,0.097,-17.558,0.230,0.230,0.273,0.273
0.923,-0.033,-17.558,0.226,0.226,0.279,0.279
0.923,-0.262,-17.558,0.235,0.235,0.262,0.262
0.922,-0.327,-17.558,0.218,0.218,0.256,0.256
0.920,-0.131,-17.559,0.226,0.226,0.258,0.258
0.920,0.097,-17.559,0.215,0.215,0.258,0.258
0.917,-0.017,-17.559,0.229,0.229,0.240,0.240
0.915,-0.066,-17.559,0.215,0.215,0.255,0.255
0.914,0.081,-17.559,0.235,0.235,0.269,0.269
0.916,0.114,-17.559,0.223,0.223,0.252,0.252
0.918,0.179,-17.559,0.233,0.233,0.252,0.252
0.916,0.195,-17.559,0.218,0.218,0.252,0.252
0.914,0.130,-17.559,0.240,0.240,0.255,0.255
0.913,0.130,-17.558,0.215,0.215,0.253,0.253
0.912,-0.082,-17.558,0.232,0.232,0.255,0.255
0.911,-0.376,-17.559,0.235,0.235,0.259,0.259
0.909,-0.686,-17.559,0.243,0.243,0.258,0.258
0.908,-0.849,-17.560,0.223,0.223,0.258,0.258
0.908,-0.964,-17.561,0.252,0.252,0.233,0.233
0.905,-1.176,-17.564,0.230,0.230,0.258,0.258
0.902,-1.323,-17.567,0.250,0.250,0.261,0.261
0.902,-1.323,-17.567,0.230,0.230,0.259,0.259
0.904,-1.208,-17.565,0.247,0.247,0.258,0.258
0.904,-1.061,-17.564,0.237,0.237,0.261,0.261
0.904,-1.159,-17.565,0.244,0.244,0.256,0.256
0.904,-1.241,-17.565,0.235,0.235,0.249,0.249
0.900,-1.339,-17.570,0.241,0.241,0.256,0.256
0.899,-1.225,-17.571,0.237,0.237,0.261,0.261
0.898,-0.980,-17.572,0.226,0.226,0.249,0.249
0.897,-0.686,-17.573,0.230,0.230,0.249,0.249
0.897,-0.392,-17.573,0.212,0.212,0.238,0.238
0.896,-0.099,-17.573,0.209,0.209,0.238,0.238
0.894,0.163,-17.573,0.209,0.209,0.259,0.259
0.891,0.195,-17.573,0.217,0.217,0.233,0.233
0.889,0.163,-17.572,0.204,0.204,0.224,0.224
0.888,-0.066,-17.572,0.215,0.215,0.232,0.232
0.891,-0.392,-17.572,0.211,0.211,0.241,0.241
0.892,-0.833,-17.571,0.223,0.223,0.241,0.241
0.890,-1.176,-17.573,0.208,0.208,0.244,0.244
0.888,-1.372,-17.576,0.224,0.224,0.243,0.243
0.887,-1.469,-17.577,0.212,0.212,0.240,0.240
0.886,-1.665,-17.579,0.229,0.229,0.241,0.241
0.886,-1.812,-17.579,0.206,0.206,0.243,0.243
0.885,-1.959,-17.580,0.237,0.237,0.247,0.247
0.884,-2.171,-17.583,0.214,0.214,0.247,0.247
0.883,-2.334,-17.584,0.237,0.237,0.253,0.253
0.879,-2.285,-17.595,0.217,0.217,0.240,0.240
0.877,-2.334,-17.598,0.246,0.246,0.249,0.249
0.877,-2.188,-17.598,0.221,0.221,0.266,0.266
0.879,-1.959,-17.593,0.233,0.233,0.252,0.252
0.880,-1.812,-17.592,0.218,0.218,0.252,0.252
0.877,-1.763,-17.597,0.235,0.235,0.256,0.256
0.876,-1.828,-17.599,0.211,0.211,0.258,0.258
0.876,-1.812,-17.600,0.232,0.232,0.249,0.249
0.874,-1.828,-17.604,0.215,0.215,0.253,0.253
0.873,-1.812,-17.605,0.230,0.230,0.256,0.256
0.872,-1.698,-17.607,0.218,0.218,0.256,0.256
0.871,-1.437,-17.609,0.229,0.229,0.253,0.253
0.870,-1.225,-17.610,0.227,0.227,0.243,0.243
0.866,-0.915,-17.614,0.218,0.218,0.252,0.252
0.865,-0.719,-17.614,0.224,0.224,0.258,0.258
0.864,-0.409,-17.615,0.211,0.211,0.258,0.258
0.868,-0.262,-17.614,0.215,0.215,0.255,0.255
0.867,-0.294,-17.614,0.214,0.214,0.246,0.246
0.866,-0.409,-17.615,0.218,0.218,0.247,0.247
0.865,-0.670,-17.615,0.211,0.211,0.229,0.229
0.863,-0.833,-17.617,0.220,0.220,0.258,0.258
0.861,-0.980,-17.618,0.223,0.223,0.259,0.259
0.860,-1.176,-17.619,0.233,0.233,0.261,0.261
0.859,-1.323,-17.621,0.217,0.217,0.261,0.261
0.858,-1.225,-17.622,0.247,0.247,0.273,0.273
0.857,-0.947,-17.623,0.227,0.227,0.269,0.269
0.855,-0.686,-17.625,0.240,0.240,0.267,0.267
0.852,-0.539,-17.626,0.230,0.230,0.276,0.276
0.851,-0.670,-17.627,0.246,0.246,0.264,0.264
0.854,-0.686,-17.625,0.229,0.229,0.278,0.278
0.855,-0.327,-17.624,0.244,0.244,0.272,0.272
0.854,0.097,-17.624,0.221,0.221,0.276,0.276
0.854,0.212,-17.624,0.243,0.243,0.262,0.262
0.851,0.195,-17.624,0.215,0.215,0.262,0.262
0.850,0.097,-17.624,0.238,0.238,0.264,0.264
0.849,0.130,-17.623,0.214,0.214,0.249,0.249
0.848,0.130,-17.623,0.233,0.233,0.261,0.261
0.847,0.146,-17.623,0.220,0.220,0.272,0.272
0.846,0.163,-17.623,0.240,0.240,0.261,0.261
0.845,0.146,-17.623,0.221,0.221,0.259,0.259
0.841,0.114,-17.622,0.230,0.230,0.249,0.249
0.839,0.146,-17.622,0.221,0.221,0.256,0.256
0.839,0.114,-17.622,0.240,0.240,0.233,0.233
0.843,-0.066,-17.622,0.214,0.214,0.250,0.250
0.841,-0.409,-17.622,0.240,0.240,0.264,0.264
0.840,-0.800,-17.623,0.226,0.226,0.261,0.261
0.838,-1.176,-17.626,0.238,0.238,0.253,0.253
0.838,-1.339,-17.625,0.226,0.226,0.255,0.255
0.837,-1.372,-17.627,0.243,0.243,0.244,0.244
0.836,-1.323,-17.628,0.229,0.229,0.244,0.244
0.835,-1.306,-17.629,0.238,0.238,0.255,0.255
0.834,-1.208,-17.630,0.233,0.233,0.264,0.264
0.833,-0.866,-17.631,0.238,0.238,0.258,0.258
0.829,-0.458,-17.634,0.220,0.220,0.258,0.258
0.827,-0.278,-17.635,0.240,0.240,0.247,0.247
0.828,-0.229,-17.634,0.232,0.232,0.261,0.261
0.830,-0.099,-17.634,0.238,0.238,0.258,0.258
0.830,0.130,-17.634,0.241,0.241,0.256,0.256
0.828,0.163,-17.634,0.240,0.240,0.258,0.258
0.827,0.163,-17.634,0.240,0.240,0.262,0.262
0.825,0.179,-17.633,0.223,0.223,0.253,0.253
0.823,0.114,-17.633,0.238,0.238,0.240,0.240
0.823,0.114,-17.633,0.221,0.221,0.255,0.255
0.823,0.130,-17.633,0.217,0.217,0.255,0.255
0.821,-0.066,-17.633,0.208,0.208,0.230,0.230
0.821,-0.262,-17.633,0.203,0.203,0.229,0.229
0.818,-0.343,-17.634,0.200,0.200,0.235,0.235
0.815,-0.327,-17.635,0.206,0.206,0.232,0.232
0.813,-0.311,-17.635,0.209,0.209,0.252,0.252
0.815,-0.294,-17.635,0.217,0.217,0.232,0.232
0.818,-0.294,-17.634,0.208,0.208,0.241,0.241
0.817,-0.311,-17.634,0.224,0.224,0.233,0.233
0.815,-0.294,-17.635,0.208,0.208,0.249,0.249
0.812,-0.294,-17.636,0.224,0.224,0.230,0.230
0.812,-0.327,-17.636,0.214,0.214,0.237,0.237
0.811,-0.327,-17.636,0.232,0.232,0.266,0.266
0.809,-0.115,-17.636,0.218,0.218,0.249,0.249
0.809,0.130,-17.636,0.240,0.240,0.235,0.235
0.808,0.293,-17.636,0.214,0.214,0.246,0.246
0.805,0.522,-17.635,0.247,0.247,0.247,0.247
0.803,0.734,-17.634,0.223,0.223,0.249,0.249
0.802,1.011,-17.633,0.229,0.229,0.255,0.255
0.806,1.142,-17.637,0.226,0.226,0.264,0.264
0.805,1.142,-17.637,0.229,0.229,0.256,0.256
0.803,1.125,-17.634,0.220,0.220,0.259,0.259
0.803,1.093,-17.634,0.221,0.221,0.253,0.253
0.801,1.207,-17.631,0.227,0.227,0.258,0.258
0.799,1.468,-17.630,0.223,0.223,0.255,0.255
0.798,1.631,-17.627,0.218,0.218,0.255,0.255
0.797,1.729,-17.626,0.217,0.217,0.247,0.247
0.796,2.121,-17.624,0.233,0.233,0.256,0.256
0.796,2.447,-17.623,0.215,0.215,0.255,0.255
0.793,2.660,-17.617,0.224,0.224,0.258,0.258
0.791,2.627,-17.611,0.206,0.206,0.247,0.247
0.790,2.643,-17.607,0.224,0.224,0.249,0.249
0.791,2.708,-17.612,0.201,0.201,0.253,0.253
0.792,2.839,-17.613,0.224,0.224,0.246,0.246
0.792,2.757,-17.614,0.209,0.209,0.253,0.253
0.791,2.611,-17.610,0.218,0.218,0.253,0.253
0.789,2.562,-17.604,0.215,0.215,0.250,0.250
0.788,2.513,-17.602,0.221,0.221,0.252,0.252
0.786,2.480,-17.598,0.212,0.212,0.256,0.256
0.786,2.219,-17.597,0.224,0.224,0.258,0.258
0.785,2.121,-17.595,0.220,0.220,0.256,0.256
0.784,2.072,-17.593,0.238,0.238,0.270,0.270
0.783,1.925,-17.591,0.230,0.230,0.284,0.284
0.779,1.778,-17.585,0.255,0.255,0.282,0.282
0.777,1.452,-17.581,0.232,0.232,0.276,0.276
0.778,1.207,-17.582,0.249,0.249,0.264,0.264
0.780,0.979,-17.585,0.230,0.230,0.272,0.272
0.780,0.636,-17.584,0.249,0.249,0.252,0.252
0.778,0.260,-17.583,0.227,0.227,0.273,0.273
0.777,0.097,-17.583,0.246,0.246,0.273,0.273
0.776,0.114,-17.583,0.218,0.218,0.276,0.276
0.774,0.114,-17.583,0.243,0.243,0.261,0.261
0.774,0.146,-17.583,0.220,0.220,0.262,0.262
0.773,0.097,-17.583,0.244,0.244,0.264,0.264
0.772,0.163,-17.583,0.227,0.227,0.246,0.246
0.771,0.130,-17.582,0.235,0.235,0.259,0.259
0.768,0.130,-17.582,0.226,0.226,0.267,0.267
0.765,0.163,-17.582,0.233,0.233,0.258,0.258
0.766,-0.131,-17.582,0.220,0.220,0.261,0.261
0.769,-0.392,-17.581,0.233,0.233,0.256,0.256
0.767,-0.686,-17.582,0.226,0.226,0.255,0.255
0.766,-0.833,-17.583,0.233,0.233,0.229,0.229
0.763,-0.866,-17.585,0.223,0.223,0.253,0.253
0.763,-0.849,-17.586,0.240,0.240,0.262,0.262
0.761,-0.768,-17.587,0.229,0.229,0.256,0.256
0.760,-0.833,-17.587,0.227,0.227,0.258,0.258
0.760,-0.833,-17.588,0.235,0.235,0.259,0.259
0.760,-0.849,-17.588,0.232,0.232,0.255,0.255
0.758,-0.947,-17.590,0.229,0.229,0.256,0.256
0.754,-1.176,-17.593,0.224,0.224,0.255,0.255
0.754,-1.208,-17.594,0.233,0.233,0.261,0.261
0.757,-0.996,-17.591,0.235,0.235,0.259,0.259
0.756,-0.866,-17.591,0.240,0.240,0.262,0.262
0.756,-0.882,-17.591,0.237,0.237,0.258,0.258
0.754,-1.078,-17.594,0.240,0.240,0.262,0.262
0.752,-1.061,-17.596,0.224,0.224,0.264,0.264
0.751,-1.241,-17.597,0.235,0.235,0.256,0.256
0.749,-1.176,-17.599,0.220,0.220,0.252,0.252
0.749,-0.996,-17.599,0.237,0.237,0.250,0.250
0.748,-0.817,-17.600,0.215,0.215,0.258,0.258
0.747,-0.686,-17.600,0.227,0.227,0.252,0.252
0.746,-0.262,-17.601,0.206,0.206,0.235,0.235
0.743,0.097,-17.601,0.215,0.215,0.243,0.243
0.741,0.309,-17.601,0.203,0.203,0.230,0.230
0.740,0.620,-17.600,0.214,0.214,0.237,0.237
0.742,0.946,-17.602,0.200,0.200,0.235,0.235
0.744,1.142,-17.604,0.220,0.220,0.240,0.240
0.742,1.125,-17.602,0.208,0.208,0.246,0.246
0.741,1.125,-17.601,0.218,0.218,0.233,0.233
0.739,1.093,-17.599,0.208,0.208,0.256,0.256
0.738,0.995,-17.598,0.229,0.229,0.241,0.241
0.737,0.750,-17.596,0.215,0.215,0.235,0.235
0.735,0.587,-17.595,0.241,0.241,0.241,0.241
0.735,0.603,-17.595,0.211,0.211,0.249,0.249
0.734,0.620,-17.594,0.238,0.238,0.246,0.246
0.732,0.538,-17.593,0.220,0.220,0.255,0.255
0.728,0.260,-17.592,0.235,0.235,0.275,0.275
0.728,0.260,-17.592,0.218,0.218,0.253,0.253
0.729,0.440,-17.592,0.237,0.237,0.247,0.247
0.731,0.734,-17.593,0.223,0.223,0.253,0.253
0.729,1.109,-17.592,0.227,0.227,0.262,0.262
0.729,1.599,-17.591,0.233,0.233,0.256,0.256
0.727,2.137,-17.588,0.227,0.227,0.252,0.252
0.726,2.594,-17.585,0.224,0.224,0.279,0.279
0.725,3.100,-17.582,0.221,0.221,0.258,0.258
0.724,3.590,-17.578,0.227,0.227,0.264,0.264
0.722,3.949,-17.574,0.221,0.221,0.249,0.249
0.721,4.128,-17.569,0.204,0.204,0.249,0.249
0.718,4.226,-17.557,0.218,0.218,0.250,0.250
0.717,4.438,-17.550,0.221,0.221,0.253,0.253
0.715,4.553,-17.544,0.214,0.214,0.243,0.243
0.719,4.471,-17.563,0.229,0.229,0.250,0.250
0.718,4.096,-17.557,0.211,0.211,0.258,0.258
0.717,3.720,-17.551,0.215,0.215,0.250,0.250
0.716,3.410,-17.547,0.201,0.201,0.250,0.250
0.713,3.084,-17.541,0.215,0.215,0.252,0.252
0.712,2.611,-17.537,0.209,0.209,0.250,0.250
0.711,2.105,-17.535,0.218,0.218,0.237,0.237
0.712,1.680,-17.536,0.218,0.218,0.255,0.255
0.710,1.566,-17.533,0.233,0.233,0.264,0.264
0.710,1.436,-17.533,0.215,0.215,0.264,0.264
0.707,1.272,-17.529,0.249,0.249,0.279,0.279
0.704,1.125,-17.525,0.227,0.227,0.270,0.270
0.703,0.962,-17.524,0.243,0.243,0.273,0.273
0.706,0.750,-17.527,0.223,0.223,0.266,0.266
0.706,0.652,-17.527,0.255,0.255,0.276,0.276
0.706,0.603,-17.526,0.227,0.227,0.273,0.273
0.705,0.750,-17.526,0.243,0.243,0.269,0.269
0.702,0.946,-17.524,0.230,0.230,0.282,0.282
0.701,1.240,-17.522,0.244,0.244,0.269,0.269
0.700,1.387,-17.521,0.227,0.227,0.273,0.273
0.699,1.289,-17.520,0.249,0.249,0.258,0.258
0.697,0.913,-17.518,0.224,0.224,0.269,0.269
0.696,0.407,-17.518,0.237,0.237,0.253,0.253
0.696,0.081,-17.517,0.224,0.224,0.262,0.262
0.693,-0.262,-17.518,0.244,0.244,0.270,0.270
0.691,-0.751,-17.519,0.226,0.226,0.259,0.259
0.693,-1.208,-17.517,0.233,0.233,0.246,0.246
0.694,-1.486,-17.515,0.223,0.223,0.253,0.253
0.694,-1.714,-17.515,0.235,0.235,0.255,0.255
0.693,-1.747,-17.517,0.221,0.221,0.233,0.233
0.690,-1.502,-17.522,0.229,0.229,0.253,0.253
0.689,-1.306,-17.524,0.227,0.227,0.273,0.273
0.687,-1.274,-17.526,0.227,0.227,0.255,0.255
0.687,-1.192,-17.526,0.226,0.226,0.255,0.255
0.685,-0.980,-17.528,0.233,0.233,0.253,0.253
0.685,-0.507,-17.528,0.229,0.229,0.258,0.258
0.684,0.212,-17.528,0.220,0.220,0.246,0.246
0.680,0.799,-17.527,0.246,0.246,0.255,0.255
0.677,0.962,-17.524,0.226,0.226,0.261,0.261
0.681,1.044,-17.528,0.233,0.233,0.259,0.259
0.682,1.109,-17.529,0.224,0.224,0.261,0.261
0.681,1.028,-17.528,0.237,0.237,0.256,0.256
0.680,0.750,-17.527,0.227,0.227,0.253,0.253
0.678,0.636,-17.526,0.232,0.232,0.252,0.252
0.677,0.587,-17.525,0.224,0.224,0.258,0.258
0.676,0.636,-17.524,0.237,0.237,0.259,0.259
0.675,0.603,-17.524,0.223,0.223,0.255,0.255
0.674,0.620,-17.523,0.237,0.237,0.258,0.258
0.673,0.505,-17.523,0.224,0.224,0.250,0.250
0.671,0.277,-17.522,0.227,0.227,0.247,0.247
0.668,0.146,-17.521,0.201,0.201,0.215,0.215
0.666,0.065,-17.521,0.224,0.224,0.229,0.229
0.667,0.114,-17.521,0.200,0.200,0.240,0.240
0.668,0.130,-17.521,0.220,0.220,0.233,0.233
0.668,0.163,-17.521,0.208,0.208,0.230,0.230
0.667,0.260,-17.521,0.232,0.232,0.233,0.233
0.666,0.636,-17.520,0.206,0.206,0.241,0.241
0.665,1.076,-17.520,0.226,0.226,0.209,0.209
0.663,1.615,-17.518,0.217,0.217,0.246,0.246
0.663,2.007,-17.517,0.227,0.227,0.246,0.246
0.662,2.186,-17.516,0.221,0.221,0.240,0.240
0.661,2.154,-17.513,0.223,0.223,0.241,0.241
0.660,2.105,-17.510,0.224,0.224,0.249,0.249
0.658,2.203,-17.506,0.220,0.220,0.250,0.250
0.654,2.447,-17.498,0.218,0.218,0.226,0.226
0.653,2.692,-17.496,0.224,0.224,0.249,0.249
0.655,2.970,-17.500,0.233,0.233,0.259,0.259
0.657,3.084,-17.507,0.214,0.214,0.252,0.252
0.655,3.116,-17.501,0.227,0.227,0.256,0.256
0.653,3.068,-17.495,0.212,0.212,0.255,0.255
0.651,3.084,-17.488,0.226,0.226,0.258,0.258
0.650,2.970,-17.486,0.206,0.206,0.233,0.233
0.649,2.741,-17.483,0.230,0.230,0.253,0.253
0.649,2.480,-17.483,0.214,0.214,0.256,0.256
0.649,2.072,-17.483,0.230,0.230,0.256,0.256
0.648,1.762,-17.480,0.214,0.214,0.252,0.252
0.646,1.566,-17.476,0.230,0.230,0.243,0.243
0.642,1.566,-17.471,0.212,0.212,0.247,0.247
0.642,1.582,-17.471,0.223,0.223,0.252,0.252
0.644,1.599,-17.474,0.209,0.209,0.252,0.252
0.645,1.615,-17.475,0.232,0.232,0.252,0.252
0.643,1.599,-17.472,0.203,0.203,0.249,0.249
0.642,1.729,-17.471,0.224,0.224,0.244,0.244
0.640,1.958,-17.468,0.203,0.203,0.240,0.240
0.639,2.121,-17.464,0.230,0.230,0.252,0.252
0.638,2.170,-17.463,0.206,0.206,0.258,0.258
0.637,2.105,-17.461,0.240,0.240,0.249,0.249
0.635,2.105,-17.457,0.215,0.215,0.250,0.250
0.635,2.088,-17.456,0.238,0.238,0.258,0.258
0.632,1.958,-17.450,0.230,0.230,0.262,0.262
0.630,1.778,-17.447,0.247,0.247,0.270,0.270
0.631,1.582,-17.449,0.230,0.230,0.276,0.276
0.630,1.533,-17.447,0.247,0.247,0.273,0.273
0.633,1.599,-17.451,0.243,0.243,0.279,0.279
0.632,1.501,-17.450,0.249,0.249,0.275,0.275
0.630,1.174,-17.448,0.238,0.238,0.276,0.276
0.627,0.652,-17.445,0.246,0.246,0.264,0.264
0.627,0.228,-17.445,0.233,0.233,0.291,0.291
0.625,0.081,-17.444,0.230,0.230,0.266,0.266
0.625,0.081,-17.444,0.237,0.237,0.275,0.275
0.624,0.146,-17.444,0.233,0.233,0.270,0.270
0.623,0.130,-17.444,0.227,0.227,0.267,0.267
0.621,0.130,-17.444,0.233,0.233,0.258,0.258
0.619,0.163,-17.444,0.232,0.232,0.259,0.259
0.615,0.114,-17.443,0.227,0.227,0.290,0.290
0.614,0.130,-17.443,0.235,0.235,0.258,0.258
0.618,-0.082,-17.443,0.227,0.227,0.250,0.250
0.620,-0.294,-17.443,0.229,0.229,0.256,0.256
0.618,-0.148,-17.443,0.215,0.215,0.255,0.255
0.616,0.065,-17.443,0.230,0.230,0.255,0.255
0.615,0.212,-17.443,0.221,0.221,0.249,0.249
0.614,0.163,-17.443,0.226,0.226,0.279,0.279
0.612,0.130,-17.443,0.224,0.224,0.258,0.258
0.612,0.228,-17.443,0.237,0.237,0.246,0.246
0.611,0.375,-17.442,0.220,0.220,0.259,0.259
0.611,0.326,-17.442,0.240,0.240,0.256,0.256
0.607,0.163,-17.441,0.223,0.223,0.258,0.258
0.603,0.130,-17.441,0.240,0.240,0.253,0.253
0.605,0.130,-17.441,0.217,0.217,0.276,0.276
0.606,0.146,-17.441,0.249,0.249,0.255,0.255
0.607,0.195,-17.441,0.221,0.221,0.252,0.252
0.605,0.244,-17.441,0.250,0.250,0.258,0.258
0.604,0.603,-17.440,0.229,0.229,0.258,0.258
0.602,0.979,-17.439,0.250,0.250,0.258,0.258
0.602,1.158,-17.439,0.233,0.233,0.259,0.259
0.601,1.011,-17.437,0.241,0.241,0.273,0.273
0.600,0.783,-17.436,0.237,0.237,0.258,0.258
0.598,0.522,-17.436,0.243,0.243,0.247,0.247
0.598,0.244,-17.436,0.223,0.223,0.255,0.255
0.596,0.114,-17.435,0.226,0.226,0.252,0.252
0.591,0.195,-17.434,0.217,0.217,0.238,0.238
0.591,0.489,-17.434,0.215,0.215,0.233,0.233
0.592,0.766,-17.435,0.201,0.201,0.229,0.229
0.594,1.011,-17.436,0.217,0.217,0.233,0.233
0.595,1.272,-17.438,0.215,0.215,0.237,0.237
0.592,1.501,-17.434,0.215,0.215,0.240,0.240
0.590,1.631,-17.430,0.217,0.217,0.249,0.249
0.588,1.664,-17.428,0.211,0.211,0.237,0.237
0.588,1.631,-17.427,0.218,0.218,0.233,0.233
0.586,1.501,-17.425,0.204,0.204,0.253,0.253
0.587,1.370,-17.426,0.226,0.226,0.241,0.241
0.586,1.468,-17.424,0.211,0.211,0.237,0.237
0.585,1.795,-17.423,0.229,0.229,0.249,0.249
0.582,2.349,-17.416,0.211,0.211,0.250,0.250
0.578,2.741,-17.406,0.246,0.246,0.255,0.255
0.578,3.165,-17.406,0.218,0.218,0.253,0.253
0.582,3.492,-17.419,0.233,0.233,0.261,0.261
0.581,3.590,-17.417,0.215,0.215,0.250,0.250
0.581,3.639,-17.417,0.241,0.241,0.249,0.249
0.578,3.590,-17.407,0.221,0.221,0.255,0.255
0.576,3.720,-17.399,0.224,0.224,0.255,0.255
0.576,3.884,-17.398,0.221,0.221,0.252,0.252
0.575,4.079,-17.393,0.235,0.235,0.255,0.255
0.574,4.112,-17.391,0.218,0.218,0.241,0.241
0.573,4.128,-17.384,0.237,0.237,0.256,0.256
0.571,4.079,-17.379,0.224,0.224,0.258,0.258
0.567,4.063,-17.363,0.230,0.230,0.252,0.252
0.567,3.981,-17.361,0.215,0.215,0.256,0.256
0.567,3.704,-17.363,0.233,0.233,0.255,0.255
0.569,3.476,-17.370,0.218,0.218,0.258,0.258
0.571,3.182,-17.376,0.218,0.218,0.250,0.250
0.567,2.953,-17.364,0.218,0.218,0.249,0.249
0.566,2.708,-17.362,0.221,0.221,0.235,0.235
0.565,2.480,-17.357,0.218,0.218,0.253,0.253
0.563,2.186,-17.354,0.224,0.224,0.253,0.253
0.562,1.990,-17.351,0.224,0.224,0.256,0.256
0.561,1.599,-17.349,0.223,0.223,0.252,0.252
0.561,1.109,-17.349,0.218,0.218,0.258,0.258
0.560,0.750,-17.348,0.221,0.221,0.258,0.258
0.558,0.489,-17.347,0.229,0.229,0.256,0.256
0.555,0.358,-17.346,0.230,0.230,0.278,0.278
0.553,0.456,-17.345,0.247,0.247,0.290,0.290
0.553,0.620,-17.345,0.232,0.232,0.279,0.279
0.554,0.538,-17.345,0.246,0.246,0.275,0.275
0.557,0.309,-17.347,0.229,0.229,0.269,0.269
0.555,-0.213,-17.347,0.250,0.250,0.281,0.281
0.553,-0.686,-17.347,0.229,0.229,0.256,0.256
0.551,-1.012,-17.349,0.233,0.233,0.270,0.270
0.551,-1.110,-17.350,0.229,0.229,0.275,0.275
0.550,-0.980,-17.351,0.240,0.240,0.278,0.278
0.549,-0.817,-17.352,0.220,0.220,0.266,0.266
0.548,-0.800,-17.353,0.243,0.243,0.259,0.259
0.547,-0.784,-17.353,0.224,0.224,0.267,0.267
0.544,-0.833,-17.355,0.238,0.238,0.258,0.258
0.541,-0.833,-17.358,0.227,0.227,0.264,0.264
0.540,-0.947,-17.359,0.246,0.246,0.267,0.267
0.543,-1.143,-17.355,0.214,0.214,0.255,0.255
0.543,-1.306,-17.356,0.237,0.237,0.255,0.255
0.541,-1.453,-17.358,0.224,0.224,0.249,0.249
0.540,-1.665,-17.361,0.235,0.235,0.258,0.258
0.538,-1.796,-17.363,0.221,0.221,0.247,0.247
0.538,-1.861,-17.364,0.249,0.249,0.259,0.259
0.538,-1.714,-17.364,0.218,0.218,0.262,0.262
0.537,-1.469,-17.366,0.243,0.243,0.250,0.250
0.537,-1.274,-17.366,0.224,0.224,0.253,0.253
0.534,-1.176,-17.369,0.249,0.249,0.240,0.240
0.532,-0.947,-17.371,0.233,0.233,0.258,0.258
0.530,-0.686,-17.373,0.233,0.233,0.261,0.261
0.529,-0.425,-17.373,0.237,0.237,0.258,0.258
0.532,-0.082,-17.373,0.237,0.237,0.255,0.255
0.532,0.130,-17.373,0.233,0.233,0.261,0.261
0.530,0.212,-17.372,0.240,0.240,0.261,0.261
0.529,0.130,-17.372,0.246,0.246,0.244,0.244
0.527,-0.213,-17.372,0.240,0.240,0.253,0.253
0.526,-0.539,-17.373,0.233,0.233,0.259,0.259
0.525,-0.539,-17.373,0.233,0.233,0.258,0.258
0.523,-0.360,-17.374,0.246,0.246,0.264,0.264
0.524,-0.262,-17.374,0.218,0.218,0.253,0.253
0.523,-0.294,-17.374,0.235,0.235,0.250,0.250
0.521,-0.294,-17.375,0.209,0.209,0.227,0.227
0.517,-0.327,-17.376,0.217,0.217,0.230,0.230
0.516,-0.441,-17.376,0.200,0.200,0.227,0.227
0.518,-0.686,-17.375,0.229,0.229,0.233,0.233
0.519,-0.719,-17.374,0.206,0.206,0.237,0.237
0.519,-0.294,-17.374,0.221,0.221,0.235,0.235
0.517,0.097,-17.374,0.208,0.208,0.230,0.230
0.515,0.342,-17.374,0.226,0.226,0.235,0.235
0.514,0.783,-17.373,0.211,0.211,0.237,0.237
0.513,1.419,-17.372,0.224,0.224,0.243,0.243
0.512,1.974,-17.371,0.217,0.217,0.240,0.240
0.511,2.317,-17.369,0.227,0.227,0.250,0.250
0.510,2.496,-17.366,0.221,0.221,0.249,0.249
0.508,2.594,-17.362,0.233,0.233,0.243,0.243
0.506,2.643,-17.356,0.223,0.223,0.246,0.246
0.504,2.725,-17.351,0.233,0.233,0.247,0.247
0.504,2.937,-17.351,0.224,0.224,0.255,0.255
0.508,3.100,-17.363,0.230,0.230,0.253,0.253
0.507,3.019,-17.359,0.217,0.217,0.252,0.252
0.505,2.757,-17.354,0.221,0.221,0.253,0.253
0.504,2.594,-17.351,0.221,0.221,0.255,0.255
0.501,2.415,-17.344,0.223,0.223,0.273,0.273
0.501,2.252,-17.343,0.220,0.220,0.256,0.256
0.500,1.990,-17.341,0.215,0.215,0.249,0.249
0.499,1.631,-17.339,0.235,0.235,0.256,0.256
0.498,1.240,-17.338,0.215,0.215,0.258,0.258
0.495,1.076,-17.334,0.229,0.229,0.259,0.259
0.492,1.060,-17.331,0.212,0.212,0.252,0.252
0.491,1.093,-17.330,0.226,0.226,0.267,0.267
0.493,1.158,-17.333,0.214,0.214,0.247,0.247
0.495,1.109,-17.334,0.218,0.218,0.243,0.243
0.494,1.125,-17.334,0.209,0.209,0.249,0.249
0.494,1.028,-17.333,0.227,0.227,0.247,0.247
0.491,0.783,-17.331,0.209,0.209,0.252,0.252
0.489,0.636,-17.330,0.218,0.218,0.250,0.250
0.489,0.571,-17.330,0.212,0.212,0.270,0.270
0.488,0.734,-17.329,0.227,0.227,0.250,0.250
0.487,0.946,-17.328,0.211,0.211,0.246,0.246
0.486,1.109,-17.327,0.240,0.240,0.250,0.250
0.484,1.076,-17.325,0.218,0.218,0.255,0.255
0.481,0.783,-17.322,0.243,0.243,0.256,0.256
0.478,0.538,-17.320,0.235,0.235,0.276,0.276
0.480,0.212,-17.321,0.247,0.247,0.295,0.295
0.481,-0.229,-17.321,0.240,0.240,0.273,0.273
0.482,-0.751,-17.320,0.259,0.259,0.262,0.262
0.481,-1.257,-17.321,0.241,0.241,0.273,0.273
0.479,-1.355,-17.324,0.250,0.250,0.275,0.275
0.477,-1.257,-17.327,0.230,0.230,0.270,0.270
0.475,-1.110,-17.329,0.244,0.244,0.275,0.275
0.476,-1.012,-17.328,0.232,0.232,0.295,0.295
0.475,-0.947,-17.329,0.235,0.235,0.272,0.272
0.474,-0.931,-17.330,0.240,0.240,0.259,0.259
0.473,-1.078,-17.331,0.230,0.230,0.266,0.266
0.470,-0.980,-17.334,0.235,0.235,0.261,0.261
0.467,-0.882,-17.337,0.233,0.233,0.259,0.259
0.466,-0.800,-17.338,0.232,0.232,0.261,0.261
0.467,-0.817,-17.337,0.227,0.227,0.273,0.273
0.471,-0.719,-17.334,0.227,0.227,0.259,0.259
0.468,-0.458,-17.335,0.221,0.221,0.249,0.249
0.467,-0.082,-17.336,0.237,0.237,0.252,0.252
0.465,0.179,-17.336,0.212,0.212,0.253,0.253
0.464,0.228,-17.336,0.237,0.237,0.256,0.256
0.463,0.163,-17.335,0.220,0.220,0.255,0.255
0.462,0.130,-17.335,0.229,0.229,0.261,0.261
0.461,0.130,-17.335,0.221,0.221,0.258,0.258
0.461,0.146,-17.335,0.235,0.235,0.249,0.249
0.458,0.163,-17.335,0.220,0.220,0.253,0.253
0.455,0.146,-17.334,0.235,0.235,0.252,0.252
0.453,-0.229,-17.334,0.221,0.221,0.255,0.255
0.455,-0.637,-17.333,0.240,0.240,0.255,0.255
0.458,-0.996,-17.331,0.218,0.218,0.269,0.269
0.457,-1.192,-17.333,0.246,0.246,0.256,0.256
0.455,-1.355,-17.334,0.229,0.229,0.259,0.259
0.452,-1.306,-17.339,0.253,0.253,0.258,0.258
0.452,-1.290,-17.339,0.230,0.230,0.255,0.255
0.450,-1.323,-17.341,0.253,0.253,0.253,0.253
0.450,-1.176,-17.342,0.230,0.230,0.256,0.256
0.449,-0.996,-17.342,0.241,0.241,0.272,0.272
0.448,-0.719,-17.343,0.226,0.226,0.253,0.253
0.446,-0.425,-17.344,0.240,0.240,0.246,0.246
0.443,-0.066,-17.345,0.217,0.217,0.249,0.249
0.441,0.163,-17.345,0.227,0.227,0.233,0.233
0.443,0.212,-17.345,0.220,0.220,0.237,0.237
0.445,0.293,-17.346,0.209,0.209,0.229,0.229
0.445,0.489,-17.345,0.215,0.215,0.247,0.247
0.444,0.652,-17.345,0.215,0.215,0.230,0.230
0.441,0.783,-17.343,0.214,0.214,0.233,0.233
0.440,0.979,-17.342,0.212,0.212,0.249,0.249
0.438,1.125,-17.341,0.211,0.211,0.233,0.233
0.438,1.174,-17.340,0.211,0.211,0.238,0.238
0.437,1.011,-17.339,0.220,0.220,0.235,0.235
0.435,0.636,-17.337,0.204,0.204,0.244,0.244
0.435,0.260,-17.337,0.220,0.220,0.243,0.243
0.432,-0.245,-17.337,0.215,0.215,0.252,0.252
0.429,-0.653,-17.338,0.229,0.229,0.246,0.246
0.428,-0.980,-17.340,0.211,0.211,0.249,0.249
0.429,-1.225,-17.338,0.237,0.237,0.252,0.252
0.432,-1.225,-17.334,0.218,0.218,0.247,0.247
0.430,-0.866,-17.337,0.230,0.230,0.230,0.230
0.429,-0.425,-17.337,0.220,0.220,0.249,0.249
0.427,-0.082,-17.337,0.230,0.230,0.266,0.266
0.426,0.179,-17.337,0.214,0.214,0.256,0.256
0.425,0.195,-17.337,0.235,0.235,0.252,0.252
0.425,0.277,-17.337,0.218,0.218,0.252,0.252
0.423,0.603,-17.337,0.243,0.243,0.250,0.250
0.423,0.962,-17.336,0.217,0.217,0.250,0.250
0.420,1.272,-17.332,0.233,0.233,0.255,0.255
0.417,1.501,-17.328,0.218,0.218,0.255,0.255
0.416,1.631,-17.327,0.230,0.230,0.250,0.250
0.418,1.533,-17.331,0.209,0.209,0.256,0.256
0.420,1.158,-17.333,0.233,0.233,0.232,0.232
0.418,0.668,-17.331,0.221,0.221,0.250,0.250
0.416,0.228,-17.331,0.221,0.221,0.255,0.255
0.414,-0.245,-17.331,0.224,0.224,0.249,0.249
0.414,-0.702,-17.331,0.214,0.214,0.246,0.246
0.412,-0.964,-17.332,0.220,0.220,0.252,0.252
0.413,-1.257,-17.331,0.217,0.217,0.253,0.253
0.412,-1.437,-17.333,0.221,0.221,0.255,0.255
0.411,-1.731,-17.335,0.217,0.217,0.258,0.258
0.408,-1.845,-17.339,0.221,0.221,0.258,0.258
0.405,-1.845,-17.346,0.230,0.230,0.253,0.253
0.403,-1.828,-17.348,0.240,0.240,0.275,0.275
0.407,-1.763,-17.342,0.233,0.233,0.276,0.276
0.408,-1.698,-17.339,0.247,0.247,0.276,0.276
0.406,-1.306,-17.343,0.235,0.235,0.310,0.310
0.405,-0.849,-17.344,0.243,0.243,0.276,0.276
0.403,-0.196,-17.345,0.227,0.227,0.267,0.267
0.402,0.163,-17.345,0.238,0.238,0.261,0.261
0.401,0.260,-17.345,0.227,0.227,0.276,0.276
0.399,-0.033,-17.345,0.237,0.237,0.266,0.266
0.400,-0.262,-17.345,0.221,0.221,0.278,0.278
0.398,-0.474,-17.345,0.237,0.237,0.272,0.272
0.397,-0.686,-17.346,0.212,0.212,0.270,0.270
0.394,-0.817,-17.348,0.246,0.246,0.266,0.266
0.392,-0.849,-17.350,0.220,0.220,0.261,0.261
0.392,-0.849,-17.349,0.238,0.238,0.258,0.258
0.394,-0.817,-17.348,0.218,0.218,0.255,0.255
0.396,-0.915,-17.347,0.241,0.241,0.258,0.258
0.393,-1.176,-17.349,0.218,0.218,0.241,0.241
0.391,-1.290,-17.352,0.233,0.233,0.253,0.253
0.390,-1.339,-17.353,0.223,0.223,0.269,0.269
0.388,-1.323,-17.355,0.238,0.238,0.255,0.255
0.388,-1.404,-17.356,0.229,0.229,0.253,0.253
0.387,-1.649,-17.356,0.247,0.247,0.255,0.255
0.386,-1.698,-17.359,0.230,0.230,0.256,0.256
0.384,-1.502,-17.362,0.238,0.238,0.244,0.244
0.381,-1.176,-17.365,0.224,0.224,0.252,0.252
0.379,-1.061,-17.368,0.240,0.240,0.259,0.259
0.379,-1.143,-17.368,0.237,0.237,0.258,0.258
0.383,-1.306,-17.364,0.230,0.230,0.253,0.253
0.382,-1.339,-17.365,0.240,0.240,0.247,0.247
0.382,-1.241,-17.365,0.233,0.233,0.250,0.250
0.379,-0.996,-17.368,0.237,0.237,0.258,0.258
0.378,-0.784,-17.369,0.233,0.233,0.256,0.256
0.377,-0.784,-17.370,0.241,0.241,0.262,0.262
0.376,-0.817,-17.371,0.229,0.229,0.258,0.258
0.375,-0.849,-17.372,0.233,0.233,0.256,0.256
0.374,-0.833,-17.372,0.226,0.226,0.240,0.240
0.372,-0.849,-17.374,0.232,0.232,0.255,0.255
0.371,-0.833,-17.375,0.214,0.214,0.259,0.259
0.367,-0.719,-17.378,0.223,0.223,0.247,0.247
0.365,-0.588,-17.379,0.204,0.204,0.238,0.238
0.368,-0.670,-17.377,0.226,0.226,0.235,0.235
0.370,-0.686,-17.376,0.201,0.201,0.230,0.230
0.368,-0.490,-17.377,0.230,0.230,0.241,0.241
0.367,-0.099,-17.377,0.212,0.212,0.233,0.233
0.366,0.146,-17.377,0.224,0.224,0.230,0.230
0.365,0.195,-17.377,0.206,0.206,0.244,0.244
0.364,0.163,-17.377,0.224,0.224,0.237,0.237
0.363,0.228,-17.377,0.215,0.215,0.243,0.243
0.362,0.587,-17.376,0.223,0.223,0.233,0.233
0.361,0.848,-17.376,0.215,0.215,0.259,0.259
0.359,0.815,-17.374,0.221,0.221,0.249,0.249
0.355,0.701,-17.371,0.221,0.221,0.243,0.243
0.354,0.734,-17.370,0.217,0.217,0.247,0.247
0.354,0.930,-17.371,0.237,0.237,0.252,0.252
0.358,1.109,-17.374,0.212,0.212,0.252,0.252
0.356,1.142,-17.372,0.230,0.230,0.255,0.255
0.354,1.109,-17.370,0.212,0.212,0.261,0.261
0.352,1.093,-17.368,0.232,0.232,0.249,0.249
0.352,1.109,-17.368,0.206,0.206,0.246,0.246
0.351,1.093,-17.366,0.226,0.226,0.250,0.250
0.350,0.979,-17.365,0.208,0.208,0.253,0.253
0.349,0.783,-17.365,0.237,0.237,0.255,0.255
0.349,0.489,-17.365,0.215,0.215,0.253,0.253
0.345,0.244,-17.363,0.232,0.232,0.253,0.253
0.344,0.097,-17.363,0.223,0.223,0.253,0.253
0.342,0.097,-17.363,0.235,0.235,0.253,0.253
0.346,0.212,-17.364,0.218,0.218,0.255,0.255
0.346,0.489,-17.363,0.237,0.237,0.250,0.250
0.344,0.603,-17.362,0.218,0.218,0.256,0.256
0.343,0.571,-17.362,0.226,0.226,0.249,0.249
0.340,0.277,-17.361,0.209,0.209,0.267,0.267
0.340,0.114,-17.361,0.221,0.221,0.253,0.253
0.338,0.081,-17.360,0.218,0.218,0.249,0.249
0.338,0.114,-17.360,0.215,0.215,0.249,0.249
0.337,0.130,-17.360,0.220,0.220,0.252,0.252
0.336,-0.082,-17.360,0.223,0.223,0.253,0.253
0.333,-0.294,-17.361,0.227,0.227,0.256,0.256
0.332,-0.376,-17.361,0.224,0.224,0.276,0.276
0.329,-0.327,-17.362,0.240,0.240,0.259,0.259
0.332,-0.343,-17.361,0.227,0.227,0.264,0.264
0.333,-0.311,-17.361,0.237,0.237,0.276,0.276
0.333,-0.425,-17.361,0.230,0.230,0.282,0.282
0.332,-0.670,-17.362,0.243,0.243,0.275,0.275
0.329,-0.833,-17.363,0.226,0.226,0.275,0.275
0.328,-0.751,-17.364,0.250,0.250,0.290,0.290
0.326,-0.294,-17.365,0.227,0.227,0.266,0.266
0.326,0.326,-17.365,0.249,0.249,0.270,0.270
0.325,1.158,-17.364,0.226,0.226,0.267,0.267
0.324,2.072,-17.363,0.250,0.250,0.269,0.269
0.324,3.100,-17.361,0.224,0.224,0.264,0.264
0.323,4.096,-17.359,0.232,0.232,0.261,0.261
0.318,5.091,-17.339,0.226,0.226,0.264,0.264
0.317,6.070,-17.332,0.240,0.240,0.266,0.266
0.318,7.033,-17.335,0.217,0.217,0.264,0.264
0.321,8.029,-17.359,0.235,0.235,0.255,0.255
0.318,9.008,-17.335,0.229,0.229,0.258,0.258
0.317,9.971,-17.321,0.238,0.238,0.255,0.255
0.318,10.950,-17.331,0.224,0.224,0.258,0.258
0.316,11.946,-17.309,0.232,0.232,0.240,0.240
0.315,12.827,-17.298,0.233,0.233,0.258,0.258
0.313,13.431,-17.280,0.224,0.224,0.266,0.266
0.313,13.937,-17.277,0.230,0.230,0.259,0.259
0.312,14.394,-17.261,0.227,0.227,0.258,0.258
0.310,14.867,-17.234,0.235,0.235,0.252,0.252
0.307,15.405,-17.187,0.212,0.212,0.252,0.252
0.306,15.879,-17.175,0.237,0.237,0.249,0.249
0.310,16.287,-17.232,0.221,0.221,0.255,0.255
0.309,16.515,-17.224,0.238,0.238,0.255,0.255
0.308,16.874,-17.202,0.227,0.227,0.259,0.259
0.306,17.299,-17.170,0.241,0.241,0.255,0.255
0.306,17.739,-17.164,0.227,0.227,0.247,0.247
0.305,18.017,-17.142,0.241,0.241,0.258,0.258
0.304,18.343,-17.123,0.232,0.232,0.259,0.259
0.303,18.816,-17.119,0.249,0.249,0.256,0.256
0.302,19.192,-17.101,0.224,0.224,0.255,0.255
0.302,19.485,-17.084,0.247,0.247,0.255,0.255
0.299,19.714,-17.034,0.230,0.230,0.258,0.258
0.297,19.942,-16.992,0.238,0.238,0.237,0.237
0.296,20.269,-16.972,0.215,0.215,0.249,0.249
0.298,20.660,-17.018,0.233,0.233,0.215,0.215
0.301,20.807,-17.069,0.215,0.215,0.232,0.232
0.298,20.954,-17.018,0.218,0.218,0.235,0.235
0.296,21.134,-16.976,0.212,0.212,0.235,0.235
0.295,21.281,-16.948,0.215,0.215,0.229,0.229
0.295,21.428,-16.950,0.218,0.218,0.227,0.227
0.294,21.672,-16.922,0.201,0.201,0.241,0.241
0.293,21.770,-16.907,0.221,0.221,0.221,0.221
0.292,21.836,-16.889,0.212,0.212,0.240,0.240
0.290,21.770,-16.851,0.233,0.233,0.243,0.243
0.290,21.770,-16.852,0.209,0.209,0.240,0.240
0.287,21.754,-16.776,0.235,0.235,0.243,0.243
0.286,21.803,-16.752,0.215,0.215,0.237,0.237
0.285,21.672,-16.726,0.235,0.235,0.246,0.246
0.289,21.542,-16.813,0.214,0.214,0.227,0.227
0.288,21.607,-16.810,0.241,0.241,0.246,0.246
0.286,21.738,-16.763,0.223,0.223,0.259,0.259
0.285,21.803,-16.740,0.235,0.235,0.249,0.249
0.284,21.787,-16.722,0.217,0.217,0.253,0.253
0.284,21.803,-16.706,0.237,0.237,0.243,0.243
0.283,21.868,-16.693,0.221,0.221,0.255,0.255
0.283,22.129,-16.697,0.233,0.233,0.241,0.241
0.282,22.358,-16.674,0.235,0.235,0.253,0.253
0.280,22.668,-16.621,0.229,0.229,0.252,0.252
0.278,22.847,-16.577,0.223,0.223,0.256,0.256
0.276,23.353,-16.530,0.224,0.224,0.250,0.250
0.278,23.957,-16.583,0.227,0.227,0.238,0.238
0.279,24.479,-16.615,0.217,0.217,0.255,0.255
0.279,24.969,-16.613,0.226,0.226,0.262,0.262
0.278,25.393,-16.570,0.211,0.211,0.246,0.246
0.275,25.622,-16.507,0.212,0.212,0.246,0.246
0.276,25.867,-16.515,0.204,0.204,0.250,0.250
0.275,26.177,-16.491,0.221,0.221,0.249,0.249
0.274,26.699,-16.485,0.209,0.209,0.250,0.250
0.274,27.188,-16.483,0.214,0.214,0.247,0.247
0.273,27.907,-16.445,0.209,0.209,0.255,0.255
0.271,28.967,-16.389,0.227,0.227,0.252,0.252
0.269,30.257,-16.317,0.212,0.212,0.252,0.252
0.268,31.562,-16.297,0.229,0.229,0.255,0.255
0.266,32.639,-16.243,0.229,0.229,0.258,0.258
0.271,33.553,-16.389,0.246,0.246,0.298,0.298
0.269,34.141,-16.339,0.227,0.227,0.273,0.273
0.269,34.761,-16.319,0.262,0.262,0.269,0.269
0.268,35.642,-16.292,0.232,0.232,0.276,0.276
0.267,36.980,-16.246,0.258,0.258,0.269,0.269
0.266,38.547,-16.228,0.237,0.237,0.270,0.270
0.266,40.375,-16.234,0.255,0.255,0.264,0.264
0.265,41.991,-16.197,0.237,0.237,0.288,0.288
0.264,43.427,-16.130,0.244,0.244,0.269,0.269
0.264,44.618,-16.152,0.235,0.235,0.275,0.275
0.262,45.777,-16.044,0.240,0.240,0.267,0.267
0.259,46.887,-15.894,0.221,0.221,0.264,0.264
0.258,47.768,-15.873,0.235,0.235,0.259,0.259
0.260,48.453,-15.956,0.229,0.229,0.262,0.262
0.262,48.894,-16.071,0.230,0.230,0.267,0.267
0.262,49.367,-16.053,0.232,0.232,0.258,0.258
0.260,49.808,-15.943,0.224,0.224,0.253,0.253
0.258,50.330,-15.871,0.232,0.232,0.258,0.258
0.258,50.804,-15.856,0.215,0.215,0.258,0.258
0.258,51.179,-15.863,0.233,0.233,0.255,0.255
0.256,51.309,-15.781,0.212,0.212,0.253,0.253
0.256,51.342,-15.768,0.227,0.227,0.270,0.270
0.256,51.309,-15.768,0.223,0.223,0.258,0.258
0.253,51.163,-15.610,0.238,0.238,0.246,0.246
0.252,50.950,-15.559,0.229,0.229,0.255,0.255
0.251,50.591,-15.487,0.230,0.230,0.255,0.255
0.252,49.955,-15.535,0.229,0.229,0.253,0.253
0.254,49.367,-15.647,0.240,0.240,0.252,0.252
0.253,48.780,-15.597,0.224,0.224,0.273,0.273
0.252,48.307,-15.542,0.246,0.246,0.256,0.256
0.250,47.850,-15.480,0.233,0.233,0.253,0.253
0.251,47.360,-15.494,0.247,0.247,0.255,0.255
0.250,46.854,-15.472,0.227,0.227,0.261,0.261
0.250,46.316,-15.470,0.250,0.250,0.259,0.259
0.249,45.859,-15.406,0.235,0.235,0.259,0.259
0.247,45.353,-15.335,0.255,0.255,0.262,0.262
0.245,44.732,-15.252,0.230,0.230,0.258,0.258
0.243,44.014,-15.146,0.243,0.243,0.256,0.256
0.244,43.247,-15.192,0.226,0.226,0.258,0.258
0.246,42.366,-15.259,0.215,0.215,0.247,0.247
0.248,41.452,-15.338,0.221,0.221,0.233,0.233
0.247,40.440,-15.326,0.211,0.211,0.229,0.229
0.246,39.559,-15.265,0.212,0.212,0.235,0.235
0.244,39.053,-15.177,0.198,0.198,0.237,0.237
0.244,38.808,-15.188,0.218,0.218,0.230,0.230
0.243,38.547,-15.150,0.204,0.204,0.230,0.230
0.242,38.498,-15.135,0.218,0.218,0.246,0.246
0.242,38.515,-15.130,0.208,0.208,0.237,0.237
0.242,38.515,-15.134,0.230,0.230,0.247,0.247
0.240,38.629,-15.056,0.208,0.208,0.227,0.227
0.238,38.841,-14.974,0.227,0.227,0.232,0.232
0.236,38.988,-14.866,0.217,0.217,0.232,0.232
0.237,39.053,-14.909,0.240,0.240,0.246,0.246
0.240,39.004,-15.037,0.218,0.218,0.253,0.253
0.241,38.874,-15.097,0.230,0.230,0.249,0.249
0.239,38.612,-15.021,0.221,0.221,0.249,0.249
0.239,38.368,-14.990,0.238,0.238,0.240,0.240
0.237,37.992,-14.909,0.220,0.220,0.253,0.253
0.237,37.650,-14.912,0.233,0.233,0.243,0.243
0.236,37.503,-14.897,0.232,0.232,0.252,0.252
0.237,37.470,-14.912,0.227,0.227,0.258,0.258
0.235,37.617,-14.866,0.226,0.226,0.255,0.255
0.234,37.960,-14.827,0.218,0.218,0.250,0.250
0.231,38.482,-14.711,0.227,0.227,0.247,0.247
0.228,38.988,-14.589,0.208,0.208,0.252,0.252
0.230,39.526,-14.664,0.233,0.233,0.256,0.256
0.233,40.081,-14.786,0.208,0.208,0.247,0.247
0.236,40.930,-14.883,0.217,0.217,0.250,0.250
0.234,41.811,-14.806,0.212,0.212,0.258,0.258
0.232,42.513,-14.747,0.229,0.229,0.252,0.252
0.231,43.003,-14.704,0.212,0.212,0.253,0.253
0.231,43.460,-14.695,0.220,0.220,0.250,0.250
0.230,43.786,-14.662,0.214,0.214,0.250,0.250
0.230,44.063,-14.651,0.220,0.220,0.252,0.252
0.230,44.406,-14.628,0.204,0.204,0.249,0.249
0.229,44.749,-14.604,0.227,0.227,0.249,0.249
0.227,45.043,-14.500,0.218,0.218,0.253,0.253
0.223,45.369,-14.343,0.235,0.235,0.273,0.273
0.224,45.761,-14.371,0.221,0.221,0.261,0.261
0.227,46.022,-14.495,0.250,0.250,0.249,0.249
0.229,46.283,-14.619,0.232,0.232,0.261,0.261
0.229,46.479,-14.616,0.252,0.252,0.272,0.272
0.227,46.854,-14.513,0.240,0.240,0.276,0.276
0.227,47.458,-14.513,0.246,0.246,0.270,0.270
0.225,48.209,-14.444,0.240,0.240,0.299,0.299
0.225,48.894,-14.397,0.243,0.243,0.272,0.272
0.225,49.384,-14.430,0.243,0.243,0.264,0.264
0.224,49.759,-14.352,0.243,0.243,0.273,0.273
0.224,50.020,-14.372,0.227,0.227,0.273,0.273
0.223,50.200,-14.341,0.238,0.238,0.269,0.269
0.220,50.330,-14.179,0.233,0.233,0.267,0.267
0.220,50.330,-14.176,0.223,0.223,0.276,0.276
0.219,50.444,-14.137,0.240,0.240,0.262,0.262
0.220,50.673,-14.192,0.217,0.217,0.258,0.258
0.224,50.804,-14.374,0.229,0.229,0.262,0.262
0.223,50.950,-14.320,0.214,0.214,0.258,0.258
0.222,51.179,-14.264,0.233,0.233,0.256,0.256
0.220,51.293,-14.164,0.215,0.215,0.255,0.255
0.220,51.293,-14.144,0.230,0.230,0.261,0.261
0.220,51.309,-14.161,0.217,0.217,0.259,0.259
0.220,51.277,-14.173,0.238,0.238,0.256,0.256
0.219,51.277,-14.128,0.220,0.220,0.255,0.255
0.218,51.326,-14.040,0.240,0.240,0.253,0.253
0.216,51.293,-13.984,0.230,0.230,0.252,0.252
0.215,51.293,-13.923,0.240,0.240,0.256,0.256
0.214,51.277,-13.861,0.223,0.223,0.261,0.261
0.220,51.440,-14.164,0.252,0.252,0.255,0.255
0.220,51.636,-14.158,0.230,0.230,0.255,0.255
0.218,51.815,-14.089,0.237,0.237,0.259,0.259
0.218,51.717,-14.062,0.227,0.227,0.261,0.261
0.217,51.473,-14.020,0.240,0.240,0.255,0.255
0.216,51.179,-13.946,0.237,0.237,0.255,0.255
0.216,50.787,-13.957,0.233,0.233,0.267,0.267
0.216,50.216,-13.986,0.240,0.240,0.258,0.258
0.215,49.465,-13.916,0.235,0.235,0.255,0.255
0.215,48.812,-13.903,0.238,0.238,0.259,0.259
0.213,48.176,-13.825,0.224,0.224,0.256,0.256
0.211,47.491,-13.718,0.235,0.235,0.255,0.255
0.210,46.838,-13.676,0.218,0.218,0.250,0.250
0.215,46.316,-13.905,0.218,0.218,0.262,0.262
0.216,45.842,-13.957,0.211,0.211,0.235,0.235
0.217,45.369,-14.014,0.218,0.218,0.226,0.226
0.213,44.994,-13.833,0.198,0.198,0.235,0.235
0.213,44.847,-13.803,0.221,0.221,0.230,0.230
0.213,44.814,-13.827,0.204,0.204,0.235,0.235
0.212,44.879,-13.775,0.230,0.230,0.230,0.230
0.212,44.863,-13.770,0.209,0.209,0.258,0.258
0.212,44.781,-13.772,0.230,0.230,0.235,0.235
0.212,44.537,-13.769,0.215,0.215,0.238,0.238
0.212,44.259,-13.754,0.226,0.226,0.237,0.237
0.208,44.014,-13.584,0.215,0.215,0.243,0.243
0.206,43.770,-13.500,0.230,0.230,0.244,0.244
0.209,43.541,-13.649,0.224,0.224,0.249,0.249
0.212,43.508,-13.767,0.224,0.224,0.270,0.270
0.213,43.606,-13.812,0.221,0.221,0.252,0.252
0.211,43.525,-13.727,0.218,0.218,0.244,0.244
0.210,43.329,-13.684,0.232,0.232,0.246,0.246
0.211,43.052,-13.704,0.215,0.215,0.252,0.252
0.209,42.921,-13.621,0.229,0.229,0.255,0.255
0.209,42.856,-13.632,0.215,0.215,0.252,0.252
0.209,42.921,-13.624,0.227,0.227,0.267,0.267
0.210,42.905,-13.661,0.206,0.206,0.255,0.255
0.209,43.149,-13.620,0.237,0.237,0.249,0.249
0.205,43.525,-13.447,0.218,0.218,0.252,0.252
0.203,43.590,-13.384,0.227,0.227,0.252,0.252
0.205,43.606,-13.459,0.218,0.218,0.253,0.253
0.209,43.672,-13.635,0.237,0.237,0.252,0.252
0.211,43.541,-13.718,0.220,0.220,0.240,0.240
0.209,43.574,-13.640,0.235,0.235,0.249,0.249
0.207,43.721,-13.560,0.220,0.220,0.259,0.259
0.207,43.802,-13.548,0.232,0.232,0.252,0.252
0.206,43.704,-13.530,0.209,0.209,0.249,0.249
0.206,43.770,-13.530,0.224,0.224,0.252,0.252
0.207,43.851,-13.533,0.217,0.217,0.255,0.255
0.207,43.949,-13.554,0.218,0.218,0.233,0.233
0.206,44.014,-13.489,0.215,0.215,0.247,0.247
0.204,44.292,-13.436,0.227,0.227,0.252,0.252
0.203,44.373,-13.357,0.223,0.223,0.255,0.255
0.202,44.422,-13.314,0.229,0.229,0.256,0.256
0.204,44.390,-13.429,0.235,0.235,0.262,0.262
0.209,44.390,-13.635,0.230,0.230,0.262,0.262
0.206,44.373,-13.519,0.244,0.244,0.267,0.267
0.206,44.406,-13.507,0.224,0.224,0.278,0.278
0.205,44.373,-13.474,0.246,0.246,0.266,0.266
0.204,44.406,-13.424,0.229,0.229,0.270,0.270
0.204,44.406,-13.433,0.246,0.246,0.281,0.281
0.205,44.406,-13.474,0.230,0.230,0.269,0.269
0.205,44.390,-13.461,0.244,0.244,0.272,0.272
0.205,44.390,-13.449,0.218,0.218,0.266,0.266
0.202,44.406,-13.330,0.247,0.247,0.272,0.272
0.200,44.373,-13.260,0.224,0.224,0.250,0.250
0.199,44.292,-13.180,0.238,0.238,0.255,0.255
0.203,44.063,-13.397,0.221,0.221,0.264,0.264
0.205,43.900,-13.463,0.233,0.233,0.259,0.259
0.206,43.900,-13.496,0.223,0.223,0.259,0.259
0.206,43.770,-13.493,0.237,0.237,0.246,0.246
0.204,43.574,-13.415,0.227,0.227,0.253,0.253
0.203,43.280,-13.383,0.233,0.233,0.258,0.258
0.204,43.052,-13.408,0.224,0.224,0.252,0.252
0.203,42.888,-13.362,0.235,0.235,0.258,0.258
0.203,42.921,-13.386,0.233,0.233,0.262,0.262
0.203,42.823,-13.386,0.233,0.233,0.249,0.249
0.201,42.562,-13.276,0.224,0.224,0.269,0.269
0.199,42.464,-13.200,0.233,0.233,0.256,0.256
0.198,42.399,-13.181,0.229,0.229,0.266,0.266
0.203,42.529,-13.380,0.221,0.221,0.252,0.252
0.205,42.660,-13.448,0.224,0.224,0.249,0.249
0.204,42.578,-13.438,0.221,0.221,0.253,0.253
0.205,42.464,-13.472,0.235,0.235,0.253,0.253
0.202,42.382,-13.345,0.223,0.223,0.256,0.256
0.203,42.333,-13.377,0.241,0.241,0.258,0.258
0.202,42.089,-13.351,0.232,0.232,0.261,0.261
0.202,41.844,-13.351,0.240,0.240,0.258,0.258
0.203,41.566,-13.372,0.230,0.230,0.255,0.255
0.202,41.403,-13.354,0.249,0.249,0.256,0.256
0.202,41.420,-13.326,0.227,0.227,0.259,0.259
0.199,41.420,-13.205,0.240,0.240,0.272,0.272
0.198,41.338,-13.179,0.226,0.226,0.252,0.252
0.202,41.126,-13.336,0.240,0.240,0.247,0.247
0.204,40.816,-13.398,0.218,0.218,0.249,0.249
0.206,40.587,-13.496,0.233,0.233,0.240,0.240
0.204,40.424,-13.403,0.214,0.214,0.227,0.227
0.202,40.424,-13.344,0.224,0.224,0.226,0.226
0.202,40.440,-13.347,0.206,0.206,0.235,0.235
0.202,40.440,0.000,0.215,0.215,0.227,0.227
0.203,40.359,-0.076,0.212,0.212,0.237,0.237
0.203,40.114,-0.076,0.212,0.212,0.232,0.232
0.204,39.951,-0.079,0.214,0.214,0.232,0.232
0.203,39.934,-0.043,0.212,0.212,0.240,0.240
0.201,39.951,0.024,0.221,0.221,0.237,0.237
0.199,39.885,0.104,0.211,0.211,0.221,0.221
0.199,39.755,0.098,0.230,0.230,0.243,0.243
0.201,39.836,0.026,0.211,0.211,0.258,0.258
0.206,39.951,-0.162,0.232,0.232,0.246,0.246
0.205,40.000,-0.121,0.206,0.206,0.241,0.241
0.204,39.983,-0.100,0.240,0.240,0.241,0.241
0.202,40.016,-0.036,0.212,0.212,0.244,0.244
0.202,39.853,-0.029,0.233,0.233,0.226,0.226
0.203,39.657,-0.050,0.212,0.212,0.252,0.252
0.203,39.461,-0.073,0.240,0.240,0.259,0.259
0.203,39.347,-0.060,0.215,0.215,0.252,0.252
0.203,39.118,-0.047,0.232,0.232,0.250,0.250
0.200,38.890,0.052,0.224,0.224,0.247,0.247
0.198,38.612,0.135,0.233,0.233,0.253,0.253
0.199,38.498,0.083,0.227,0.227,0.258,0.258
0.203,38.482,-0.046,0.230,0.230,0.247,0.247
0.205,38.351,-0.140,0.220,0.220,0.253,0.253
0.204,38.172,-0.111,0.220,0.220,0.255,0.255
0.204,38.041,-0.078,0.212,0.212,0.255,0.255
0.205,37.976,-0.116,0.220,0.220,0.250,0.250
0.204,37.927,-0.092,0.218,0.218,0.247,0.247
0.203,37.666,-0.064,0.209,0.209,0.249,0.249
0.204,37.552,-0.088,0.215,0.215,0.247,0.247
0.204,37.486,-0.093,0.208,0.208,0.246,0.246
0.204,37.388,-0.096,0.218,0.218,0.249,0.249
0.203,37.176,-0.054,0.211,0.211,0.252,0.252
0.199,37.029,0.080,0.224,0.224,0.266,0.266
0.199,36.883,0.078,0.214,0.214,0.247,0.247
0.202,36.621,-0.016,0.227,0.227,0.246,0.246
0.205,36.540,-0.139,0.223,0.223,0.255,0.255
0.207,36.377,-0.203,0.247,0.247,0.258,0.258
0.206,36.213,-0.155,0.233,0.233,0.270,0.270
0.206,35.936,-0.159,0.244,0.244,0.273,0.273
0.205,35.675,-0.131,0.237,0.237,0.284,0.284
0.204,35.544,-0.101,0.247,0.247,0.272,0.272
0.205,35.528,-0.132,0.230,0.230,0.272,0.272
0.205,35.561,-0.134,0.258,0.258,0.267,0.267
0.206,35.544,-0.156,0.232,0.232,0.270,0.270
0.206,35.577,-0.161,0.243,0.243,0.267,0.267
0.204,35.577,-0.109,0.226,0.226,0.273,0.273
0.201,35.577,0.006,0.241,0.241,0.241,0.241
0.201,35.577,0.014,0.224,0.224,0.267,0.267
0.206,35.561,-0.181,0.226,0.226,0.273,0.273
0.208,35.577,-0.244,0.233,0.233,0.266,0.266
0.209,35.561,-0.280,0.227,0.227,0.258,0.258
0.208,35.691,-0.231,0.224,0.224,0.256,0.256
0.206,35.903,-0.168,0.230,0.230,0.253,0.253
0.207,36.050,-0.182,0.230,0.230,0.246,0.246
0.207,35.985,-0.199,0.223,0.223,0.252,0.252
0.208,35.708,-0.230,0.232,0.232,0.264,0.264
0.209,35.446,-0.256,0.217,0.217,0.253,0.253
0.208,35.153,-0.231,0.230,0.230,0.243,0.243
0.206,35.055,-0.164,0.208,0.208,0.249,0.249
0.204,35.022,-0.091,0.235,0.235,0.247,0.247
0.204,35.087,-0.109,0.218,0.218,0.259,0.259
0.209,35.087,-0.253,0.240,0.240,0.249,0.249
0.213,35.071,-0.394,0.220,0.220,0.253,0.253
0.210,35.087,-0.315,0.240,0.240,0.250,0.250
0.210,34.957,-0.297,0.233,0.233,0.255,0.255
0.209,34.745,-0.287,0.235,0.235,0.267,0.267
0.210,34.549,-0.309,0.232,0.232,0.255,0.255
0.210,34.549,-0.318,0.250,0.250,0.250,0.250
0.210,34.435,-0.317,0.227,0.227,0.252,0.252
0.210,34.239,-0.318,0.244,0.244,0.255,0.255
0.211,34.059,-0.343,0.237,0.237,0.259,0.259
0.210,34.076,-0.292,0.240,0.240,0.255,0.255
0.208,34.173,-0.221,0.224,0.224,0.264,0.264
0.206,34.320,-0.164,0.244,0.244,0.247,0.247
0.212,34.124,-0.364,0.226,0.226,0.249,0.249
0.214,33.651,-0.439,0.227,0.227,0.249,0.249
0.215,33.178,-0.467,0.221,0.221,0.250,0.250
0.213,33.031,-0.420,0.212,0.212,0.235,0.235
0.212,32.998,-0.391,0.215,0.215,0.233,0.233
0.212,32.966,-0.381,0.208,0.208,0.214,0.214
0.213,32.737,-0.407,0.217,0.217,0.237,0.237
0.213,32.607,-0.402,0.204,0.204,0.246,0.246
0.214,32.541,-0.453,0.220,0.220,0.240,0.240
0.213,32.558,-0.421,0.203,0.203,0.230,0.230
0.214,32.492,-0.431,0.233,0.233,0.238,0.238
0.212,32.280,-0.382,0.204,0.204,0.240,0.240
0.210,32.084,-0.306,0.226,0.226,0.215,0.215
0.211,32.084,-0.347,0.209,0.209,0.241,0.241
0.216,32.101,-0.514,0.230,0.230,0.250,0.250
0.218,32.117,-0.556,0.212,0.212,0.249,0.249
0.217,32.117,-0.545,0.230,0.230,0.250,0.250
0.217,32.019,-0.535,0.218,0.218,0.241,0.241
0.217,31.823,-0.525,0.237,0.237,0.252,0.252
0.217,31.595,-0.525,0.223,0.223,0.250,0.250
0.217,31.628,-0.542,0.238,0.238,0.252,0.252
0.217,31.628,-0.524,0.221,0.221,0.255,0.255
0.218,31.530,-0.571,0.233,0.233,0.253,0.253
0.217,31.236,-0.527,0.212,0.212,0.252,0.252
0.215,31.105,-0.460,0.235,0.235,0.273,0.273
0.215,31.073,-0.470,0.221,0.221,0.258,0.258
0.218,31.105,-0.573,0.226,0.226,0.253,0.253
0.220,31.105,-0.629,0.224,0.224,0.253,0.253
0.222,31.154,-0.679,0.226,0.226,0.247,0.247
0.221,31.122,-0.665,0.226,0.226,0.249,0.249
0.220,31.073,-0.615,0.218,0.218,0.252,0.252
0.221,31.105,-0.649,0.223,0.223,0.266,0.266
0.220,31.105,-0.635,0.221,0.221,0.252,0.252
0.221,31.138,-0.656,0.212,0.212,0.249,0.249
0.221,31.122,-0.676,0.218,0.218,0.241,0.241
0.222,31.138,-0.684,0.215,0.215,0.253,0.253
0.222,31.105,-0.686,0.208,0.208,0.246,0.246
0.221,31.220,-0.661,0.224,0.224,0.250,0.250
0.220,31.497,-0.617,0.212,0.212,0.247,0.247
0.220,31.628,-0.643,0.237,0.237,0.252,0.252
0.225,31.693,-0.793,0.211,0.211,0.255,0.255
0.225,31.513,-0.793,0.244,0.244,0.255,0.255
0.227,31.285,-0.854,0.232,0.232,0.258,0.258
0.225,31.056,-0.804,0.240,0.240,0.267,0.267
0.225,31.105,-0.800,0.230,0.230,0.267,0.267
0.226,30.991,-0.807,0.250,0.250,0.246,0.246
0.225,30.779,-0.803,0.224,0.224,0.269,0.269
0.225,30.583,-0.798,0.249,0.249,0.279,0.279
0.227,30.485,-0.839,0.237,0.237,0.261,0.261
0.227,30.355,-0.839,0.249,0.249,0.262,0.262
0.226,30.485,-0.833,0.229,0.229,0.255,0.255
0.225,30.599,-0.788,0.249,0.249,0.264,0.264
0.224,30.616,-0.763,0.226,0.226,0.258,0.258
0.228,30.779,-0.878,0.244,0.244,0.261,0.261
0.231,30.958,-0.967,0.230,0.230,0.270,0.270
0.231,31.285,-0.987,0.240,0.240,0.264,0.264
0.230,31.513,-0.934,0.223,0.223,0.258,0.258
0.231,31.725,-0.975,0.246,0.246,0.249,0.249
0.231,31.954,-0.960,0.226,0.226,0.258,0.258
0.231,32.248,-0.975,0.241,0.241,0.249,0.249
0.232,32.476,-1.001,0.221,0.221,0.253,0.253
0.232,32.607,-1.012,0.237,0.237,0.256,0.256
0.232,32.754,-1.017,0.226,0.226,0.261,0.261
0.230,32.933,-0.938,0.227,0.227,0.246,0.246
0.231,33.194,-0.958,0.232,0.232,0.256,0.256
0.230,33.488,-0.946,0.226,0.226,0.249,0.249
0.235,33.586,-1.114,0.230,0.230,0.261,0.261
0.237,33.651,-1.181,0.223,0.223,0.252,0.252
0.236,33.716,-1.140,0.235,0.235,0.253,0.253
0.236,33.945,-1.140,0.226,0.226,0.250,0.250
0.236,34.076,-1.127,0.230,0.230,0.255,0.255
0.237,34.108,-1.160,0.224,0.224,0.253,0.253
0.237,34.108,-1.175,0.233,0.233,0.253,0.253
0.237,34.092,-1.184,0.221,0.221,0.258,0.258
0.238,34.059,-1.209,0.237,0.237,0.250,0.250
0.239,34.059,-1.244,0.206,0.206,0.255,0.255
0.237,34.076,-1.168,0.238,0.238,0.255,0.255
0.235,34.076,-1.118,0.218,0.218,0.258,0.258
0.236,33.978,-1.145,0.240,0.240,0.250,0.250
0.240,33.716,-1.282,0.221,0.221,0.255,0.255
0.243,33.570,-1.373,0.230,0.230,0.259,0.259
0.244,33.423,-1.425,0.209,0.209,0.247,0.247
0.243,33.227,-1.366,0.215,0.215,0.243,0.243
0.243,32.949,-1.378,0.204,0.204,0.230,0.230
0.243,32.607,-1.375,0.211,0.211,0.226,0.226
0.244,32.248,-1.415,0.208,0.208,0.255,0.255
0.244,31.954,-1.396,0.218,0.218,0.238,0.238
0.245,31.628,-1.447,0.204,0.204,0.227,0.227
0.245,31.122,-1.429,0.221,0.221,0.237,0.237
0.246,30.616,-1.479,0.209,0.209,0.238,0.238
0.243,30.110,-1.392,0.221,0.221,0.240,0.240
0.243,29.832,-1.377,0.208,0.208,0.244,0.244
0.244,29.930,-1.405,0.223,0.223,0.262,0.262
0.246,30.208,-1.482,0.220,0.220,0.247,0.247
0.251,30.550,-1.613,0.215,0.215,0.240,0.240
0.251,30.632,-1.623,0.217,0.217,0.247,0.247
0.249,30.681,-1.574,0.223,0.223,0.249,0.249
0.250,30.746,-1.586,0.227,0.227,0.250,0.250
0.251,30.958,-1.613,0.212,0.212,0.249,0.249
0.250,31.236,-1.607,0.233,0.233,0.266,0.266
0.252,31.513,-1.653,0.211,0.211,0.256,0.256
0.252,31.676,-1.655,0.224,0.224,0.252,0.252
0.253,31.530,-1.674,0.211,0.211,0.252,0.252
0.250,31.268,-1.601,0.229,0.229,0.249,0.249
0.251,31.089,-1.621,0.209,0.209,0.255,0.255
0.251,31.073,-1.626,0.217,0.217,0.249,0.249
0.256,31.105,-1.770,0.212,0.212,0.261,0.261
0.258,31.154,-1.840,0.233,0.233,0.252,0.252
0.256,31.105,-1.786,0.215,0.215,0.243,0.243
0.257,31.252,-1.807,0.229,0.229,0.252,0.252
0.257,31.595,-1.802,0.217,0.217,0.249,0.249
0.258,32.117,-1.835,0.232,0.232,0.244,0.244
0.259,32.607,-1.874,0.203,0.203,0.246,0.246
0.259,33.113,-1.875,0.233,0.233,0.259,0.259
0.260,33.635,-1.901,0.209,0.209,0.249,0.249
0.259,33.994,-1.884,0.227,0.227,0.249,0.249
0.258,34.222,-1.847,0.214,0.214,0.249,0.249
0.259,34.467,-1.867,0.237,0.237,0.243,0.243
0.261,34.435,-1.928,0.214,0.214,0.250,0.250
0.264,34.255,-2.038,0.235,0.235,0.249,0.249
0.266,34.059,-2.113,0.229,0.229,0.255,0.255
0.265,33.945,-2.087,0.237,0.237,0.255,0.255
0.265,33.700,-2.085,0.232,0.232,0.267,0.267
0.265,33.455,-2.078,0.252,0.252,0.279,0.279
0.266,33.211,-2.108,0.246,0.246,0.269,0.269
0.267,32.966,-2.141,0.244,0.244,0.264,0.264
0.266,32.688,-2.123,0.247,0.247,0.276,0.276
0.269,32.574,-2.201,0.243,0.243,0.264,0.264
0.269,32.688,-2.202,0.247,0.247,0.267,0.267
0.269,32.803,-2.197,0.237,0.237,0.279,0.279
0.267,32.786,-2.133,0.243,0.243,0.270,0.270
0.267,32.607,-2.155,0.233,0.233,0.267,0.267
0.268,32.574,-2.175,0.237,0.237,0.279,0.279
0.273,32.574,-2.341,0.224,0.224,0.259,0.259
0.274,32.590,-2.368,0.244,0.244,0.256,0.256
0.274,32.607,-2.368,0.221,0.221,0.261,0.261
0.274,32.574,-2.378,0.240,0.240,0.261,0.261
0.274,32.607,-2.388,0.233,0.233,0.256,0.256
0.275,32.590,-2.397,0.233,0.233,0.250,0.250
0.276,32.574,-2.438,0.224,0.224,0.270,0.270
0.277,32.590,-2.473,0.240,0.240,0.249,0.249
0.277,32.705,-2.471,0.221,0.221,0.246,0.246
0.277,32.933,-2.473,0.235,0.235,0.252,0.252
0.277,33.211,-2.462,0.227,0.227,0.255,0.255
0.276,33.488,-2.445,0.243,0.243,0.253,0.253
0.279,33.619,-2.541,0.223,0.223,0.255,0.255
0.282,33.733,-2.642,0.255,0.255,0.253,0.253
0.284,33.929,-2.698,0.224,0.224,0.249,0.249
0.283,34.059,-2.660,0.253,0.253,0.250,0.250
0.282,34.124,-2.643,0.224,0.224,0.252,0.252
0.284,34.173,-2.698,0.250,0.250,0.252,0.252
0.283,34.435,-2.689,0.230,0.230,0.255,0.255
0.285,34.532,-2.741,0.240,0.240,0.253,0.253
0.286,34.598,-2.770,0.233,0.233,0.252,0.252
0.287,34.679,-2.814,0.247,0.247,0.258,0.258
0.285,34.908,-2.749,0.244,0.244,0.261,0.261
0.284,35.087,-2.717,0.246,0.246,0.255,0.255
0.285,35.087,-2.761,0.246,0.246,0.256,0.256
0.291,35.055,-2.943,0.244,0.244,0.237,0.237
0.291,34.924,-2.940,0.220,0.220,0.259,0.259
0.292,34.712,-2.995,0.233,0.233,0.259,0.259
0.293,34.500,-3.023,0.221,0.221,0.252,0.252
0.293,34.402,-3.023,0.209,0.209,0.238,0.238
0.292,34.206,-2.982,0.212,0.212,0.227,0.227
0.294,34.108,-3.045,0.206,0.206,0.221,0.221
0.295,34.043,-3.083,0.215,0.215,0.256,0.256
0.295,34.173,-3.108,0.197,0.197,0.232,0.232
0.296,34.549,-3.139,0.215,0.215,0.223,0.223
0.296,35.071,-3.131,0.204,0.204,0.240,0.240
0.295,35.561,-3.094,0.218,0.218,0.233,0.233
0.295,36.099,-3.084,0.200,0.200,0.240,0.240
0.297,36.442,-3.159,0.221,0.221,0.233,0.233
0.299,36.589,-3.222,0.200,0.200,0.230,0.230
0.302,36.556,-3.364,0.215,0.215,0.244,0.244
0.303,36.524,-3.393,0.203,0.203,0.253,0.253
0.303,36.524,-3.369,0.227,0.227,0.246,0.246
0.304,36.507,-3.405,0.208,0.208,0.244,0.244
0.304,36.442,-3.407,0.233,0.233,0.247,0.247
0.305,36.426,-3.461,0.215,0.215,0.243,0.243
0.306,36.719,-3.494,0.237,0.237,0.233,0.233
0.306,36.768,-3.494,0.215,0.215,0.253,0.253
0.308,36.311,-3.554,0.237,0.237,0.264,0.264
0.305,35.936,-3.473,0.218,0.218,0.252,0.252
0.305,36.311,-3.445,0.235,0.235,0.246,0.246
0.306,36.687,-3.505,0.218,0.218,0.252,0.252
0.312,36.883,-3.720,0.237,0.237,0.253,0.253
0.314,36.850,-3.774,0.229,0.229,0.256,0.256
0.314,36.785,-3.791,0.226,0.226,0.255,0.255
0.313,36.866,-3.768,0.238,0.238,0.253,0.253
0.314,36.997,-3.775,0.220,0.220,0.255,0.255
0.314,37.013,-3.789,0.224,0.224,0.256,0.256
0.316,37.144,-3.848,0.214,0.214,0.243,0.243
0.317,37.388,-3.906,0.227,0.227,0.250,0.250
0.318,37.748,-3.925,0.217,0.217,0.253,0.253
0.318,38.368,-3.926,0.218,0.218,0.247,0.247
0.316,38.743,-3.856,0.221,0.221,0.250,0.250
0.316,38.727,-3.847,0.224,0.224,0.252,0.252
0.321,38.531,-4.053,0.217,0.217,0.249,0.249
0.322,38.482,-4.094,0.229,0.229,0.261,0.261
0.324,38.547,-4.163,0.218,0.218,0.253,0.253
0.325,38.841,-4.203,0.235,0.235,0.252,0.252
0.326,38.972,-4.231,0.220,0.220,0.259,0.259
0.326,39.151,-4.254,0.246,0.246,0.261,0.261
0.326,39.380,-4.227,0.232,0.232,0.273,0.273
0.327,39.510,-4.300,0.247,0.247,0.282,0.282
0.328,39.510,-4.329,0.235,0.235,0.308,0.308
0.329,39.396,-4.366,0.259,0.259,0.273,0.273
0.331,39.102,-4.428,0.232,0.232,0.258,0.258
0.329,38.972,-4.380,0.261,0.261,0.266,0.266
0.329,38.939,-4.367,0.240,0.240,0.272,0.272
0.329,39.020,-4.371,0.266,0.266,0.262,0.262
0.331,39.102,-4.446,0.247,0.247,0.267,0.267
0.336,39.461,-4.653,0.276,0.276,0.278,0.278
0.337,39.836,-4.681,0.259,0.259,0.266,0.266
0.337,39.885,-4.665,0.269,0.269,0.264,0.264
0.337,39.690,-4.677,0.267,0.267,0.264,0.264
0.338,39.494,-4.732,0.276,0.276,0.267,0.267
0.339,39.461,-4.756,0.249,0.249,0.256,0.256
0.340,39.380,-4.807,0.278,0.278,0.258,0.258
0.341,39.151,-4.825,0.258,0.258,0.246,0.246
0.342,38.988,-4.891,0.275,0.275,0.258,0.258
0.342,38.972,-4.885,0.258,0.258,0.272,0.272
0.341,39.004,-4.830,0.273,0.273,0.256,0.256
0.341,38.988,-4.839,0.258,0.258,0.253,0.253
0.342,38.988,-4.864,0.270,0.270,0.250,0.250
0.349,39.004,-5.133,0.261,0.261,0.256,0.256
0.350,39.004,-5.190,0.258,0.258,0.247,0.247
0.350,39.102,-5.204,0.255,0.255,0.258,0.258
0.351,39.233,-5.237,0.246,0.246,0.255,0.255
0.351,39.135,-5.233,0.243,0.243,0.255,0.255
0.352,39.004,-5.247,0.249,0.249,0.252,0.252
0.353,38.988,-5.321,0.240,0.240,0.262,0.262
0.354,38.841,-5.331,0.235,0.235,0.255,0.255
0.355,38.531,-5.396,0.246,0.246,0.252,0.252
0.356,38.156,-5.413,0.221,0.221,0.256,0.256
0.355,37.878,-5.380,0.238,0.238,0.259,0.259
0.354,37.633,-5.334,0.218,0.218,0.259,0.259
0.355,37.503,-5.369,0.218,0.218,0.252,0.252
0.361,37.470,-5.618,0.195,0.195,0.249,0.249
0.364,37.535,-5.702,0.217,0.217,0.249,0.249
0.364,37.633,-5.719,0.191,0.191,0.250,0.250
0.364,37.894,-5.738,0.192,0.192,0.246,0.246
0.364,38.009,-5.704,0.188,0.188,0.249,0.249
0.365,38.058,-5.761,0.189,0.189,0.238,0.238
0.366,38.025,-5.799,0.174,0.174,0.229,0.229
0.366,37.862,-5.792,0.182,0.182,0.224,0.224
0.368,37.682,-5.859,0.172,0.172,0.237,0.237
0.369,37.519,-5.896,0.192,0.192,0.223,0.223
0.370,37.503,-5.948,0.174,0.174,0.240,0.240
0.368,37.535,-5.866,0.194,0.194,0.241,0.241
0.367,37.519,-5.817,0.182,0.182,0.247,0.247
0.370,37.503,-5.928,0.197,0.197,0.237,0.237
0.376,37.633,-6.161,0.186,0.186,0.232,0.232
0.377,37.878,-6.215,0.212,0.212,0.243,0.243
0.379,38.009,-6.286,0.191,0.191,0.244,0.244
0.377,37.960,-6.211,0.204,0.204,0.246,0.246
0.378,37.699,-6.252,0.200,0.200,0.249,0.249
0.379,37.650,-6.284,0.211,0.211,0.252,0.252
0.380,37.682,-6.309,0.211,0.211,0.256,0.256
0.381,37.682,-6.360,0.206,0.206,0.252,0.252
0.382,37.584,-6.408,0.221,0.221,0.258,0.258
0.383,37.535,-6.430,0.221,0.221,0.249,0.249
0.382,37.503,-6.392,0.233,0.233,0.255,0.255
0.382,37.519,-6.389,0.221,0.221,0.259,0.259
0.383,37.519,-6.420,0.247,0.247,0.256,0.256
0.390,37.535,-6.705,0.229,0.229,0.255,0.255
0.391,37.519,-6.734,0.241,0.241,0.253,0.253
0.391,37.519,-6.751,0.227,0.227,0.249,0.249
0.391,37.535,-6.721,0.240,0.240,0.255,0.255
0.391,37.388,-6.754,0.217,0.217,0.250,0.250
0.393,37.078,-6.805,0.238,0.238,0.252,0.252
0.394,36.752,-6.831,0.230,0.230,0.252,0.252
0.395,36.817,-6.897,0.238,0.238,0.250,0.250
0.397,37.095,-6.960,0.232,0.232,0.255,0.255
0.398,37.503,-6.984,0.250,0.250,0.252,0.252
0.397,37.894,-6.943,0.232,0.232,0.249,0.249
0.395,38.172,-6.891,0.243,0.243,0.249,0.249
0.397,38.433,-6.970,0.232,0.232,0.250,0.250
0.401,38.498,-7.122,0.252,0.252,0.261,0.261
0.405,38.531,-7.262,0.237,0.237,0.258,0.258
0.406,38.498,-7.303,0.261,0.261,0.276,0.276
0.406,38.498,-7.312,0.244,0.244,0.256,0.256
0.407,38.612,-7.334,0.269,0.269,0.250,0.250
0.407,38.857,-7.349,0.247,0.247,0.273,0.273
0.409,38.988,-7.422,0.269,0.269,0.273,0.273
0.410,39.037,-7.450,0.252,0.252,0.279,0.279
0.411,39.020,-7.482,0.255,0.255,0.276,0.276
0.413,38.972,-7.588,0.250,0.250,0.282,0.282
0.413,39.151,-7.587,0.261,0.261,0.270,0.270
0.412,39.363,-7.548,0.247,0.247,0.279,0.279
0.412,39.608,-7.555,0.258,0.258,0.264,0.264
0.414,39.983,-7.630,0.247,0.247,0.273,0.273
0.419,40.440,-7.805,0.246,0.246,0.262,0.262
0.422,40.848,-7.942,0.244,0.244,0.264,0.264
0.423,41.093,-7.979,0.237,0.237,0.247,0.247
0.423,41.256,-7.984,0.230,0.230,0.261,0.261
0.423,41.109,-7.984,0.224,0.224,0.269,0.269
0.424,40.963,-8.028,0.227,0.227,0.259,0.259
0.424,40.930,-8.017,0.221,0.221,0.253,0.253
0.426,40.930,-8.113,0.214,0.214,0.253,0.253
0.428,41.077,-8.199,0.227,0.227,0.256,0.256
0.428,41.191,-8.177,0.221,0.221,0.243,0.243
0.428,41.109,-8.173,0.212,0.212,0.253,0.253
0.426,40.865,-8.095,0.220,0.220,0.266,0.266
0.428,40.555,-8.198,0.206,0.206,0.256,0.256
0.435,40.424,-8.459,0.214,0.214,0.259,0.259
0.437,40.440,-8.538,0.198,0.198,0.253,0.253
0.438,40.571,-8.587,0.226,0.226,0.253,0.253
0.439,40.816,-8.631,0.215,0.215,0.258,0.258
0.438,40.979,-8.607,0.233,0.233,0.255,0.255
0.440,40.995,-8.662,0.226,0.226,0.261,0.261
0.441,40.963,-8.719,0.249,0.249,0.261,0.261
0.444,40.930,-8.825,0.227,0.227,0.258,0.258
0.444,40.848,-8.838,0.244,0.244,0.253,0.253
0.445,40.587,-8.875,0.229,0.229,0.259,0.259
0.444,40.342,-8.856,0.250,0.250,0.273,0.273
0.443,40.065,-8.805,0.227,0.227,0.261,0.261
0.445,39.820,-8.880,0.267,0.267,0.252,0.252
0.446,39.461,-8.924,0.249,0.249,0.253,0.253
0.452,39.265,-9.141,0.266,0.266,0.255,0.255
0.455,39.314,-9.275,0.256,0.256,0.255,0.255
0.455,39.428,-9.278,0.266,0.266,0.250,0.250
0.455,39.559,-9.283,0.244,0.244,0.266,0.266
0.456,39.608,-9.304,0.261,0.261,0.230,0.230
0.458,39.836,-9.383,0.258,0.258,0.230,0.230
0.459,39.983,-9.429,0.264,0.264,0.237,0.237
0.460,39.885,-9.462,0.262,0.262,0.243,0.243
0.461,39.657,-9.494,0.272,0.272,0.233,0.233
0.462,39.510,-9.566,0.273,0.273,0.249,0.249
0.461,39.347,-9.489,0.285,0.285,0.252,0.252
0.461,39.135,-9.497,0.275,0.275,0.250,0.250
0.463,38.874,-9.576,0.282,0.282,0.237,0.237
0.469,38.384,-9.805,0.282,0.282,0.244,0.244
0.470,37.682,-9.854,0.275,0.275,0.247,0.247
0.473,37.111,-9.951,0.270,0.270,0.247,0.247
0.473,36.817,-9.974,0.261,0.261,0.252,0.252
0.473,36.589,-9.955,0.264,0.264,0.256,0.256
0.475,36.409,-10.023,0.262,0.262,0.252,0.252
0.476,36.164,-10.061,0.291,0.291,0.255,0.255
0.477,36.148,-10.112,0.290,0.290,0.258,0.258
0.479,36.475,-10.190,0.311,0.311,0.262,0.262
0.479,36.980,-10.201,0.295,0.295,0.258,0.258
0.478,37.552,-10.146,0.325,0.325,0.256,0.256
0.479,38.074,-10.175,0.308,0.308,0.253,0.253
0.484,38.433,-10.360,0.316,0.316,0.258,0.258
0.487,38.564,-10.479,0.310,0.310,0.258,0.258
0.489,38.433,-10.572,0.325,0.325,0.258,0.258
0.489,38.074,-10.574,0.307,0.307,0.259,0.259
0.489,37.633,-10.566,0.322,0.322,0.256,0.256
0.491,37.340,-10.633,0.310,0.310,0.256,0.256
0.492,37.111,-10.675,0.308,0.308,0.249,0.249
0.492,37.013,-10.686,0.285,0.285,0.259,0.259
0.495,37.013,-10.793,0.301,0.301,0.255,0.255
0.496,37.046,-10.836,0.273,0.273,0.255,0.255
0.496,37.160,-10.845,0.275,0.275,0.255,0.255
0.496,37.503,-10.832,0.255,0.255,0.253,0.253
0.496,37.992,-10.826,0.258,0.258,0.250,0.250
0.498,38.515,-10.924,0.240,0.240,0.249,0.249
0.503,38.890,-11.105,0.247,0.247,0.247,0.247
0.506,39.053,-11.229,0.237,0.237,0.255,0.255
0.507,39.020,-11.252,0.238,0.238,0.258,0.258
0.507,38.988,-11.268,0.215,0.215,0.262,0.262
0.509,39.069,-11.330,0.226,0.226,0.249,0.249
0.509,39.461,-11.353,0.211,0.211,0.276,0.276
0.510,39.967,-11.382,0.194,0.194,0.267,0.267
0.513,40.359,-11.501,0.189,0.189,0.279,0.279
0.514,40.652,-11.532,0.172,0.172,0.281,0.281
0.517,40.848,-11.640,0.168,0.168,0.282,0.282
0.515,41.093,-11.587,0.156,0.156,0.267,0.267
0.514,41.452,-11.550,0.162,0.162,0.290,0.290
0.517,41.942,-11.646,0.143,0.143,0.278,0.278
0.517,42.448,-11.677,0.136,0.136,0.273,0.273
0.525,42.741,-11.980,0.125,0.125,0.270,0.270
0.526,42.660,-12.040,0.134,0.134,0.266,0.266
0.527,42.497,-12.073,0.119,0.119,0.264,0.264
0.528,42.399,-12.114,0.136,0.136,0.264,0.264
0.528,42.448,-12.112,0.122,0.122,0.269,0.269
0.530,42.431,-12.195,0.124,0.124,0.258,0.258
0.531,42.546,-12.245,0.118,0.118,0.262,0.262
0.533,42.790,-12.331,0.125,0.125,0.256,0.256
0.533,42.905,-12.357,0.116,0.116,0.256,0.256
0.534,42.954,-12.399,0.127,0.127,0.253,0.253
0.533,43.084,-12.351,0.122,0.122,0.252,0.252
0.535,43.296,-12.428,0.137,0.137,0.252,0.252
0.539,43.541,-12.620,0.118,0.118,0.259,0.259
0.542,43.868,-12.715,0.148,0.148,0.258,0.258
0.544,44.276,-12.829,0.134,0.134,0.256,0.256
0.545,44.569,-12.841,0.162,0.162,0.252,0.252
0.546,44.814,-12.899,0.136,0.136,0.252,0.252
0.547,44.928,-12.933,0.169,0.169,0.252,0.252
0.549,45.026,-13.049,0.154,0.154,0.244,0.244
0.550,45.271,-13.067,0.174,0.174,0.255,0.255
0.553,45.369,-13.204,0.166,0.166,0.261,0.261
0.553,45.434,-13.221,0.188,0.188,0.255,0.255
0.553,45.287,-13.242,0.183,0.183,0.258,0.258
0.552,45.026,-13.200,0.197,0.197,0.253,0.253
0.554,44.879,-13.271,0.191,0.191,0.256,0.256
0.557,44.732,-13.389,0.194,0.194,0.235,0.235
0.562,44.520,-13.637,0.185,0.185,0.256,0.256
0.564,44.292,-13.717,0.197,0.197,0.261,0.261
0.566,44.047,-13.790,0.194,0.194,0.258,0.258
0.565,43.770,-13.774,0.198,0.198,0.244,0.244
0.567,43.378,-13.830,0.211,0.211,0.237,0.237
0.569,42.905,-13.918,0.212,0.212,0.220,0.220
0.570,42.562,-13.970,0.224,0.224,0.237,0.237
0.572,42.415,-14.053,0.224,0.224,0.233,0.233
0.573,42.823,-14.101,0.258,0.258,0.237,0.237
0.574,43.264,-14.158,0.266,0.266,0.235,0.235
0.574,43.378,-14.158,0.284,0.284,0.246,0.246
0.573,43.149,-14.110,0.281,0.281,0.238,0.238
0.574,42.905,-14.145,0.301,0.301,0.243,0.243
0.580,42.888,-14.396,0.290,0.290,0.255,0.255
0.583,42.921,-14.549,0.307,0.307,0.237,0.237
0.586,42.937,-14.667,0.301,0.301,0.244,0.244
0.587,42.807,-14.713,0.316,0.316,0.247,0.247
0.587,42.692,-14.696,0.291,0.291,0.255,0.255
0.589,42.888,-14.797,0.311,0.311,0.247,0.247
0.589,43.362,-14.795,0.290,0.290,0.247,0.247
0.591,43.933,-14.889,0.307,0.307,0.243,0.243
0.593,44.308,-14.952,0.276,0.276,0.255,0.255
0.594,44.455,-15.026,0.304,0.304,0.259,0.259
0.595,44.553,-15.061,0.276,0.276,0.259,0.259
0.594,44.765,-14.998,0.288,0.288,0.258,0.258
0.596,44.977,-15.096,0.259,0.259,0.258,0.258
0.602,45.418,-15.366,0.276,0.276,0.256,0.256
0.604,45.663,-15.474,0.252,0.252,0.246,0.246
0.606,45.597,-15.544,0.252,0.252,0.255,0.255
0.606,45.304,-15.560,0.246,0.246,0.261,0.261
0.608,44.977,-15.637,0.235,0.235,0.258,0.258
0.608,44.847,-15.662,0.215,0.215,0.258,0.258
0.611,44.716,-15.760,0.224,0.224,0.256,0.256
0.612,44.520,-15.839,0.208,0.208,0.258,0.258
0.614,44.259,-15.918,0.197,0.197,0.240,0.240
0.616,44.031,-15.980,0.182,0.182,0.250,0.250
0.616,43.884,-16.019,0.186,0.186,0.253,0.253
0.615,43.965,-15.965,0.175,0.175,0.255,0.255
0.618,44.227,-16.067,0.163,0.163,0.253,0.253
0.621,44.439,-16.198,0.174,0.174,0.256,0.256
0.626,44.194,-16.422,0.154,0.154,0.258,0.258
0.628,43.492,-16.518,0.165,0.165,0.262,0.262
0.628,42.595,-16.518,0.160,0.160,0.258,0.258
0.629,41.974,-16.565,0.175,0.175,0.266,0.266
0.630,41.828,-16.628,0.179,0.179,0.262,0.262
0.632,41.795,-16.687,0.200,0.200,0.276,0.276
0.634,41.387,-16.762,0.191,0.191,0.281,0.281
0.636,40.604,-16.860,0.209,0.209,0.281,0.281
0.636,40.081,-16.876,0.191,0.191,0.272,0.272
0.638,39.885,-16.941,0.217,0.217,0.272,0.272
0.637,39.788,-16.910,0.194,0.194,0.272,0.272
0.637,39.428,-16.921,0.203,0.203,0.272,0.272
0.641,38.792,-17.048,0.188,0.188,0.267,0.267
0.645,38.351,-17.216,0.204,0.204,0.267,0.267
0.649,37.960,-17.380,0.195,0.195,0.262,0.262
0.651,37.650,-17.441,0.209,0.209,0.255,0.255
0.651,37.356,-17.448,0.198,0.198,0.258,0.258
0.652,37.242,-17.466,0.209,0.209,0.255,0.255
0.654,37.470,-17.554,0.192,0.192,0.258,0.258
0.655,37.960,-17.605,0.224,0.224,0.252,0.252
0.658,38.498,-17.720,0.209,0.209,0.247,0.247
0.659,39.053,-17.743,0.227,0.227,0.250,0.250
0.661,39.526,-17.804,0.226,0.226,0.273,0.273
0.660,39.788,-17.763,0.237,0.237,0.255,0.255
0.661,39.461,-17.831,0.217,0.217,0.244,0.244
0.665,38.466,-17.985,0.233,0.233,0.247,0.247
0.670,37.176,-18.156,0.217,0.217,0.255,0.255
0.669,35.822,-18.126,0.235,0.235,0.255,0.255
0.671,34.598,-18.205,0.223,0.223,0.253,0.253
0.672,33.635,-18.239,0.247,0.247,0.267,0.267
0.674,32.868,-18.293,0.252,0.252,0.259,0.259
0.676,32.182,-18.357,0.275,0.275,0.255,0.255
0.678,31.481,-18.430,0.290,0.290,0.261,0.261
0.679,30.697,-18.472,0.304,0.304,0.253,0.253
0.681,30.208,-18.509,0.322,0.322,0.258,0.258
0.680,29.930,-18.485,0.307,0.307,0.255,0.255
0.679,29.620,-18.476,0.322,0.322,0.256,0.256
0.684,29.196,-18.621,0.302,0.302,0.267,0.267
0.688,28.527,-18.724,0.305,0.305,0.272,0.272
0.691,27.776,-18.814,0.313,0.313,0.259,0.259
0.692,27.042,-18.844,0.342,0.342,0.249,0.249
0.693,26.275,-18.875,0.333,0.333,0.252,0.252
0.695,25.654,-18.905,0.346,0.346,0.255,0.255
0.696,25.263,-18.938,0.356,0.356,0.237,0.237
0.697,25.148,-18.974,0.372,0.372,0.249,0.249
0.699,25.165,-19.008,0.363,0.363,0.226,0.226
0.701,25.116,-19.059,0.378,0.378,0.227,0.227
0.703,24.740,-19.107,0.360,0.360,0.240,0.240
0.704,24.251,-19.140,0.363,0.363,0.238,0.238
0.703,23.614,-19.127,0.334,0.334,0.233,0.233
0.704,22.864,-19.132,0.356,0.356,0.230,0.230
0.707,22.244,-19.216,0.328,0.328,0.246,0.246
0.712,21.721,-19.315,0.333,0.333,0.240,0.240
0.714,21.117,-19.369,0.313,0.313,0.246,0.246
0.716,20.416,-19.405,0.316,0.316,0.243,0.243
0.716,19.779,-19.398,0.282,0.282,0.241,0.241
0.718,19.159,-19.439,0.272,0.272,0.250,0.250
0.718,18.539,-19.449,0.255,0.255,0.249,0.249
0.721,18.164,-19.497,0.247,0.247,0.253,0.253
0.722,17.902,-19.524,0.232,0.232,0.238,0.238
0.724,17.837,-19.550,0.204,0.204,0.253,0.253
0.726,17.804,-19.580,0.209,0.209,0.264,0.264
0.726,17.886,-19.579,0.179,0.179,0.256,0.256
0.725,17.837,-19.576,0.171,0.171,0.258,0.258
0.729,17.756,-19.636,0.156,0.156,0.249,0.249
0.734,17.396,-19.720,0.163,0.163,0.259,0.259
0.735,17.005,-19.744,0.137,0.137,0.240,0.240
0.737,16.793,-19.777,0.145,0.145,0.261,0.261
0.739,16.825,-19.806,0.114,0.114,0.255,0.255
0.738,16.825,-19.796,0.131,0.131,0.249,0.249
0.740,16.744,-19.834,0.099,0.099,0.249,0.249
0.743,16.515,-19.879,0.119,0.119,0.249,0.249
0.744,16.450,-19.891,0.093,0.093,0.253,0.253
0.746,16.662,-19.924,0.110,0.110,0.246,0.246
0.747,16.842,-19.943,0.081,0.081,0.253,0.253
0.746,16.891,-19.935,0.111,0.111,0.250,0.250
0.747,16.874,-19.944,0.096,0.096,0.252,0.252
0.751,16.744,-20.018,0.111,0.111,0.249,0.249
0.755,16.483,-20.082,0.119,0.119,0.253,0.253
0.758,16.385,-20.120,0.118,0.118,0.247,0.247
0.758,16.352,-20.128,0.104,0.104,0.246,0.246
0.759,16.385,-20.149,0.111,0.111,0.252,0.252
0.760,16.385,-20.168,0.121,0.121,0.258,0.258
0.763,16.385,-20.206,0.124,0.124,0.252,0.252
0.764,16.368,-20.224,0.131,0.131,0.253,0.253
0.766,16.385,-20.262,0.142,0.142,0.267,0.267
0.767,16.254,-20.283,0.146,0.146,0.266,0.266
0.768,16.042,-20.291,0.142,0.142,0.252,0.252
0.768,15.879,-20.299,0.157,0.157,0.267,0.267
0.770,15.846,-20.323,0.151,0.151,0.279,0.279
0.770,15.748,-20.326,0.162,0.162,0.262,0.262
0.776,15.520,-20.420,0.140,0.140,0.267,0.267
0.780,15.112,-20.479,0.159,0.159,0.261,0.261
0.780,14.769,-20.475,0.142,0.142,0.261,0.261
0.782,14.720,-20.501,0.154,0.154,0.241,0.241
0.783,14.802,-20.520,0.151,0.151,0.261,0.261
0.784,14.883,-20.535,0.163,0.163,0.267,0.267
0.785,14.802,-20.551,0.151,0.151,0.262,0.262
0.788,14.443,-20.599,0.185,0.185,0.256,0.256
0.789,13.904,-20.609,0.159,0.159,0.249,0.249
0.791,13.398,-20.632,0.189,0.189,0.244,0.244
0.791,12.860,-20.635,0.169,0.169,0.241,0.241
0.791,12.386,-20.636,0.209,0.209,0.249,0.249
0.794,11.897,-20.672,0.191,0.191,0.259,0.259
0.798,11.293,-20.722,0.209,0.209,0.250,0.250
0.800,10.575,-20.743,0.201,0.201,0.255,0.255
0.803,10.036,-20.769,0.221,0.221,0.252,0.252
0.803,9.742,-20.768,0.217,0.217,0.252,0.252
0.804,9.563,-20.783,0.221,0.221,0.250,0.250
0.805,9.334,-20.790,0.233,0.233,0.249,0.249
0.807,8.992,-20.812,0.226,0.226,0.252,0.252
0.808,8.518,-20.820,0.218,0.218,0.250,0.250
0.810,8.127,-20.838,0.221,0.221,0.250,0.250
0.812,7.817,-20.855,0.224,0.224,0.256,0.256
0.812,7.588,-20.855,0.220,0.220,0.247,0.247
0.812,7.360,-20.854,0.224,0.224,0.252,0.252
0.815,7.017,-20.871,0.221,0.221,0.249,0.249
0.818,6.527,-20.893,0.230,0.230,0.258,0.258
0.823,5.907,-20.922,0.217,0.217,0.256,0.256
0.824,5.124,-20.930,0.230,0.230,0.252,0.252
0.824,4.406,-20.932,0.218,0.218,0.252,0.252
0.826,3.655,-20.939,0.229,0.229,0.249,0.249
0.828,3.149,-20.945,0.209,0.209,0.246,0.246
0.829,2.904,-20.948,0.227,0.227,0.243,0.243
0.830,2.545,-20.951,0.206,0.206,0.243,0.243
0.833,2.203,-20.957,0.212,0.212,0.229,0.229
0.834,1.974,-20.960,0.201,0.201,0.224,0.224
0.835,1.827,-20.961,0.226,0.226,0.230,0.230
0.835,1.974,-20.962,0.211,0.211,0.233,0.233
0.835,2.203,-20.961,0.224,0.224,0.209,0.209
0.841,2.480,-20.976,0.212,0.212,0.233,0.233
0.843,2.660,-20.982,0.221,0.221,0.241,0.241
0.845,2.660,-20.986,0.217,0.217,0.233,0.233
0.847,2.611,-20.992,0.215,0.215,0.235,0.235
0.848,2.725,-20.993,0.223,0.223,0.230,0.230
0.849,2.953,-20.996,0.218,0.218,0.240,0.240
0.850,3.214,-21.002,0.221,0.221,0.227,0.227
0.852,3.459,-21.008,0.218,0.218,0.240,0.240
0.853,3.720,-21.011,0.229,0.229,0.252,0.252
0.856,3.949,-21.020,0.220,0.220,0.246,0.246
0.857,4.096,-21.027,0.233,0.233,0.243,0.243
0.856,4.096,-21.023,0.220,0.220,0.250,0.250
0.857,4.096,-21.028,0.244,0.244,0.252,0.252
0.862,4.177,-21.046,0.217,0.217,0.223,0.223
0.865,4.504,-21.060,0.238,0.238,0.247,0.247
0.867,4.928,-21.070,0.220,0.220,0.259,0.259
0.869,5.091,-21.079,0.241,0.241,0.249,0.249
0.869,5.108,-21.078,0.217,0.217,0.250,0.250
0.871,5.042,-21.089,0.250,0.250,0.249,0.249
0.872,5.173,-21.095,0.217,0.217,0.249,0.249
0.873,5.385,-21.102,0.238,0.238,0.241,0.241
0.876,5.564,-21.118,0.230,0.230,0.250,0.250
0.878,5.581,-21.125,0.243,0.243,0.250,0.250
0.878,5.662,-21.129,0.235,0.235,0.246,0.246
0.878,5.907,-21.126,0.244,0.244,0.246,0.246
0.879,6.038,-21.135,0.249,0.249,0.238,0.238
0.882,6.136,-21.152,0.249,0.249,0.250,0.250
0.886,6.397,-21.178,0.247,0.247,0.256,0.256
0.890,6.511,-21.199,0.269,0.269,0.246,0.246
0.890,6.658,-21.200,0.279,0.279,0.243,0.243
0.891,6.968,-21.212,0.285,0.285,0.249,0.249
0.892,7.474,-21.218,0.301,0.301,0.249,0.249
0.893,7.898,-21.227,0.304,0.304,0.256,0.256
0.895,8.159,-21.243,0.319,0.319,0.261,0.261
0.898,8.518,-21.265,0.310,0.310,0.264,0.264
0.899,8.828,-21.277,0.331,0.331,0.276,0.276
0.901,9.041,-21.288,0.331,0.331,0.273,0.273
0.901,9.008,-21.294,0.333,0.333,0.276,0.276
0.901,9.106,-21.293,0.334,0.334,0.273,0.273
0.902,9.302,-21.304,0.343,0.343,0.298,0.298
0.908,9.481,-21.353,0.328,0.328,0.266,0.266
0.910,9.498,-21.375,0.345,0.345,0.269,0.269
0.912,9.498,-21.396,0.331,0.331,0.273,0.273
0.913,9.334,-21.405,0.342,0.342,0.276,0.276
0.915,9.122,-21.421,0.317,0.317,0.264,0.264
0.915,8.959,-21.424,0.330,0.330,0.261,0.261
0.918,8.943,-21.447,0.302,0.302,0.285,0.285
0.919,8.943,-21.454,0.311,0.311,0.262,0.262
0.920,8.975,-21.469,0.288,0.288,0.255,0.255
0.922,8.975,-21.487,0.301,0.301,0.256,0.256
0.922,8.943,-21.488,0.275,0.275,0.252,0.252
0.923,8.975,-21.496,0.285,0.285,0.252,0.252
0.924,8.959,-21.506,0.255,0.255,0.253,0.253
0.928,9.106,-21.543,0.262,0.262,0.267,0.267
0.932,9.220,-21.576,0.223,0.223,0.253,0.253
0.934,9.122,-21.592,0.241,0.241,0.249,0.249
0.934,8.992,-21.596,0.212,0.212,0.256,0.256
0.936,8.943,-21.612,0.221,0.221,0.255,0.255
0.938,8.959,-21.627,0.203,0.203,0.256,0.256
0.939,8.975,-21.636,0.208,0.208,0.247,0.247
0.941,8.975,-21.654,0.188,0.188,0.255,0.255
0.943,8.992,-21.673,0.191,0.191,0.252,0.252
0.944,8.975,-21.679,0.179,0.179,0.256,0.256
0.945,9.090,-21.691,0.171,0.171,0.253,0.253
0.945,9.318,-21.689,0.153,0.153,0.258,0.258
0.946,9.465,-21.700,0.162,0.162,0.258,0.258
0.949,9.383,-21.733,0.153,0.153,0.259,0.259
0.955,9.139,-21.784,0.151,0.151,0.253,0.253
0.956,8.845,-21.792,0.153,0.153,0.252,0.252
0.957,8.600,-21.800,0.148,0.148,0.255,0.255
0.957,8.453,-21.807,0.163,0.163,0.252,0.252
0.958,8.355,-21.815,0.146,0.146,0.249,0.249
0.961,8.127,-21.835,0.157,0.157,0.247,0.247
0.961,7.996,-21.840,0.139,0.139,0.244,0.244
0.964,7.849,-21.860,0.142,0.142,0.230,0.230
0.965,7.604,-21.870,0.136,0.136,0.223,0.223
0.965,7.490,-21.869,0.151,0.151,0.232,0.232
0.967,7.327,-21.880,0.140,0.140,0.221,0.221
0.968,7.148,-21.889,0.151,0.151,0.224,0.224
0.968,7.001,-21.892,0.150,0.150,0.230,0.230
0.973,6.919,-21.922,0.168,0.168,0.230,0.230
0.977,6.984,-21.952,0.154,0.154,0.203,0.203
0.980,6.984,-21.976,0.179,0.179,0.227,0.227
0.979,7.017,-21.970,0.160,0.160,0.235,0.235
0.981,7.001,-21.982,0.182,0.182,0.230,0.230
0.983,7.131,-21.993,0.157,0.157,0.230,0.230
0.984,7.311,-22.001,0.194,0.194,0.241,0.241
0.986,7.637,-22.017,0.180,0.180,0.246,0.246
0.988,7.866,-22.035,0.200,0.200,0.226,0.226
0.988,7.915,-22.036,0.185,0.185,0.243,0.243
0.989,7.670,-22.043,0.226,0.226,0.246,0.246
0.989,7.490,-22.044,0.203,0.203,0.246,0.246
0.989,7.409,-22.045,0.217,0.217,0.246,0.246
0.995,7.360,-22.084,0.220,0.220,0.246,0.246
0.998,7.050,-22.105,0.218,0.218,0.253,0.253
1.000,6.544,-22.123,0.220,0.220,0.235,0.235
1.002,6.136,-22.131,0.224,0.224,0.250,0.250
1.002,5.842,-22.132,0.241,0.241,0.252,0.252
1.003,5.532,-22.139,0.226,0.226,0.244,0.244
1.006,5.156,-22.154,0.235,0.235,0.250,0.250
1.006,4.928,-22.156,0.230,0.230,0.230,0.230
1.009,4.634,-22.168,0.235,0.235,0.247,0.247
1.011,4.422,-22.176,0.215,0.215,0.255,0.255
1.011,4.194,-22.178,0.224,0.224,0.247,0.247
1.010,3.932,-22.173,0.208,0.208,0.238,0.238
1.012,3.802,-22.181,0.221,0.221,0.238,0.238
1.016,3.900,-22.198,0.211,0.211,0.238,0.238
1.020,4.047,-22.211,0.244,0.244,0.240,0.240
1.022,4.079,-22.222,0.237,0.237,0.244,0.244
1.024,4.096,-22.229,0.258,0.258,0.244,0.244
1.023,3.965,-22.226,0.272,0.272,0.243,0.243
1.026,3.704,-22.236,0.301,0.301,0.246,0.246
1.028,3.476,-22.243,0.293,0.293,0.261,0.261
1.028,3.182,-22.245,0.327,0.327,0.252,0.252
1.031,2.986,-22.252,0.322,0.322,0.267,0.267
1.033,2.578,-22.257,0.343,0.343,0.267,0.267
1.034,2.252,-22.261,0.331,0.331,0.259,0.259
1.034,1.958,-22.261,0.366,0.366,0.269,0.269
1.035,1.697,-22.263,0.346,0.346,0.273,0.273
1.036,1.599,-22.265,0.368,0.368,0.264,0.264
1.039,1.468,-22.269,0.351,0.351,0.255,0.255
1.043,1.289,-22.275,0.374,0.374,0.284,0.284
1.045,1.240,-22.277,0.353,0.353,0.261,0.261
1.046,1.321,-22.278,0.372,0.372,0.255,0.255
1.047,1.387,-22.280,0.348,0.348,0.266,0.266
1.049,1.501,-22.282,0.368,0.368,0.261,0.261
1.050,1.599,-22.285,0.343,0.343,0.262,0.262
1.052,1.762,-22.288,0.363,0.363,0.258,0.258
1.054,1.974,-22.290,0.343,0.343,0.285,0.285
1.056,2.121,-22.294,0.340,0.340,0.255,0.255
1.057,2.268,-22.298,0.331,0.331,0.249,0.249
1.056,2.480,-22.296,0.320,0.320,0.249,0.249
1.058,2.725,-22.300,0.308,0.308,0.255,0.255
1.060,3.002,-22.307,0.313,0.313,0.255,0.255
1.065,3.214,-22.321,0.298,0.298,0.255,0.255
1.067,3.361,-22.327,0.288,0.288,0.267,0.267
1.068,3.247,-22.330,0.279,0.279,0.249,0.249
1.069,3.149,-22.334,0.281,0.281,0.246,0.246
1.071,2.937,-22.340,0.272,0.272,0.249,0.249
1.072,2.741,-22.342,0.250,0.250,0.250,0.250
1.073,2.627,-22.346,0.250,0.250,0.252,0.252
1.076,2.447,-22.353,0.224,0.224,0.255,0.255
1.077,2.252,-22.356,0.224,0.224,0.262,0.262
1.078,1.958,-22.359,0.204,0.204,0.252,0.252
1.078,1.746,-22.358,0.214,0.214,0.247,0.247
1.078,1.566,-22.357,0.192,0.192,0.249,0.249
1.083,1.484,-22.366,0.195,0.195,0.250,0.250
1.087,1.240,-22.371,0.177,0.177,0.258,0.258
1.090,1.109,-22.374,0.192,0.192,0.253,0.253
1.089,1.076,-22.374,0.160,0.160,0.253,0.253
1.091,0.995,-22.376,0.179,0.179,0.243,0.243
1.092,0.799,-22.376,0.143,0.143,0.246,0.246
1.093,0.603,-22.378,0.160,0.160,0.243,0.243
1.097,0.489,-22.379,0.128,0.128,0.249,0.249
1.097,0.260,-22.379,0.157,0.157,0.243,0.243
1.099,0.228,-22.380,0.116,0.116,0.232,0.232
1.101,0.440,-22.381,0.140,0.140,0.206,0.206
1.100,0.522,-22.380,0.111,0.111,0.227,0.227
1.100,0.440,-22.380,0.130,0.130,0.240,0.240
1.102,0.489,-22.381,0.113,0.113,0.229,0.229
1.107,0.587,-22.384,0.122,0.122,0.235,0.235
1.111,0.685,-22.386,0.118,0.118,0.229,0.229
1.112,0.668,-22.387,0.114,0.114,0.237,0.237
1.113,0.620,-22.388,0.125,0.125,0.224,0.224
1.114,0.636,-22.388,0.121,0.121,0.229,0.229
1.115,0.522,-22.389,0.139,0.139,0.249,0.249
1.117,0.277,-22.390,0.127,0.127,0.238,0.238
1.118,0.146,-22.390,0.134,0.134,0.240,0.240
1.120,0.097,-22.390,0.143,0.143,0.235,0.235
1.122,0.130,-22.390,0.148,0.148,0.247,0.247
1.121,0.163,-22.390,0.137,0.137,0.232,0.232
1.122,0.260,-22.390,0.148,0.148,0.247,0.247
1.122,0.620,-22.391,0.142,0.142,0.246,0.246
1.127,0.995,-22.394,0.157,0.157,0.247,0.247
1.132,1.174,-22.400,0.139,0.139,0.243,0.243
1.133,1.158,-22.402,0.160,0.160,0.240,0.240
1.134,1.125,-22.403,0.154,0.154,0.252,0.252
1.135,0.995,-22.404,0.175,0.175,0.250,0.250
1.137,0.750,-22.405,0.157,0.157,0.247,0.247
1.139,0.734,-22.406,0.185,0.185,0.244,0.244
1.141,0.832,-22.408,0.171,0.171,0.246,0.246
1.142,0.668,-22.409,0.191,0.191,0.240,0.240
1.144,0.293,-22.410,0.174,0.174,0.230,0.230
1.145,-0.066,-22.410,0.197,0.197,0.244,0.244
1.144,-0.360,-22.410,0.177,0.177,0.255,0.255
1.146,-0.474,-22.409,0.200,0.200,0.244,0.244
1.150,-0.686,-22.407,0.188,0.188,0.246,0.246
1.153,-0.964,-22.405,0.201,0.201,0.243,0.243
1.156,-1.192,-22.401,0.189,0.189,0.244,0.244
1.157,-1.208,-22.400,0.217,0.217,0.258,0.258
1.157,-0.980,-22.400,0.200,0.200,0.247,0.247
1.159,-0.800,-22.398,0.220,0.220,0.246,0.246
1.160,-0.784,-22.397,0.214,0.214,0.255,0.255
1.162,-0.800,-22.396,0.223,0.223,0.258,0.258
1.164,-0.849,-22.394,0.221,0.221,0.259,0.259
1.167,-0.931,-22.392,0.240,0.240,0.264,0.264
1.167,-1.274,-22.391,0.233,0.233,0.295,0.295
1.167,-1.763,-22.392,0.249,0.249,0.269,0.269
1.167,-2.318,-22.391,0.229,0.229,0.262,0.262
1.168,-2.710,-22.388,0.246,0.246,0.270,0.270
1.171,-2.742,-22.381,0.240,0.240,0.266,0.266
1.178,-2.481,-22.363,0.235,0.235,0.273,0.273
1.178,-2.285,-22.362,0.246,0.246,0.262,0.262
1.179,-2.220,-22.360,0.240,0.240,0.288,0.288
1.180,-2.269,-22.357,0.237,0.237,0.269,0.269
1.182,-2.253,-22.354,0.237,0.237,0.250,0.250
1.183,-2.416,-22.351,0.241,0.241,0.264,0.264
1.185,-2.873,-22.345,0.223,0.223,0.258,0.258
1.187,-3.607,-22.340,0.229,0.229,0.259,0.259
1.189,-4.179,-22.333,0.214,0.214,0.258,0.258
1.189,-4.211,-22.331,0.227,0.227,0.276,0.276
1.188,-3.754,-22.334,0.208,0.208,0.249,0.249
1.189,-2.808,-22.331,0.230,0.230,0.246,0.246
1.196,-1.780,-22.315,0.209,0.209,0.253,0.253
1.199,-0.849,-22.312,0.229,0.229,0.252,0.252
1.201,-0.343,-22.311,0.221,0.221,0.252,0.252
1.201,-0.180,-22.310,0.230,0.230,0.249,0.249
1.202,-0.392,-22.310,0.223,0.223,0.259,0.259
1.203,-0.784,-22.310,0.235,0.235,0.247,0.247
1.206,-1.208,-22.307,0.221,0.221,0.249,0.249
1.206,-1.192,-22.307,0.241,0.241,0.252,0.252
1.209,-0.686,-22.304,0.226,0.226,0.256,0.256
1.210,-0.001,-22.304,0.252,0.252,0.249,0.249
1.209,0.277,-22.303,0.233,0.233,0.255,0.255
1.210,0.244,-22.304,0.255,0.255,0.261,0.261
1.211,-0.066,-22.304,0.226,0.226,0.253,0.253
1.217,-0.294,-22.303,0.264,0.264,0.249,0.249
1.221,-0.458,-22.301,0.237,0.237,0.253,0.253
1.222,-0.800,-22.301,0.247,0.247,0.255,0.255
1.223,-1.159,-22.299,0.237,0.237,0.256,0.256
1.224,-1.355,-22.298,0.253,0.253,0.255,0.255
1.225,-1.486,-22.297,0.227,0.227,0.258,0.258
1.227,-1.665,-22.295,0.243,0.243,0.249,0.249
1.228,-1.812,-22.291,0.233,0.233,0.252,0.252
1.231,-1.828,-22.287,0.230,0.230,0.243,0.243
1.231,-1.731,-22.286,0.220,0.220,0.232,0.232
1.233,-1.306,-22.284,0.220,0.220,0.230,0.230
1.232,-0.833,-22.284,0.221,0.221,0.233,0.233
1.232,-0.180,-22.284,0.217,0.217,0.214,0.214
1.237,0.179,-22.284,0.218,0.218,0.237,0.237
1.242,0.260,-22.285,0.215,0.215,0.247,0.247
1.244,0.195,-22.286,0.227,0.227,0.235,0.235
1.246,-0.327,-22.286,0.212,0.212,0.238,0.238
1.246,-1.225,-22.285,0.233,0.233,0.243,0.243
1.247,-2.090,-22.284,0.221,0.221,0.237,0.237
1.249,-2.302,-22.280,0.232,0.232,0.226,0.226
1.251,-2.073,-22.276,0.232,0.232,0.246,0.246
1.252,-1.698,-22.274,0.241,0.241,0.256,0.256
1.254,-1.372,-22.270,0.224,0.224,0.247,0.247
1.256,-1.274,-22.268,0.241,0.241,0.249,0.249
1.254,-1.143,-22.271,0.223,0.223,0.249,0.249
1.255,-0.849,-22.269,0.244,0.244,0.250,0.250
1.258,-0.441,-22.267,0.232,0.232,0.238,0.238
1.263,-0.262,-22.266,0.240,0.240,0.252,0.252
1.265,-0.245,-22.265,0.223,0.223,0.270,0.270
1.267,-0.294,-22.264,0.243,0.243,0.247,0.247
1.267,-0.294,-22.265,0.226,0.226,0.249,0.249
1.269,-0.311,-22.264,0.250,0.250,0.244,0.244
1.271,-0.001,-22.264,0.229,0.229,0.256,0.256
1.272,0.571,-22.264,0.240,0.240,0.249,0.249
1.274,1.142,-22.266,0.212,0.212,0.252,0.252
1.276,1.664,-22.269,0.246,0.246,0.247,0.247
1.277,2.023,-22.270,0.220,0.220,0.250,0.250
1.277,2.154,-22.270,0.227,0.227,0.249,0.249
1.277,2.268,-22.270,0.233,0.233,0.233,0.233
1.278,2.317,-22.273,0.224,0.224,0.249,0.249
1.285,2.480,-22.289,0.218,0.218,0.256,0.256
1.288,2.708,-22.299,0.214,0.214,0.240,0.240
1.288,2.757,-22.298,0.209,0.209,0.249,0.249
1.290,2.627,-22.303,0.215,0.215,0.250,0.250
1.292,2.627,-22.307,0.214,0.214,0.243,0.243
1.291,2.594,-22.306,0.220,0.220,0.258,0.258
1.294,2.594,-22.314,0.221,0.221,0.252,0.252
1.296,2.594,-22.318,0.217,0.217,0.253,0.253
1.297,2.611,-22.323,0.240,0.240,0.255,0.255
1.299,2.611,-22.327,0.232,0.232,0.278,0.278
1.300,2.741,-22.330,0.243,0.243,0.273,0.273
1.299,2.953,-22.327,0.223,0.223,0.272,0.272
1.300,3.198,-22.330,0.235,0.235,0.288,0.288
1.303,3.606,-22.339,0.217,0.217,0.276,0.276
1.308,3.965,-22.359,0.235,0.235,0.266,0.266
1.310,4.112,-22.367,0.223,0.223,0.275,0.275
1.312,4.112,-22.374,0.238,0.238,0.267,0.267
1.312,3.981,-22.375,0.215,0.215,0.270,0.270
1.314,3.835,-22.381,0.243,0.243,0.273,0.273
1.316,3.932,-22.389,0.211,0.211,0.252,0.252
1.317,4.161,-22.394,0.227,0.227,0.261,0.261
1.319,4.438,-22.402,0.212,0.212,0.262,0.262
1.321,4.585,-22.411,0.233,0.233,0.264,0.264
1.322,4.634,-22.416,0.215,0.215,0.259,0.259
1.321,4.585,-22.413,0.226,0.226,0.249,0.249
1.321,4.569,-22.411,0.215,0.215,0.255,0.255
1.326,4.569,-22.435,0.235,0.235,0.240,0.240
1.331,4.553,-22.457,0.217,0.217,0.259,0.259
1.333,4.569,-22.467,0.235,0.235,0.269,0.269
1.333,4.585,-22.469,0.226,0.226,0.259,0.259
1.334,4.438,-22.470,0.230,0.230,0.255,0.255
1.335,4.243,-22.478,0.223,0.223,0.256,0.256
1.337,4.096,-22.483,0.233,0.233,0.258,0.258
1.338,4.030,-22.490,0.226,0.226,0.258,0.258
1.341,3.965,-22.499,0.233,0.233,0.256,0.256
1.342,3.704,-22.503,0.247,0.247,0.256,0.256
1.343,3.459,-22.508,0.238,0.238,0.256,0.256
1.343,3.084,-22.507,0.233,0.233,0.258,0.258
1.342,2.741,-22.503,0.244,0.244,0.244,0.244
1.345,2.676,-22.514,0.243,0.243,0.261,0.261
1.351,2.774,-22.528,0.241,0.241,0.264,0.264
1.355,2.790,-22.539,0.232,0.232,0.262,0.262
1.355,2.660,-22.541,0.235,0.235,0.256,0.256
1.356,2.480,-22.542,0.240,0.240,0.258,0.258
1.357,2.252,-22.545,0.227,0.227,0.252,0.252
1.358,1.974,-22.548,0.243,0.243,0.267,0.267
1.361,1.876,-22.554,0.224,0.224,0.252,0.252
1.362,1.827,-22.555,0.230,0.230,0.247,0.247
1.364,1.827,-22.558,0.203,0.203,0.250,0.250
1.365,1.892,-22.561,0.221,0.221,0.237,0.237
1.364,1.762,-22.559,0.206,0.206,0.229,0.229
1.364,1.762,-22.559,0.217,0.217,0.227,0.227
1.368,1.925,-22.565,0.201,0.201,0.258,0.258
1.371,2.219,-22.573,0.226,0.226,0.233,0.233
1.376,2.643,-22.584,0.204,0.204,0.243,0.243
1.378,3.002,-22.590,0.224,0.224,0.232,0.232
1.378,3.133,-22.590,0.217,0.217,0.238,0.238
1.378,3.263,-22.590,0.233,0.233,0.238,0.238
1.381,3.459,-22.599,0.215,0.215,0.235,0.235
1.382,3.590,-22.603,0.232,0.232,0.247,0.247
1.384,3.622,-22.611,0.220,0.220,0.246,0.246
1.385,3.622,-22.616,0.227,0.227,0.250,0.250
1.386,3.590,-22.620,0.218,0.218,0.252,0.252
1.388,3.427,-22.625,0.230,0.230,0.253,0.253
1.387,3.100,-22.621,0.223,0.223,0.253,0.253
1.387,2.708,-22.623,0.226,0.226,0.253,0.253
1.392,2.464,-22.635,0.224,0.224,0.246,0.246
1.397,2.186,-22.646,0.226,0.226,0.258,0.258
1.398,2.105,-22.649,0.229,0.229,0.270,0.270
1.399,2.072,-22.651,0.218,0.218,0.255,0.255
1.399,2.105,-22.651,0.233,0.233,0.255,0.255
1.402,2.121,-22.656,0.218,0.218,0.256,0.256
1.403,2.235,-22.660,0.224,0.224,0.255,0.255
1.406,2.480,-22.666,0.214,0.214,0.247,0.247
1.407,2.627,-22.668,0.230,0.230,0.252,0.252
1.409,2.757,-22.674,0.212,0.212,0.255,0.255
1.409,2.970,-22.674,0.227,0.227,0.253,0.253
1.409,3.198,-22.674,0.212,0.212,0.255,0.255
1.409,3.590,-22.675,0.230,0.230,0.252,0.252
1.413,3.981,-22.690,0.209,0.209,0.246,0.246
1.418,4.210,-22.711,0.233,0.233,0.238,0.238
1.420,4.504,-22.719,0.217,0.217,0.246,0.246
1.421,4.553,-22.723,0.244,0.244,0.250,0.250
1.422,4.569,-22.728,0.223,0.223,0.252,0.252
1.423,4.569,-22.733,0.259,0.259,0.252,0.252
1.424,4.569,-22.737,0.237,0.237,0.237,0.237
1.427,4.438,-22.750,0.261,0.261,0.256,0.256
1.429,4.096,-22.759,0.250,0.250,0.267,0.267
1.430,3.557,-22.762,0.275,0.275,0.259,0.259
1.431,3.198,-22.767,0.240,0.240,0.275,0.275
1.432,3.035,-22.769,0.276,0.276,0.276,0.276
1.431,2.937,-22.767,0.255,0.255,0.278,0.278
1.433,2.594,-22.773,0.262,0.262,0.301,0.301
1.438,2.268,-22.784,0.250,0.250,0.279,0.279
1.442,1.941,-22.791,0.264,0.264,0.262,0.262
1.444,1.680,-22.795,0.246,0.246,0.278,0.278
1.444,1.468,-22.795,0.253,0.253,0.272,0.272
1.445,1.142,-22.796,0.241,0.241,0.275,0.275
1.446,0.652,-22.798,0.237,0.237,0.272,0.272
1.448,0.260,-22.799,0.223,0.223,0.287,0.287
1.450,-0.409,-22.799,0.235,0.235,0.267,0.267
1.451,-1.404,-22.798,0.220,0.220,0.269,0.269
1.452,-2.693,-22.795,0.221,0.221,0.267,0.267
1.453,-3.983,-22.793,0.217,0.217,0.261,0.261
1.452,-5.239,-22.798,0.217,0.217,0.259,0.259
1.456,-6.333,-22.772,0.224,0.224,0.261,0.261
1.460,-7.573,-22.747,0.206,0.206,0.243,0.243
1.463,-9.205,-22.718,0.221,0.221,0.266,0.266
1.463,-11.180,-22.721,0.204,0.204,0.270,0.270
1.464,-13.089,-22.708,0.204,0.204,0.258,0.258
1.465,-14.787,-22.691,0.203,0.203,0.252,0.252
1.466,-16.272,-22.671,0.212,0.212,0.258,0.258
1.469,-17.659,-22.633,0.195,0.195,0.258,0.258
1.470,-19.144,-22.604,0.209,0.209,0.255,0.255
1.472,-20.482,-22.563,0.201,0.201,0.258,0.258
1.471,-21.625,-22.579,0.214,0.214,0.261,0.261
1.472,-22.375,-22.573,0.201,0.201,0.258,0.258
1.471,-22.734,-22.583,0.223,0.223,0.259,0.259
1.477,-23.289,-22.450,0.204,0.204,0.244,0.244
1.479,-24.448,-22.400,0.226,0.226,0.258,0.258
1.483,-25.688,-22.313,0.201,0.201,0.266,0.266
1.483,-26.570,-22.301,0.229,0.229,0.261,0.261
1.484,-27.092,-22.272,0.214,0.214,0.258,0.258
1.485,-27.484,-22.241,0.230,0.230,0.266,0.266
1.487,-27.908,-22.202,0.212,0.212,0.259,0.259
1.488,-28.642,-22.158,0.226,0.226,0.241,0.241
1.490,-29.719,-22.107,0.198,0.198,0.255,0.255
1.491,-30.764,-22.062,0.218,0.218,0.261,0.261
1.493,-31.107,-22.014,0.200,0.200,0.252,0.252
1.493,-30.780,-22.007,0.212,0.212,0.237,0.237
1.493,-30.519,-22.012,0.188,0.188,0.244,0.244
1.493,-30.862,-22.008,0.201,0.201,0.237,0.237
1.496,-31.825,-21.933,0.188,0.188,0.249,0.249
1.501,-33.098,-21.746,0.194,0.194,0.237,0.237
1.503,-33.832,-21.680,0.209,0.209,0.249,0.249
1.504,-33.848,-21.657,0.209,0.209,0.240,0.240
1.505,-33.440,-21.626,0.206,0.206,0.246,0.246
1.506,-32.918,-21.605,0.185,0.185,0.243,0.243
1.508,-32.739,-21.543,0.206,0.206,0.237,0.237
1.508,-32.869,-21.535,0.192,0.192,0.259,0.259
1.511,-33.065,-21.431,0.218,0.218,0.246,0.246
1.512,-32.755,-21.404,0.201,0.201,0.241,0.241
1.513,-31.890,-21.349,0.224,0.224,0.252,0.252
1.512,-31.074,-21.396,0.197,0.197,0.252,0.252
1.513,-30.829,-21.361,0.212,0.212,0.249,0.249
1.516,-31.074,-21.260,0.206,0.206,0.259,0.259
1.520,-31.188,-21.134,0.227,0.227,0.273,0.273
1.523,-31.041,-21.066,0.212,0.212,0.258,0.258
1.523,-30.845,-21.049,0.229,0.229,0.250,0.250
1.524,-30.796,-21.010,0.203,0.203,0.259,0.259
1.524,-30.894,-21.017,0.212,0.212,0.261,0.261
1.527,-31.188,-20.937,0.198,0.198,0.258,0.258
1.527,-31.221,-20.918,0.229,0.229,0.259,0.259
1.529,-31.009,-20.876,0.218,0.218,0.284,0.284
1.531,-30.829,-20.809,0.235,0.235,0.252,0.252
1.530,-30.682,-20.833,0.201,0.201,0.247,0.247
1.530,-30.388,-20.821,0.227,0.227,0.244,0.244
1.531,-29.866,-20.790,0.209,0.209,0.259,0.259
1.534,-29.377,-20.707,0.215,0.215,0.258,0.258
1.538,-29.083,-20.590,0.221,0.221,0.258,0.258
1.541,-29.067,-20.505,0.220,0.220,0.272,0.272
1.542,-28.985,-20.491,0.214,0.214,0.255,0.255
1.542,-28.675,-20.488,0.211,0.211,0.249,0.249
1.543,-27.924,-20.463,0.211,0.211,0.253,0.253
1.545,-27.206,-20.402,0.215,0.215,0.258,0.258
1.546,-26.765,-20.378,0.227,0.227,0.259,0.259
1.548,-26.602,-20.330,0.224,0.224,0.262,0.262
1.548,-26.798,-20.324,0.232,0.232,0.275,0.275
1.549,-26.716,-20.287,0.215,0.215,0.266,0.266
1.549,-26.047,-20.287,0.233,0.233,0.279,0.279
1.550,-25.019,-20.274,0.212,0.212,0.270,0.270
1.553,-24.024,-20.205,0.240,0.240,0.279,0.279
1.556,-23.599,-20.133,0.227,0.227,0.279,0.279
1.558,-23.844,-20.070,0.241,0.241,0.278,0.278
1.559,-24.497,-20.041,0.220,0.220,0.267,0.267
1.560,-25.231,-20.019,0.221,0.221,0.279,0.279
1.560,-25.444,-20.031,0.218,0.218,0.273,0.273
1.562,-25.199,-19.973,0.240,0.240,0.275,0.275
1.564,-24.987,-19.933,0.217,0.217,0.276,0.276
1.564,-25.019,-19.914,0.240,0.240,0.256,0.256
1.565,-25.427,-19.888,0.209,0.209,0.270,0.270
1.568,-26.047,-19.818,0.223,0.223,0.249,0.249
1.567,-26.847,-19.838,0.218,0.218,0.266,0.266
1.567,-27.467,-19.860,0.243,0.243,0.273,0.273
1.569,-27.745,-19.806,0.221,0.221,0.264,0.264
1.572,-27.647,-19.701,0.237,0.237,0.258,0.258
1.575,-27.435,-19.641,0.215,0.215,0.258,0.258
1.577,-27.467,-19.566,0.230,0.230,0.258,0.258
1.577,-27.973,-19.565,0.209,0.209,0.237,0.237
1.577,-28.724,-19.565,0.241,0.241,0.259,0.259
1.580,-29.197,-19.497,0.221,0.221,0.273,0.273
1.581,-29.099,-19.459,0.241,0.241,0.259,0.259
1.581,-28.789,-19.445,0.221,0.221,0.261,0.261
1.583,-28.381,-19.404,0.229,0.229,0.255,0.255
1.585,-28.218,-19.347,0.229,0.229,0.262,0.262
1.585,-28.789,-19.350,0.226,0.226,0.252,0.252
1.583,-29.801,-19.396,0.243,0.243,0.261,0.261
1.586,-30.780,-19.323,0.230,0.230,0.261,0.261
1.588,-31.335,-19.256,0.230,0.230,0.267,0.267
1.592,-31.221,-19.134,0.224,0.224,0.259,0.259
1.594,-30.715,-19.067,0.230,0.230,0.258,0.258
1.595,-30.584,-19.021,0.221,0.221,0.258,0.258
1.595,-31.074,-19.039,0.233,0.233,0.253,0.253
1.595,-31.906,-19.027,0.240,0.240,0.262,0.262
1.596,-32.771,-18.985,0.237,0.237,0.262,0.262
1.598,-33.277,-18.933,0.212,0.212,0.259,0.259
1.600,-33.440,-18.883,0.227,0.227,0.258,0.258
1.600,-33.375,-18.856,0.208,0.208,0.244,0.244
1.601,-33.359,-18.834,0.223,0.223,0.249,0.249
1.601,-33.538,-18.826,0.200,0.200,0.221,0.221
1.602,-34.028,-18.813,0.218,0.218,0.235,0.235
1.604,-34.468,-18.736,0.204,0.204,0.240,0.240
1.607,-34.730,-18.634,0.211,0.211,0.241,0.241
1.611,-34.860,-18.505,0.200,0.200,0.240,0.240
1.612,-34.828,-18.459,0.232,0.232,0.238,0.238
1.611,-34.697,-18.483,0.208,0.208,0.241,0.241
1.612,-34.485,-18.453,0.230,0.230,0.235,0.235
1.613,-34.207,-18.433,0.214,0.214,0.240,0.240
1.614,-33.816,-18.394,0.218,0.218,0.244,0.244
1.616,-33.440,-18.324,0.211,0.211,0.247,0.247
1.616,-33.179,-18.311,0.217,0.217,0.250,0.250
1.618,-32.918,-18.268,0.223,0.223,0.267,0.267
1.618,-32.706,-18.261,0.230,0.230,0.252,0.252
1.618,-32.445,-18.255,0.221,0.221,0.249,0.249
1.619,-32.331,-18.228,0.220,0.220,0.256,0.256
1.621,-32.167,-18.161,0.224,0.224,0.258,0.258
1.625,-32.102,-18.013,0.214,0.214,0.259,0.259
1.627,-32.184,-17.977,0.221,0.221,0.261,0.261
1.628,-32.445,-17.937,0.217,0.217,0.270,0.270
1.627,-32.836,-17.957,0.223,0.223,0.262,0.262
1.628,-33.342,-17.930,0.201,0.201,0.264,0.264
1.629,-33.604,-17.888,0.227,0.227,0.258,0.258
1.631,-33.408,-17.847,0.208,0.208,0.267,0.267
1.632,-32.902,-17.810,0.221,0.221,0.258,0.258
1.633,-32.428,-17.760,0.218,0.218,0.262,0.262
1.634,-32.151,-17.724,0.226,0.226,0.252,0.252
1.633,-31.792,-17.772,0.206,0.206,0.258,0.258
1.633,-31.351,-17.755,0.217,0.217,0.259,0.259
1.637,-30.813,-17.634,0.201,0.201,0.258,0.258
1.640,-30.225,-17.556,0.217,0.217,0.256,0.256
1.641,-29.507,-17.533,0.194,0.194,0.249,0.249
1.642,-28.952,-17.499,0.221,0.221,0.258,0.258
1.642,-28.691,-17.492,0.200,0.200,0.259,0.259
1.644,-28.365,-17.428,0.230,0.230,0.256,0.256
1.645,-28.038,-17.412,0.201,0.201,0.258,0.258
1.646,-27.989,-17.385,0.232,0.232,0.255,0.255
1.648,-28.430,-17.329,0.212,0.212,0.258,0.258
1.648,-29.328,-17.324,0.227,0.227,0.246,0.246
1.647,-30.160,-17.335,0.229,0.229,0.270,0.270
1.648,-30.486,-17.334,0.244,0.244,0.275,0.275
1.648,-30.470,-17.328,0.227,0.227,0.281,0.281
1.649,-30.372,-17.278,0.240,0.240,0.285,0.285
1.654,-30.356,-17.135,0.230,0.230,0.279,0.279
1.656,-30.470,-17.067,0.240,0.240,0.275,0.275
1.657,-30.682,-17.043,0.232,0.232,0.295,0.295
1.658,-30.845,-17.001,0.240,0.240,0.279,0.279
1.658,-30.878,-17.010,0.233,0.233,0.270,0.270
1.658,-30.748,-17.016,0.223,0.223,0.273,0.273
1.660,-30.405,-16.963,0.227,0.227,0.284,0.284
1.660,-30.111,-16.949,0.218,0.218,0.269,0.269
1.661,-30.193,-16.913,0.223,0.223,0.267,0.267
1.664,-30.405,-16.843,0.235,0.235,0.287,0.287
1.663,-30.748,-16.861,0.232,0.232,0.269,0.269
1.663,-30.976,-16.872,0.227,0.227,0.252,0.252
1.662,-31.319,-16.886,0.224,0.224,0.266,0.266
1.665,-31.694,-16.790,0.212,0.212,0.258,0.258
1.670,-31.972,-16.633,0.226,0.226,0.264,0.264
1.672,-32.380,-16.584,0.212,0.212,0.258,0.258
1.673,-32.934,-16.549,0.229,0.229,0.282,0.282
1.672,-33.930,-16.590,0.217,0.217,0.259,0.259
1.673,-35.170,-16.559,0.218,0.218,0.253,0.253
1.673,-36.231,-16.544,0.212,0.212,0.261,0.261
1.674,-36.786,-16.507,0.232,0.232,0.255,0.255
1.675,-36.753,-16.458,0.215,0.215,0.261,0.261
1.677,-36.443,-16.401,0.233,0.233,0.258,0.258
1.677,-36.378,-16.408,0.218,0.218,0.266,0.266
1.675,-36.574,-16.481,0.235,0.235,0.256,0.256
1.675,-36.623,-16.476,0.209,0.209,0.258,0.258
1.679,-36.476,-16.305,0.237,0.237,0.255,0.255
1.683,-36.068,-16.160,0.218,0.218,0.262,0.262
1.684,-35.562,-16.147,0.246,0.246,0.261,0.261
1.685,-35.268,-16.121,0.232,0.232,0.261,0.261
1.685,-35.448,-16.109,0.252,0.252,0.259,0.259
1.685,-36.100,-16.110,0.226,0.226,0.262,0.262
1.687,-36.655,-16.033,0.233,0.233,0.259,0.259
1.687,-36.737,-16.038,0.229,0.229,0.258,0.258
1.689,-36.525,-15.975,0.237,0.237,0.256,0.256
1.690,-36.264,-15.929,0.218,0.218,0.258,0.258
1.691,-36.476,-15.900,0.218,0.218,0.252,0.252
1.690,-37.080,-15.940,0.203,0.203,0.218,0.218
1.689,-37.749,-15.946,0.215,0.215,0.229,0.229
1.691,-38.059,-15.894,0.200,0.200,0.243,0.243
1.693,-37.994,-15.804,0.223,0.223,0.240,0.240
1.698,-37.684,-15.628,0.217,0.217,0.237,0.237
1.698,-37.488,-15.601,0.206,0.206,0.235,0.235
1.699,-37.684,-15.585,0.211,0.211,0.238,0.238
1.699,-38.304,-15.570,0.206,0.206,0.235,0.235
1.700,-38.940,-15.543,0.221,0.221,0.243,0.243
1.700,-39.299,-15.551,0.206,0.206,0.246,0.246
1.702,-39.169,-15.470,0.227,0.227,0.249,0.249
1.703,-38.908,-15.441,0.209,0.209,0.252,0.252
1.704,-38.695,-15.381,0.223,0.223,0.250,0.250
1.704,-38.924,-15.368,0.201,0.201,0.252,0.252
1.703,-39.544,-15.433,0.235,0.235,0.253,0.253
1.703,-40.132,-15.430,0.221,0.221,0.252,0.252
1.707,-40.327,-15.284,0.237,0.237,0.249,0.249
1.710,-40.197,-15.138,0.208,0.208,0.247,0.247
1.711,-39.870,-15.117,0.230,0.230,0.255,0.255
1.712,-39.560,-15.067,0.209,0.209,0.284,0.284
1.712,-39.413,-15.084,0.232,0.232,0.255,0.255
1.711,-39.462,-15.098,0.221,0.221,0.250,0.250
1.713,-39.348,-15.029,0.243,0.243,0.249,0.249
1.714,-39.234,-14.970,0.218,0.218,0.255,0.255
1.715,-39.087,-14.955,0.229,0.229,0.255,0.255
1.716,-38.989,-14.900,0.212,0.212,0.255,0.255
1.716,-39.201,-14.912,0.230,0.230,0.272,0.272
1.714,-39.544,-14.987,0.215,0.215,0.256,0.256
1.713,-39.870,-15.017,0.235,0.235,0.252,0.252
1.718,-40.132,-14.838,0.217,0.217,0.261,0.261
1.721,-40.295,-14.719,0.217,0.217,0.253,0.253
1.723,-40.246,-14.622,0.215,0.215,0.252,0.252
1.723,-40.344,-14.616,0.221,0.221,0.253,0.253
1.723,-40.686,-14.618,0.209,0.209,0.259,0.259
1.723,-41.192,-14.615,0.227,0.227,0.255,0.255
1.725,-41.845,-14.553,0.218,0.218,0.258,0.258
1.725,-42.563,-14.547,0.221,0.221,0.258,0.258
1.726,-43.118,-14.517,0.214,0.214,0.261,0.261
1.727,-43.265,-14.453,0.215,0.215,0.259,0.259
1.728,-43.249,-14.409,0.232,0.232,0.266,0.266
1.727,-43.167,-14.452,0.227,0.227,0.255,0.255
1.725,-43.036,-14.526,0.250,0.250,0.276,0.276
1.727,-42.792,-14.465,0.240,0.240,0.291,0.291
1.730,-42.792,-14.313,0.240,0.240,0.275,0.275
1.734,-43.134,-14.158,0.223,0.223,0.276,0.276
1.735,-43.608,-14.129,0.232,0.232,0.266,0.266
1.735,-44.081,-14.132,0.221,0.221,0.282,0.282
1.735,-44.212,-14.129,0.237,0.237,0.253,0.253
1.735,-44.097,-14.111,0.223,0.223,0.270,0.270
1.736,-43.804,-14.073,0.230,0.230,0.279,0.279
1.737,-43.493,-14.020,0.204,0.204,0.269,0.269
1.737,-43.134,-14.004,0.230,0.230,0.267,0.267
1.739,-42.661,-13.948,0.215,0.215,0.262,0.262
1.739,-42.286,-13.954,0.232,0.232,0.261,0.261
1.737,-42.269,-14.017,0.218,0.218,0.264,0.264
1.737,-42.514,-14.012,0.237,0.237,0.259,0.259
1.738,-42.808,-13.983,0.200,0.200,0.255,0.255
1.745,-43.183,-13.680,0.221,0.221,0.255,0.255
1.746,-43.559,-13.652,0.214,0.214,0.252,0.252
1.746,-43.820,-13.657,0.233,0.233,0.273,0.273
1.745,-44.016,-13.684,0.212,0.212,0.256,0.256
1.746,-44.048,-13.636,0.244,0.244,0.252,0.252
1.747,-43.804,-13.587,0.215,0.215,0.256,0.256
1.747,-43.657,-13.581,0.233,0.233,0.253,0.253
1.748,-43.722,-13.560,0.212,0.212,0.256,0.256
1.749,-43.967,-13.524,0.237,0.237,0.255,0.255
1.749,-44.293,-13.485,0.229,0.229,0.275,0.275
1.748,-44.522,-13.554,0.235,0.235,0.258,0.258
1.747,-44.554,-13.595,0.229,0.229,0.258,0.258
1.749,-44.081,-13.523,0.238,0.238,0.261,0.261
1.754,-43.216,-13.300,0.233,0.233,0.261,0.261
1.756,-42.286,-13.202,0.244,0.244,0.261,0.261
1.755,-41.617,-13.233,0.247,0.247,0.262,0.262
1.755,-41.241,-13.225,0.241,0.241,0.264,0.264
1.756,-41.143,-13.199,0.241,0.241,0.264,0.264
1.757,-41.192,-13.181,0.235,0.235,0.264,0.264
1.757,-41.209,-13.166,0.238,0.238,0.259,0.259
1.758,-41.323,-13.120,0.218,0.218,0.255,0.255
1.759,-41.453,-13.093,0.240,0.240,0.255,0.255
1.761,-41.356,-13.015,0.212,0.212,0.250,0.250
1.758,-41.225,-13.138,0.227,0.227,0.215,0.215
1.758,-41.192,-13.140,0.215,0.215,0.238,0.238
1.758,-41.192,-13.119,0.244,0.244,0.250,0.250
1.761,-41.209,-12.983,0.232,0.232,0.243,0.243
1.765,-41.094,-12.827,0.249,0.249,0.235,0.235
1.766,-40.866,-12.811,0.246,0.246,0.237,0.237
1.766,-40.703,-12.790,0.264,0.264,0.237,0.237
1.765,-40.654,-12.836,0.240,0.240,0.238,0.238
1.765,-40.703,-12.822,0.253,0.253,0.244,0.244
1.767,-40.621,-12.733,0.240,0.240,0.244,0.244
1.767,-40.360,-12.766,0.266,0.266,0.253,0.253
1.768,-40.115,-12.695,0.258,0.258,0.252,0.252
1.769,-39.821,-12.669,0.267,0.267,0.267,0.267
1.768,-39.821,-12.708,0.255,0.255,0.249,0.249
1.767,-40.132,-12.758,0.264,0.264,0.249,0.249
1.767,-40.703,-12.764,0.252,0.252,0.255,0.255
1.771,-41.029,-12.604,0.270,0.270,0.258,0.258
1.774,-40.833,-12.469,0.269,0.269,0.261,0.261
1.775,-40.262,-12.423,0.261,0.261,0.255,0.255
1.774,-39.821,-12.448,0.261,0.261,0.266,0.266
1.773,-39.740,-12.486,0.255,0.255,0.255,0.255
1.774,-40.132,-12.451,0.256,0.256,0.262,0.262
1.775,-40.572,-12.431,0.244,0.244,0.252,0.252
1.775,-40.899,-12.433,0.266,0.266,0.261,0.261
1.776,-41.143,-12.368,0.243,0.243,0.259,0.259
1.777,-41.127,-12.360,0.255,0.255,0.259,0.259
1.775,-40.768,-12.439,0.227,0.227,0.272,0.272
1.774,-40.376,-12.453,0.249,0.249,0.249,0.249
1.774,-40.180,-12.443,0.229,0.229,0.244,0.244
1.780,-40.164,-12.221,0.241,0.241,0.252,0.252
1.783,-40.213,-12.104,0.238,0.238,0.256,0.256
1.783,-40.344,-12.120,0.261,0.261,0.259,0.259
1.783,-40.588,-12.099,0.237,0.237,0.249,0.249
1.782,-40.735,-12.150,0.256,0.256,0.261,0.261
1.783,-40.703,-12.096,0.243,0.243,0.253,0.253
1.784,-40.752,-12.054,0.258,0.258,0.252,0.252
1.784,-40.572,-12.065,0.237,0.237,0.256,0.256
1.785,-40.115,-12.002,0.261,0.261,0.258,0.258
1.785,-39.381,-12.006,0.240,0.240,0.258,0.258
1.785,-38.712,-12.003,0.258,0.258,0.261,0.261
1.785,-38.173,-12.031,0.247,0.247,0.262,0.262
1.783,-37.716,-12.091,0.255,0.255,0.281,0.281
1.785,-37.373,-12.036,0.243,0.243,0.288,0.288
1.788,-37.227,-11.900,0.264,0.264,0.270,0.270
1.791,-37.227,-11.812,0.237,0.237,0.273,0.273
1.792,-37.259,-11.774,0.246,0.246,0.269,0.269
1.790,-37.276,-11.828,0.221,0.221,0.282,0.282
1.790,-37.276,-11.820,0.232,0.232,0.252,0.252
1.790,-37.259,-11.823,0.218,0.218,0.275,0.275
1.792,-37.276,-11.763,0.215,0.215,0.291,0.291
1.792,-37.357,-11.775,0.218,0.218,0.273,0.273
1.793,-37.635,-11.725,0.214,0.214,0.267,0.267
1.793,-37.879,-11.710,0.203,0.203,0.267,0.267
1.791,-38.059,-11.786,0.197,0.197,0.267,0.267
1.792,-38.043,-11.768,0.209,0.209,0.259,0.259
1.791,-38.124,-11.801,0.195,0.195,0.261,0.261
1.797,-38.140,-11.576,0.194,0.194,0.266,0.266
1.798,-37.912,-11.532,0.189,0.189,0.261,0.261
1.797,-37.651,-11.553,0.188,0.188,0.255,0.255
1.797,-37.259,-11.558,0.168,0.168,0.252,0.252
1.798,-36.884,-11.533,0.185,0.185,0.259,0.259
1.797,-36.574,-11.555,0.166,0.166,0.253,0.253
1.799,-36.378,-11.497,0.177,0.177,0.253,0.253
1.799,-36.411,-11.512,0.154,0.154,0.253,0.253
1.800,-36.574,-11.466,0.168,0.168,0.255,0.255
1.801,-36.737,-11.427,0.154,0.154,0.255,0.255
1.799,-36.900,-11.495,0.165,0.165,0.264,0.264
1.798,-37.129,-11.520,0.157,0.157,0.258,0.258
1.798,-37.390,-11.546,0.174,0.174,0.253,0.253
1.804,-37.667,-11.291,0.153,0.153,0.255,0.255
1.805,-37.863,-11.279,0.182,0.182,0.252,0.252
1.805,-38.157,-11.267,0.166,0.166,0.261,0.261
1.805,-38.271,-11.281,0.197,0.197,0.259,0.259
1.805,-38.157,-11.288,0.174,0.174,0.273,0.273
1.805,-37.896,-11.276,0.209,0.209,0.250,0.250
1.806,-37.520,-11.229,0.182,0.182,0.243,0.243
1.806,-36.916,-11.225,0.197,0.197,0.253,0.253
1.806,-36.280,-11.231,0.180,0.180,0.256,0.256
1.807,-35.741,-11.182,0.200,0.200,0.249,0.249
1.806,-35.219,-11.244,0.175,0.175,0.247,0.247
1.804,-34.746,-11.286,0.191,0.191,0.233,0.233
1.803,-34.420,-11.343,0.188,0.188,0.233,0.233
1.807,-34.305,-11.196,0.195,0.195,0.235,0.235
1.811,-34.289,-11.076,0.194,0.194,0.235,0.235
1.811,-34.338,-11.049,0.212,0.212,0.237,0.237
1.811,-34.305,-11.051,0.209,0.209,0.246,0.246
1.811,-34.305,-11.054,0.215,0.215,0.243,0.243
1.811,-34.403,-11.070,0.209,0.209,0.229,0.229
1.811,-34.517,-11.066,0.220,0.220,0.233,0.233
1.811,-34.452,-11.055,0.224,0.224,0.247,0.247
1.812,-34.224,-11.027,0.217,0.217,0.246,0.246
1.812,-33.897,-11.010,0.230,0.230,0.247,0.247
1.813,-33.750,-10.984,0.235,0.235,0.250,0.250
1.812,-33.767,-11.015,0.243,0.243,0.244,0.244
1.810,-33.832,-11.110,0.235,0.235,0.235,0.235
1.811,-33.799,-11.063,0.250,0.250,0.250,0.250
1.816,-33.946,-10.887,0.240,0.240,0.259,0.259
1.816,-34.207,-10.876,0.244,0.244,0.253,0.253
1.817,-34.338,-10.853,0.229,0.229,0.250,0.250
1.815,-34.387,-10.919,0.240,0.240,0.249,0.249
1.815,-34.322,-10.920,0.226,0.226,0.256,0.256
1.816,-34.338,-10.877,0.233,0.233,0.253,0.253
1.817,-34.322,-10.874,0.218,0.218,0.256,0.256
1.818,-34.322,-10.826,0.223,0.223,0.253,0.253
1.818,-34.338,-10.838,0.204,0.204,0.247,0.247
1.817,-34.289,-10.842,0.223,0.223,0.249,0.249
1.816,-34.207,-10.881,0.197,0.197,0.264,0.264
1.816,-33.832,-10.903,0.215,0.215,0.252,0.252
1.817,-33.457,-10.859,0.189,0.189,0.249,0.249
1.820,-33.130,-10.744,0.214,0.214,0.253,0.253
1.821,-32.788,-10.717,0.191,0.191,0.252,0.252
1.821,-32.331,-10.725,0.201,0.201,0.249,0.249
1.820,-31.906,-10.753,0.188,0.188,0.252,0.252
1.821,-31.629,-10.738,0.197,0.197,0.266,0.266
1.821,-31.433,-10.722,0.175,0.175,0.250,0.250
1.822,-31.302,-10.697,0.194,0.194,0.250,0.250
1.823,-31.286,-10.674,0.192,0.192,0.255,0.255
1.822,-31.302,-10.688,0.201,0.201,0.259,0.259
1.822,-31.368,-10.693,0.198,0.198,0.262,0.262
1.822,-31.335,-10.701,0.232,0.232,0.259,0.259
1.819,-31.433,-10.775,0.230,0.230,0.247,0.247
1.820,-31.678,-10.747,0.240,0.240,0.273,0.273
1.824,-31.955,-10.633,0.243,0.243,0.287,0.287
1.826,-32.347,-10.561,0.243,0.243,0.276,0.276
1.826,-32.690,-10.551,0.243,0.243,0.276,0.276
1.826,-33.000,-10.556,0.240,0.240,0.264,0.264
1.826,-33.130,-10.567,0.240,0.240,0.281,0.281
1.826,-32.983,-10.574,0.238,0.238,0.253,0.253
1.825,-32.836,-10.590,0.243,0.243,0.270,0.270
1.826,-32.706,-10.555,0.233,0.233,0.281,0.281
1.826,-32.445,-10.562,0.244,0.244,0.262,0.262
1.827,-32.216,-10.536,0.221,0.221,0.267,0.267
1.827,-31.825,-10.540,0.246,0.246,0.261,0.261
1.825,-31.335,-10.589,0.221,0.221,0.267,0.267
1.824,-30.927,-10.633,0.232,0.232,0.258,0.258
1.828,-30.650,-10.497,0.226,0.226,0.252,0.252
1.830,-30.454,-10.429,0.232,0.232,0.255,0.255
1.830,-30.242,-10.450,0.220,0.220,0.255,0.255
1.829,-29.997,-10.470,0.237,0.237,0.252,0.252
1.830,-29.850,-10.442,0.217,0.217,0.264,0.264
1.830,-29.817,-10.442,0.232,0.232,0.255,0.255
1.829,-29.980,-10.471,0.212,0.212,0.253,0.253
1.831,-30.225,-10.420,0.227,0.227,0.250,0.250
1.831,-30.388,-10.418,0.211,0.211,0.252,0.252
1.831,-30.503,-10.411,0.229,0.229,0.252,0.252
1.830,-30.731,-10.458,0.212,0.212,0.258,0.258
1.829,-30.976,-10.478,0.229,0.229,0.266,0.266
1.828,-31.204,-10.493,0.218,0.218,0.261,0.261
1.829,-31.368,-10.472,0.224,0.224,0.256,0.256
1.833,-31.351,-10.348,0.223,0.223,0.256,0.256
1.834,-31.351,-10.318,0.233,0.233,0.253,0.253
1.833,-31.335,-10.347,0.215,0.215,0.253,0.253
1.832,-31.319,-10.372,0.237,0.237,0.261,0.261
1.833,-31.335,-10.360,0.218,0.218,0.275,0.275
1.833,-31.335,-10.347,0.227,0.227,0.256,0.256
1.834,-31.335,-10.332,0.211,0.211,0.255,0.255
1.833,-31.204,-10.338,0.218,0.218,0.255,0.255
1.833,-30.943,-10.335,0.211,0.211,0.255,0.255
1.833,-30.829,-10.351,0.209,0.209,0.250,0.250
1.833,-30.813,-10.360,0.212,0.212,0.249,0.249
1.832,-30.715,-10.392,0.195,0.195,0.252,0.252
1.832,-30.388,-10.369,0.206,0.206,0.233,0.233
1.834,-29.980,-10.332,0.192,0.192,0.233,0.233
1.836,-29.948,-10.256,0.212,0.212,0.240,0.240
1.837,-30.144,-10.223,0.200,0.200,0.232,0.232
1.835,-30.356,-10.275,0.218,0.218,0.238,0.238
1.835,-30.388,-10.280,0.214,0.214,0.237,0.237
1.835,-30.454,-10.283,0.238,0.238,0.240,0.240
1.835,-30.601,-10.278,0.218,0.218,0.240,0.240
1.837,-30.503,-10.241,0.244,0.244,0.240,0.240
1.837,-30.405,-10.238,0.237,0.237,0.243,0.243
1.837,-30.193,-10.242,0.256,0.256,0.243,0.243
1.835,-29.980,-10.301,0.240,0.240,0.249,0.249
1.834,-29.866,-10.332,0.258,0.258,0.252,0.252
1.834,-29.834,-10.305,0.243,0.243,0.259,0.259
1.837,-29.948,-10.237,0.256,0.256,0.247,0.247
1.840,-29.997,-10.136,0.237,0.237,0.258,0.258
1.839,-29.670,-10.181,0.256,0.256,0.253,0.253
1.837,-29.393,-10.217,0.241,0.241,0.256,0.256
1.837,-29.311,-10.228,0.249,0.249,0.252,0.252
1.838,-29.377,-10.211,0.229,0.229,0.258,0.258
1.837,-29.344,-10.225,0.243,0.243,0.230,0.230
1.838,-29.524,-10.199,0.241,0.241,0.256,0.256
1.839,-29.703,-10.183,0.224,0.224,0.258,0.258
1.837,-29.850,-10.223,0.230,0.230,0.258,0.258
1.836,-29.752,-10.265,0.224,0.224,0.261,0.261
1.835,-29.524,-10.297,0.218,0.218,0.255,0.255
1.836,-29.491,-10.257,0.226,0.226,0.253,0.253
1.839,-29.670,-10.171,0.223,0.223,0.256,0.256
1.841,-29.834,-10.117,0.218,0.218,0.252,0.252
1.841,-29.785,-10.122,0.224,0.224,0.253,0.253
1.840,-29.524,-10.141,0.214,0.214,0.252,0.252
1.839,-29.377,-10.157,0.223,0.223,0.255,0.255
1.839,-29.213,-10.161,0.200,0.200,0.253,0.253
1.839,-29.018,-10.156,0.221,0.221,0.249,0.249
1.839,-28.871,-10.162,0.209,0.209,0.249,0.249
1.840,-28.740,-10.140,0.223,0.223,0.255,0.255
1.839,-28.528,-10.163,0.218,0.218,0.259,0.259
1.839,-28.397,-10.179,0.241,0.241,0.259,0.259
1.837,-28.365,-10.238,0.233,0.233,0.264,0.264
1.837,-28.267,-10.238,0.250,0.250,0.276,0.276
1.838,-28.055,-10.206,0.244,0.244,0.278,0.278
1.842,-27.875,-10.075,0.258,0.258,0.252,0.252
1.841,-27.875,-10.103,0.237,0.237,0.272,0.272
1.842,-27.875,-10.097,0.261,0.261,0.284,0.284
1.841,-27.777,-10.109,0.240,0.240,0.267,0.267
1.840,-27.565,-10.135,0.253,0.253,0.272,0.272
1.841,-27.418,-10.123,0.237,0.237,0.272,0.272
1.841,-27.386,-10.118,0.258,0.258,0.273,0.273
1.841,-27.386,-10.121,0.233,0.233,0.255,0.255
1.841,-27.435,-10.114,0.252,0.252,0.258,0.258
1.841,-27.435,-10.122,0.238,0.238,0.278,0.278
1.839,-27.549,-10.177,0.246,0.246,0.261,0.261
1.837,-27.777,-10.229,0.226,0.226,0.264,0.264
1.838,-27.908,-10.186,0.247,0.247,0.253,0.253
1.842,-27.908,-10.092,0.227,0.227,0.258,0.258
1.842,-27.908,-10.096,0.240,0.240,0.249,0.249
1.842,-27.908,-10.085,0.233,0.233,0.258,0.258
1.842,-27.875,-10.078,0.240,0.240,0.269,0.269
1.842,-27.908,-10.089,0.229,0.229,0.255,0.255
1.842,-27.875,-10.094,0.224,0.224,0.247,0.247
1.842,-27.908,-10.087,0.232,0.232,0.252,0.252
1.841,-27.908,-10.111,0.215,0.215,0.255,0.255
1.842,-27.908,-10.071,0.212,0.212,0.255,0.255
1.841,-27.875,-10.112,0.204,0.204,0.253,0.253
1.839,-28.006,-10.164,0.212,0.212,0.253,0.253
1.837,-28.267,-10.221,0.200,0.200,0.253,0.253
1.842,-28.528,-10.087,0.208,0.208,0.252,0.252
1.843,-28.789,-10.046,0.204,0.204,0.252,0.252
1.843,-28.903,-10.044,0.215,0.215,0.258,0.258
1.843,-29.067,-10.039,0.204,0.204,0.249,0.249
1.841,-29.230,-10.106,0.224,0.224,0.253,0.253
1.840,-29.377,-10.128,0.209,0.209,0.256,0.256
1.841,-29.426,-10.118,0.221,0.221,0.249,0.249
1.841,-29.507,-10.114,0.206,0.206,0.252,0.252
1.840,-29.605,-10.131,0.227,0.227,0.247,0.247
1.840,-29.524,-10.127,0.204,0.204,0.250,0.250
1.840,-29.393,-10.146,0.209,0.209,0.246,0.246
1.838,-29.360,-10.194,0.206,0.206,0.249,0.249
1.837,-29.262,-10.229,0.211,0.211,0.238,0.238
1.840,-29.050,-10.154,0.192,0.192,0.223,0.223
1.842,-28.903,-10.089,0.201,0.201,0.215,0.215
1.842,-28.854,-10.075,0.195,0.195,0.227,0.227
1.842,-28.838,-10.077,0.195,0.195,0.226,0.226
1.841,-28.773,-10.104,0.194,0.194,0.209,0.209
1.840,-28.659,-10.137,0.195,0.195,0.237,0.237
1.840,-28.740,-10.133,0.203,0.203,0.240,0.240
1.840,-28.822,-10.135,0.194,0.194,0.233,0.233
1.840,-29.034,-10.130,0.200,0.200,0.227,0.227
1.840,-29.246,-10.128,0.200,0.200,0.230,0.230
1.840,-29.393,-10.134,0.209,0.209,0.237,0.237
1.839,-29.409,-10.165,0.191,0.191,0.217,0.217
1.837,-29.491,-10.229,0.212,0.212,0.241,0.241
1.836,-29.719,-10.255,0.194,0.194,0.250,0.250
1.838,-29.850,-10.214,0.220,0.220,0.238,0.238
1.840,-30.013,-10.134,0.194,0.194,0.241,0.241
1.842,-30.258,-10.077,0.221,0.221,0.246,0.246
1.840,-30.242,-10.126,0.200,0.200,0.247,0.247
1.839,-30.062,-10.162,0.220,0.220,0.232,0.232
1.840,-29.850,-10.153,0.197,0.197,0.246,0.246
1.840,-29.964,-10.152,0.224,0.224,0.253,0.253
1.839,-30.078,-10.177,0.206,0.206,0.250,0.250
1.839,-30.013,-10.183,0.218,0.218,0.250,0.250
1.839,-29.883,-10.165,0.211,0.211,0.249,0.249
1.838,-29.834,-10.207,0.211,0.211,0.247,0.247
1.836,-29.736,-10.265,0.214,0.214,0.255,0.255
1.834,-29.524,-10.315,0.200,0.200,0.249,0.249
1.839,-29.507,-10.164,0.209,0.209,0.252,0.252
1.839,-29.687,-10.168,0.203,0.203,0.252,0.252
1.840,-29.866,-10.155,0.198,0.198,0.247,0.247
1.839,-29.899,-10.180,0.200,0.200,0.246,0.246
1.838,-29.899,-10.207,0.209,0.209,0.250,0.250
1.837,-29.736,-10.219,0.195,0.195,0.252,0.252
1.837,-29.491,-10.225,0.206,0.206,0.246,0.246
1.837,-29.360,-10.220,0.206,0.206,0.246,0.246
1.836,-29.344,-10.263,0.227,0.227,0.246,0.246
1.837,-29.360,-10.230,0.211,0.211,0.253,0.253
1.836,-29.377,-10.257,0.243,0.243,0.252,0.252
1.834,-29.409,-10.318,0.233,0.233,0.255,0.255
1.833,-29.377,-10.351,0.253,0.253,0.247,0.247
1.834,-29.491,-10.316,0.244,0.244,0.275,0.275
1.836,-29.703,-10.247,0.269,0.269,0.281,0.281
1.837,-29.883,-10.218,0.250,0.250,0.279,0.279
1.837,-29.883,-10.231,0.261,0.261,0.275,0.275
1.837,-29.883,-10.235,0.249,0.249,0.270,0.270
1.835,-29.866,-10.276,0.264,0.264,0.259,0.259
1.834,-29.866,-10.315,0.243,0.243,0.250,0.250
1.834,-29.997,-10.308,0.258,0.258,0.264,0.264
1.834,-30.209,-10.318,0.241,0.241,0.281,0.281
1.835,-30.486,-10.295,0.246,0.246,0.273,0.273
1.835,-30.764,-10.297,0.237,0.237,0.262,0.262
1.833,-30.862,-10.351,0.244,0.244,0.258,0.258
1.830,-30.878,-10.445,0.233,0.233,0.264,0.264
1.830,-30.845,-10.448,0.233,0.233,0.247,0.247
1.833,-30.829,-10.353,0.243,0.243,0.258,0.258
1.835,-30.829,-10.284,0.235,0.235,0.262,0.262
1.834,-30.845,-10.312,0.229,0.229,0.253,0.253
1.834,-30.862,-10.333,0.223,0.223,0.253,0.253
1.832,-30.715,-10.373,0.224,0.224,0.246,0.246
1.832,-30.503,-10.379,0.214,0.214,0.256,0.256
1.832,-30.340,-10.390,0.224,0.224,0.237,0.237
1.832,-30.340,-10.396,0.215,0.215,0.250,0.250
1.832,-30.454,-10.380,0.227,0.227,0.252,0.252
1.832,-30.715,-10.393,0.204,0.204,0.252,0.252
1.829,-30.878,-10.476,0.232,0.232,0.247,0.247
1.827,-30.878,-10.535,0.218,0.218,0.243,0.243
1.828,-30.960,-10.519,0.230,0.230,0.250,0.250
1.831,-31.188,-10.401,0.215,0.215,0.259,0.259
1.831,-31.335,-10.415,0.233,0.233,0.252,0.252
1.831,-31.368,-10.407,0.212,0.212,0.253,0.253
1.830,-31.368,-10.434,0.230,0.230,0.255,0.255
1.828,-31.302,-10.499,0.224,0.224,0.255,0.255
1.829,-31.204,-10.491,0.237,0.237,0.272,0.272
1.828,-30.992,-10.493,0.229,0.229,0.264,0.264
1.829,-30.829,-10.477,0.241,0.241,0.253,0.253
1.828,-30.829,-10.513,0.230,0.230,0.252,0.252
1.828,-30.829,-10.520,0.240,0.240,0.249,0.249
1.826,-30.845,-10.566,0.218,0.218,0.256,0.256
1.823,-30.862,-10.646,0.227,0.227,0.247,0.247
1.823,-30.731,-10.649,0.215,0.215,0.266,0.266
1.827,-30.503,-10.525,0.217,0.217,0.233,0.233
1.828,-30.356,-10.519,0.208,0.208,0.237,0.237
1.827,-30.323,-10.533,0.214,0.214,0.232,0.232
1.826,-30.242,-10.558,0.215,0.215,0.240,0.240
1.826,-30.029,-10.578,0.206,0.206,0.232,0.232
1.824,-29.834,-10.636,0.223,0.223,0.240,0.240
1.825,-29.932,-10.597,0.211,0.211,0.223,0.223
1.824,-30.225,-10.619,0.226,0.226,0.241,0.241
1.824,-30.388,-10.636,0.203,0.203,0.252,0.252
1.824,-30.405,-10.621,0.233,0.233,0.233,0.233
1.823,-30.519,-10.644,0.212,0.212,0.233,0.233
1.821,-30.715,-10.720,0.224,0.224,0.235,0.235
1.819,-30.845,-10.796,0.211,0.211,0.246,0.246
1.821,-30.992,-10.725,0.240,0.240,0.223,0.223
1.822,-31.188,-10.679,0.212,0.212,0.250,0.250
1.823,-31.335,-10.651,0.232,0.232,0.255,0.255
1.822,-31.335,-10.698,0.215,0.215,0.250,0.250
1.821,-31.449,-10.719,0.227,0.227,0.249,0.249
1.820,-31.661,-10.741,0.221,0.221,0.247,0.247
1.819,-31.808,-10.769,0.223,0.223,0.252,0.252
1.819,-31.857,-10.768,0.227,0.227,0.247,0.247
1.820,-31.808,-10.744,0.221,0.221,0.247,0.247
1.819,-31.694,-10.778,0.204,0.204,0.255,0.255
1.819,-31.466,-10.791,0.220,0.220,0.250,0.250
1.817,-31.449,-10.843,0.224,0.224,0.255,0.255
1.815,-31.629,-10.922,0.215,0.215,0.255,0.255
1.814,-31.694,-10.946,0.214,0.214,0.246,0.246
1.817,-31.368,-10.837,0.215,0.215,0.247,0.247
1.818,-30.992,-10.821,0.226,0.226,0.244,0.244
1.819,-30.796,-10.788,0.211,0.211,0.246,0.246
1.817,-30.780,-10.853,0.226,0.226,0.246,0.246
1.816,-30.699,-10.887,0.211,0.211,0.243,0.243
1.815,-30.519,-10.922,0.223,0.223,0.258,0.258
1.814,-30.356,-10.931,0.203,0.203,0.246,0.246
1.814,-30.356,-10.925,0.224,0.224,0.237,0.237
1.815,-30.340,-10.917,0.209,0.209,0.246,0.246
1.814,-30.486,-10.948,0.226,0.226,0.250,0.250
1.812,-30.731,-10.987,0.215,0.215,0.255,0.255
1.811,-30.976,-11.039,0.240,0.240,0.255,0.255
1.808,-31.335,-11.111,0.224,0.224,0.255,0.255
1.809,-31.825,-11.102,0.255,0.255,0.261,0.261
1.812,-32.233,-10.999,0.237,0.237,0.272,0.272
1.812,-32.510,-10.986,0.249,0.249,0.266,0.266
1.812,-32.722,-10.983,0.232,0.232,0.264,0.264
1.811,-32.934,-11.020,0.255,0.255,0.261,0.261
1.809,-33.179,-11.079,0.227,0.227,0.267,0.267
1.808,-33.228,-11.123,0.238,0.238,0.247,0.247
1.808,-32.967,-11.114,0.235,0.235,0.264,0.264
1.807,-32.673,-11.146,0.241,0.241,0.272,0.272
1.808,-32.396,-11.143,0.227,0.227,0.266,0.266
1.807,-32.184,-11.153,0.240,0.240,0.256,0.256
1.806,-31.906,-11.202,0.226,0.226,0.253,0.253
1.803,-31.645,-11.300,0.230,0.230,0.258,0.258
1.801,-31.400,-11.337,0.223,0.223,0.253,0.253
1.805,-31.302,-11.213,0.230,0.230,0.259,0.259
1.806,-31.286,-11.206,0.224,0.224,0.255,0.255
1.806,-31.286,-11.194,0.227,0.227,0.246,0.246
1.805,-31.482,-11.235,0.232,0.232,0.247,0.247
1.803,-31.661,-11.278,0.232,0.232,0.252,0.252
1.803,-31.825,-11.294,0.224,0.224,0.253,0.253
1.803,-31.841,-11.302,0.235,0.235,0.246,0.246
1.802,-31.841,-11.329,0.227,0.227,0.253,0.253
1.802,-31.792,-11.319,0.217,0.217,0.250,0.250
1.801,-31.808,-11.342,0.226,0.226,0.252,0.252
1.800,-31.792,-11.397,0.230,0.230,0.252,0.252
1.796,-31.661,-11.522,0.235,0.235,0.255,0.255
1.796,-31.335,-11.523,0.220,0.220,0.252,0.252
1.797,-30.829,-11.484,0.247,0.247,0.249,0.249
1.799,-30.323,-11.405,0.226,0.226,0.253,0.253
1.800,-29.948,-11.399,0.240,0.240,0.253,0.253
1.797,-29.670,-11.482,0.227,0.227,0.255,0.255
1.797,-29.475,-11.471,0.240,0.240,0.249,0.249
1.796,-29.360,-11.503,0.226,0.226,0.270,0.270
1.795,-29.344,-11.533,0.237,0.237,0.250,0.250
1.795,-29.360,-11.546,0.221,0.221,0.246,0.246
1.795,-29.524,-11.542,0.241,0.241,0.249,0.249
1.795,-29.736,-11.545,0.214,0.214,0.249,0.249
1.794,-30.095,-11.578,0.232,0.232,0.249,0.249
1.790,-30.584,-11.690,0.220,0.220,0.246,0.246
1.788,-30.992,-11.735,0.227,0.227,0.258,0.258
1.788,-31.400,-11.754,0.194,0.194,0.226,0.226
1.790,-31.825,-11.679,0.220,0.220,0.221,0.221
1.793,-32.216,-11.601,0.200,0.200,0.229,0.229
1.791,-32.380,-11.660,0.212,0.212,0.233,0.233
1.791,-32.396,-11.667,0.203,0.203,0.237,0.237
1.789,-32.347,-11.725,0.217,0.217,0.227,0.227
1.787,-32.184,-11.779,0.212,0.212,0.243,0.243
1.787,-31.972,-11.786,0.215,0.215,0.230,0.230
1.786,-31.629,-11.812,0.218,0.218,0.238,0.238
1.787,-31.580,-11.774,0.217,0.217,0.232,0.232
1.786,-31.629,-11.807,0.212,0.212,0.240,0.240
1.785,-31.923,-11.840,0.208,0.208,0.233,0.233
1.782,-32.249,-11.944,0.215,0.215,0.238,0.238
1.780,-32.477,-12.018,0.204,0.204,0.227,0.227
1.783,-32.853,-11.895,0.211,0.211,0.247,0.247
1.785,-33.196,-11.842,0.211,0.211,0.253,0.253
1.783,-33.457,-11.901,0.221,0.221,0.249,0.249
1.783,-33.881,-11.906,0.203,0.203,0.243,0.243
1.781,-34.305,-11.969,0.221,0.221,0.247,0.247
1.781,-34.844,-11.986,0.194,0.194,0.252,0.252
1.780,-35.350,-12.026,0.217,0.217,0.221,0.221
1.778,-35.578,-12.075,0.189,0.189,0.243,0.243
1.778,-35.382,-12.082,0.214,0.214,0.246,0.246
1.778,-34.860,-12.082,0.192,0.192,0.249,0.249
1.776,-34.338,-12.148,0.212,0.212,0.246,0.246
1.773,-33.636,-12.265,0.197,0.197,0.240,0.240
1.771,-32.934,-12.337,0.211,0.211,0.249,0.249
1.775,-32.412,-12.198,0.200,0.200,0.247,0.247
1.776,-32.265,-12.150,0.221,0.221,0.247,0.247
1.776,-32.445,-12.161,0.204,0.204,0.244,0.244
1.775,-32.788,-12.195,0.217,0.217,0.243,0.243
1.773,-33.244,-12.262,0.194,0.194,0.247,0.247
1.772,-33.522,-12.305,0.218,0.218,0.229,0.229
1.772,-33.881,-12.309,0.203,0.203,0.252,0.252
1.771,-34.305,-12.342,0.217,0.217,0.253,0.253
1.769,-34.697,-12.389,0.204,0.204,0.244,0.244
1.770,-34.828,-12.365,0.232,0.232,0.243,0.243
1.769,-34.860,-12.407,0.220,0.220,0.246,0.246
1.766,-34.713,-12.511,0.233,0.233,0.252,0.252
1.763,-34.305,-12.590,0.232,0.232,0.275,0.275
1.762,-33.930,-12.628,0.237,0.237,0.267,0.267
1.765,-33.783,-12.543,0.229,0.229,0.261,0.261
1.766,-33.783,-12.499,0.243,0.243,0.272,0.272
1.766,-33.652,-12.503,0.233,0.233,0.269,0.269
1.764,-33.359,-12.577,0.237,0.237,0.270,0.270
1.763,-32.869,-12.598,0.238,0.238,0.267,0.267
1.763,-32.412,-12.602,0.235,0.235,0.276,0.276
1.762,-32.249,-12.646,0.235,0.235,0.262,0.262
1.760,-32.543,-12.688,0.232,0.232,0.270,0.270
1.760,-33.261,-12.712,0.244,0.244,0.270,0.270
1.759,-34.191,-12.722,0.232,0.232,0.259,0.259
1.758,-34.779,-12.769,0.229,0.229,0.259,0.259
1.754,-34.779,-12.890,0.233,0.233,0.258,0.258
1.753,-34.550,-12.930,0.240,0.240,0.240,0.240
1.755,-34.289,-12.881,0.224,0.224,0.255,0.255
1.756,-34.371,-12.826,0.241,0.241,0.261,0.261
1.756,-34.632,-12.840,0.232,0.232,0.253,0.253
1.755,-34.811,-12.863,0.243,0.243,0.250,0.250
1.754,-34.828,-12.917,0.227,0.227,0.252,0.252
1.753,-34.811,-12.946,0.243,0.243,0.255,0.255
1.751,-34.811,-13.010,0.227,0.227,0.227,0.227
1.752,-34.828,-12.990,0.246,0.246,0.249,0.249
1.751,-34.664,-13.003,0.249,0.249,0.256,0.256
1.750,-34.354,-13.045,0.276,0.276,0.250,0.250
1.747,-33.816,-13.153,0.269,0.269,0.253,0.253
1.744,-33.277,-13.235,0.282,0.282,0.244,0.244
1.745,-32.918,-13.207,0.273,0.273,0.252,0.252
1.745,-32.755,-13.206,0.298,0.298,0.250,0.250
1.748,-33.032,-13.127,0.282,0.282,0.253,0.253
1.746,-33.652,-13.172,0.304,0.304,0.252,0.252
1.745,-34.338,-13.218,0.299,0.299,0.255,0.255
1.744,-34.893,-13.253,0.301,0.301,0.253,0.253
1.743,-35.236,-13.298,0.284,0.284,0.249,0.249
1.741,-35.350,-13.342,0.291,0.291,0.250,0.250
1.741,-35.236,-13.365,0.288,0.288,0.259,0.259
1.740,-34.925,-13.381,0.279,0.279,0.249,0.249
1.740,-34.795,-13.397,0.288,0.288,0.247,0.247
1.738,-34.876,-13.461,0.270,0.270,0.252,0.252
1.735,-35.138,-13.578,0.279,0.279,0.246,0.246
1.732,-35.317,-13.664,0.240,0.240,0.255,0.255
1.734,-35.219,-13.591,0.255,0.255,0.232,0.232
1.737,-34.958,-13.487,0.230,0.230,0.224,0.224
1.737,-34.713,-13.498,0.237,0.237,0.226,0.226
1.736,-34.403,-13.533,0.214,0.214,0.233,0.233
1.733,-34.305,-13.645,0.240,0.240,0.232,0.232
1.732,-34.175,-13.673,0.208,0.208,0.233,0.233
1.731,-33.930,-13.692,0.221,0.221,0.237,0.237
1.731,-33.816,-13.701,0.204,0.204,0.235,0.235
1.730,-33.767,-13.737,0.221,0.221,0.232,0.232
1.728,-33.685,-13.789,0.204,0.204,0.230,0.230
1.728,-33.440,-13.813,0.203,0.203,0.233,0.233
1.725,-33.310,-13.897,0.195,0.195,0.243,0.243
1.722,-33.391,-13.997,0.200,0.200,0.244,0.244
1.721,-33.636,-14.023,0.185,0.185,0.240,0.240
1.725,-33.848,-13.908,0.197,0.197,0.250,0.250
1.726,-33.848,-13.880,0.186,0.186,0.247,0.247
1.725,-33.848,-13.918,0.185,0.185,0.246,0.246
1.723,-33.816,-13.977,0.175,0.175,0.250,0.250
1.721,-33.816,-14.044,0.188,0.188,0.250,0.250
1.720,-33.914,-14.090,0.182,0.182,0.252,0.252
1.719,-34.289,-14.098,0.174,0.174,0.249,0.249
1.719,-34.697,-14.120,0.188,0.188,0.261,0.261
1.718,-34.942,-14.143,0.174,0.174,0.259,0.259
1.717,-35.203,-14.179,0.183,0.183,0.255,0.255
1.714,-35.219,-14.282,0.169,0.169,0.253,0.253
1.711,-35.105,-14.404,0.182,0.182,0.255,0.255
1.710,-35.121,-14.413,0.172,0.172,0.252,0.252
1.713,-35.268,-14.312,0.188,0.188,0.240,0.240
1.714,-35.350,-14.278,0.175,0.175,0.258,0.258
1.713,-35.187,-14.328,0.189,0.189,0.261,0.261
1.712,-34.958,-14.368,0.169,0.169,0.252,0.252
1.710,-34.811,-14.423,0.188,0.188,0.244,0.244
1.709,-34.615,-14.465,0.174,0.174,0.246,0.246
1.707,-34.452,-14.517,0.188,0.188,0.249,0.249
1.707,-34.191,-14.541,0.165,0.165,0.235,0.235
1.706,-34.142,-14.557,0.198,0.198,0.247,0.247
1.704,-34.599,-14.619,0.186,0.186,0.261,0.261
1.703,-35.366,-14.661,0.203,0.203,0.252,0.252
1.699,-36.068,-14.804,0.200,0.200,0.252,0.252
1.697,-36.247,-14.862,0.221,0.221,0.255,0.255
1.698,-36.003,-14.838,0.203,0.203,0.269,0.269
1.701,-35.921,-14.747,0.229,0.229,0.261,0.261
1.700,-36.198,-14.770,0.214,0.214,0.278,0.278
1.699,-36.851,-14.807,0.233,0.233,0.266,0.266
1.697,-37.520,-14.870,0.215,0.215,0.273,0.273
1.696,-37.847,-14.935,0.243,0.243,0.281,0.281
1.694,-37.732,-14.999,0.223,0.223,0.270,0.270
1.694,-37.292,-15.004,0.232,0.232,0.259,0.259
1.694,-36.753,-15.007,0.215,0.215,0.261,0.261
1.693,-36.231,-15.016,0.229,0.229,0.272,0.272
1.691,-35.725,-15.090,0.212,0.212,0.262,0.262
1.689,-35.138,-15.183,0.235,0.235,0.262,0.262
1.687,-34.305,-15.260,0.215,0.215,0.262,0.262
1.685,-33.212,-15.307,0.230,0.230,0.261,0.261
1.686,-31.890,-15.284,0.218,0.218,0.255,0.255
1.689,-30.617,-15.201,0.229,0.229,0.250,0.250
1.686,-29.507,-15.278,0.227,0.227,0.252,0.252
1.685,-28.626,-15.306,0.226,0.226,0.256,0.256
1.683,-27.696,-15.360,0.233,0.233,0.253,0.253
1.682,-26.406,-15.398,0.224,0.224,0.256,0.256
1.682,-24.938,-15.393,0.223,0.223,0.255,0.255
1.681,-23.501,-15.422,0.218,0.218,0.243,0.243
1.680,-22.392,-15.434,0.232,0.232,0.240,0.240
1.678,-21.494,-15.471,0.227,0.227,0.246,0.246
1.675,-20.825,-15.539,0.230,0.230,0.255,0.255
1.673,-19.976,-15.587,0.240,0.240,0.249,0.249
1.673,-19.030,-15.595,0.237,0.237,0.247,0.247
1.675,-17.887,-15.548,0.224,0.224,0.249,0.249
1.676,-16.549,-15.526,0.240,0.240,0.247,0.247
1.675,-15.276,-15.543,0.229,0.229,0.233,0.233
1.674,-14.607,-15.563,0.246,0.246,0.252,0.252
1.672,-14.444,-15.593,0.230,0.230,0.255,0.255
1.671,-14.428,-15.605,0.249,0.249,0.252,0.252
1.670,-14.020,-15.627,0.232,0.232,0.253,0.253
1.668,-12.926,-15.641,0.249,0.249,0.252,0.252
1.667,-11.294,-15.653,0.226,0.226,0.253,0.253
1.667,-9.744,-15.659,0.250,0.250,0.227,0.227
1.663,-8.667,-15.692,0.218,0.218,0.244,0.244
1.661,-8.063,-15.712,0.240,0.240,0.249,0.249
1.659,-7.622,-15.724,0.214,0.214,0.244,0.244
1.663,-7.067,-15.700,0.232,0.232,0.226,0.226
1.664,-6.349,-15.693,0.198,0.198,0.229,0.229
1.662,-5.680,-15.702,0.227,0.227,0.221,0.221
1.661,-5.174,-15.709,0.212,0.212,0.232,0.232
1.659,-4.684,-15.718,0.224,0.224,0.224,0.224
1.658,-4.342,-15.725,0.217,0.217,0.226,0.226
1.656,-4.097,-15.732,0.224,0.224,0.229,0.229
1.657,-3.868,-15.729,0.221,0.221,0.238,0.238
1.655,-3.738,-15.733,0.212,0.212,0.240,0.240
1.654,-3.624,-15.737,0.226,0.226,0.235,0.235
1.654,-3.281,-15.739,0.215,0.215,0.261,0.261
1.650,-2.808,-15.751,0.227,0.227,0.233,0.233
1.647,-2.383,-15.758,0.215,0.215,0.233,0.233
1.648,-2.351,-15.756,0.232,0.232,0.243,0.243
1.650,-2.596,-15.752,0.215,0.215,0.244,0.244
1.651,-2.579,-15.749,0.226,0.226,0.244,0.244
1.649,-2.106,-15.754,0.217,0.217,0.247,0.247
1.647,-1.796,-15.758,0.233,0.233,0.264,0.264
1.645,-1.698,-15.760,0.224,0.224,0.243,0.243
1.644,-1.894,-15.763,0.227,0.227,0.241,0.241
1.644,-2.057,-15.763,0.212,0.212,0.246,0.246
1.643,-1.959,-15.765,0.230,0.230,0.247,0.247
1.642,-1.861,-15.767,0.212,0.212,0.244,0.244
1.640,-1.780,-15.771,0.232,0.232,0.249,0.249
1.638,-1.796,-15.774,0.221,0.221,0.252,0.252
1.636,-1.780,-15.778,0.233,0.233,0.249,0.249
1.636,-1.796,-15.778,0.214,0.214,0.247,0.247
1.638,-1.698,-15.775,0.240,0.240,0.241,0.241
1.639,-1.453,-15.773,0.215,0.215,0.249,0.249
1.637,-1.159,-15.775,0.233,0.233,0.244,0.244
1.635,-1.045,-15.777,0.218,0.218,0.246,0.246
1.634,-1.127,-15.778,0.230,0.230,0.238,0.238
1.632,-1.388,-15.781,0.208,0.208,0.246,0.246
1.631,-1.600,-15.782,0.227,0.227,0.244,0.244
1.630,-1.502,-15.784,0.221,0.221,0.246,0.246
1.630,-1.355,-15.784,0.230,0.230,0.246,0.246
1.629,-1.274,-15.786,0.221,0.221,0.237,0.237
1.626,-1.306,-15.789,0.237,0.237,0.243,0.243
1.623,-1.274,-15.793,0.230,0.230,0.258,0.258
1.623,-1.339,-15.793,0.235,0.235,0.255,0.255
1.623,-1.437,-15.794,0.244,0.244,0.284,0.284
1.625,-1.649,-15.790,0.246,0.246,0.266,0.266
1.625,-1.828,-15.790,0.247,0.247,0.270,0.270
1.624,-1.714,-15.791,0.241,0.241,0.269,0.269
1.622,-1.469,-15.795,0.247,0.247,0.276,0.276
1.620,-1.404,-15.797,0.249,0.249,0.262,0.262
1.619,-1.616,-15.799,0.244,0.244,0.270,0.270
1.619,-1.812,-15.800,0.241,0.241,0.266,0.266
1.618,-1.828,-15.801,0.244,0.244,0.270,0.270
1.617,-1.714,-15.804,0.230,0.230,0.262,0.262
1.616,-1.420,-15.805,0.241,0.241,0.288,0.288
1.612,-1.274,-15.810,0.230,0.230,0.264,0.264
1.611,-1.176,-15.812,0.238,0.238,0.249,0.249
1.611,-0.964,-15.811,0.233,0.233,0.258,0.258
1.612,-0.817,-15.810,0.253,0.253,0.255,0.255
1.612,-0.800,-15.810,0.230,0.230,0.259,0.259
1.610,-0.817,-15.812,0.241,0.241,0.255,0.255
1.609,-0.817,-15.813,0.233,0.233,0.264,0.264
1.609,-0.686,-15.813,0.256,0.256,0.244,0.244
1.607,-0.441,-15.814,0.233,0.233,0.247,0.247
1.607,-0.441,-15.814,0.266,0.266,0.246,0.246
1.606,-0.458,-15.814,0.243,0.243,0.250,0.250
1.604,-0.245,-15.815,0.261,0.261,0.249,0.249
1.602,0.065,-15.815,0.249,0.249,0.250,0.250
1.599,0.212,-15.815,0.273,0.273,0.253,0.253
1.599,0.163,-15.815,0.255,0.255,0.250,0.250
1.600,0.130,-15.815,0.267,0.267,0.246,0.246
1.601,0.146,-15.815,0.253,0.253,0.253,0.253
1.600,0.097,-15.815,0.269,0.269,0.252,0.252
1.598,0.260,-15.815,0.249,0.249,0.256,0.256
1.596,0.505,-15.814,0.262,0.262,0.253,0.253
1.596,0.636,-15.813,0.253,0.253,0.253,0.253
1.594,0.668,-15.813,0.270,0.270,0.253,0.253
1.593,0.750,-15.812,0.249,0.249,0.255,0.255
1.592,0.995,-15.811,0.270,0.270,0.252,0.252
1.593,1.125,-15.811,0.249,0.249,0.255,0.255
1.592,1.272,-15.810,0.249,0.249,0.243,0.243
1.589,1.501,-15.807,0.244,0.244,0.256,0.256
1.587,1.599,-15.804,0.235,0.235,0.252,0.252
1.587,1.648,-15.803,0.226,0.226,0.249,0.249
1.588,1.615,-15.806,0.211,0.211,0.237,0.237
1.588,1.729,-15.804,0.220,0.220,0.233,0.233
1.587,2.007,-15.803,0.206,0.206,0.227,0.227
1.586,2.121,-15.800,0.215,0.215,0.232,0.232
1.584,2.154,-15.798,0.201,0.201,0.230,0.230
1.582,2.154,-15.794,0.230,0.230,0.233,0.233
1.581,2.088,-15.791,0.203,0.203,0.237,0.237
1.580,2.121,-15.788,0.220,0.220,0.233,0.233
1.580,2.105,-15.787,0.209,0.209,0.235,0.235
1.579,2.252,-15.785,0.229,0.229,0.224,0.224
1.577,2.480,-15.781,0.203,0.203,0.261,0.261
1.575,2.725,-15.775,0.227,0.227,0.241,0.241
1.574,3.002,-15.775,0.217,0.217,0.241,0.241
1.573,3.084,-15.772,0.232,0.232,0.243,0.243
1.576,3.116,-15.780,0.212,0.212,0.249,0.249
1.575,3.100,-15.778,0.233,0.233,0.246,0.246
1.573,3.100,-15.770,0.214,0.214,0.252,0.252
1.572,3.084,-15.767,0.229,0.229,0.255,0.255
1.570,3.068,-15.762,0.208,0.208,0.252,0.252
1.570,3.100,-15.760,0.227,0.227,0.252,0.252
1.568,3.100,-15.755,0.209,0.209,0.255,0.255
1.568,3.182,-15.755,0.215,0.215,0.250,0.250
1.567,3.312,-15.751,0.212,0.212,0.249,0.249
1.564,3.263,-15.743,0.215,0.215,0.244,0.244
1.562,3.116,-15.735,0.212,0.212,0.243,0.243
1.562,3.068,-15.736,0.215,0.215,0.249,0.249
1.563,3.068,-15.739,0.214,0.214,0.252,0.252
1.563,3.084,-15.739,0.206,0.206,0.250,0.250
1.563,3.068,-15.738,0.201,0.201,0.252,0.252
1.560,3.084,-15.730,0.204,0.204,0.246,0.246
1.559,3.214,-15.728,0.203,0.203,0.246,0.246
1.558,3.427,-15.725,0.192,0.192,0.243,0.243
1.558,3.573,-15.723,0.208,0.208,0.246,0.246
1.557,3.720,-15.718,0.192,0.192,0.246,0.246
1.556,3.949,-15.715,0.209,0.209,0.241,0.241
1.555,4.096,-15.710,0.191,0.191,0.246,0.246
1.552,4.112,-15.697,0.215,0.215,0.235,0.235
1.550,4.079,-15.690,0.208,0.208,0.247,0.247
1.549,4.096,-15.689,0.211,0.211,0.250,0.250
1.551,4.047,-15.696,0.215,0.215,0.253,0.253
1.551,3.949,-15.696,0.232,0.232,0.273,0.273
1.549,3.688,-15.688,0.212,0.212,0.269,0.269
1.549,3.573,-15.687,0.240,0.240,0.267,0.267
1.547,3.508,-15.679,0.221,0.221,0.273,0.273
1.546,3.573,-15.676,0.230,0.230,0.270,0.270
1.544,3.590,-15.671,0.221,0.221,0.262,0.262
1.545,3.573,-15.672,0.235,0.235,0.267,0.267
1.544,3.622,-15.668,0.212,0.212,0.267,0.267
1.543,3.573,-15.666,0.230,0.230,0.261,0.261
1.541,3.459,-15.660,0.220,0.220,0.267,0.267
1.539,3.231,-15.652,0.227,0.227,0.290,0.290
1.537,3.214,-15.646,0.206,0.206,0.262,0.262
1.536,3.394,-15.641,0.238,0.238,0.252,0.252
1.538,3.557,-15.648,0.211,0.211,0.256,0.256
1.539,3.622,-15.653,0.232,0.232,0.252,0.252
1.538,3.590,-15.649,0.212,0.212,0.255,0.255
1.535,3.573,-15.638,0.226,0.226,0.253,0.253
1.534,3.557,-15.634,0.217,0.217,0.267,0.267
1.532,3.590,-15.629,0.223,0.223,0.252,0.252
1.532,3.590,-15.628,0.220,0.220,0.255,0.255
1.530,3.459,-15.622,0.227,0.227,0.252,0.252
1.530,3.214,-15.620,0.218,0.218,0.256,0.256
1.529,2.937,-15.620,0.223,0.223,0.247,0.247
1.527,2.708,-15.613,0.229,0.229,0.249,0.249
1.523,2.578,-15.602,0.227,0.227,0.252,0.252
1.525,2.431,-15.607,0.221,0.221,0.255,0.255
1.526,2.235,-15.610,0.226,0.226,0.255,0.255
1.526,2.121,-15.610,0.229,0.229,0.256,0.256
1.525,2.072,-15.607,0.218,0.218,0.250,0.250
1.523,2.105,-15.602,0.241,0.241,0.249,0.249
1.521,2.105,-15.599,0.223,0.223,0.250,0.250
1.521,2.121,-15.598,0.237,0.237,0.243,0.243
1.520,1.974,-15.596,0.224,0.224,0.255,0.255
1.519,1.860,-15.595,0.238,0.238,0.258,0.258
1.518,1.925,-15.593,0.227,0.227,0.249,0.249
1.517,2.121,-15.591,0.230,0.230,0.246,0.246
1.514,2.105,-15.584,0.221,0.221,0.244,0.244
1.511,2.252,-15.578,0.233,0.233,0.250,0.250
1.511,2.447,-15.579,0.214,0.214,0.241,0.241
1.512,2.611,-15.582,0.224,0.224,0.244,0.244
1.513,2.643,-15.584,0.209,0.209,0.238,0.238
1.514,2.611,-15.585,0.223,0.223,0.229,0.229
1.512,2.594,-15.580,0.201,0.201,0.229,0.229
1.509,2.611,-15.573,0.230,0.230,0.217,0.217
1.508,2.496,-15.571,0.208,0.208,0.227,0.227
1.507,2.252,-15.569,0.224,0.224,0.218,0.218
1.506,2.105,-15.566,0.206,0.206,0.232,0.232
1.505,2.072,-15.564,0.224,0.224,0.240,0.240
1.504,2.088,-15.562,0.215,0.215,0.241,0.241
1.503,2.105,-15.559,0.221,0.221,0.226,0.226
1.500,2.105,-15.553,0.220,0.220,0.237,0.237
1.499,2.088,-15.551,0.224,0.224,0.240,0.240
1.499,1.974,-15.551,0.229,0.229,0.240,0.240
1.501,1.762,-15.555,0.218,0.218,0.240,0.240
1.501,1.599,-15.555,0.230,0.230,0.249,0.249
1.498,1.566,-15.551,0.218,0.218,0.240,0.240
1.498,1.582,-15.550,0.224,0.224,0.252,0.252
1.496,1.729,-15.548,0.221,0.221,0.246,0.246
1.495,1.974,-15.545,0.230,0.230,0.241,0.241
1.495,2.121,-15.545,0.215,0.215,0.240,0.240
1.493,2.121,-15.541,0.223,0.223,0.240,0.240
1.493,2.137,-15.541,0.201,0.201,0.255,0.255
1.490,2.088,-15.535,0.230,0.230,0.255,0.255
1.488,2.154,-15.531,0.212,0.212,0.247,0.247
1.486,2.219,-15.525,0.230,0.230,0.243,0.243
1.486,2.513,-15.527,0.212,0.212,0.250,0.250
1.489,2.611,-15.534,0.227,0.227,0.255,0.255
1.488,2.757,-15.530,0.206,0.206,0.249,0.249
1.486,3.002,-15.526,0.224,0.224,0.240,0.240
1.485,3.084,-15.521,0.208,0.208,0.249,0.249
1.483,3.133,-15.516,0.224,0.224,0.246,0.246
1.483,2.970,-15.515,0.212,0.212,0.233,0.233
1.482,2.872,-15.514,0.226,0.226,0.246,0.246
1.482,2.806,-15.512,0.206,0.206,0.252,0.252
1.480,2.708,-15.508,0.237,0.237,0.240,0.240
1.478,2.464,-15.503,0.208,0.208,0.241,0.241
1.476,2.349,-15.496,0.233,0.233,0.252,0.252
1.475,2.545,-15.494,0.214,0.214,0.252,0.252
1.474,2.953,-15.492,0.244,0.244,0.264,0.264
1.477,3.231,-15.501,0.229,0.229,0.258,0.258
1.476,3.508,-15.499,0.249,0.249,0.262,0.262
1.475,3.590,-15.495,0.238,0.238,0.273,0.273
1.473,3.639,-15.489,0.247,0.247,0.276,0.276
1.472,3.606,-15.483,0.243,0.243,0.275,0.275
1.471,3.606,-15.480,0.244,0.244,0.270,0.270
1.470,3.688,-15.477,0.244,0.244,0.288,0.288
1.468,3.932,-15.470,0.240,0.240,0.273,0.273
1.468,4.194,-15.468,0.230,0.230,0.266,0.266
1.468,4.585,-15.468,0.237,0.237,0.264,0.264
1.465,4.961,-15.457,0.237,0.237,0.267,0.267
1.462,5.091,-15.439,0.227,0.227,0.258,0.258
1.462,5.124,-15.437,0.238,0.238,0.264,0.264
1.461,5.059,-15.435,0.230,0.230,0.281,0.281
1.464,5.173,-15.451,0.230,0.230,0.261,0.261
1.464,5.385,-15.451,0.235,0.235,0.252,0.252
1.461,5.564,-15.432,0.235,0.235,0.258,0.258
1.459,5.597,-15.424,0.221,0.221,0.249,0.249
1.459,5.564,-15.421,0.226,0.226,0.250,0.250
1.457,5.564,-15.413,0.221,0.221,0.250,0.250
1.457,5.581,-15.412,0.232,0.232,0.279,0.279
1.456,5.564,-15.407,0.218,0.218,0.249,0.249
1.455,5.548,-15.398,0.237,0.237,0.244,0.244
1.453,5.662,-15.388,0.221,0.221,0.253,0.253
1.450,5.907,-15.371,0.241,0.241,0.255,0.255
1.448,6.070,-15.358,0.221,0.221,0.250,0.250
1.448,6.103,-15.357,0.243,0.243,0.249,0.249
1.451,6.087,-15.380,0.221,0.221,0.267,0.267
1.452,6.038,-15.385,0.243,0.243,0.249,0.249
1.450,6.038,-15.368,0.224,0.224,0.249,0.249
1.448,6.168,-15.359,0.250,0.250,0.253,0.253
1.446,6.397,-15.350,0.232,0.232,0.253,0.253
1.445,6.527,-15.340,0.253,0.253,0.252,0.252
1.445,6.658,-15.338,0.243,0.243,0.256,0.256
1.444,6.756,-15.333,0.250,0.250,0.264,0.264
1.443,6.788,-15.324,0.233,0.233,0.255,0.255
1.440,6.772,-15.308,0.253,0.253,0.252,0.252
1.438,6.642,-15.295,0.232,0.232,0.255,0.255
1.436,6.544,-15.277,0.235,0.235,0.249,0.249
1.436,6.462,-15.280,0.230,0.230,0.252,0.252
1.438,6.609,-15.292,0.226,0.226,0.243,0.243
1.438,6.886,-15.294,0.218,0.218,0.237,0.237
1.438,7.050,-15.289,0.218,0.218,0.230,0.230
1.435,7.066,-15.274,0.220,0.220,0.226,0.226
1.435,7.131,-15.272,0.227,0.227,0.230,0.230
1.433,7.343,-15.256,0.209,0.209,0.233,0.233
1.432,7.507,-15.253,0.209,0.209,0.232,0.232
1.432,7.523,-15.248,0.218,0.218,0.235,0.235
1.431,7.507,-15.239,0.212,0.212,0.229,0.229
1.430,7.474,-15.234,0.217,0.217,0.243,0.243
1.427,7.490,-15.216,0.218,0.218,0.229,0.229
1.425,7.490,-15.197,0.224,0.224,0.240,0.240
1.423,7.507,-15.184,0.209,0.209,0.247,0.247
1.422,7.507,-15.172,0.233,0.233,0.247,0.247
1.426,7.588,-15.202,0.211,0.211,0.247,0.247
1.425,7.866,-15.200,0.240,0.240,0.233,0.233
1.423,8.012,-15.181,0.212,0.212,0.240,0.240
1.422,7.931,-15.174,0.237,0.237,0.243,0.243
1.420,7.637,-15.155,0.212,0.212,0.247,0.247
1.420,7.474,-15.158,0.238,0.238,0.264,0.264
1.419,7.572,-15.153,0.211,0.211,0.253,0.253
1.419,7.833,-15.149,0.237,0.237,0.243,0.243
1.418,8.029,-15.141,0.217,0.217,0.250,0.250
1.415,8.012,-15.122,0.229,0.229,0.252,0.252
1.413,8.029,-15.105,0.226,0.226,0.249,0.249
1.410,8.094,-15.081,0.229,0.229,0.250,0.250
1.410,8.372,-15.082,0.218,0.218,0.255,0.255
1.415,8.355,-15.116,0.229,0.229,0.247,0.247
1.414,8.176,-15.108,0.218,0.218,0.252,0.252
1.412,7.996,-15.098,0.227,0.227,0.250,0.250
1.410,7.964,-15.079,0.206,0.206,0.250,0.250
1.408,7.964,-15.067,0.223,0.223,0.237,0.237
1.407,7.996,-15.057,0.212,0.212,0.249,0.249
1.407,7.996,-15.055,0.217,0.217,0.249,0.249
1.406,7.996,-15.048,0.221,0.221,0.249,0.249
1.405,7.996,-15.036,0.214,0.214,0.247,0.247
1.402,8.127,-15.019,0.215,0.215,0.249,0.249
1.401,8.355,-15.010,0.211,0.211,0.253,0.253
1.399,8.388,-14.991,0.220,0.220,0.244,0.244
1.399,8.192,-14.991,0.221,0.221,0.253,0.253
1.400,7.996,-15.000,0.226,0.226,0.258,0.258
1.402,7.980,-15.018,0.226,0.226,0.275,0.275
1.401,7.964,-15.006,0.241,0.241,0.272,0.272
1.399,8.061,-14.989,0.223,0.223,0.273,0.273
1.397,7.996,-14.977,0.247,0.247,0.270,0.270
1.395,8.012,-14.961,0.227,0.227,0.252,0.252
1.395,7.996,-14.955,0.237,0.237,0.266,0.266
1.394,7.996,-14.947,0.220,0.220,0.276,0.276
1.392,7.980,-14.937,0.237,0.237,0.261,0.261
1.392,7.980,-14.931,0.220,0.220,0.259,0.259
1.389,8.012,-14.914,0.233,0.233,0.269,0.269
1.387,7.964,-14.892,0.224,0.224,0.264,0.264
1.385,8.029,-14.877,0.237,0.237,0.243,0.243
1.386,7.964,-14.889,0.220,0.220,0.256,0.256
1.390,8.159,-14.915,0.241,0.241,0.267,0.267
1.388,8.355,-14.901,0.218,0.218,0.252,0.252
1.388,8.518,-14.898,0.230,0.230,0.252,0.252
1.385,8.518,-14.875,0.218,0.218,0.250,0.250
1.384,8.388,-14.866,0.235,0.235,0.246,0.246
1.383,8.127,-14.860,0.221,0.221,0.232,0.232
1.382,7.866,-14.853,0.237,0.237,0.255,0.255
1.381,7.604,-14.846,0.223,0.223,0.261,0.261
1.380,7.458,-14.835,0.241,0.241,0.247,0.247
1.378,7.441,-14.822,0.221,0.221,0.244,0.244
1.374,7.490,-14.794,0.249,0.249,0.247,0.247
1.373,7.490,-14.785,0.230,0.230,0.253,0.253
1.373,7.507,-14.784,0.238,0.238,0.255,0.255
1.376,7.523,-14.806,0.218,0.218,0.256,0.256
1.375,7.507,-14.803,0.240,0.240,0.246,0.246
1.373,7.523,-14.784,0.224,0.224,0.256,0.256
1.371,7.490,-14.772,0.232,0.232,0.253,0.253
1.371,7.637,-14.773,0.244,0.244,0.258,0.258
1.370,7.735,-14.763,0.240,0.240,0.253,0.253
1.369,7.768,-14.755,0.237,0.237,0.266,0.266
1.368,7.882,-14.749,0.233,0.233,0.252,0.252
1.368,8.029,-14.745,0.237,0.237,0.258,0.258
1.366,8.029,-14.732,0.229,0.229,0.247,0.247
1.363,8.045,-14.702,0.227,0.227,0.252,0.252
1.360,7.980,-14.684,0.221,0.221,0.249,0.249
1.360,7.996,-14.684,0.229,0.229,0.247,0.247
1.363,8.012,-14.704,0.215,0.215,0.258,0.258
1.364,8.143,-14.710,0.217,0.217,0.232,0.232
1.363,8.225,-14.704,0.208,0.208,0.227,0.227
1.360,8.159,-14.682,0.215,0.215,0.226,0.226
1.359,8.045,-14.670,0.197,0.197,0.233,0.233
1.358,7.964,-14.662,0.224,0.224,0.232,0.232
1.357,7.996,-14.653,0.200,0.200,0.237,0.237
1.355,8.012,-14.642,0.226,0.226,0.255,0.255
1.355,8.012,-14.643,0.204,0.204,0.238,0.238
1.355,7.980,-14.638,0.226,0.226,0.233,0.233
1.353,8.029,-14.623,0.212,0.212,0.235,0.235
1.349,7.980,-14.594,0.230,0.230,0.243,0.243
1.346,7.996,-14.572,0.212,0.212,0.240,0.240
1.350,8.012,-14.599,0.247,0.247,0.238,0.238
1.351,7.980,-14.608,0.218,0.218,0.264,0.264
1.351,7.866,-14.611,0.229,0.229,0.244,0.244
1.349,7.768,-14.595,0.224,0.224,0.253,0.253
1.347,7.833,-14.580,0.233,0.233,0.252,0.252
1.346,7.996,-14.570,0.220,0.220,0.252,0.252
1.345,8.143,-14.560,0.238,0.238,0.258,0.258
1.344,8.372,-14.553,0.224,0.224,0.250,0.250
1.343,8.486,-14.542,0.226,0.226,0.270,0.270
1.342,8.518,-14.535,0.223,0.223,0.255,0.255
1.339,8.502,-14.515,0.221,0.221,0.247,0.247
1.337,8.388,-14.491,0.227,0.227,0.253,0.253
1.336,8.127,-14.489,0.212,0.212,0.249,0.249
1.339,7.980,-14.510,0.226,0.226,0.252,0.252
1.339,7.964,-14.511,0.218,0.218,0.247,0.247
1.338,7.964,-14.504,0.218,0.218,0.262,0.262
1.335,7.882,-14.477,0.212,0.212,0.247,0.247
1.335,7.621,-14.476,0.218,0.218,0.243,0.243
1.334,7.507,-14.470,0.215,0.215,0.250,0.250
1.332,7.572,-14.455,0.218,0.218,0.244,0.244
1.332,7.866,-14.457,0.212,0.212,0.249,0.249
1.330,8.029,-14.438,0.212,0.212,0.247,0.247
1.330,8.029,-14.437,0.203,0.203,0.261,0.261
1.327,8.029,-14.419,0.221,0.221,0.247,0.247
1.325,7.964,-14.396,0.209,0.209,0.243,0.243
1.323,7.996,-14.380,0.224,0.224,0.246,0.246
1.323,8.012,-14.386,0.220,0.220,0.253,0.253
1.328,8.029,-14.426,0.247,0.247,0.255,0.255
1.326,8.012,-14.407,0.223,0.223,0.275,0.275
1.326,7.980,-14.409,0.249,0.249,0.255,0.255
1.323,7.882,-14.384,0.232,0.232,0.270,0.270
1.322,7.604,-14.374,0.252,0.252,0.276,0.276
1.320,7.343,-14.365,0.227,0.227,0.270,0.270
1.319,7.099,-14.354,0.255,0.255,0.266,0.266
1.319,7.115,-14.351,0.229,0.229,0.273,0.273
1.318,7.311,-14.346,0.247,0.247,0.269,0.269
1.317,7.376,-14.336,0.227,0.227,0.244,0.244
1.314,6.968,-14.321,0.249,0.249,0.269,0.269
1.311,6.168,-14.299,0.224,0.224,0.270,0.270
1.310,5.483,-14.290,0.241,0.241,0.261,0.261
1.313,4.961,-14.306,0.233,0.233,0.255,0.255
1.314,4.618,-14.311,0.243,0.243,0.253,0.253
1.313,4.504,-14.307,0.218,0.218,0.256,0.256
1.309,4.504,-14.292,0.237,0.237,0.240,0.240
1.310,4.569,-14.293,0.224,0.224,0.255,0.255
1.308,4.553,-14.287,0.233,0.233,0.253,0.253
1.308,4.438,-14.286,0.233,0.233,0.250,0.250
1.306,4.210,-14.279,0.237,0.237,0.244,0.244
1.307,3.932,-14.280,0.230,0.230,0.250,0.250
1.305,3.688,-14.275,0.226,0.226,0.255,0.255
1.302,3.590,-14.264,0.237,0.237,0.227,0.227
1.300,3.557,-14.256,0.233,0.233,0.250,0.250
1.298,3.590,-14.248,0.230,0.230,0.252,0.252
1.302,3.606,-14.262,0.237,0.237,0.250,0.250
1.302,3.573,-14.262,0.240,0.240,0.250,0.250
1.301,3.753,-14.258,0.237,0.237,0.252,0.252
1.298,4.063,-14.248,0.247,0.247,0.255,0.255
1.297,4.536,-14.242,0.237,0.237,0.247,0.247
1.296,4.961,-14.236,0.258,0.258,0.255,0.255
1.294,4.977,-14.231,0.233,0.233,0.258,0.258
1.294,4.651,-14.230,0.258,0.258,0.259,0.259
1.294,4.096,-14.229,0.241,0.241,0.255,0.255
1.292,3.655,-14.222,0.247,0.247,0.249,0.249
1.291,3.410,-14.218,0.235,0.235,0.253,0.253
1.288,3.165,-14.207,0.252,0.252,0.246,0.246
1.286,3.051,-14.202,0.233,0.233,0.250,0.250
1.285,3.068,-14.200,0.244,0.244,0.247,0.247
1.288,3.068,-14.207,0.232,0.232,0.243,0.243
1.289,2.970,-14.211,0.238,0.238,0.229,0.229
1.288,2.855,-14.207,0.215,0.215,0.233,0.233
1.285,2.986,-14.198,0.238,0.238,0.227,0.227
1.284,3.198,-14.195,0.221,0.221,0.214,0.214
1.282,3.476,-14.189,0.232,0.232,0.227,0.227
1.282,3.590,-14.189,0.218,0.218,0.246,0.246
1.281,3.639,-14.185,0.243,0.243,0.235,0.235
1.280,3.590,-14.181,0.227,0.227,0.235,0.235
1.278,3.720,-14.175,0.235,0.235,0.233,0.233
1.277,3.916,-14.170,0.226,0.226,0.230,0.230
1.275,4.079,-14.161,0.243,0.243,0.218,0.218
1.274,4.145,-14.158,0.238,0.238,0.243,0.243
1.276,4.096,-14.165,0.230,0.230,0.255,0.255
1.276,3.949,-14.167,0.240,0.240,0.247,0.247
1.276,3.835,-14.165,0.229,0.229,0.237,0.237
1.274,3.916,-14.159,0.237,0.237,0.243,0.243
1.271,4.063,-14.149,0.221,0.221,0.247,0.247
1.270,4.096,-14.144,0.237,0.237,0.241,0.241
1.269,4.128,-14.141,0.221,0.221,0.244,0.244
1.269,3.949,-14.139,0.237,0.237,0.262,0.262
1.268,3.606,-14.136,0.217,0.217,0.255,0.255
1.266,3.100,-14.130,0.241,0.241,0.253,0.253
1.263,2.692,-14.120,0.212,0.212,0.247,0.247
1.261,2.692,-14.114,0.237,0.237,0.246,0.246
1.261,2.888,-14.116,0.215,0.215,0.253,0.253
1.264,3.100,-14.124,0.230,0.230,0.246,0.246
1.265,3.165,-14.128,0.203,0.203,0.250,0.250
1.263,3.002,-14.122,0.230,0.230,0.250,0.250
1.262,2.741,-14.117,0.212,0.212,0.250,0.250
1.260,2.627,-14.112,0.233,0.233,0.240,0.240
1.259,2.823,-14.109,0.217,0.217,0.247,0.247
1.258,3.443,-14.106,0.233,0.233,0.249,0.249
1.256,3.949,-14.101,0.203,0.203,0.244,0.244
1.257,4.308,-14.102,0.224,0.224,0.243,0.243
1.255,4.585,-14.093,0.211,0.211,0.243,0.243
1.251,4.830,-14.077,0.227,0.227,0.244,0.244
1.250,4.732,-14.070,0.212,0.212,0.261,0.261
1.247,4.585,-14.058,0.237,0.237,0.252,0.252
1.251,4.520,-14.078,0.223,0.223,0.253,0.253
1.252,4.536,-14.082,0.243,0.243,0.250,0.250
1.250,4.536,-14.069,0.229,0.229,0.270,0.270
1.249,4.585,-14.066,0.252,0.252,0.264,0.264
1.247,4.585,-14.057,0.240,0.240,0.272,0.272
1.247,4.585,-14.055,0.241,0.241,0.295,0.295
1.245,4.438,-14.050,0.237,0.237,0.273,0.273
1.245,4.194,-14.048,0.240,0.240,0.255,0.255
1.244,3.818,-14.044,0.223,0.223,0.273,0.273
1.242,3.329,-14.038,0.232,0.232,0.267,0.267
1.241,2.953,-14.035,0.229,0.229,0.264,0.264
1.238,2.660,-14.025,0.218,0.218,0.262,0.262
1.236,2.578,-14.019,0.230,0.230,0.285,0.285
1.236,2.790,-14.021,0.218,0.218,0.258,0.258
1.239,3.443,-14.031,0.220,0.220,0.252,0.252
1.237,3.949,-14.023,0.206,0.206,0.255,0.255
1.237,4.161,-14.021,0.217,0.217,0.253,0.253
1.235,4.112,-14.014,0.206,0.206,0.247,0.247
1.233,4.096,-14.007,0.203,0.203,0.252,0.252
1.232,4.030,-14.003,0.206,0.206,0.258,0.258
1.232,4.047,-14.000,0.209,0.209,0.253,0.253
1.231,4.161,-13.998,0.203,0.203,0.258,0.258
1.231,4.455,-13.997,0.214,0.214,0.255,0.255
1.229,4.667,-13.989,0.200,0.200,0.255,0.255
1.227,4.830,-13.979,0.214,0.214,0.249,0.249
1.224,4.683,-13.965,0.198,0.198,0.250,0.250
1.226,4.569,-13.974,0.221,0.221,0.247,0.247
1.227,4.504,-13.980,0.215,0.215,0.252,0.252
1.227,4.569,-13.978,0.224,0.224,0.253,0.253
1.225,4.438,-13.969,0.218,0.218,0.253,0.253
1.223,4.096,-13.962,0.233,0.233,0.258,0.258
1.222,3.590,-13.958,0.212,0.212,0.252,0.252
1.220,3.149,-13.950,0.240,0.240,0.249,0.249
1.220,3.002,-13.950,0.221,0.221,0.246,0.246
1.219,3.133,-13.946,0.243,0.243,0.255,0.255
1.218,3.443,-13.945,0.218,0.218,0.256,0.256
1.216,3.557,-13.936,0.240,0.240,0.258,0.258
1.215,3.524,-13.932,0.217,0.217,0.255,0.255
1.213,3.231,-13.925,0.233,0.233,0.249,0.249
1.212,2.953,-13.924,0.221,0.221,0.252,0.252
1.214,2.708,-13.930,0.235,0.235,0.244,0.244
1.214,2.562,-13.930,0.215,0.215,0.249,0.249
1.213,2.578,-13.927,0.215,0.215,0.241,0.241
1.212,2.594,-13.924,0.209,0.209,0.235,0.235
1.209,2.578,-13.917,0.209,0.209,0.229,0.229
1.208,2.594,-13.915,0.206,0.206,0.238,0.238
1.207,2.611,-13.912,0.208,0.208,0.233,0.233
1.206,2.513,-13.910,0.214,0.214,0.215,0.215
1.205,2.235,-13.907,0.209,0.209,0.232,0.232
1.204,2.121,-13.905,0.209,0.209,0.252,0.252
1.202,2.186,-13.900,0.218,0.218,0.237,0.237
1.200,2.415,-13.896,0.229,0.229,0.226,0.226
1.198,2.496,-13.891,0.212,0.212,0.233,0.233
1.198,2.186,-13.891,0.217,0.217,0.241,0.241
1.201,1.746,-13.896,0.206,0.206,0.232,0.232
1.203,1.566,-13.899,0.227,0.227,0.243,0.243
1.200,1.550,-13.895,0.215,0.215,0.252,0.252
1.198,1.599,-13.892,0.233,0.233,0.243,0.243
1.197,1.484,-13.890,0.217,0.217,0.246,0.246
1.196,1.272,-13.889,0.237,0.237,0.241,0.241
1.195,1.125,-13.887,0.215,0.215,0.258,0.258
1.194,1.076,-13.886,0.241,0.241,0.238,0.238
1.192,1.109,-13.884,0.220,0.220,0.246,0.246
1.189,1.125,-13.881,0.233,0.233,0.256,0.256
1.187,1.109,-13.879,0.226,0.226,0.252,0.252
1.187,1.093,-13.879,0.241,0.241,0.252,0.252
1.189,1.109,-13.881,0.221,0.221,0.244,0.244
1.189,1.109,-13.881,0.240,0.240,0.253,0.253
1.188,1.125,-13.880,0.223,0.223,0.258,0.258
1.186,1.109,-13.877,0.238,0.238,0.249,0.249
1.185,0.979,-13.876,0.211,0.211,0.250,0.250
1.183,0.766,-13.875,0.233,0.233,0.250,0.250
1.184,0.636,-13.875,0.223,0.223,0.250,0.250
1.182,0.473,-13.874,0.226,0.226,0.253,0.253
1.182,0.244,-13.874,0.220,0.220,0.255,0.255
1.181,0.130,-13.874,0.223,0.223,0.255,0.255
1.178,-0.131,-13.874,0.220,0.220,0.250,0.250
1.176,-0.082,-13.874,0.224,0.224,0.246,0.246
1.175,0.097,-13.874,0.232,0.232,0.259,0.259
1.175,0.293,-13.874,0.235,0.235,0.250,0.250
1.177,0.620,-13.875,0.227,0.227,0.276,0.276
1.175,1.011,-13.874,0.241,0.241,0.261,0.261
1.175,1.289,-13.873,0.244,0.244,0.270,0.270
1.173,1.501,-13.870,0.233,0.233,0.273,0.273
1.172,1.631,-13.868,0.252,0.252,0.282,0.282
1.171,1.746,-13.866,0.230,0.230,0.272,0.272
1.169,1.990,-13.864,0.244,0.244,0.276,0.276
1.169,1.990,-13.863,0.230,0.230,0.261,0.261
1.169,1.648,-13.863,0.249,0.249,0.275,0.275
1.168,1.142,-13.862,0.232,0.232,0.276,0.276
1.165,0.717,-13.860,0.246,0.246,0.270,0.270
1.163,0.554,-13.858,0.229,0.229,0.275,0.275
1.162,0.587,-13.857,0.244,0.244,0.261,0.261
1.164,0.505,-13.858,0.215,0.215,0.266,0.266
1.163,0.277,-13.858,0.240,0.240,0.238,0.238
1.164,-0.099,-13.858,0.211,0.211,0.264,0.264
1.161,-0.327,-13.859,0.233,0.233,0.264,0.264
1.159,-0.131,-13.859,0.224,0.224,0.258,0.258
1.159,0.195,-13.859,0.243,0.243,0.252,0.252
1.158,0.685,-13.859,0.224,0.224,0.253,0.253
1.157,1.158,-13.858,0.233,0.233,0.253,0.253
1.156,1.648,-13.857,0.226,0.226,0.237,0.237
1.155,2.170,-13.855,0.241,0.241,0.255,0.255
1.152,2.513,-13.848,0.221,0.221,0.266,0.266
1.150,2.774,-13.843,0.246,0.246,0.255,0.255
1.150,3.019,-13.841,0.224,0.224,0.255,0.255
1.153,3.068,-13.851,0.243,0.243,0.255,0.255
1.152,3.068,-13.847,0.227,0.227,0.259,0.259
1.152,3.002,-13.847,0.258,0.258,0.252,0.252
1.149,2.627,-13.838,0.237,0.237,0.259,0.259
1.147,2.252,-13.836,0.243,0.243,0.250,0.250
1.147,2.088,-13.834,0.240,0.240,0.259,0.259
1.146,1.909,-13.833,0.238,0.238,0.255,0.255
1.144,1.892,-13.829,0.233,0.233,0.261,0.261
1.144,1.844,-13.828,0.240,0.240,0.255,0.255
1.142,1.468,-13.826,0.238,0.238,0.258,0.258
1.139,0.815,-13.822,0.240,0.240,0.256,0.256
1.137,0.228,-13.821,0.233,0.233,0.258,0.258
1.136,0.163,-13.821,0.237,0.237,0.252,0.252
1.140,0.456,-13.822,0.230,0.230,0.249,0.249
1.140,0.603,-13.822,0.212,0.212,0.267,0.267
1.137,0.571,-13.821,0.223,0.223,0.250,0.250
1.138,0.309,-13.821,0.208,0.208,0.238,0.238
1.135,0.114,-13.820,0.215,0.215,0.233,0.233
1.135,-0.229,-13.821,0.192,0.192,0.224,0.224
1.134,-0.556,-13.821,0.214,0.214,0.227,0.227
1.132,-0.621,-13.822,0.203,0.203,0.233,0.233
1.132,-0.686,-13.822,0.217,0.217,0.214,0.214
1.131,-0.817,-13.823,0.209,0.209,0.235,0.235
1.129,-0.833,-13.824,0.224,0.224,0.249,0.249
1.125,-0.833,-13.827,0.215,0.215,0.238,0.238
1.125,-0.947,-13.828,0.227,0.227,0.229,0.229
1.124,-1.290,-13.828,0.211,0.211,0.238,0.238
1.126,-1.698,-13.826,0.235,0.235,0.244,0.244
1.126,-1.992,-13.826,0.217,0.217,0.230,0.230
1.124,-2.318,-13.829,0.232,0.232,0.244,0.244
1.123,-2.693,-13.832,0.220,0.220,0.256,0.256
1.121,-2.857,-13.837,0.238,0.238,0.249,0.249
1.121,-2.840,-13.837,0.217,0.217,0.247,0.247
1.121,-2.693,-13.838,0.246,0.246,0.252,0.252
1.120,-2.432,-13.841,0.221,0.221,0.255,0.255
1.119,-2.155,-13.843,0.237,0.237,0.246,0.246
1.117,-1.910,-13.847,0.221,0.221,0.256,0.256
1.115,-1.780,-13.852,0.237,0.237,0.256,0.256
1.113,-1.926,-13.855,0.226,0.226,0.255,0.255
1.114,-2.057,-13.852,0.218,0.218,0.249,0.249
1.115,-1.975,-13.851,0.229,0.229,0.267,0.267
1.114,-1.698,-13.852,0.227,0.227,0.250,0.250
1.113,-1.469,-13.854,0.224,0.224,0.250,0.250
1.110,-1.290,-13.858,0.223,0.223,0.250,0.250
1.110,-1.420,-13.859,0.230,0.230,0.250,0.250
1.109,-1.665,-13.860,0.217,0.217,0.253,0.253
1.108,-1.828,-13.861,0.223,0.223,0.250,0.250
1.106,-1.861,-13.865,0.214,0.214,0.240,0.240
1.107,-1.845,-13.863,0.229,0.229,0.247,0.247
1.105,-1.943,-13.867,0.203,0.203,0.246,0.246
1.102,-2.188,-13.872,0.232,0.232,0.250,0.250
1.101,-2.269,-13.875,0.218,0.218,0.250,0.250
1.101,-2.351,-13.875,0.227,0.227,0.240,0.240
1.102,-2.432,-13.872,0.224,0.224,0.253,0.253
1.101,-2.677,-13.876,0.240,0.240,0.256,0.256
1.100,-2.808,-13.878,0.230,0.230,0.258,0.258
1.099,-2.710,-13.882,0.237,0.237,0.276,0.276
1.098,-2.416,-13.885,0.235,0.235,0.272,0.272
1.096,-2.351,-13.888,0.250,0.250,0.275,0.275
1.096,-2.285,-13.889,0.227,0.227,0.296,0.296
1.094,-2.155,-13.893,0.259,0.259,0.270,0.270
1.094,-1.943,-13.893,0.238,0.238,0.266,0.266
1.092,-1.698,-13.896,0.258,0.258,0.273,0.273
1.090,-1.404,-13.900,0.235,0.235,0.267,0.267
1.087,-1.143,-13.903,0.256,0.256,0.261,0.261
1.086,-0.915,-13.904,0.227,0.227,0.267,0.267
1.091,-0.686,-13.901,0.250,0.250,0.253,0.253
1.090,-0.392,-13.901,0.229,0.229,0.264,0.264
1.090,-0.066,-13.901,0.246,0.246,0.267,0.267
1.087,0.163,-13.901,0.223,0.223,0.267,0.267
1.085,0.309,-13.901,0.252,0.252,0.256,0.256
1.084,0.522,-13.900,0.229,0.229,0.255,0.255
1.084,0.620,-13.901,0.241,0.241,0.255,0.255
1.082,0.783,-13.899,0.233,0.233,0.241,0.241
1.081,0.995,-13.898,0.241,0.241,0.255,0.255
1.081,1.093,-13.898,0.224,0.224,0.270,0.270
1.077,1.158,-13.894,0.233,0.233,0.261,0.261
1.076,1.028,-13.892,0.232,0.232,0.264,0.264
1.075,0.652,-13.891,0.237,0.237,0.250,0.250
1.077,0.244,-13.893,0.223,0.223,0.253,0.253
1.077,0.114,-13.893,0.241,0.241,0.250,0.250
1.075,0.081,-13.892,0.230,0.230,0.256,0.256
1.074,-0.082,-13.892,0.237,0.237,0.255,0.255
1.073,-0.376,-13.892,0.233,0.233,0.259,0.259
1.072,-0.702,-13.893,0.226,0.226,0.255,0.255
1.071,-0.719,-13.894,0.235,0.235,0.253,0.253
1.071,-0.523,-13.894,0.221,0.221,0.255,0.255
1.069,-0.294,-13.895,0.235,0.235,0.256,0.256
1.068,-0.262,-13.895,0.227,0.227,0.256,0.256
1.066,-0.278,-13.896,0.224,0.224,0.261,0.261
1.063,-0.131,-13.896,0.223,0.223,0.255,0.255
1.066,0.114,-13.896,0.237,0.237,0.258,0.258
1.065,0.309,-13.896,0.212,0.212,0.250,0.250
1.066,0.489,-13.896,0.220,0.220,0.253,0.253
1.063,0.620,-13.895,0.200,0.200,0.244,0.244
1.062,0.652,-13.894,0.218,0.218,0.241,0.241
1.060,0.522,-13.893,0.191,0.191,0.243,0.243
1.059,0.260,-13.893,0.217,0.217,0.230,0.230
1.058,0.163,-13.892,0.197,0.197,0.227,0.227
1.059,0.081,-13.893,0.217,0.217,0.224,0.224
1.057,-0.099,-13.893,0.200,0.200,0.230,0.230
1.056,-0.409,-13.893,0.226,0.226,0.212,0.212
1.055,-0.817,-13.894,0.201,0.201,0.230,0.230
1.052,-1.323,-13.897,0.229,0.229,0.246,0.246
1.050,-1.828,-13.899,0.209,0.209,0.243,0.243
1.053,-2.204,-13.895,0.226,0.226,0.232,0.232
1.052,-2.481,-13.895,0.215,0.215,0.238,0.238
1.052,-2.547,-13.897,0.218,0.218,0.247,0.247
1.050,-2.465,-13.900,0.221,0.221,0.238,0.238
1.048,-2.188,-13.905,0.218,0.218,0.244,0.244
1.047,-2.057,-13.907,0.224,0.224,0.250,0.250
1.046,-2.122,-13.910,0.223,0.223,0.246,0.246
1.045,-2.285,-13.911,0.224,0.224,0.258,0.258
1.045,-2.465,-13.913,0.215,0.215,0.243,0.243
1.043,-2.710,-13.916,0.214,0.214,0.255,0.255
1.043,-2.808,-13.917,0.214,0.214,0.233,0.233
1.040,-2.824,-13.926,0.220,0.220,0.255,0.255
1.039,-2.840,-13.928,0.209,0.209,0.264,0.264
1.038,-2.661,-13.931,0.218,0.218,0.250,0.250
1.041,-2.432,-13.924,0.206,0.206,0.253,0.253
1.041,-2.383,-13.924,0.218,0.218,0.246,0.246
1.039,-2.628,-13.929,0.204,0.204,0.252,0.252
1.037,-2.906,-13.933,0.230,0.230,0.252,0.252
1.036,-3.183,-13.938,0.209,0.209,0.255,0.255
1.035,-3.444,-13.940,0.223,0.223,0.250,0.250
1.034,-3.673,-13.945,0.208,0.208,0.250,0.250
1.033,-3.820,-13.946,0.223,0.223,0.249,0.249
1.033,-3.689,-13.949,0.201,0.201,0.243,0.243
1.030,-3.444,-13.957,0.224,0.224,0.250,0.250
1.028,-3.265,-13.966,0.203,0.203,0.249,0.249
1.026,-3.118,-13.972,0.226,0.226,0.249,0.249
1.025,-3.052,-13.976,0.211,0.211,0.255,0.255
1.028,-3.134,-13.965,0.227,0.227,0.252,0.252
1.029,-3.248,-13.963,0.217,0.217,0.252,0.252
1.027,-3.314,-13.970,0.237,0.237,0.252,0.252
1.024,-3.167,-13.977,0.227,0.227,0.262,0.262
1.024,-2.808,-13.978,0.246,0.246,0.252,0.252
1.022,-2.285,-13.983,0.232,0.232,0.273,0.273
1.022,-1.877,-13.983,0.246,0.246,0.291,0.291
1.020,-1.861,-13.986,0.237,0.237,0.273,0.273
1.019,-2.122,-13.988,0.253,0.253,0.266,0.266
1.019,-2.318,-13.989,0.227,0.227,0.267,0.267
1.017,-2.204,-13.994,0.249,0.249,0.275,0.275
1.015,-1.992,-13.998,0.230,0.230,0.249,0.249
1.012,-1.682,-14.004,0.240,0.240,0.261,0.261
1.011,-1.404,-14.005,0.233,0.233,0.288,0.288
1.015,-1.159,-14.000,0.237,0.237,0.270,0.270
1.014,-0.898,-14.001,0.230,0.230,0.266,0.266
1.014,-0.719,-14.001,0.233,0.233,0.262,0.262
1.012,-0.425,-14.002,0.229,0.229,0.266,0.266
1.010,-0.245,-14.003,0.233,0.233,0.243,0.243
1.010,-0.082,-14.003,0.230,0.230,0.258,0.258
1.009,0.146,-14.003,0.229,0.229,0.262,0.262
1.008,0.179,-14.002,0.230,0.230,0.261,0.261
1.007,0.163,-14.002,0.221,0.221,0.255,0.255
1.006,0.244,-14.002,0.237,0.237,0.255,0.255
1.002,0.473,-14.001,0.218,0.218,0.249,0.249
1.001,0.652,-14.000,0.233,0.233,0.227,0.227
1.000,0.652,-13.999,0.220,0.220,0.253,0.253
1.002,0.652,-14.001,0.238,0.238,0.258,0.258
1.003,0.652,-14.001,0.227,0.227,0.256,0.256
1.000,0.620,-14.000,0.232,0.232,0.255,0.255
0.999,0.522,-13.999,0.227,0.227,0.253,0.253
0.998,0.277,-13.998,0.238,0.238,0.253,0.253
0.996,0.097,-13.998,0.215,0.215,0.252,0.252
0.995,0.097,-13.998,0.238,0.238,0.253,0.253
0.996,0.114,-13.998,0.227,0.227,0.258,0.258
0.995,0.163,-13.998,0.244,0.244,0.256,0.256
0.994,0.179,-13.998,0.226,0.226,0.261,0.261
0.990,0.130,-13.997,0.258,0.258,0.259,0.259
0.988,0.146,-13.997,0.223,0.223,0.256,0.256
0.987,0.114,-13.997,0.244,0.244,0.246,0.246
0.990,-0.099,-13.997,0.226,0.226,0.252,0.252
0.990,-0.278,-13.997,0.241,0.241,0.252,0.252
0.988,-0.458,-13.998,0.218,0.218,0.253,0.253
0.987,-0.702,-13.998,0.235,0.235,0.249,0.249
0.986,-0.817,-13.999,0.212,0.212,0.238,0.238
0.984,-0.866,-14.000,0.224,0.224,0.235,0.235
0.984,-0.964,-14.001,0.209,0.209,0.220,0.220
0.982,-1.176,-14.002,0.229,0.229,0.230,0.230
0.981,-1.323,-14.004,0.218,0.218,0.244,0.244
0.980,-1.355,-14.005,0.223,0.223,0.235,0.235
0.979,-1.323,-14.007,0.212,0.212,0.235,0.235
0.977,-1.306,-14.010,0.226,0.226,0.235,0.235
0.975,-1.274,-14.012,0.221,0.221,0.249,0.249
0.974,-1.306,-14.014,0.221,0.221,0.230,0.230
0.977,-1.290,-14.010,0.227,0.227,0.246,0.246
0.978,-1.306,-14.008,0.224,0.224,0.243,0.243
0.976,-1.306,-14.011,0.227,0.227,0.252,0.252
0.973,-1.404,-14.014,0.226,0.226,0.252,0.252
0.973,-1.682,-14.015,0.232,0.232,0.249,0.249
0.972,-1.926,-14.017,0.220,0.220,0.253,0.253
0.970,-2.220,-14.020,0.221,0.221,0.256,0.256
0.970,-2.432,-14.020,0.224,0.224,0.255,0.255
0.969,-2.693,-14.023,0.221,0.221,0.258,0.258
0.967,-2.971,-14.030,0.214,0.214,0.255,0.255
0.964,-3.183,-14.039,0.226,0.226,0.252,0.252
0.962,-3.330,-14.044,0.212,0.212,0.267,0.267
0.964,-3.330,-14.037,0.240,0.240,0.256,0.256
0.966,-3.199,-14.031,0.206,0.206,0.258,0.258
0.966,-2.889,-14.033,0.237,0.237,0.259,0.259
0.965,-2.693,-14.035,0.211,0.211,0.252,0.252
0.963,-2.253,-14.041,0.223,0.223,0.250,0.250
0.961,-1.796,-14.045,0.203,0.203,0.252,0.252
0.960,-1.372,-14.046,0.226,0.226,0.272,0.272
0.959,-1.241,-14.047,0.206,0.206,0.253,0.253
0.958,-1.241,-14.048,0.224,0.224,0.250,0.250
0.957,-1.323,-14.049,0.215,0.215,0.253,0.253
0.956,-1.437,-14.051,0.226,0.226,0.253,0.253
0.952,-1.665,-14.056,0.211,0.211,0.255,0.255
0.950,-1.828,-14.060,0.235,0.235,0.250,0.250
0.949,-1.992,-14.062,0.211,0.211,0.247,0.247
0.952,-2.155,-14.056,0.235,0.235,0.255,0.255
0.953,-2.432,-14.054,0.214,0.214,0.259,0.259
0.951,-2.677,-14.058,0.241,0.241,0.258,0.258
0.950,-2.938,-14.063,0.230,0.230,0.269,0.269
0.948,-3.167,-14.068,0.249,0.249,0.266,0.266
0.947,-3.281,-14.071,0.240,0.240,0.275,0.275
0.947,-3.297,-14.071,0.261,0.261,0.269,0.269
0.945,-3.199,-14.077,0.237,0.237,0.273,0.273
0.945,-2.824,-14.078,0.255,0.255,0.287,0.287
0.944,-2.188,-14.081,0.235,0.235,0.278,0.278
0.942,-1.372,-14.085,0.246,0.246,0.270,0.270
0.939,-0.523,-14.087,0.235,0.235,0.267,0.267
0.937,0.163,-14.088,0.244,0.244,0.272,0.272
0.936,0.620,-14.087,0.235,0.235,0.276,0.276
0.940,0.799,-14.090,0.235,0.235,0.269,0.269
0.939,0.995,-14.089,0.230,0.230,0.273,0.273
0.939,1.240,-14.089,0.232,0.232,0.262,0.262
0.936,1.501,-14.086,0.223,0.223,0.267,0.267
0.934,1.631,-14.083,0.229,0.229,0.282,0.282
0.933,1.517,-14.081,0.221,0.221,0.262,0.262
0.933,1.240,-14.081,0.217,0.217,0.255,0.255
0.933,1.109,-14.081,0.230,0.230,0.255,0.255
0.932,1.093,-14.080,0.223,0.223,0.261,0.261
0.930,1.060,-14.078,0.227,0.227,0.261,0.261
0.926,1.011,-14.074,0.223,0.223,0.258,0.258
0.926,0.636,-14.074,0.237,0.237,0.287,0.287
0.926,0.326,-14.073,0.221,0.221,0.258,0.258
0.928,0.081,-14.074,0.224,0.224,0.250,0.250
0.927,0.081,-14.074,0.218,0.218,0.258,0.258
0.924,0.114,-14.074,0.227,0.227,0.258,0.258
0.924,0.179,-14.073,0.217,0.217,0.258,0.258
0.922,0.260,-14.073,0.230,0.230,0.258,0.258
0.921,0.522,-14.073,0.223,0.223,0.276,0.276
0.921,0.636,-14.072,0.243,0.243,0.256,0.256
0.920,0.685,-14.072,0.218,0.218,0.258,0.258
0.919,0.636,-14.071,0.249,0.249,0.258,0.258
0.916,0.636,-14.069,0.221,0.221,0.258,0.258
0.915,0.587,-14.069,0.241,0.241,0.252,0.252
0.913,0.620,-14.068,0.227,0.227,0.258,0.258
0.915,0.587,-14.069,0.249,0.249,0.278,0.278
0.917,0.636,-14.070,0.223,0.223,0.256,0.256
0.915,0.505,-14.069,0.240,0.240,0.247,0.247
0.914,0.260,-14.069,0.229,0.229,0.252,0.252
0.912,0.097,-14.068,0.233,0.233,0.250,0.250
0.911,-0.262,-14.068,0.212,0.212,0.233,0.233
0.910,-0.686,-14.069,0.224,0.224,0.232,0.232
0.909,-0.849,-14.070,0.211,0.211,0.250,0.250
0.908,-0.817,-14.070,0.227,0.227,0.237,0.237
0.907,-0.833,-14.071,0.209,0.209,0.237,0.237
0.906,-0.784,-14.072,0.221,0.221,0.240,0.240
0.902,-0.817,-14.075,0.215,0.215,0.237,0.237
0.900,-0.817,-14.077,0.220,0.220,0.235,0.235
0.898,-0.817,-14.078,0.215,0.215,0.241,0.241
0.902,-0.833,-14.075,0.226,0.226,0.237,0.237
0.903,-0.686,-14.074,0.221,0.221,0.246,0.246
0.902,-0.425,-14.074,0.208,0.208,0.255,0.255
0.900,-0.082,-14.075,0.227,0.227,0.247,0.247
0.899,0.163,-14.075,0.217,0.217,0.246,0.246
0.898,0.212,-14.075,0.226,0.226,0.253,0.253
0.897,0.277,-14.074,0.212,0.212,0.246,0.246
0.896,0.391,-14.074,0.224,0.224,0.232,0.232
0.894,0.293,-14.074,0.215,0.215,0.253,0.253
0.894,0.293,-14.074,0.226,0.226,0.267,0.267
0.891,0.326,-14.073,0.212,0.212,0.259,0.259
0.888,0.048,-14.072,0.241,0.241,0.256,0.256
0.887,-0.245,-14.072,0.215,0.215,0.249,0.249
0.890,-0.360,-14.071,0.232,0.232,0.253,0.253
0.891,-0.327,-14.071,0.214,0.214,0.258,0.258
0.891,-0.294,-14.071,0.227,0.227,0.252,0.252
0.887,-0.294,-14.072,0.208,0.208,0.253,0.253
0.885,-0.409,-14.073,0.237,0.237,0.258,0.258
0.885,-0.637,-14.073,0.217,0.217,0.258,0.258
0.885,-0.947,-14.073,0.233,0.233,0.255,0.255
0.884,-1.192,-14.074,0.218,0.218,0.253,0.253
0.883,-1.306,-14.076,0.230,0.230,0.249,0.249
0.882,-1.372,-14.077,0.209,0.209,0.252,0.252
0.880,-1.176,-14.079,0.226,0.226,0.250,0.250
0.877,-0.947,-14.083,0.218,0.218,0.255,0.255
0.875,-0.784,-14.084,0.223,0.223,0.250,0.250
0.875,-0.768,-14.084,0.206,0.206,0.273,0.273
0.877,-0.833,-14.082,0.230,0.230,0.255,0.255
0.878,-0.817,-14.082,0.223,0.223,0.252,0.252
0.876,-0.849,-14.083,0.238,0.238,0.252,0.252
0.874,-0.817,-14.085,0.233,0.233,0.261,0.261
0.872,-0.817,-14.087,0.250,0.250,0.276,0.276
0.871,-0.784,-14.087,0.237,0.237,0.279,0.279
0.871,-0.686,-14.088,0.249,0.249,0.258,0.258
0.871,-0.458,-14.088,0.240,0.240,0.278,0.278
0.870,-0.066,-14.088,0.246,0.246,0.279,0.279
0.868,0.146,-14.088,0.232,0.232,0.273,0.273
0.865,0.212,-14.087,0.246,0.246,0.267,0.267
0.863,0.146,-14.087,0.240,0.240,0.273,0.273
0.861,0.293,-14.086,0.232,0.232,0.273,0.273
0.864,0.342,-14.087,0.240,0.240,0.258,0.258
0.865,0.244,-14.088,0.226,0.226,0.272,0.272
0.864,0.163,-14.087,0.223,0.223,0.287,0.287
0.863,-0.115,-14.087,0.227,0.227,0.259,0.259
0.861,-0.278,-14.088,0.233,0.233,0.259,0.259
0.859,-0.131,-14.088,0.226,0.226,0.255,0.255
0.858,0.081,-14.088,0.224,0.224,0.261,0.261
0.858,0.163,-14.088,0.226,0.226,0.253,0.253
0.857,0.179,-14.088,0.238,0.238,0.256,0.256
0.855,0.130,-14.088,0.217,0.217,0.270,0.270
0.852,0.146,-14.087,0.233,0.233,0.256,0.256
0.850,0.277,-14.087,0.221,0.221,0.249,0.249
0.851,0.489,-14.087,0.232,0.232,0.249,0.249
0.853,0.620,-14.088,0.214,0.214,0.258,0.258
0.854,0.783,-14.089,0.237,0.237,0.250,0.250
0.853,1.028,-14.088,0.218,0.218,0.255,0.255
0.851,1.142,-14.086,0.237,0.237,0.261,0.261
0.849,1.142,-14.083,0.223,0.223,0.259,0.259
0.847,1.044,-14.082,0.252,0.252,0.253,0.253
0.846,0.783,-14.081,0.220,0.220,0.247,0.247
0.846,0.717,-14.080,0.240,0.240,0.252,0.252
0.845,0.930,-14.080,0.224,0.224,0.255,0.255
0.843,1.011,-14.078,0.246,0.246,0.256,0.256
0.841,0.783,-14.076,0.224,0.224,0.264,0.264
0.838,0.489,-14.074,0.258,0.258,0.259,0.259
0.837,0.228,-14.074,0.232,0.232,0.261,0.261
0.841,0.081,-14.074,0.244,0.244,0.247,0.247
0.841,-0.294,-14.074,0.230,0.230,0.258,0.258
0.840,-0.653,-14.075,0.238,0.238,0.253,0.253
0.839,-0.866,-14.075,0.230,0.230,0.256,0.256
0.837,-0.882,-14.077,0.233,0.233,0.252,0.252
0.836,-0.686,-14.078,0.215,0.215,0.238,0.238
0.835,-0.458,-14.079,0.214,0.214,0.233,0.233
0.834,-0.262,-14.079,0.206,0.206,0.229,0.229
0.833,-0.033,-14.079,0.208,0.208,0.230,0.230
0.833,0.130,-14.079,0.214,0.214,0.220,0.220
0.830,0.179,-14.079,0.212,0.212,0.238,0.238
0.827,0.293,-14.078,0.214,0.214,0.246,0.246
0.826,0.489,-14.077,0.220,0.220,0.240,0.240
0.825,0.636,-14.077,0.221,0.221,0.237,0.237
0.827,0.668,-14.078,0.211,0.211,0.229,0.229
0.828,0.636,-14.079,0.227,0.227,0.246,0.246
0.826,0.620,-14.077,0.212,0.212,0.240,0.240
0.824,0.505,-14.077,0.227,0.227,0.241,0.241
0.822,0.260,-14.076,0.203,0.203,0.253,0.253
0.823,0.244,-14.076,0.233,0.233,0.252,0.252
0.821,0.375,-14.076,0.214,0.214,0.255,0.255
0.821,0.244,-14.076,0.240,0.240,0.252,0.252
0.820,-0.066,-14.076,0.209,0.209,0.255,0.255
0.817,-0.311,-14.076,0.241,0.241,0.246,0.246
0.815,-0.148,-14.077,0.215,0.215,0.253,0.253
0.814,0.097,-14.077,0.233,0.233,0.259,0.259
0.813,0.179,-14.076,0.214,0.214,0.258,0.258
0.816,0.212,-14.077,0.232,0.232,0.253,0.253
0.815,0.146,-14.077,0.214,0.214,0.276,0.276
0.813,0.244,-14.077,0.235,0.235,0.255,0.255
0.812,0.505,-14.076,0.223,0.223,0.250,0.250
0.810,0.652,-14.075,0.233,0.233,0.250,0.250
0.810,0.668,-14.075,0.217,0.217,0.256,0.256
0.809,0.783,-14.074,0.233,0.233,0.252,0.252
0.807,1.093,-14.073,0.218,0.218,0.256,0.256
0.807,1.468,-14.072,0.217,0.217,0.261,0.261
0.806,1.648,-14.071,0.220,0.220,0.256,0.256
0.803,1.746,-14.066,0.209,0.209,0.255,0.255
0.801,1.990,-14.062,0.218,0.218,0.250,0.250
0.801,2.088,-14.061,0.212,0.212,0.249,0.249
0.802,2.154,-14.064,0.221,0.221,0.250,0.250
0.804,2.121,-14.068,0.227,0.227,0.258,0.258
0.803,2.121,-14.066,0.221,0.221,0.250,0.250
0.800,2.088,-14.060,0.226,0.226,0.259,0.259
0.799,2.088,-14.057,0.233,0.233,0.262,0.262
0.798,2.121,-14.055,0.221,0.221,0.275,0.275
0.796,2.137,-14.052,0.247,0.247,0.270,0.270
0.796,2.088,-14.051,0.233,0.233,0.275,0.275
0.795,2.235,-14.049,0.243,0.243,0.284,0.284
0.794,2.447,-14.048,0.229,0.229,0.264,0.264
0.791,2.611,-14.040,0.249,0.249,0.272,0.272
0.789,2.741,-14.034,0.226,0.226,0.282,0.282
0.787,2.986,-14.029,0.246,0.246,0.272,0.272
0.791,3.100,-14.040,0.223,0.223,0.264,0.264
0.790,3.247,-14.038,0.246,0.246,0.266,0.266
0.790,3.394,-14.038,0.212,0.212,0.267,0.267
0.788,3.622,-14.031,0.244,0.244,0.262,0.262
0.786,3.590,-14.023,0.217,0.217,0.267,0.267
0.785,3.459,-14.021,0.227,0.227,0.267,0.267
0.785,3.051,-14.018,0.217,0.217,0.264,0.264
0.784,2.741,-14.016,0.246,0.246,0.258,0.258
0.783,2.447,-14.014,0.220,0.220,0.282,0.282
0.782,2.186,-14.012,0.233,0.233,0.255,0.255
0.779,2.072,-14.006,0.233,0.233,0.250,0.250
0.777,1.974,-14.000,0.233,0.233,0.261,0.261
0.775,1.713,-13.998,0.224,0.224,0.261,0.261
0.778,1.484,-14.002,0.238,0.238,0.258,0.258
0.778,1.093,-14.002,0.229,0.229,0.262,0.262
0.777,0.766,-14.002,0.237,0.237,0.275,0.275
0.776,0.456,-14.001,0.220,0.220,0.255,0.255
0.774,0.228,-14.000,0.230,0.230,0.249,0.249
0.773,0.130,-14.000,0.244,0.244,0.255,0.255
0.773,0.097,-14.000,0.232,0.232,0.259,0.259
0.771,0.130,-14.000,0.233,0.233,0.255,0.255
0.771,0.146,-14.000,0.226,0.226,0.259,0.259
0.770,-0.082,-14.000,0.243,0.243,0.275,0.275
0.768,-0.294,-14.000,0.220,0.220,0.258,0.258
0.764,-0.474,-14.002,0.241,0.241,0.253,0.253
0.764,-0.719,-14.001,0.226,0.226,0.259,0.259
0.764,-0.833,-14.002,0.240,0.240,0.259,0.259
0.765,-0.849,-14.000,0.223,0.223,0.255,0.255
0.765,-0.817,-14.000,0.241,0.241,0.252,0.252
0.763,-0.702,-14.002,0.220,0.220,0.259,0.259
0.763,-0.441,-14.002,0.240,0.240,0.255,0.255
0.760,-0.278,-14.003,0.218,0.218,0.249,0.249
0.760,-0.245,-14.003,0.229,0.229,0.227,0.227
0.761,-0.425,-14.003,0.206,0.206,0.232,0.232
0.758,-0.686,-14.004,0.224,0.224,0.230,0.230
0.758,-0.866,-14.005,0.204,0.204,0.237,0.237
0.757,-0.882,-14.005,0.215,0.215,0.209,0.209
0.754,-0.817,-14.007,0.204,0.204,0.240,0.240
0.752,-0.849,-14.010,0.226,0.226,0.249,0.249
0.750,-0.800,-14.012,0.217,0.217,0.247,0.247
0.753,-0.849,-14.009,0.218,0.218,0.237,0.237
0.753,-0.800,-14.009,0.218,0.218,0.237,0.237
0.753,-0.849,-14.009,0.215,0.215,0.243,0.243
0.751,-0.800,-14.010,0.230,0.230,0.227,0.227
0.749,-0.702,-14.012,0.209,0.209,0.247,0.247
0.747,-0.229,-14.013,0.227,0.227,0.262,0.262
0.747,0.228,-14.013,0.214,0.214,0.250,0.250
0.745,0.587,-14.012,0.232,0.232,0.246,0.246
0.745,0.783,-14.012,0.204,0.204,0.246,0.246
0.744,1.011,-14.011,0.232,0.232,0.255,0.255
0.742,1.109,-14.009,0.212,0.212,0.240,0.240
0.740,1.158,-14.007,0.232,0.232,0.252,0.252
0.738,1.093,-14.005,0.224,0.224,0.264,0.264
0.741,1.109,-14.007,0.235,0.235,0.258,0.258
0.742,1.093,-14.009,0.220,0.220,0.250,0.250
0.740,1.125,-14.006,0.232,0.232,0.237,0.237
0.738,1.109,-14.005,0.226,0.226,0.256,0.256
0.737,1.109,-14.003,0.235,0.235,0.255,0.255
0.736,1.109,-14.002,0.215,0.215,0.256,0.256
0.734,1.125,-14.000,0.227,0.227,0.256,0.256
0.734,1.142,-14.000,0.223,0.223,0.261,0.261
0.733,0.995,-13.999,0.226,0.226,0.250,0.250
0.732,0.734,-13.998,0.212,0.212,0.238,0.238
0.730,0.636,-13.996,0.224,0.224,0.246,0.246
0.727,0.685,-13.994,0.215,0.215,0.259,0.259
0.726,1.109,-13.993,0.218,0.218,0.253,0.253
0.727,1.582,-13.995,0.212,0.212,0.253,0.253
0.730,2.121,-14.001,0.211,0.211,0.249,0.249
0.728,2.611,-13.995,0.224,0.224,0.253,0.253
0.727,3.149,-13.992,0.208,0.208,0.264,0.264
0.725,3.492,-13.987,0.229,0.229,0.258,0.258
0.723,3.753,-13.981,0.221,0.221,0.262,0.262
0.722,3.965,-13.977,0.232,0.232,0.273,0.273
0.722,4.210,-13.974,0.229,0.229,0.276,0.276
0.721,4.569,-13.971,0.249,0.249,0.276,0.276
0.719,4.814,-13.963,0.230,0.230,0.279,0.279
0.718,4.732,-13.959,0.253,0.253,0.304,0.304
0.715,4.471,-13.944,0.230,0.230,0.275,0.275
0.713,4.177,-13.935,0.243,0.243,0.261,0.261
0.713,3.916,-13.934,0.215,0.215,0.269,0.269
0.714,3.524,-13.939,0.249,0.249,0.266,0.266
0.715,3.084,-13.943,0.224,0.224,0.272,0.272
0.714,2.578,-13.938,0.240,0.240,0.266,0.266
0.713,2.072,-13.936,0.224,0.224,0.296,0.296
0.712,1.566,-13.934,0.243,0.243,0.261,0.261
0.710,1.191,-13.932,0.226,0.226,0.258,0.258
0.710,1.076,-13.932,0.240,0.240,0.258,0.258
0.709,1.060,-13.931,0.230,0.230,0.259,0.259
0.708,1.142,-13.929,0.240,0.240,0.259,0.259
0.707,1.109,-13.928,0.223,0.223,0.255,0.255
0.704,1.011,-13.926,0.235,0.235,0.281,0.281
0.702,0.881,-13.923,0.229,0.229,0.258,0.258
0.700,1.076,-13.922,0.227,0.227,0.240,0.240
0.702,1.452,-13.924,0.229,0.229,0.253,0.253
0.704,1.631,-13.927,0.224,0.224,0.252,0.252
0.702,1.680,-13.924,0.230,0.230,0.256,0.256
0.700,1.615,-13.921,0.226,0.226,0.256,0.256
0.699,1.484,-13.919,0.232,0.232,0.278,0.278
0.697,1.142,-13.917,0.226,0.226,0.259,0.259
0.696,0.620,-13.916,0.233,0.233,0.250,0.250
0.697,0.228,-13.916,0.224,0.224,0.255,0.255
0.696,-0.245,-13.916,0.235,0.235,0.252,0.252
0.695,-0.719,-13.916,0.226,0.226,0.259,0.259
0.693,-0.866,-13.918,0.232,0.232,0.258,0.258
0.690,-0.849,-13.920,0.232,0.232,0.270,0.270
0.688,-0.833,-13.922,0.246,0.246,0.256,0.256
0.691,-0.800,-13.920,0.223,0.223,0.261,0.261
0.692,-0.833,-13.919,0.255,0.255,0.259,0.259
0.689,-0.849,-13.921,0.226,0.226,0.255,0.255
0.688,-0.947,-13.922,0.244,0.244,0.246,0.246
0.687,-1.192,-13.924,0.212,0.212,0.250,0.250
0.686,-1.323,-13.925,0.232,0.232,0.247,0.247
0.685,-1.078,-13.927,0.209,0.209,0.238,0.238
0.684,-0.343,-13.927,0.218,0.218,0.238,0.238
0.682,0.326,-13.927,0.211,0.211,0.229,0.229
0.682,0.734,-13.927,0.221,0.221,0.233,0.233
0.681,1.076,-13.926,0.214,0.214,0.235,0.235
0.678,1.256,-13.923,0.211,0.211,0.237,0.237
0.676,1.370,-13.920,0.227,0.227,0.223,0.223
0.675,1.272,-13.919,0.211,0.211,0.233,0.233
0.678,1.142,-13.922,0.224,0.224,0.258,0.258
0.679,1.093,-13.923,0.206,0.206,0.233,0.233
0.677,1.093,-13.921,0.224,0.224,0.240,0.240
0.675,1.125,-13.919,0.212,0.212,0.233,0.233
0.674,1.093,-13.918,0.220,0.220,0.240,0.240
0.672,1.011,-13.916,0.212,0.212,0.233,0.233
0.672,0.636,-13.915,0.230,0.230,0.247,0.247
0.671,0.260,-13.915,0.223,0.223,0.252,0.252
0.669,-0.148,-13.915,0.232,0.232,0.249,0.249
0.668,-0.327,-13.915,0.220,0.220,0.249,0.249
0.666,-0.360,-13.916,0.240,0.240,0.241,0.241
0.663,-0.311,-13.917,0.217,0.217,0.258,0.258
0.664,-0.099,-13.917,0.235,0.235,0.249,0.249
0.665,0.228,-13.917,0.224,0.224,0.255,0.255
0.666,0.685,-13.917,0.227,0.227,0.255,0.255
0.664,1.109,-13.916,0.214,0.214,0.256,0.256
0.663,1.648,-13.914,0.237,0.237,0.256,0.256
0.661,2.007,-13.910,0.221,0.221,0.244,0.244
0.661,2.317,-13.909,0.233,0.233,0.250,0.250
0.660,2.480,-13.906,0.221,0.221,0.256,0.256
0.659,2.627,-13.904,0.230,0.230,0.252,0.252
0.658,2.725,-13.902,0.227,0.227,0.255,0.255
0.657,2.986,-13.898,0.221,0.221,0.261,0.261
0.654,3.198,-13.889,0.221,0.221,0.255,0.255
0.652,3.345,-13.882,0.214,0.214,0.261,0.261
0.650,3.394,-13.877,0.214,0.214,0.253,0.253
0.654,3.443,-13.891,0.214,0.214,0.252,0.252
0.654,3.459,-13.891,0.217,0.217,0.252,0.252
0.652,3.214,-13.885,0.215,0.215,0.250,0.250
0.650,2.986,-13.876,0.224,0.224,0.249,0.249
0.649,2.545,-13.874,0.221,0.221,0.259,0.259
0.649,2.056,-13.874,0.246,0.246,0.278,0.278
0.648,1.533,-13.873,0.223,0.223,0.273,0.273
0.647,1.207,-13.871,0.250,0.250,0.262,0.262
0.646,0.946,-13.871,0.226,0.226,0.270,0.270
0.646,0.832,-13.870,0.244,0.244,0.275,0.275
0.643,0.995,-13.868,0.227,0.227,0.272,0.272
0.639,1.174,-13.864,0.250,0.250,0.272,0.272
0.639,1.436,-13.863,0.229,0.229,0.287,0.287
0.638,1.387,-13.861,0.244,0.244,0.270,0.270
0.640,1.615,-13.866,0.233,0.233,0.261,0.261
0.641,1.941,-13.867,0.244,0.244,0.272,0.272
0.639,2.186,-13.863,0.227,0.227,0.267,0.267
0.637,2.284,-13.858,0.247,0.247,0.262,0.262
0.636,2.480,-13.855,0.224,0.224,0.267,0.267
0.635,2.627,-13.852,0.238,0.238,0.258,0.258
0.634,2.660,-13.850,0.227,0.227,0.267,0.267
0.634,2.529,-13.850,0.233,0.233,0.258,0.258
0.633,2.121,-13.848,0.223,0.223,0.258,0.258
0.631,1.615,-13.845,0.229,0.229,0.252,0.252
0.628,1.174,-13.840,0.233,0.233,0.256,0.256
0.626,0.946,-13.838,0.233,0.233,0.253,0.253
0.625,0.636,-13.838,0.226,0.226,0.258,0.258
0.627,0.260,-13.839,0.221,0.221,0.256,0.256
0.629,-0.099,-13.839,0.229,0.229,0.261,0.261
0.627,-0.327,-13.839,0.220,0.220,0.252,0.252
0.625,-0.360,-13.840,0.227,0.227,0.258,0.258
0.625,-0.343,-13.840,0.227,0.227,0.255,0.255
0.622,-0.066,-13.841,0.233,0.233,0.256,0.256
0.622,0.146,-13.841,0.215,0.215,0.270,0.270
0.621,0.228,-13.841,0.240,0.240,0.255,0.255
0.620,0.260,-13.840,0.221,0.221,0.255,0.255
0.619,0.522,-13.840,0.246,0.246,0.258,0.258
0.615,0.636,-13.838,0.224,0.224,0.252,0.252
0.615,0.554,-13.837,0.252,0.252,0.252,0.252
0.613,0.293,-13.837,0.227,0.227,0.255,0.255
0.616,0.146,-13.838,0.243,0.243,0.273,0.273
0.617,0.097,-13.838,0.229,0.229,0.258,0.258
0.616,0.146,-13.837,0.246,0.246,0.246,0.246
0.614,-0.082,-13.837,0.227,0.227,0.253,0.253
0.611,-0.017,-13.838,0.237,0.237,0.250,0.250
0.610,0.048,-13.838,0.221,0.221,0.249,0.249
0.610,-0.082,-13.838,0.220,0.220,0.233,0.233
0.608,-0.392,-13.838,0.214,0.214,0.247,0.247
0.608,-0.572,-13.838,0.215,0.215,0.233,0.233
0.606,-0.523,-13.839,0.215,0.215,0.244,0.244
0.605,-0.311,-13.840,0.215,0.215,0.240,0.240
0.603,-0.082,-13.840,0.208,0.208,0.243,0.243
0.600,0.163,-13.840,0.211,0.211,0.238,0.238
0.600,0.293,-13.840,0.218,0.218,0.232,0.232
0.602,0.554,-13.841,0.206,0.206,0.230,0.230
0.605,0.620,-13.842,0.220,0.220,0.233,0.233
0.602,0.668,-13.841,0.212,0.212,0.247,0.247
0.600,0.636,-13.840,0.224,0.224,0.241,0.241
0.599,0.636,-13.839,0.215,0.215,0.246,0.246
0.598,0.636,-13.838,0.227,0.227,0.246,0.246
0.597,0.897,-13.837,0.221,0.221,0.246,0.246
0.596,1.321,-13.836,0.232,0.232,0.229,0.229
0.595,1.746,-13.835,0.209,0.209,0.249,0.249
0.594,1.909,-13.833,0.237,0.237,0.258,0.258
0.591,1.778,-13.827,0.218,0.218,0.255,0.255
0.589,1.729,-13.823,0.235,0.235,0.255,0.255
0.587,1.680,-13.821,0.218,0.218,0.255,0.255
0.590,1.501,-13.825,0.243,0.243,0.252,0.252
0.591,1.354,-13.827,0.221,0.221,0.232,0.232
0.589,1.207,-13.825,0.237,0.237,0.249,0.249
0.588,0.995,-13.823,0.223,0.223,0.258,0.258
0.587,0.881,-13.822,0.230,0.230,0.252,0.252
0.585,1.076,-13.821,0.215,0.215,0.258,0.258
0.585,1.680,-13.821,0.232,0.232,0.243,0.243
0.584,2.611,-13.818,0.215,0.215,0.256,0.256
0.584,3.524,-13.816,0.223,0.223,0.255,0.255
0.582,4.177,-13.809,0.220,0.220,0.255,0.255
0.579,4.520,-13.797,0.218,0.218,0.252,0.252
0.577,4.585,-13.788,0.226,0.226,0.249,0.249
0.576,4.618,-13.782,0.206,0.206,0.249,0.249
0.577,4.406,-13.788,0.227,0.227,0.238,0.238
0.579,4.210,-13.798,0.214,0.214,0.252,0.252
0.578,4.161,-13.792,0.214,0.214,0.258,0.258
0.575,4.275,-13.780,0.218,0.218,0.250,0.250
0.574,4.210,-13.777,0.235,0.235,0.255,0.255
0.573,4.112,-13.771,0.226,0.226,0.258,0.258
0.572,4.047,-13.767,0.243,0.243,0.269,0.269
0.571,3.900,-13.763,0.237,0.237,0.269,0.269
0.571,3.688,-13.764,0.244,0.244,0.279,0.279
0.569,3.427,-13.758,0.229,0.229,0.259,0.259
0.569,3.182,-13.755,0.249,0.249,0.273,0.273
0.565,2.921,-13.744,0.227,0.227,0.285,0.285
0.563,2.708,-13.739,0.240,0.240,0.269,0.269
0.562,2.578,-13.736,0.232,0.232,0.264,0.264
0.566,2.529,-13.746,0.238,0.238,0.258,0.258
0.566,2.611,-13.746,0.223,0.223,0.276,0.276
0.564,2.578,-13.741,0.247,0.247,0.249,0.249
0.563,2.349,-13.738,0.221,0.221,0.270,0.270
0.561,1.762,-13.734,0.244,0.244,0.266,0.266
0.560,1.256,-13.732,0.221,0.221,0.256,0.256
0.560,0.913,-13.732,0.246,0.246,0.252,0.252
0.557,0.685,-13.731,0.218,0.218,0.246,0.246
0.557,0.603,-13.730,0.235,0.235,0.258,0.258
0.556,0.620,-13.730,0.224,0.224,0.258,0.258
0.552,0.489,-13.727,0.243,0.243,0.252,0.252
0.551,0.260,-13.727,0.221,0.221,0.266,0.266
0.551,-0.245,-13.727,0.240,0.240,0.253,0.253
0.554,-0.915,-13.725,0.237,0.237,0.252,0.252
0.554,-1.584,-13.725,0.246,0.246,0.246,0.246
0.552,-1.894,-13.728,0.223,0.223,0.255,0.255
0.551,-1.894,-13.731,0.240,0.240,0.262,0.262
0.549,-1.714,-13.734,0.230,0.230,0.261,0.261
0.548,-1.388,-13.736,0.224,0.224,0.252,0.252
0.547,-1.274,-13.737,0.237,0.237,0.255,0.255
0.546,-1.257,-13.738,0.230,0.230,0.252,0.252
0.545,-1.274,-13.739,0.240,0.240,0.264,0.264
0.544,-1.323,-13.741,0.235,0.235,0.258,0.258
0.541,-1.290,-13.745,0.238,0.238,0.262,0.262
0.539,-1.306,-13.747,0.233,0.233,0.258,0.258
0.538,-1.323,-13.749,0.233,0.233,0.258,0.258
0.540,-1.420,-13.746,0.230,0.230,0.259,0.259
0.540,-1.665,-13.745,0.227,0.227,0.259,0.259
0.541,-1.812,-13.745,0.223,0.223,0.278,0.278
0.538,-1.828,-13.750,0.233,0.233,0.258,0.258
0.537,-1.812,-13.751,0.218,0.218,0.247,0.247
0.536,-1.796,-13.754,0.227,0.227,0.249,0.249
0.534,-1.812,-13.757,0.198,0.198,0.237,0.237
0.534,-1.698,-13.757,0.224,0.224,0.238,0.238
0.534,-1.306,-13.758,0.203,0.203,0.232,0.232
0.532,-0.931,-13.759,0.212,0.212,0.212,0.212
0.530,-0.621,-13.761,0.197,0.197,0.230,0.230
0.527,-0.196,-13.762,0.227,0.227,0.246,0.246
0.525,0.163,-13.762,0.200,0.200,0.241,0.241
0.525,0.228,-13.762,0.229,0.229,0.240,0.240
0.528,0.179,-13.763,0.215,0.215,0.246,0.246
0.528,0.114,-13.763,0.230,0.230,0.235,0.235
0.526,0.130,-13.763,0.218,0.218,0.221,0.221
0.524,0.179,-13.762,0.237,0.237,0.246,0.246
0.522,0.130,-13.762,0.226,0.226,0.258,0.258
0.522,-0.066,-13.762,0.226,0.226,0.246,0.246
0.522,-0.294,-13.762,0.226,0.226,0.249,0.249
0.520,-0.327,-13.762,0.227,0.227,0.247,0.247
0.520,-0.490,-13.762,0.227,0.227,0.253,0.253
0.518,-0.653,-13.764,0.224,0.224,0.237,0.237
0.514,-0.849,-13.767,0.218,0.218,0.253,0.253
0.514,-0.849,-13.767,0.240,0.240,0.266,0.266
0.513,-0.702,-13.768,0.224,0.224,0.258,0.258
0.517,-0.115,-13.766,0.221,0.221,0.250,0.250
0.514,0.734,-13.765,0.227,0.227,0.252,0.252
0.514,1.599,-13.765,0.221,0.221,0.253,0.253
0.512,2.072,-13.761,0.221,0.221,0.261,0.261
0.511,2.366,-13.758,0.209,0.209,0.249,0.249
0.510,2.529,-13.755,0.220,0.220,0.250,0.250
0.508,2.660,-13.752,0.209,0.209,0.250,0.250
0.508,2.774,-13.751,0.217,0.217,0.247,0.247
0.508,2.986,-13.751,0.214,0.214,0.249,0.249
0.506,3.068,-13.746,0.229,0.229,0.252,0.252
0.503,3.116,-13.735,0.203,0.203,0.258,0.258
0.501,3.068,-13.730,0.221,0.221,0.244,0.244
0.503,2.970,-13.736,0.206,0.206,0.244,0.244
0.504,2.757,-13.738,0.221,0.221,0.244,0.244
0.505,2.464,-13.740,0.204,0.204,0.256,0.256
0.502,2.186,-13.734,0.230,0.230,0.262,0.262
0.500,1.941,-13.730,0.212,0.212,0.255,0.255
0.499,1.599,-13.728,0.237,0.237,0.250,0.250
0.497,1.223,-13.725,0.229,0.229,0.259,0.259
0.496,1.076,-13.724,0.252,0.252,0.275,0.275
0.496,1.076,-13.724,0.232,0.232,0.275,0.275
0.494,1.125,-13.722,0.252,0.252,0.273,0.273
0.494,1.125,-13.722,0.230,0.230,0.305,0.305
0.491,1.093,-13.718,0.252,0.252,0.273,0.273
0.488,0.995,-13.715,0.223,0.223,0.267,0.267
0.488,0.750,-13.715,0.253,0.253,0.273,0.273
0.488,0.636,-13.715,0.233,0.233,0.275,0.275
0.492,0.587,-13.718,0.240,0.240,0.262,0.262
0.490,0.636,-13.717,0.227,0.227,0.272,0.272
0.489,0.636,-13.716,0.237,0.237,0.282,0.282
0.487,0.750,-13.715,0.223,0.223,0.267,0.267
0.486,0.979,-13.713,0.241,0.241,0.252,0.252
0.485,1.125,-13.713,0.223,0.223,0.264,0.264
0.483,1.028,-13.711,0.240,0.240,0.258,0.258
0.483,0.652,-13.710,0.223,0.223,0.259,0.259
0.483,0.228,-13.710,0.232,0.232,0.256,0.256
0.479,-0.262,-13.711,0.238,0.238,0.253,0.253
0.476,-0.702,-13.712,0.226,0.226,0.249,0.249
0.475,-1.012,-13.713,0.238,0.238,0.261,0.261
0.477,-1.225,-13.711,0.223,0.223,0.253,0.253
0.478,-1.208,-13.709,0.226,0.226,0.259,0.259
0.478,-0.980,-13.710,0.221,0.221,0.255,0.255
0.476,-0.817,-13.711,0.240,0.240,0.250,0.250
0.474,-0.784,-13.712,0.223,0.223,0.246,0.246
0.474,-0.686,-13.713,0.226,0.226,0.258,0.258
0.473,-0.539,-13.714,0.233,0.233,0.255,0.255
0.472,-0.539,-13.714,0.233,0.233,0.256,0.256
0.471,-0.425,-13.714,0.223,0.223,0.253,0.253
0.470,-0.327,-13.715,0.240,0.240,0.249,0.249
0.467,-0.294,-13.716,0.224,0.224,0.256,0.256
0.464,-0.278,-13.717,0.235,0.235,0.261,0.261
0.462,-0.099,-13.717,0.223,0.223,0.261,0.261
0.462,0.114,-13.717,0.246,0.246,0.258,0.258
0.465,0.179,-13.717,0.226,0.226,0.255,0.255
0.466,0.179,-13.718,0.243,0.243,0.258,0.258
0.464,0.163,-13.717,0.224,0.224,0.238,0.238
0.462,0.146,-13.717,0.250,0.250,0.252,0.252
0.460,0.114,-13.717,0.218,0.218,0.256,0.256
0.461,-0.099,-13.717,0.235,0.235,0.243,0.243
0.460,-0.294,-13.717,0.198,0.198,0.233,0.233
0.458,-0.343,-13.717,0.227,0.227,0.230,0.230
0.457,-0.327,-13.718,0.201,0.201,0.232,0.232
0.457,-0.343,-13.718,0.227,0.227,0.249,0.249
0.453,-0.425,-13.719,0.204,0.204,0.237,0.237
0.450,-0.670,-13.721,0.224,0.224,0.227,0.227
0.450,-0.817,-13.721,0.217,0.217,0.240,0.240
0.451,-0.849,-13.720,0.229,0.229,0.230,0.230
0.455,-0.686,-13.717,0.221,0.221,0.238,0.238
0.452,-0.474,-13.719,0.220,0.220,0.232,0.232
0.452,-0.278,-13.719,0.221,0.221,0.264,0.264
0.448,-0.245,-13.720,0.215,0.215,0.249,0.249
0.447,-0.294,-13.720,0.227,0.227,0.243,0.243
0.447,-0.327,-13.720,0.215,0.215,0.241,0.241
0.446,-0.311,-13.720,0.233,0.233,0.249,0.249
0.446,-0.082,-13.720,0.218,0.218,0.250,0.250
0.445,0.146,-13.720,0.224,0.224,0.255,0.255
0.441,0.179,-13.720,0.224,0.224,0.264,0.264
0.438,0.277,-13.719,0.229,0.229,0.256,0.256
0.438,0.489,-13.719,0.214,0.214,0.255,0.255
0.440,0.620,-13.720,0.230,0.230,0.261,0.261
0.442,0.652,-13.722,0.212,0.212,0.258,0.258
0.440,0.636,-13.720,0.229,0.229,0.255,0.255
0.439,0.522,-13.720,0.209,0.209,0.253,0.253
0.437,0.260,-13.719,0.237,0.237,0.249,0.249
0.435,-0.099,-13.719,0.215,0.215,0.252,0.252
0.435,-0.327,-13.719,0.237,0.237,0.261,0.261
0.433,-0.474,-13.719,0.212,0.212,0.247,0.247
0.434,-0.702,-13.719,0.227,0.227,0.243,0.243
0.432,-0.817,-13.720,0.212,0.212,0.252,0.252
0.429,-0.849,-13.723,0.229,0.229,0.247,0.247
0.427,-0.817,-13.725,0.209,0.209,0.238,0.238
0.426,-0.686,-13.726,0.230,0.230,0.249,0.249
0.427,-0.229,-13.725,0.208,0.208,0.258,0.258
0.431,0.114,-13.725,0.233,0.233,0.246,0.246
0.428,0.228,-13.724,0.218,0.218,0.249,0.249
0.427,0.179,-13.724,0.232,0.232,0.252,0.252
0.425,0.244,-13.724,0.218,0.218,0.255,0.255
0.424,0.473,-13.723,0.237,0.237,0.252,0.252
0.423,0.750,-13.723,0.235,0.235,0.259,0.259
0.422,1.011,-13.722,0.237,0.237,0.270,0.270
0.421,1.125,-13.720,0.244,0.244,0.279,0.279
0.420,1.011,-13.720,0.240,0.240,0.278,0.278
0.418,0.750,-13.718,0.238,0.238,0.278,0.278
0.415,0.620,-13.716,0.255,0.255,0.270,0.270
0.413,0.456,-13.715,0.241,0.241,0.304,0.304
0.413,0.228,-13.715,0.243,0.243,0.267,0.267
0.416,-0.245,-13.715,0.241,0.241,0.262,0.262
0.416,-0.702,-13.715,0.230,0.230,0.270,0.270
0.415,-0.882,-13.716,0.237,0.237,0.275,0.275
0.413,-0.898,-13.717,0.229,0.229,0.267,0.267
0.412,-0.964,-13.719,0.238,0.238,0.267,0.267
0.411,-1.290,-13.719,0.227,0.227,0.282,0.282
0.410,-1.665,-13.721,0.232,0.232,0.262,0.262
0.409,-2.008,-13.723,0.221,0.221,0.258,0.258
0.408,-2.106,-13.724,0.235,0.235,0.259,0.259
0.407,-1.959,-13.727,0.218,0.218,0.267,0.267
0.404,-1.731,-13.733,0.237,0.237,0.253,0.253
0.402,-1.420,-13.736,0.215,0.215,0.253,0.253
0.401,-1.143,-13.737,0.229,0.229,0.247,0.247
0.405,-0.915,-13.733,0.204,0.204,0.255,0.255
0.404,-0.817,-13.734,0.237,0.237,0.255,0.255
0.401,-0.670,-13.736,0.220,0.220,0.252,0.252
0.401,-0.458,-13.736,0.237,0.237,0.255,0.255
0.398,-0.311,-13.737,0.229,0.229,0.258,0.258
0.398,-0.278,-13.737,0.243,0.243,0.256,0.256
0.397,-0.278,-13.737,0.217,0.217,0.258,0.258
0.396,-0.099,-13.738,0.241,0.241,0.255,0.255
0.395,0.097,-13.738,0.227,0.227,0.255,0.255
0.393,-0.066,-13.737,0.241,0.241,0.255,0.255
0.391,-0.262,-13.738,0.221,0.221,0.259,0.259
0.388,-0.343,-13.739,0.255,0.255,0.258,0.258
0.391,-0.360,-13.738,0.237,0.237,0.255,0.255
0.392,-0.360,-13.737,0.255,0.255,0.247,0.247
0.392,-0.441,-13.737,0.230,0.230,0.252,0.252
0.390,-0.817,-13.738,0.250,0.250,0.255,0.255
0.388,-1.094,-13.740,0.233,0.233,0.255,0.255
0.387,-1.143,-13.742,0.235,0.235,0.258,0.258
0.386,-1.208,-13.744,0.229,0.229,0.255,0.255
0.385,-1.306,-13.745,0.232,0.232,0.247,0.247
0.384,-1.339,-13.746,0.212,0.212,0.227,0.227
0.382,-1.339,-13.748,0.217,0.217,0.230,0.230
0.382,-1.306,-13.748,0.220,0.220,0.237,0.237
0.381,-1.306,-13.750,0.211,0.211,0.235,0.235
0.378,-1.192,-13.754,0.211,0.211,0.238,0.238
0.376,-0.915,-13.756,0.214,0.214,0.240,0.240
0.379,-0.686,-13.753,0.218,0.218,0.247,0.247
0.379,-0.458,-13.753,0.206,0.206,0.246,0.246
0.379,-0.311,-13.753,0.224,0.224,0.238,0.238
0.378,-0.392,-13.754,0.212,0.212,0.229,0.229
0.374,-0.539,-13.755,0.227,0.227,0.243,0.243
0.373,-0.490,-13.756,0.212,0.212,0.241,0.241
0.373,-0.327,-13.756,0.233,0.233,0.246,0.246
0.371,-0.294,-13.757,0.221,0.221,0.246,0.246
0.370,-0.294,-13.757,0.232,0.232,0.267,0.267
0.370,-0.441,-13.757,0.218,0.218,0.250,0.250
0.367,-0.686,-13.758,0.241,0.241,0.243,0.243
0.364,-0.849,-13.761,0.218,0.218,0.250,0.250
0.362,-0.719,-13.762,0.237,0.237,0.249,0.249
0.364,-0.245,-13.761,0.224,0.224,0.259,0.259
0.366,0.130,-13.761,0.244,0.244,0.255,0.255
0.367,0.358,-13.762,0.218,0.218,0.281,0.281
0.366,0.652,-13.761,0.238,0.238,0.255,0.255
0.363,0.979,-13.759,0.218,0.218,0.243,0.243
0.362,1.240,-13.758,0.235,0.235,0.255,0.255
0.361,1.370,-13.756,0.218,0.218,0.252,0.252
0.360,1.256,-13.755,0.238,0.238,0.252,0.252
0.359,1.158,-13.754,0.214,0.214,0.258,0.258
0.358,1.076,-13.753,0.229,0.229,0.269,0.269
0.357,1.207,-13.751,0.220,0.220,0.255,0.255
0.354,1.452,-13.747,0.230,0.230,0.247,0.247
0.351,1.631,-13.742,0.224,0.224,0.255,0.255
0.350,1.615,-13.741,0.217,0.217,0.249,0.249
0.354,1.615,-13.748,0.221,0.221,0.252,0.252
0.353,1.599,-13.747,0.220,0.220,0.252,0.252
0.352,1.468,-13.745,0.215,0.215,0.258,0.258
0.351,1.125,-13.743,0.224,0.224,0.255,0.255
0.350,0.620,-13.742,0.227,0.227,0.256,0.256
0.348,0.228,-13.741,0.221,0.221,0.253,0.253
0.348,0.065,-13.741,0.237,0.237,0.259,0.259
0.346,0.081,-13.741,0.241,0.241,0.273,0.273
0.346,0.130,-13.741,0.244,0.244,0.279,0.279
0.344,0.130,-13.741,0.237,0.237,0.249,0.249
0.343,0.260,-13.741,0.246,0.246,0.273,0.273
0.340,0.489,-13.740,0.233,0.233,0.287,0.287
0.338,0.652,-13.739,0.233,0.233,0.272,0.272
0.339,0.668,-13.739,0.233,0.233,0.261,0.261
0.340,0.652,-13.740,0.240,0.240,0.267,0.267
0.341,0.522,-13.740,0.215,0.215,0.272,0.272
0.340,0.293,-13.740,0.246,0.246,0.250,0.250
0.337,0.146,-13.739,0.221,0.221,0.267,0.267
0.335,0.081,-13.739,0.240,0.240,0.279,0.279
0.334,0.130,-13.739,0.221,0.221,0.261,0.261
0.335,0.146,-13.739,0.232,0.232,0.259,0.259
0.334,0.163,-13.739,0.212,0.212,0.255,0.255
0.333,0.146,-13.739,0.230,0.230,0.256,0.256
0.332,0.163,-13.739,0.212,0.212,0.261,0.261
0.329,0.097,-13.738,0.232,0.232,0.258,0.258
0.325,-0.082,-13.738,0.212,0.212,0.261,0.261
0.327,-0.294,-13.738,0.240,0.240,0.249,0.249
0.328,-0.131,-13.738,0.224,0.224,0.253,0.253
0.329,0.342,-13.738,0.240,0.240,0.272,0.272
0.328,1.011,-13.737,0.214,0.214,0.256,0.256
0.325,1.778,-13.733,0.243,0.243,0.252,0.252
0.323,2.578,-13.729,0.226,0.226,0.255,0.255
0.323,3.312,-13.730,0.237,0.237,0.253,0.253
0.323,4.161,-13.728,0.232,0.232,0.273,0.273
0.322,5.124,-13.722,0.243,0.243,0.253,0.253
0.321,6.119,-13.716,0.230,0.230,0.267,0.267
0.320,7.082,-13.712,0.247,0.247,0.253,0.253
0.317,8.078,-13.692,0.230,0.230,0.259,0.259
0.313,9.057,-13.656,0.243,0.243,0.256,0.256
0.315,10.036,-13.670,0.230,0.230,0.258,0.258
0.317,10.999,-13.695,0.246,0.246,0.256,0.256
0.318,11.995,-13.711,0.237,0.237,0.258,0.258
0.317,12.860,-13.688,0.237,0.237,0.259,0.259
0.316,13.463,-13.675,0.238,0.238,0.255,0.255
0.312,13.986,-13.632,0.227,0.227,0.259,0.259
0.312,14.443,-13.625,0.230,0.230,0.249,0.249
0.311,14.916,-13.619,0.212,0.212,0.246,0.246
0.311,15.405,-13.610,0.224,0.224,0.237,0.237
0.310,15.944,-13.588,0.203,0.203,0.230,0.230
0.309,16.385,-13.584,0.203,0.203,0.247,0.247
0.306,16.923,-13.537,0.200,0.200,0.226,0.226
0.304,17.396,-13.497,0.215,0.215,0.229,0.229
0.301,17.772,-13.445,0.203,0.203,0.235,0.235
0.303,18.049,-13.473,0.209,0.209,0.243,0.243
0.305,18.376,-13.517,0.211,0.211,0.240,0.240
0.306,18.833,-13.527,0.226,0.226,0.238,0.238
0.305,19.224,-13.505,0.212,0.212,0.230,0.230
0.302,19.388,-13.455,0.235,0.235,0.238,0.238
0.301,19.485,-13.446,0.215,0.215,0.240,0.240
0.301,19.812,-13.433,0.235,0.235,0.243,0.243
0.300,20.155,-13.413,0.206,0.206,0.250,0.250
0.299,20.448,-13.403,0.240,0.240,0.247,0.247
0.297,20.807,-13.366,0.214,0.214,0.256,0.256
0.297,21.150,-13.352,0.237,0.237,0.233,0.233
0.294,21.428,-13.292,0.221,0.221,0.246,0.246
0.291,21.705,-13.226,0.243,0.243,0.240,0.240
0.294,21.803,-13.298,0.227,0.227,0.261,0.261
0.295,21.819,-13.325,0.230,0.230,0.261,0.261
0.296,21.787,-13.327,0.230,0.230,0.255,0.255
0.295,21.803,-13.305,0.230,0.230,0.249,0.249
0.293,21.770,-13.266,0.220,0.220,0.250,0.250
0.290,21.787,-13.211,0.230,0.230,0.252,0.252
0.291,21.787,-13.225,0.224,0.224,0.259,0.259
0.290,21.770,-13.203,0.224,0.224,0.253,0.253
0.289,21.787,-13.185,0.224,0.224,0.253,0.253
0.287,21.803,-13.147,0.221,0.221,0.252,0.252
0.287,21.770,-13.150,0.230,0.230,0.261,0.261
0.283,21.787,-13.063,0.206,0.206,0.270,0.270
0.282,21.770,-13.039,0.224,0.224,0.255,0.255
0.284,21.787,-13.073,0.208,0.208,0.241,0.241
0.286,21.787,-13.112,0.212,0.212,0.246,0.246
0.285,21.917,-13.100,0.208,0.208,0.249,0.249
0.283,22.129,-13.060,0.224,0.224,0.250,0.250
0.283,22.260,-13.054,0.215,0.215,0.255,0.255
0.282,22.423,-13.026,0.224,0.224,0.276,0.276
0.281,22.782,-13.005,0.220,0.220,0.258,0.258
0.281,23.370,-13.016,0.235,0.235,0.252,0.252
0.280,24.104,-12.993,0.218,0.218,0.273,0.273
0.278,24.659,-12.943,0.246,0.246,0.279,0.279
0.278,24.920,-12.939,0.224,0.224,0.272,0.272
0.276,25.263,-12.885,0.243,0.243,0.273,0.273
0.274,25.687,-12.821,0.230,0.230,0.275,0.275
0.272,26.226,-12.788,0.252,0.252,0.279,0.279
0.274,26.715,-12.846,0.223,0.223,0.270,0.270
0.277,27.254,-12.910,0.244,0.244,0.266,0.266
0.276,27.727,-12.877,0.224,0.224,0.266,0.266
0.274,28.298,-12.834,0.243,0.243,0.269,0.269
0.273,29.310,-12.806,0.217,0.217,0.267,0.267
0.272,30.550,-12.758,0.246,0.246,0.253,0.253
0.272,31.725,-12.762,0.218,0.218,0.261,0.261
0.271,32.721,-12.730,0.238,0.238,0.264,0.264
0.270,33.602,-12.700,0.229,0.229,0.258,0.258
0.270,34.320,-12.708,0.241,0.241,0.258,0.258
0.267,35.120,-12.596,0.223,0.223,0.259,0.259
0.264,36.099,-12.505,0.246,0.246,0.253,0.253
0.264,37.209,-12.513,0.221,0.221,0.240,0.240
0.268,38.678,-12.645,0.237,0.237,0.249,0.249
0.268,40.440,-12.635,0.221,0.221,0.269,0.269
0.267,42.056,-12.613,0.243,0.243,0.259,0.259
0.266,43.574,-12.577,0.229,0.229,0.249,0.249
0.264,44.912,-12.489,0.243,0.243,0.252,0.252
0.264,45.973,-12.467,0.227,0.227,0.253,0.253
0.263,46.985,-12.410,0.241,0.241,0.247,0.247
0.262,47.784,-12.367,0.230,0.230,0.256,0.256
0.262,48.437,-12.388,0.233,0.233,0.259,0.259
0.260,48.927,-12.299,0.237,0.237,0.258,0.258
0.260,49.367,-12.265,0.240,0.240,0.258,0.258
0.257,49.857,-12.128,0.232,0.232,0.261,0.261
0.255,50.216,-12.045,0.237,0.237,0.256,0.256
0.257,50.493,-12.147,0.246,0.246,0.253,0.253
0.260,50.836,-12.295,0.237,0.237,0.256,0.256
0.259,51.179,-12.233,0.244,0.244,0.264,0.264
0.257,51.326,-12.148,0.230,0.230,0.261,0.261
0.256,51.309,-12.090,0.241,0.241,0.256,0.256
0.256,51.326,-12.085,0.218,0.218,0.249,0.249
0.255,51.130,-12.034,0.233,0.233,0.249,0.249
0.255,50.934,-12.027,0.208,0.208,0.238,0.238
0.254,50.689,-12.000,0.217,0.217,0.232,0.232
0.253,50.183,-11.953,0.204,0.204,0.240,0.240
0.252,49.351,-11.885,0.223,0.223,0.235,0.235
0.249,48.453,-11.738,0.208,0.208,0.230,0.230
0.248,47.784,-11.696,0.217,0.217,0.230,0.230
0.246,47.278,-11.616,0.206,0.206,0.240,0.240
0.253,46.805,-11.917,0.226,0.226,0.226,0.226
0.252,46.332,-11.886,0.204,0.204,0.233,0.233
0.252,45.859,-11.888,0.227,0.227,0.250,0.250
0.250,45.336,-11.799,0.212,0.212,0.233,0.233
0.248,44.732,-11.707,0.232,0.232,0.240,0.240
0.249,43.851,-11.721,0.218,0.218,0.237,0.237
0.247,42.888,-11.639,0.240,0.240,0.241,0.241
0.247,41.860,-11.660,0.218,0.218,0.233,0.233
0.246,40.848,-11.631,0.232,0.232,0.247,0.247
0.246,39.983,-11.604,0.221,0.221,0.258,0.258
0.243,39.282,-11.488,0.237,0.237,0.258,0.258
0.240,38.547,-11.380,0.224,0.224,0.255,0.255
0.240,37.829,-11.360,0.220,0.220,0.243,0.243
0.245,37.193,-11.574,0.232,0.232,0.266,0.266
0.244,36.932,-11.543,0.226,0.226,0.249,0.249
0.245,36.932,-11.568,0.230,0.230,0.255,0.255
0.243,37.013,-11.490,0.217,0.217,0.259,0.259
0.242,37.160,-11.441,0.235,0.235,0.253,0.253
0.241,37.421,-11.418,0.214,0.214,0.255,0.255
0.240,37.650,-11.385,0.217,0.217,0.244,0.244
0.240,37.927,-11.386,0.218,0.218,0.250,0.250
0.240,38.009,-11.389,0.224,0.224,0.252,0.252
0.239,38.172,-11.344,0.212,0.212,0.249,0.249
0.236,38.253,-11.236,0.223,0.223,0.247,0.247
0.233,38.139,-11.121,0.209,0.209,0.250,0.250
0.235,38.041,-11.171,0.221,0.221,0.249,0.249
0.236,37.878,-11.206,0.209,0.209,0.243,0.243
0.239,37.650,-11.325,0.218,0.218,0.246,0.246
0.238,37.519,-11.290,0.208,0.208,0.256,0.256
0.237,37.503,-11.251,0.220,0.220,0.249,0.249
0.236,37.535,-11.211,0.211,0.211,0.249,0.249
0.234,37.535,-11.147,0.227,0.227,0.250,0.250
0.233,37.666,-11.124,0.218,0.218,0.256,0.256
0.234,38.123,-11.160,0.241,0.241,0.273,0.273
0.234,38.874,-11.141,0.232,0.232,0.281,0.281
0.233,39.575,-11.119,0.259,0.259,0.264,0.264
0.233,40.049,-11.103,0.230,0.230,0.275,0.275
0.229,40.538,-10.948,0.259,0.259,0.279,0.279
0.228,41.158,-10.913,0.233,0.233,0.273,0.273
0.227,41.828,-10.855,0.247,0.247,0.267,0.267
0.232,42.497,-11.065,0.230,0.230,0.291,0.291
0.233,43.003,-11.114,0.250,0.250,0.273,0.273
0.233,43.492,-11.114,0.226,0.226,0.262,0.262
0.231,43.965,-11.052,0.249,0.249,0.269,0.269
0.228,44.439,-10.911,0.233,0.233,0.270,0.270
0.229,44.798,-10.933,0.246,0.246,0.261,0.261
0.227,45.043,-10.854,0.226,0.226,0.266,0.266
0.228,45.320,-10.893,0.237,0.237,0.275,0.275
0.228,45.532,-10.910,0.221,0.221,0.264,0.264
0.227,45.793,-10.869,0.230,0.230,0.253,0.253
0.226,46.022,-10.801,0.224,0.224,0.259,0.259
0.222,46.430,-10.627,0.233,0.233,0.250,0.250
0.221,46.870,-10.556,0.224,0.224,0.255,0.255
0.226,47.311,-10.831,0.237,0.237,0.252,0.252
0.227,47.556,-10.877,0.229,0.229,0.255,0.255
0.226,47.915,-10.832,0.226,0.226,0.256,0.256
0.225,48.339,-10.743,0.230,0.230,0.259,0.259
0.224,48.747,-10.737,0.227,0.227,0.252,0.252
0.224,48.894,-10.737,0.229,0.229,0.259,0.259
0.222,49.008,-10.638,0.217,0.217,0.255,0.255
0.224,49.204,-10.698,0.233,0.233,0.258,0.258
0.223,49.482,-10.658,0.226,0.226,0.261,0.261
0.222,49.759,-10.629,0.235,0.235,0.255,0.255
0.221,49.873,-10.556,0.227,0.227,0.258,0.258
0.219,49.873,-10.459,0.243,0.243,0.259,0.259
0.218,49.841,-10.421,0.229,0.229,0.259,0.259
0.220,49.808,-10.498,0.233,0.233,0.255,0.255
0.222,49.841,-10.640,0.226,0.226,0.253,0.253
0.222,49.824,-10.594,0.243,0.243,0.253,0.253
0.221,49.841,-10.564,0.218,0.218,0.258,0.258
0.219,49.824,-10.460,0.243,0.243,0.258,0.258
0.218,49.955,-10.430,0.230,0.230,0.256,0.256
0.219,50.200,-10.469,0.235,0.235,0.252,0.252
0.219,50.330,-10.467,0.215,0.215,0.249,0.249
0.218,50.347,-10.409,0.227,0.227,0.237,0.237
0.217,50.330,-10.387,0.204,0.204,0.215,0.215
0.217,50.330,-10.347,0.221,0.221,0.230,0.230
0.214,50.314,-10.197,0.206,0.206,0.247,0.247
0.213,50.314,-10.182,0.221,0.221,0.246,0.246
0.214,50.183,-10.193,0.212,0.212,0.243,0.243
0.218,49.841,-10.397,0.221,0.221,0.243,0.243
0.219,49.351,-10.458,0.215,0.215,0.237,0.237
0.217,48.796,-10.343,0.230,0.230,0.220,0.220
0.216,48.192,-10.314,0.220,0.220,0.237,0.237
0.215,47.425,-10.280,0.226,0.226,0.255,0.255
0.214,46.821,-10.240,0.226,0.226,0.243,0.243
0.215,46.299,-10.266,0.218,0.218,0.241,0.241
0.214,45.842,-10.231,0.214,0.214,0.244,0.244
0.214,45.353,-10.214,0.223,0.223,0.244,0.244
0.214,44.847,-10.216,0.224,0.224,0.233,0.233
0.212,44.357,-10.130,0.217,0.217,0.249,0.249
0.209,43.998,-10.010,0.232,0.232,0.258,0.258
0.210,43.868,-10.027,0.214,0.214,0.258,0.258
0.214,43.884,-10.202,0.232,0.232,0.261,0.261
0.214,43.900,-10.232,0.209,0.209,0.250,0.250
0.214,43.933,-10.224,0.233,0.233,0.252,0.252
0.212,43.933,-10.144,0.215,0.215,0.233,0.233
0.211,43.933,-10.097,0.226,0.226,0.249,0.249
0.212,43.770,-10.130,0.215,0.215,0.256,0.256
0.211,43.541,-10.087,0.229,0.229,0.250,0.250
0.210,43.411,-10.054,0.214,0.214,0.253,0.253
0.211,43.394,-10.106,0.229,0.229,0.244,0.244
0.210,43.378,-10.031,0.224,0.224,0.252,0.252
0.207,43.296,-9.911,0.227,0.227,0.246,0.246
0.205,43.052,-9.817,0.204,0.204,0.252,0.252
0.206,42.921,-9.877,0.237,0.237,0.250,0.250
0.211,42.872,-10.097,0.208,0.208,0.249,0.249
0.211,42.921,-10.096,0.221,0.221,0.250,0.250
0.211,42.921,-10.076,0.209,0.209,0.237,0.237
0.209,42.921,-10.012,0.237,0.237,0.253,0.253
0.209,42.954,-9.996,0.218,0.218,0.258,0.258
0.209,42.921,-9.981,0.237,0.237,0.247,0.247
0.207,43.052,-9.926,0.224,0.224,0.252,0.252
0.208,43.280,-9.975,0.237,0.237,0.258,0.258
0.207,43.443,-9.923,0.227,0.227,0.264,0.264
0.208,43.443,-9.949,0.255,0.255,0.267,0.267
0.207,43.443,-9.932,0.240,0.240,0.275,0.275
0.204,43.508,-9.778,0.249,0.249,0.262,0.262
0.203,43.786,-9.721,0.250,0.250,0.273,0.273
0.204,43.900,-9.771,0.240,0.240,0.276,0.276
0.208,43.965,-9.943,0.243,0.243,0.264,0.264
0.210,44.031,-10.059,0.238,0.238,0.266,0.266
0.209,44.276,-10.015,0.240,0.240,0.267,0.267
0.208,44.390,-9.960,0.238,0.238,0.273,0.273
0.206,44.422,-9.862,0.224,0.224,0.264,0.264
0.206,44.537,-9.865,0.237,0.237,0.258,0.258
0.206,44.749,-9.853,0.232,0.232,0.261,0.261
0.206,44.896,-9.886,0.223,0.223,0.256,0.256
0.206,44.912,-9.889,0.237,0.237,0.255,0.255
0.205,44.896,-9.846,0.227,0.227,0.262,0.262
0.203,44.863,-9.725,0.227,0.227,0.255,0.255
0.200,44.847,-9.618,0.221,0.221,0.255,0.255
0.202,44.896,-9.696,0.230,0.230,0.252,0.252
0.206,44.863,-9.859,0.212,0.212,0.259,0.259
0.207,44.896,-9.909,0.227,0.227,0.250,0.250
0.206,44.879,-9.871,0.220,0.220,0.252,0.252
0.205,44.896,-9.833,0.233,0.233,0.273,0.273
0.205,44.879,-9.806,0.212,0.212,0.255,0.255
0.204,44.879,-9.769,0.243,0.243,0.253,0.253
0.204,44.879,-9.770,0.221,0.221,0.255,0.255
0.204,44.896,-9.785,0.238,0.238,0.249,0.249
0.203,44.879,-9.748,0.220,0.220,0.249,0.249
0.202,44.847,-9.708,0.243,0.243,0.253,0.253
0.200,44.879,-9.609,0.224,0.224,0.276,0.276
0.199,44.879,-9.536,0.243,0.243,0.253,0.253
0.201,44.847,-9.629,0.230,0.230,0.249,0.249
0.204,44.912,-9.794,0.250,0.250,0.256,0.256
0.206,44.879,-9.859,0.240,0.240,0.256,0.256
0.205,44.781,-9.818,0.252,0.252,0.258,0.258
0.204,44.569,-9.778,0.240,0.240,0.258,0.258
0.203,44.390,-9.756,0.240,0.240,0.269,0.269
0.203,44.324,-9.717,0.226,0.226,0.255,0.255
0.203,44.210,-9.747,0.241,0.241,0.252,0.252
0.203,44.014,-9.731,0.221,0.221,0.255,0.255
0.203,43.933,-9.737,0.223,0.223,0.229,0.229
0.203,43.868,-9.744,0.218,0.218,0.224,0.224
0.201,43.916,-9.643,0.221,0.221,0.224,0.224
0.199,43.933,-9.556,0.215,0.215,0.233,0.233
0.198,43.916,-9.502,0.206,0.206,0.233,0.233
0.202,43.949,-9.715,0.223,0.223,0.241,0.241
0.205,43.933,-9.833,0.209,0.209,0.244,0.244
0.205,43.753,-9.810,0.224,0.224,0.232,0.232
0.205,43.492,-9.841,0.209,0.209,0.240,0.240
0.203,43.280,-9.731,0.221,0.221,0.232,0.232
0.203,42.986,-9.728,0.215,0.215,0.256,0.256
0.203,42.741,-9.758,0.224,0.224,0.244,0.244
0.203,42.513,-9.746,0.215,0.215,0.244,0.244
0.204,42.415,-9.769,0.247,0.247,0.243,0.243
0.203,42.382,-9.727,0.224,0.224,0.246,0.246
0.202,42.284,-9.692,0.243,0.243,0.244,0.244
0.199,42.203,-9.557,0.221,0.221,0.249,0.249
0.199,42.301,-9.549,0.243,0.243,0.270,0.270
0.200,42.268,-9.630,0.214,0.214,0.255,0.255
0.204,42.105,-9.789,0.247,0.247,0.247,0.247
0.204,41.974,-9.773,0.224,0.224,0.253,0.253
0.204,41.909,-9.760,0.244,0.244,0.253,0.253
0.204,41.942,-9.771,0.224,0.224,0.255,0.255
0.204,41.942,0.000,0.244,0.244,0.250,0.250
0.202,41.811,0.068,0.230,0.230,0.259,0.259
0.203,41.583,0.025,0.230,0.230,0.252,0.252
0.203,41.452,0.028,0.224,0.224,0.255,0.255
0.203,41.420,0.018,0.223,0.223,0.256,0.256
0.202,41.566,0.076,0.221,0.221,0.258,0.258
0.199,41.811,0.220,0.224,0.224,0.249,0.249
0.198,41.860,0.239,0.224,0.224,0.252,0.252
0.200,41.615,0.156,0.223,0.223,0.261,0.261
0.205,41.322,-0.056,0.215,0.215,0.249,0.249
0.205,41.028,-0.060,0.223,0.223,0.244,0.244
0.205,40.799,-0.028,0.212,0.212,0.249,0.249
0.204,40.457,0.001,0.208,0.208,0.249,0.249
0.203,40.065,0.032,0.220,0.220,0.259,0.259
0.203,39.820,0.037,0.208,0.208,0.252,0.252
0.203,39.673,0.024,0.224,0.224,0.275,0.275
0.203,39.706,0.036,0.223,0.223,0.258,0.258
0.204,39.608,0.015,0.244,0.244,0.269,0.269
0.203,39.396,0.021,0.229,0.229,0.273,0.273
0.200,39.102,0.146,0.241,0.241,0.279,0.279
0.199,38.988,0.189,0.227,0.227,0.281,0.281
0.200,38.825,0.145,0.243,0.243,0.275,0.275
0.203,38.629,0.025,0.220,0.220,0.279,0.279
0.206,38.515,-0.092,0.238,0.238,0.259,0.259
0.206,38.449,-0.093,0.220,0.220,0.266,0.266
0.205,38.368,-0.042,0.230,0.230,0.266,0.266
0.204,38.139,0.014,0.221,0.221,0.269,0.269
0.204,38.009,0.009,0.237,0.237,0.264,0.264
0.204,38.090,-0.000,0.218,0.218,0.262,0.262
0.204,38.368,-0.000,0.227,0.227,0.258,0.258
0.205,38.384,-0.024,0.212,0.212,0.261,0.261
0.205,38.058,-0.040,0.232,0.232,0.255,0.255
0.204,37.666,-0.005,0.200,0.200,0.258,0.258
0.201,37.454,0.115,0.230,0.230,0.255,0.255
0.201,37.454,0.108,0.204,0.204,0.261,0.261
0.205,37.519,-0.035,0.229,0.229,0.250,0.250
0.208,37.405,-0.141,0.212,0.212,0.252,0.252
0.206,37.176,-0.095,0.235,0.235,0.250,0.250
0.206,36.980,-0.069,0.218,0.218,0.259,0.259
0.206,36.980,-0.084,0.232,0.232,0.249,0.249
0.206,37.013,-0.089,0.221,0.221,0.258,0.258
0.205,37.013,-0.053,0.233,0.233,0.253,0.253
0.206,36.932,-0.072,0.218,0.218,0.258,0.258
0.206,36.654,-0.084,0.238,0.238,0.247,0.247
0.206,36.524,-0.080,0.226,0.226,0.253,0.253
0.205,36.491,-0.053,0.232,0.232,0.256,0.256
0.202,36.524,0.054,0.230,0.230,0.255,0.255
0.203,36.409,0.042,0.230,0.230,0.252,0.252
0.206,36.328,-0.062,0.235,0.235,0.256,0.256
0.208,36.377,-0.158,0.224,0.224,0.258,0.258
0.209,36.409,-0.194,0.240,0.240,0.255,0.255
0.208,36.181,-0.154,0.227,0.227,0.258,0.258
0.208,36.067,-0.164,0.227,0.227,0.259,0.259
0.208,36.001,-0.167,0.223,0.223,0.252,0.252
0.208,36.034,-0.144,0.230,0.230,0.252,0.252
0.209,35.903,-0.175,0.218,0.218,0.247,0.247
0.208,35.708,-0.158,0.218,0.218,0.249,0.249
0.208,35.414,-0.154,0.209,0.209,0.217,0.217
0.208,35.136,-0.162,0.212,0.212,0.227,0.227
0.205,35.022,-0.058,0.204,0.204,0.244,0.244
0.205,35.038,-0.046,0.218,0.218,0.230,0.230
0.209,35.055,-0.199,0.200,0.200,0.230,0.230
0.211,35.104,-0.268,0.217,0.217,0.230,0.230
0.213,34.924,-0.320,0.197,0.197,0.246,0.246
0.212,34.696,-0.282,0.232,0.232,0.227,0.227
0.210,34.565,-0.212,0.214,0.214,0.244,0.244
0.211,34.549,-0.251,0.232,0.232,0.233,0.233
0.210,34.549,-0.235,0.209,0.209,0.237,0.237
0.211,34.565,-0.254,0.240,0.240,0.235,0.235
0.210,34.565,-0.225,0.218,0.218,0.240,0.240
0.212,34.467,-0.275,0.230,0.230,0.243,0.243
0.211,34.206,-0.270,0.226,0.226,0.246,0.246
0.209,33.961,-0.191,0.232,0.232,0.246,0.246
0.207,33.684,-0.129,0.220,0.220,0.252,0.252
0.213,33.570,-0.318,0.232,0.232,0.247,0.247
0.214,33.537,-0.371,0.230,0.230,0.249,0.249
0.215,33.586,-0.372,0.229,0.229,0.261,0.261
0.214,33.455,-0.356,0.220,0.220,0.252,0.252
0.214,33.243,-0.361,0.230,0.230,0.250,0.250
0.214,33.080,-0.346,0.230,0.230,0.250,0.250
0.214,33.064,-0.351,0.209,0.209,0.250,0.250
0.214,32.949,-0.362,0.223,0.223,0.253,0.253
0.215,32.737,-0.395,0.211,0.211,0.246,0.246
0.215,32.574,-0.392,0.227,0.227,0.237,0.237
0.214,32.444,-0.344,0.204,0.204,0.252,0.252
0.212,32.231,-0.298,0.230,0.230,0.258,0.258
0.212,32.117,-0.278,0.217,0.217,0.252,0.252
0.217,31.954,-0.436,0.209,0.209,0.247,0.247
0.218,31.758,-0.487,0.211,0.211,0.249,0.249
0.219,31.611,-0.510,0.223,0.223,0.244,0.244
0.217,31.595,-0.459,0.204,0.204,0.240,0.240
0.217,31.628,-0.456,0.224,0.224,0.241,0.241
0.217,31.644,-0.457,0.206,0.206,0.255,0.255
0.218,31.644,-0.491,0.226,0.226,0.246,0.246
0.217,31.611,-0.451,0.200,0.200,0.249,0.249
0.219,31.628,-0.500,0.244,0.244,0.255,0.255
0.219,31.742,-0.503,0.223,0.223,0.255,0.255
0.219,31.987,-0.524,0.249,0.249,0.273,0.273
0.218,32.084,-0.478,0.230,0.230,0.267,0.267
0.217,32.052,-0.444,0.253,0.253,0.266,0.266
0.216,31.758,-0.423,0.227,0.227,0.270,0.270
0.219,31.628,-0.510,0.250,0.250,0.267,0.267
0.222,31.432,-0.618,0.232,0.232,0.276,0.276
0.222,31.268,-0.605,0.250,0.250,0.255,0.255
0.223,31.105,-0.649,0.232,0.232,0.287,0.287
0.222,31.073,-0.614,0.252,0.252,0.261,0.261
0.222,31.122,-0.595,0.233,0.233,0.262,0.262
0.223,31.138,-0.635,0.240,0.240,0.256,0.256
0.223,31.122,-0.638,0.230,0.230,0.262,0.262
0.222,31.105,-0.615,0.240,0.240,0.258,0.258
0.224,31.268,-0.678,0.224,0.224,0.259,0.259
0.223,31.497,-0.630,0.240,0.240,0.282,0.282
0.222,31.791,-0.595,0.224,0.224,0.246,0.246
0.221,32.036,-0.578,0.237,0.237,0.241,0.241
0.222,32.019,-0.623,0.226,0.226,0.250,0.250
0.228,31.791,-0.787,0.243,0.243,0.252,0.252
0.228,31.628,-0.784,0.230,0.230,0.255,0.255
0.228,31.611,-0.787,0.220,0.220,0.249,0.249
0.227,31.595,-0.763,0.233,0.233,0.275,0.275
0.227,31.628,-0.779,0.226,0.226,0.246,0.246
0.228,31.513,-0.787,0.227,0.227,0.246,0.246
0.228,31.252,-0.785,0.227,0.227,0.249,0.249
0.228,31.138,-0.791,0.240,0.240,0.250,0.250
0.229,31.105,-0.842,0.227,0.227,0.252,0.252
0.227,31.105,-0.779,0.235,0.235,0.253,0.253
0.227,31.252,-0.762,0.224,0.224,0.272,0.272
0.225,31.481,-0.713,0.247,0.247,0.252,0.252
0.230,31.774,-0.875,0.223,0.223,0.246,0.246
0.231,32.133,-0.902,0.243,0.243,0.246,0.246
0.233,32.623,-0.972,0.223,0.223,0.252,0.252
0.233,33.015,-0.959,0.243,0.243,0.250,0.250
0.233,33.260,-0.956,0.221,0.221,0.255,0.255
0.232,33.651,-0.927,0.241,0.241,0.270,0.270
0.233,33.945,-0.957,0.226,0.226,0.255,0.255
0.234,34.255,-0.997,0.232,0.232,0.246,0.246
0.234,34.467,-1.005,0.221,0.221,0.250,0.250
0.234,34.581,-0.982,0.235,0.235,0.244,0.244
0.234,34.614,-1.009,0.203,0.203,0.227,0.227
0.233,34.418,-0.966,0.220,0.220,0.224,0.224
0.233,34.239,-0.948,0.206,0.206,0.249,0.249
0.231,34.059,-0.896,0.221,0.221,0.233,0.233
0.237,34.043,-1.080,0.201,0.201,0.227,0.227
0.238,34.076,-1.137,0.227,0.227,0.224,0.224
0.239,34.076,-1.178,0.206,0.206,0.243,0.243
0.239,34.092,-1.177,0.226,0.226,0.230,0.230
0.240,34.059,-1.187,0.211,0.211,0.246,0.246
0.239,34.092,-1.156,0.226,0.226,0.262,0.262
0.240,34.059,-1.199,0.215,0.215,0.240,0.240
0.240,34.092,-1.196,0.218,0.218,0.237,0.237
0.241,34.076,-1.222,0.218,0.218,0.246,0.246
0.241,34.092,-1.232,0.223,0.223,0.243,0.243
0.242,34.076,-1.262,0.227,0.227,0.246,0.246
0.239,34.124,-1.177,0.209,0.209,0.247,0.247
0.238,33.961,-1.143,0.237,0.237,0.261,0.261
0.240,33.602,-1.183,0.214,0.214,0.249,0.249
0.246,33.064,-1.383,0.221,0.221,0.253,0.253
0.246,32.558,-1.387,0.212,0.212,0.253,0.253
0.246,32.052,-1.381,0.226,0.226,0.246,0.246
0.246,31.595,-1.384,0.206,0.206,0.250,0.250
0.245,31.073,-1.379,0.220,0.220,0.255,0.255
0.246,30.697,-1.390,0.212,0.212,0.258,0.258
0.247,30.452,-1.412,0.224,0.224,0.252,0.252
0.247,30.208,-1.429,0.209,0.209,0.250,0.250
0.247,30.224,-1.440,0.224,0.224,0.249,0.249
0.248,30.485,-1.450,0.212,0.212,0.255,0.255
0.246,30.746,-1.408,0.224,0.224,0.246,0.246
0.245,31.024,-1.362,0.203,0.203,0.252,0.252
0.248,31.138,-1.455,0.224,0.224,0.249,0.249
0.253,31.171,-1.602,0.204,0.204,0.247,0.247
0.252,31.089,-1.576,0.221,0.221,0.249,0.249
0.252,31.105,-1.594,0.212,0.212,0.253,0.253
0.252,31.122,-1.585,0.233,0.233,0.249,0.249
0.253,31.236,-1.618,0.209,0.209,0.244,0.244
0.252,31.366,-1.595,0.240,0.240,0.247,0.247
0.255,31.236,-1.665,0.221,0.221,0.255,0.255
0.254,31.138,-1.645,0.238,0.238,0.253,0.253
0.255,31.105,-1.687,0.221,0.221,0.261,0.261
0.255,31.073,-1.679,0.262,0.262,0.273,0.273
0.254,31.122,-1.647,0.252,0.252,0.270,0.270
0.253,31.268,-1.624,0.270,0.270,0.273,0.273
0.253,31.644,-1.619,0.278,0.278,0.275,0.275
0.257,32.117,-1.729,0.275,0.275,0.249,0.249
0.261,32.639,-1.858,0.267,0.267,0.276,0.276
0.260,33.145,-1.844,0.279,0.279,0.264,0.264
0.261,33.619,-1.855,0.261,0.261,0.275,0.275
0.259,34.010,-1.815,0.266,0.266,0.262,0.262
0.260,34.255,-1.853,0.264,0.264,0.270,0.270
0.262,34.500,-1.893,0.261,0.261,0.266,0.266
0.262,34.467,-1.898,0.267,0.267,0.240,0.240
0.263,34.124,-1.927,0.267,0.267,0.261,0.261
0.264,33.733,-1.970,0.270,0.270,0.273,0.273
0.262,33.521,-1.917,0.261,0.261,0.264,0.264
0.262,33.292,-1.898,0.255,0.255,0.253,0.253
0.261,32.852,-1.889,0.262,0.262,0.253,0.253
0.266,32.574,-2.028,0.255,0.255,0.255,0.255
0.269,32.541,-2.129,0.249,0.249,0.247,0.247
0.269,32.460,-2.140,0.258,0.258,0.249,0.249
0.269,32.248,-2.130,0.240,0.240,0.258,0.258
0.269,32.117,-2.134,0.255,0.255,0.249,0.249
0.269,32.215,-2.127,0.235,0.235,0.250,0.250
0.270,32.329,-2.171,0.253,0.253,0.240,0.240
0.271,32.411,-2.195,0.235,0.235,0.256,0.256
0.271,32.476,-2.215,0.241,0.241,0.256,0.256
0.272,32.574,-2.241,0.230,0.230,0.249,0.249
0.272,32.590,-2.228,0.227,0.227,0.249,0.249
0.269,32.476,-2.151,0.218,0.218,0.253,0.253
0.271,32.231,-2.214,0.230,0.230,0.253,0.253
0.276,32.117,-2.354,0.221,0.221,0.267,0.267
0.276,32.084,-2.376,0.237,0.237,0.256,0.256
0.277,32.117,-2.405,0.220,0.220,0.250,0.250
0.277,32.248,-2.407,0.240,0.240,0.253,0.253
0.277,32.476,-2.386,0.214,0.214,0.253,0.253
0.277,32.607,-2.407,0.221,0.221,0.252,0.252
0.279,32.639,-2.470,0.200,0.200,0.255,0.255
0.279,32.688,-2.459,0.217,0.217,0.269,0.269
0.280,32.949,-2.491,0.195,0.195,0.255,0.255
0.281,33.080,-2.522,0.211,0.211,0.244,0.244
0.281,33.129,-2.520,0.189,0.189,0.232,0.232
0.278,33.096,-2.422,0.203,0.203,0.229,0.229
0.280,33.194,-2.480,0.185,0.185,0.224,0.224
0.282,33.455,-2.559,0.200,0.200,0.232,0.232
0.285,33.733,-2.666,0.194,0.194,0.243,0.243
0.286,33.978,-2.684,0.201,0.201,0.237,0.237
0.286,34.239,-2.702,0.186,0.186,0.244,0.244
0.287,34.451,-2.735,0.215,0.215,0.230,0.230
0.287,34.581,-2.739,0.208,0.208,0.243,0.243
0.288,34.598,-2.745,0.206,0.206,0.235,0.235
0.289,34.581,-2.786,0.215,0.215,0.247,0.247
0.290,34.549,-2.840,0.211,0.211,0.249,0.249
0.290,34.565,-2.841,0.221,0.221,0.249,0.249
0.290,34.435,-2.830,0.204,0.204,0.252,0.252
0.290,34.206,-2.821,0.227,0.227,0.246,0.246
0.290,34.059,-2.832,0.209,0.209,0.246,0.246
0.290,34.043,-2.836,0.214,0.214,0.246,0.246
0.295,34.076,-2.996,0.197,0.197,0.252,0.252
0.297,34.076,-3.073,0.215,0.215,0.253,0.253
0.297,34.092,-3.085,0.201,0.201,0.256,0.256
0.296,34.076,-3.033,0.212,0.212,0.247,0.247
0.297,34.222,-3.059,0.212,0.212,0.258,0.258
0.297,34.565,-3.078,0.224,0.224,0.253,0.253
0.299,35.087,-3.138,0.206,0.206,0.255,0.255
0.300,35.446,-3.176,0.221,0.221,0.252,0.252
0.300,35.610,-3.176,0.211,0.211,0.270,0.270
0.301,35.708,-3.194,0.227,0.227,0.250,0.250
0.300,35.903,-3.158,0.209,0.209,0.247,0.247
0.299,36.050,-3.120,0.247,0.247,0.255,0.255
0.301,36.083,-3.194,0.215,0.215,0.252,0.252
0.305,36.034,-3.340,0.232,0.232,0.249,0.249
0.306,36.034,-3.393,0.208,0.208,0.246,0.246
0.307,36.034,-3.431,0.224,0.224,0.267,0.267
0.308,36.148,-3.467,0.204,0.204,0.250,0.250
0.308,36.409,-3.464,0.218,0.218,0.243,0.243
0.308,36.524,-3.444,0.198,0.198,0.252,0.252
0.309,36.426,-3.512,0.215,0.215,0.252,0.252
0.311,36.213,-3.572,0.201,0.201,0.253,0.253
0.312,36.001,-3.602,0.227,0.227,0.256,0.256
0.311,36.034,-3.585,0.218,0.218,0.272,0.272
0.312,36.034,-3.595,0.224,0.224,0.276,0.276
0.309,36.197,-3.517,0.227,0.227,0.270,0.270
0.310,36.279,-3.522,0.226,0.226,0.276,0.276
0.313,36.328,-3.658,0.224,0.224,0.281,0.281
0.318,36.540,-3.829,0.230,0.230,0.273,0.273
0.318,37.029,-3.841,0.233,0.233,0.270,0.270
0.320,37.486,-3.882,0.233,0.233,0.267,0.267
0.320,37.960,-3.901,0.227,0.227,0.273,0.273
0.319,38.058,-3.862,0.235,0.235,0.266,0.266
0.320,38.025,-3.895,0.240,0.240,0.278,0.278
0.321,38.058,-3.945,0.218,0.218,0.276,0.276
0.323,37.992,-4.003,0.243,0.243,0.273,0.273
0.322,38.156,-3.992,0.235,0.235,0.259,0.259
0.324,38.433,-4.048,0.238,0.238,0.253,0.253
0.322,38.906,-3.980,0.249,0.249,0.261,0.261
0.321,39.167,-3.954,0.267,0.267,0.255,0.255
0.323,39.428,-4.018,0.266,0.266,0.258,0.258
0.329,39.510,-4.243,0.293,0.293,0.261,0.261
0.330,39.559,-4.287,0.287,0.287,0.262,0.262
0.330,39.543,-4.293,0.319,0.319,0.252,0.252
0.330,39.477,-4.303,0.310,0.310,0.252,0.252
0.330,39.510,-4.310,0.353,0.353,0.258,0.258
0.332,39.510,-4.365,0.346,0.346,0.233,0.233
0.332,39.380,-4.366,0.378,0.378,0.253,0.253
0.335,39.135,-4.478,0.380,0.380,0.258,0.258
0.335,39.118,-4.475,0.406,0.406,0.252,0.252
0.333,39.331,-4.421,0.404,0.404,0.258,0.258
0.332,39.494,-4.358,0.423,0.423,0.256,0.256
0.332,39.543,-4.363,0.404,0.404,0.256,0.256
0.337,39.396,-4.574,0.423,0.423,0.249,0.249
0.341,39.118,-4.717,0.406,0.406,0.261,0.261
0.343,38.955,-4.786,0.430,0.430,0.259,0.259
0.341,38.841,-4.743,0.409,0.409,0.266,0.266
0.342,38.629,-4.771,0.423,0.423,0.262,0.262
0.342,38.515,-4.782,0.392,0.392,0.261,0.261
0.344,38.596,-4.842,0.414,0.414,0.255,0.255
0.344,38.841,-4.847,0.386,0.386,0.252,0.252
0.346,39.053,-4.921,0.385,0.385,0.255,0.255
0.347,39.004,-4.953,0.360,0.360,0.258,0.258
0.348,38.972,-4.999,0.349,0.349,0.252,0.252
0.347,39.102,-4.940,0.313,0.313,0.237,0.237
0.345,39.363,-4.885,0.305,0.305,0.235,0.235
0.347,39.543,-4.955,0.278,0.278,0.246,0.246
0.350,39.380,-5.093,0.259,0.259,0.224,0.224
0.354,39.037,-5.230,0.237,0.237,0.237,0.237
0.356,38.498,-5.320,0.230,0.230,0.249,0.249
0.356,37.927,-5.327,0.209,0.209,0.249,0.249
0.356,37.568,-5.295,0.180,0.180,0.237,0.237
0.357,37.470,-5.356,0.177,0.177,0.240,0.240
0.358,37.519,-5.391,0.148,0.148,0.237,0.237
0.358,37.388,-5.396,0.146,0.146,0.237,0.237
0.360,37.209,-5.462,0.118,0.118,0.244,0.244
0.361,37.013,-5.517,0.127,0.127,0.252,0.252
0.361,37.127,-5.513,0.107,0.107,0.249,0.249
0.360,37.356,-5.454,0.102,0.102,0.247,0.247
0.360,37.568,-5.473,0.087,0.087,0.250,0.250
0.361,37.584,-5.502,0.099,0.099,0.252,0.252
0.367,37.568,-5.743,0.084,0.084,0.255,0.255
0.369,37.633,-5.804,0.095,0.095,0.255,0.255
0.369,37.894,-5.801,0.090,0.090,0.255,0.255
0.370,38.025,-5.841,0.102,0.102,0.250,0.250
0.370,38.058,-5.821,0.087,0.087,0.256,0.256
0.371,38.041,-5.870,0.104,0.104,0.281,0.281
0.371,38.009,-5.892,0.084,0.084,0.253,0.253
0.373,38.025,-5.941,0.107,0.107,0.243,0.243
0.374,38.009,-6.000,0.087,0.087,0.246,0.246
0.374,37.927,-6.004,0.111,0.111,0.243,0.243
0.372,37.699,-5.925,0.095,0.095,0.249,0.249
0.373,37.405,-5.964,0.105,0.105,0.249,0.249
0.373,37.274,-5.949,0.099,0.099,0.270,0.270
0.380,37.356,-6.229,0.111,0.111,0.244,0.244
0.382,37.486,-6.282,0.099,0.099,0.240,0.240
0.382,37.568,-6.282,0.121,0.121,0.243,0.243
0.384,37.666,-6.345,0.121,0.121,0.247,0.247
0.383,37.911,-6.307,0.124,0.124,0.244,0.244
0.384,38.025,-6.380,0.121,0.121,0.246,0.246
0.385,38.025,-6.419,0.142,0.142,0.255,0.255
0.387,38.025,-6.462,0.142,0.142,0.256,0.256
0.389,38.025,-6.540,0.153,0.153,0.252,0.252
0.388,38.009,-6.531,0.166,0.166,0.258,0.258
0.388,38.009,-6.497,0.169,0.169,0.267,0.267
0.386,37.862,-6.444,0.179,0.179,0.275,0.275
0.387,37.633,-6.494,0.183,0.183,0.269,0.269
0.394,37.503,-6.732,0.188,0.188,0.252,0.252
0.397,37.470,-6.834,0.185,0.185,0.266,0.266
0.397,37.519,-6.834,0.183,0.183,0.285,0.285
0.398,37.519,-6.878,0.185,0.185,0.262,0.262
0.398,37.682,-6.908,0.191,0.191,0.273,0.273
0.399,38.107,-6.928,0.180,0.180,0.261,0.261
0.400,38.645,-6.953,0.200,0.200,0.272,0.272
0.401,38.564,-7.011,0.189,0.189,0.246,0.246
0.402,38.466,-7.050,0.203,0.203,0.267,0.267
0.403,38.841,-7.091,0.194,0.194,0.278,0.278
0.402,38.955,-7.046,0.212,0.212,0.267,0.267
0.402,38.727,-7.042,0.192,0.192,0.252,0.252
0.403,38.759,-7.096,0.220,0.220,0.243,0.243
0.407,38.939,-7.237,0.221,0.221,0.256,0.256
0.411,39.282,-7.395,0.255,0.255,0.256,0.256
0.412,39.624,-7.432,0.233,0.233,0.258,0.258
0.411,39.624,-7.392,0.261,0.261,0.261,0.261
0.413,39.559,-7.477,0.249,0.249,0.258,0.258
0.414,39.477,-7.512,0.264,0.264,0.252,0.252
0.415,39.575,-7.564,0.246,0.246,0.253,0.253
0.416,39.967,-7.585,0.264,0.264,0.253,0.253
0.416,40.506,-7.606,0.243,0.243,0.262,0.262
0.419,40.865,-7.701,0.261,0.261,0.252,0.252
0.417,41.012,-7.641,0.233,0.233,0.250,0.250
0.417,40.995,-7.634,0.264,0.264,0.258,0.258
0.419,40.946,-7.729,0.247,0.247,0.264,0.264
0.422,41.044,-7.845,0.272,0.272,0.262,0.262
0.426,41.175,-8.018,0.244,0.244,0.256,0.256
0.427,41.093,-8.022,0.266,0.266,0.252,0.252
0.428,40.979,-8.063,0.243,0.243,0.244,0.244
0.428,40.930,-8.073,0.255,0.255,0.256,0.256
0.428,40.897,-8.097,0.240,0.240,0.261,0.261
0.430,40.946,-8.177,0.235,0.235,0.255,0.255
0.431,40.946,-8.203,0.233,0.233,0.273,0.273
0.433,40.979,-8.302,0.224,0.224,0.258,0.258
0.434,40.963,-8.348,0.223,0.223,0.253,0.253
0.434,40.963,-8.316,0.214,0.214,0.250,0.250
0.433,41.077,-8.305,0.209,0.209,0.233,0.233
0.433,41.452,-8.280,0.194,0.194,0.237,0.237
0.438,41.583,-8.489,0.191,0.191,0.238,0.238
0.441,41.305,-8.628,0.186,0.186,0.215,0.215
0.443,40.979,-8.706,0.188,0.188,0.235,0.235
0.445,40.914,-8.766,0.177,0.177,0.246,0.246
0.444,40.799,-8.726,0.195,0.195,0.237,0.237
0.445,40.604,-8.782,0.188,0.188,0.232,0.232
0.446,40.473,-8.814,0.197,0.197,0.237,0.237
0.447,40.310,-8.869,0.188,0.188,0.240,0.240
0.450,40.081,-8.969,0.200,0.200,0.232,0.232
0.449,39.983,-8.964,0.188,0.188,0.247,0.247
0.451,39.836,-9.035,0.203,0.203,0.246,0.246
0.451,39.624,-9.044,0.182,0.182,0.246,0.246
0.450,39.608,-8.972,0.217,0.217,0.244,0.244
0.451,39.804,-9.026,0.198,0.198,0.261,0.261
0.457,40.098,-9.264,0.212,0.212,0.246,0.246
0.461,40.375,-9.406,0.204,0.204,0.252,0.252
0.460,40.620,-9.405,0.230,0.230,0.250,0.250
0.461,40.881,-9.411,0.204,0.204,0.253,0.253
0.460,40.832,-9.394,0.223,0.223,0.247,0.247
0.463,40.604,-9.495,0.212,0.212,0.252,0.252
0.464,40.342,-9.561,0.223,0.223,0.275,0.275
0.465,39.967,-9.601,0.212,0.212,0.259,0.259
0.467,39.477,-9.661,0.241,0.241,0.249,0.249
0.466,38.972,-9.625,0.230,0.230,0.256,0.256
0.465,38.547,-9.594,0.253,0.253,0.250,0.250
0.466,38.449,-9.636,0.246,0.246,0.259,0.259
0.471,38.449,-9.813,0.252,0.252,0.250,0.250
0.474,38.384,-9.925,0.252,0.252,0.258,0.258
0.477,38.156,-10.049,0.240,0.240,0.250,0.250
0.477,38.009,-10.057,0.252,0.252,0.258,0.258
0.477,37.960,-10.041,0.243,0.243,0.255,0.255
0.479,38.139,-10.123,0.244,0.244,0.255,0.255
0.479,38.498,-10.141,0.244,0.244,0.246,0.246
0.481,38.906,-10.220,0.256,0.256,0.250,0.250
0.483,39.037,-10.298,0.249,0.249,0.249,0.249
0.484,39.037,-10.337,0.264,0.264,0.258,0.258
0.485,39.004,-10.350,0.270,0.270,0.259,0.259
0.484,38.857,-10.337,0.276,0.276,0.258,0.258
0.484,38.515,-10.319,0.264,0.264,0.279,0.279
0.485,38.123,-10.372,0.288,0.288,0.279,0.279
0.490,37.992,-10.544,0.272,0.272,0.285,0.285
0.493,37.829,-10.676,0.285,0.285,0.272,0.272
0.494,37.682,-10.720,0.281,0.281,0.276,0.276
0.495,37.503,-10.757,0.296,0.296,0.279,0.279
0.495,37.601,-10.753,0.275,0.275,0.272,0.272
0.496,37.911,-10.791,0.298,0.298,0.281,0.281
0.498,38.156,-10.844,0.270,0.270,0.299,0.299
0.500,38.547,-10.911,0.279,0.279,0.272,0.272
0.501,39.037,-10.977,0.256,0.256,0.264,0.264
0.503,39.559,-11.052,0.269,0.269,0.266,0.266
0.502,39.902,-11.022,0.249,0.249,0.266,0.266
0.502,40.016,-11.004,0.258,0.258,0.266,0.266
0.503,40.179,-11.053,0.249,0.249,0.267,0.267
0.508,40.440,-11.241,0.259,0.259,0.246,0.246
0.512,41.109,-11.422,0.246,0.246,0.264,0.264
0.512,41.713,-11.407,0.250,0.250,0.264,0.264
0.514,42.040,-11.500,0.243,0.243,0.267,0.267
0.514,42.072,-11.500,0.250,0.250,0.258,0.258
0.515,41.942,-11.549,0.227,0.227,0.255,0.255
0.517,42.056,-11.634,0.246,0.246,0.259,0.259
0.518,42.431,-11.676,0.226,0.226,0.252,0.252
0.520,42.937,-11.750,0.232,0.232,0.261,0.261
0.521,43.378,-11.780,0.229,0.229,0.256,0.256
0.522,43.476,-11.839,0.235,0.235,0.258,0.258
0.520,43.345,-11.750,0.229,0.229,0.259,0.259
0.522,43.182,-11.844,0.230,0.230,0.266,0.266
0.525,43.247,-11.980,0.226,0.226,0.266,0.266
0.530,43.411,-12.166,0.230,0.230,0.261,0.261
0.532,43.557,-12.270,0.230,0.230,0.264,0.264
0.531,43.835,-12.244,0.237,0.237,0.258,0.258
0.532,43.933,-12.281,0.235,0.235,0.262,0.262
0.533,43.949,-12.319,0.226,0.226,0.261,0.261
0.536,44.063,-12.455,0.240,0.240,0.279,0.279
0.537,44.259,-12.477,0.223,0.223,0.261,0.261
0.539,44.537,-12.562,0.232,0.232,0.255,0.255
0.540,44.781,-12.626,0.200,0.200,0.259,0.259
0.540,44.896,-12.613,0.217,0.217,0.261,0.261
0.540,44.928,-12.632,0.191,0.191,0.249,0.249
0.541,45.010,-12.648,0.198,0.198,0.238,0.238
0.543,45.238,-12.743,0.194,0.194,0.233,0.233
0.547,45.418,-12.943,0.215,0.215,0.238,0.238
0.550,45.402,-13.063,0.198,0.198,0.243,0.243
0.551,45.516,-13.137,0.208,0.208,0.233,0.233
0.552,45.630,-13.169,0.208,0.208,0.237,0.237
0.552,45.646,-13.188,0.229,0.229,0.243,0.243
0.555,45.744,-13.291,0.218,0.218,0.233,0.233
0.555,45.728,-13.320,0.233,0.233,0.221,0.221
0.557,45.516,-13.403,0.220,0.220,0.238,0.238
0.559,45.385,-13.473,0.232,0.232,0.252,0.252
0.560,45.075,-13.551,0.221,0.221,0.249,0.249
0.560,44.618,-13.534,0.243,0.243,0.246,0.246
0.561,44.243,-13.573,0.232,0.232,0.244,0.244
0.562,43.835,-13.600,0.241,0.241,0.247,0.247
0.567,43.362,-13.829,0.221,0.221,0.244,0.244
0.570,43.019,-13.985,0.232,0.232,0.253,0.253
0.571,42.856,-14.009,0.230,0.230,0.259,0.259
0.572,43.035,-14.049,0.218,0.218,0.255,0.255
0.572,43.378,-14.073,0.224,0.224,0.249,0.249
0.575,43.802,-14.162,0.215,0.215,0.241,0.241
0.576,44.096,-14.210,0.227,0.227,0.256,0.256
0.578,44.178,-14.293,0.224,0.224,0.244,0.244
0.579,44.063,-14.359,0.250,0.250,0.253,0.253
0.579,43.916,-14.350,0.243,0.243,0.253,0.253
0.578,43.753,-14.321,0.259,0.259,0.255,0.255
0.581,43.508,-14.427,0.249,0.249,0.255,0.255
0.585,43.411,-14.626,0.270,0.270,0.255,0.255
0.588,43.362,-14.768,0.249,0.249,0.255,0.255
0.591,43.541,-14.872,0.264,0.264,0.253,0.253
0.591,44.014,-14.863,0.249,0.249,0.250,0.250
0.591,44.781,-14.898,0.273,0.273,0.252,0.252
0.593,45.304,-14.973,0.247,0.247,0.252,0.252
0.595,45.500,-15.045,0.284,0.284,0.253,0.253
0.597,45.434,-15.148,0.273,0.273,0.273,0.273
0.598,45.500,-15.180,0.298,0.298,0.252,0.252
0.600,45.842,-15.284,0.299,0.299,0.247,0.247
0.600,46.381,-15.278,0.320,0.320,0.259,0.259
0.600,46.642,-15.298,0.298,0.298,0.256,0.256
0.601,46.560,-15.358,0.311,0.311,0.256,0.256
0.602,46.283,-15.397,0.299,0.299,0.270,0.270
0.609,45.924,-15.727,0.316,0.316,0.278,0.278
0.611,45.695,-15.780,0.288,0.288,0.279,0.279
0.612,45.467,-15.851,0.316,0.316,0.285,0.285
0.613,45.222,-15.880,0.293,0.293,0.285,0.285
0.614,44.847,-15.941,0.291,0.291,0.273,0.273
0.615,44.390,-15.971,0.269,0.269,0.261,0.261
0.618,44.112,-16.104,0.273,0.273,0.273,0.273
0.619,44.210,-16.161,0.249,0.249,0.246,0.246
0.620,44.471,-16.214,0.252,0.252,0.272,0.272
0.621,44.765,-16.253,0.223,0.223,0.279,0.279
0.621,44.667,-16.244,0.221,0.221,0.266,0.266
0.622,44.227,-16.292,0.200,0.200,0.258,0.258
0.622,43.786,-16.284,0.208,0.208,0.261,0.261
0.629,43.476,-16.608,0.194,0.194,0.261,0.261
0.633,43.247,-16.759,0.182,0.182,0.238,0.238
0.634,42.758,-16.797,0.182,0.182,0.261,0.261
0.634,41.942,-16.804,0.168,0.168,0.266,0.266
0.635,40.914,-16.869,0.165,0.165,0.258,0.258
0.637,40.147,-16.928,0.179,0.179,0.247,0.247
0.638,39.967,-16.982,0.194,0.194,0.247,0.247
0.641,39.983,-17.082,0.182,0.182,0.255,0.255
0.642,39.624,-17.136,0.185,0.185,0.243,0.243
0.644,39.037,-17.193,0.188,0.188,0.258,0.258
0.644,38.449,-17.197,0.200,0.200,0.253,0.253
0.643,37.943,-17.179,0.195,0.195,0.253,0.253
0.647,37.470,-17.318,0.221,0.221,0.253,0.253
0.652,37.144,-17.515,0.212,0.212,0.255,0.255
0.653,36.964,-17.547,0.221,0.221,0.255,0.255
0.655,37.127,-17.619,0.211,0.211,0.255,0.255
0.657,37.372,-17.680,0.232,0.232,0.258,0.258
0.657,37.715,-17.712,0.223,0.223,0.255,0.255
0.659,38.156,-17.755,0.253,0.253,0.259,0.259
0.661,38.776,-17.844,0.240,0.240,0.259,0.259
0.663,38.890,-17.907,0.264,0.264,0.255,0.255
0.664,38.449,-17.959,0.233,0.233,0.253,0.253
0.666,37.519,-18.041,0.249,0.249,0.249,0.249
0.666,36.377,-18.034,0.226,0.226,0.255,0.255
0.666,35.087,-18.056,0.244,0.244,0.247,0.247
0.667,33.945,-18.075,0.209,0.209,0.243,0.243
0.672,32.933,-18.253,0.229,0.229,0.232,0.232
0.676,32.003,-18.361,0.189,0.189,0.218,0.218
0.678,31.024,-18.423,0.197,0.197,0.229,0.229
0.679,30.012,-18.471,0.186,0.186,0.241,0.241
0.678,29.310,-18.447,0.192,0.192,0.232,0.232
0.681,28.918,-18.523,0.189,0.189,0.237,0.237
0.683,28.706,-18.568,0.179,0.179,0.241,0.241
0.684,28.494,-18.616,0.169,0.169,0.243,0.243
0.686,28.168,-18.658,0.157,0.157,0.246,0.246
0.688,27.580,-18.723,0.160,0.160,0.240,0.240
0.688,26.780,-18.714,0.156,0.156,0.240,0.240
0.689,26.111,-18.745,0.175,0.175,0.249,0.249
0.689,25.605,-18.750,0.162,0.162,0.243,0.243
0.689,25.148,-18.760,0.160,0.160,0.270,0.270
0.697,24.773,-18.949,0.154,0.154,0.250,0.250
0.700,24.675,-19.010,0.163,0.163,0.246,0.246
0.700,24.659,-19.028,0.159,0.159,0.252,0.252
0.701,24.724,-19.052,0.174,0.174,0.255,0.255
0.703,24.610,-19.098,0.163,0.163,0.253,0.253
0.704,24.251,-19.120,0.165,0.165,0.253,0.253
0.706,23.696,-19.157,0.150,0.150,0.240,0.240
0.708,23.223,-19.211,0.177,0.177,0.255,0.255
0.709,22.603,-19.235,0.162,0.162,0.269,0.269
0.710,21.868,-19.262,0.189,0.189,0.255,0.255
0.710,21.085,-19.270,0.172,0.172,0.249,0.249
0.710,20.318,-19.265,0.189,0.189,0.247,0.247
0.713,19.763,-19.316,0.163,0.163,0.250,0.250
0.718,19.241,-19.424,0.177,0.177,0.244,0.244
0.721,18.800,-19.480,0.177,0.177,0.252,0.252
0.721,18.408,-19.482,0.200,0.200,0.252,0.252
0.724,18.278,-19.523,0.186,0.186,0.249,0.249
0.723,18.294,-19.519,0.206,0.206,0.247,0.247
0.726,18.343,-19.563,0.194,0.194,0.240,0.240
0.727,18.343,-19.587,0.206,0.206,0.249,0.249
0.728,18.343,-19.611,0.192,0.192,0.256,0.256
0.731,18.212,-19.650,0.220,0.220,0.243,0.243
0.732,17.837,-19.685,0.212,0.212,0.255,0.255
0.731,17.348,-19.659,0.221,0.221,0.253,0.253
0.732,16.940,-19.676,0.220,0.220,0.253,0.253
0.735,16.793,-19.725,0.227,0.227,0.256,0.256
0.739,16.793,-19.798,0.230,0.230,0.261,0.261
0.742,16.727,-19.844,0.252,0.252,0.256,0.256
0.744,16.483,-19.877,0.247,0.247,0.273,0.273
0.745,16.515,-19.895,0.249,0.249,0.275,0.275
0.746,16.678,-19.907,0.243,0.243,0.275,0.275
0.748,16.842,-19.946,0.238,0.238,0.270,0.270
0.749,16.907,-19.954,0.241,0.241,0.291,0.291
0.751,16.760,-19.997,0.235,0.235,0.273,0.273
0.753,16.499,-20.027,0.252,0.252,0.256,0.256
0.754,16.352,-20.049,0.240,0.240,0.266,0.266
0.754,16.221,-20.048,0.237,0.237,0.269,0.269
0.754,16.009,-20.049,0.230,0.230,0.262,0.262
0.754,15.977,-20.047,0.237,0.237,0.264,0.264
0.760,16.238,-20.149,0.223,0.223,0.285,0.285
0.764,16.352,-20.206,0.243,0.243,0.258,0.258
0.766,16.417,-20.242,0.221,0.221,0.243,0.243
0.766,16.385,-20.246,0.240,0.240,0.252,0.252
0.768,16.352,-20.264,0.223,0.223,0.252,0.252
0.769,16.385,-20.281,0.243,0.243,0.255,0.255
0.770,16.368,-20.306,0.227,0.227,0.255,0.255
0.773,16.254,-20.355,0.243,0.243,0.276,0.276
0.774,16.009,-20.367,0.237,0.237,0.255,0.255
0.776,15.862,-20.403,0.258,0.258,0.244,0.244
0.777,15.716,-20.420,0.237,0.237,0.253,0.253
0.776,15.503,-20.403,0.259,0.259,0.250,0.250
0.778,15.373,-20.434,0.246,0.246,0.252,0.252
0.781,15.308,-20.475,0.269,0.269,0.252,0.252
0.784,15.373,-20.529,0.247,0.247,0.278,0.278
0.788,15.242,-20.585,0.282,0.282,0.258,0.258
0.788,15.014,-20.588,0.255,0.255,0.246,0.246
0.788,14.883,-20.592,0.275,0.275,0.255,0.255
0.791,14.818,-20.625,0.258,0.258,0.256,0.256
0.793,14.736,-20.665,0.288,0.288,0.258,0.258
0.793,14.394,-20.665,0.288,0.288,0.259,0.259
0.795,13.920,-20.693,0.304,0.304,0.276,0.276
0.798,13.349,-20.730,0.307,0.307,0.261,0.261
0.798,12.696,-20.729,0.325,0.325,0.249,0.249
0.798,12.011,-20.726,0.317,0.317,0.258,0.258
0.798,11.358,-20.735,0.322,0.322,0.250,0.250
0.802,10.852,-20.775,0.320,0.320,0.252,0.252
0.806,10.542,-20.813,0.305,0.305,0.244,0.244
0.809,10.314,-20.849,0.299,0.299,0.247,0.247
0.810,10.069,-20.862,0.288,0.288,0.235,0.235
0.811,9.824,-20.868,0.285,0.285,0.240,0.240
0.813,9.563,-20.889,0.255,0.255,0.232,0.232
0.813,9.318,-20.889,0.275,0.275,0.237,0.237
0.815,8.943,-20.910,0.249,0.249,0.240,0.240
0.817,8.486,-20.925,0.256,0.256,0.233,0.233
0.819,8.078,-20.942,0.226,0.226,0.241,0.241
0.820,7.800,-20.949,0.241,0.241,0.237,0.237
0.821,7.441,-20.956,0.215,0.215,0.249,0.249
0.820,7.115,-20.946,0.221,0.221,0.246,0.246
0.822,6.821,-20.965,0.208,0.208,0.243,0.243
0.826,6.462,-20.991,0.221,0.221,0.241,0.241
0.830,6.005,-21.014,0.203,0.203,0.247,0.247
0.833,5.516,-21.029,0.223,0.223,0.226,0.226
0.833,4.993,-21.033,0.208,0.208,0.253,0.253
0.833,4.634,-21.033,0.224,0.224,0.261,0.261
0.836,4.389,-21.043,0.206,0.206,0.250,0.250
0.838,4.292,-21.054,0.226,0.226,0.243,0.243
0.838,4.438,-21.054,0.209,0.209,0.253,0.253
0.841,4.536,-21.067,0.229,0.229,0.255,0.255
0.843,4.585,-21.076,0.211,0.211,0.238,0.238
0.843,4.569,-21.075,0.230,0.230,0.253,0.253
0.842,4.422,-21.073,0.218,0.218,0.258,0.258
0.844,4.177,-21.080,0.226,0.226,0.250,0.250
0.848,4.047,-21.097,0.227,0.227,0.253,0.253
0.852,3.916,-21.114,0.240,0.240,0.233,0.233
0.853,3.688,-21.118,0.249,0.249,0.252,0.252
0.855,3.557,-21.123,0.241,0.241,0.253,0.253
0.856,3.508,-21.127,0.256,0.256,0.252,0.252
0.857,3.541,-21.132,0.249,0.249,0.246,0.246
0.859,3.459,-21.137,0.246,0.246,0.250,0.250
0.861,3.198,-21.143,0.250,0.250,0.243,0.243
0.862,3.198,-21.149,0.249,0.249,0.232,0.232
0.863,3.280,-21.153,0.235,0.235,0.246,0.246
0.864,3.329,-21.154,0.237,0.237,0.258,0.258
0.863,3.590,-21.151,0.224,0.224,0.249,0.249
0.867,3.786,-21.164,0.217,0.217,0.250,0.250
0.870,3.753,-21.176,0.214,0.214,0.261,0.261
0.874,3.590,-21.191,0.227,0.227,0.255,0.255
0.875,3.688,-21.194,0.209,0.209,0.285,0.285
0.877,3.900,-21.203,0.209,0.209,0.269,0.269
0.877,4.112,-21.204,0.194,0.194,0.266,0.266
0.878,4.226,-21.206,0.197,0.197,0.262,0.262
0.881,4.438,-21.219,0.180,0.180,0.269,0.269
0.883,4.683,-21.229,0.191,0.191,0.259,0.259
0.884,4.928,-21.232,0.159,0.159,0.269,0.269
0.886,5.075,-21.245,0.163,0.163,0.288,0.288
0.888,5.075,-21.252,0.139,0.139,0.258,0.258
0.887,5.059,-21.247,0.160,0.160,0.249,0.249
0.888,5.156,-21.252,0.140,0.140,0.255,0.255
0.892,5.548,-21.273,0.157,0.157,0.250,0.250
0.895,5.924,-21.293,0.142,0.142,0.258,0.258
0.897,6.087,-21.305,0.162,0.162,0.252,0.252
0.899,6.217,-21.320,0.143,0.143,0.269,0.269
0.899,6.511,-21.314,0.169,0.169,0.253,0.253
0.900,6.886,-21.323,0.154,0.154,0.247,0.247
0.902,7.033,-21.341,0.175,0.175,0.249,0.249
0.905,7.180,-21.356,0.160,0.160,0.252,0.252
0.905,7.409,-21.362,0.186,0.186,0.249,0.249
0.908,7.523,-21.380,0.185,0.185,0.250,0.250
0.909,7.507,-21.388,0.201,0.201,0.240,0.240
0.908,7.523,-21.381,0.211,0.211,0.253,0.253
0.909,7.474,-21.392,0.223,0.223,0.249,0.249
0.912,7.245,-21.414,0.217,0.217,0.246,0.246
0.917,6.756,-21.445,0.238,0.238,0.247,0.247
0.920,6.478,-21.463,0.227,0.227,0.253,0.253
0.920,6.560,-21.468,0.229,0.229,0.250,0.250
0.921,6.854,-21.473,0.221,0.221,0.246,0.246
0.923,7.001,-21.484,0.238,0.238,0.252,0.252
0.924,7.050,-21.495,0.237,0.237,0.256,0.256
0.926,7.001,-21.507,0.237,0.237,0.250,0.250
0.928,7.017,-21.523,0.244,0.244,0.253,0.253
0.928,6.984,-21.525,0.238,0.238,0.238,0.238
0.931,7.017,-21.540,0.247,0.247,0.253,0.253
0.930,6.984,-21.539,0.230,0.230,0.262,0.262
0.930,7.017,-21.533,0.241,0.241,0.255,0.255
0.932,6.984,-21.548,0.214,0.214,0.249,0.249
0.937,6.984,-21.586,0.224,0.224,0.246,0.246
0.941,7.115,-21.613,0.218,0.218,0.240,0.240
0.941,7.392,-21.616,0.224,0.224,0.243,0.243
0.943,7.507,-21.627,0.200,0.200,0.230,0.230
0.944,7.539,-21.634,0.217,0.217,0.212,0.212
0.945,7.637,-21.645,0.221,0.221,0.235,0.235
0.948,7.751,-21.664,0.229,0.229,0.235,0.235
0.949,7.637,-21.675,0.209,0.209,0.238,0.238
0.951,7.507,-21.686,0.241,0.241,0.229,0.229
0.954,7.458,-21.708,0.217,0.217,0.258,0.258
0.953,7.507,-21.703,0.238,0.238,0.226,0.226
0.953,7.490,-21.705,0.215,0.215,0.233,0.233
0.955,7.507,-21.715,0.241,0.241,0.244,0.244
0.956,7.523,-21.725,0.229,0.229,0.246,0.246
0.963,7.392,-21.775,0.249,0.249,0.246,0.246
0.965,7.262,-21.793,0.232,0.232,0.244,0.244
0.965,7.343,-21.791,0.255,0.255,0.237,0.237
0.966,7.490,-21.803,0.237,0.237,0.246,0.246
0.968,7.409,-21.813,0.246,0.246,0.255,0.255
0.968,7.050,-21.814,0.237,0.237,0.255,0.255
0.970,6.642,-21.830,0.243,0.243,0.244,0.244
0.973,6.315,-21.846,0.233,0.233,0.256,0.256
0.974,6.005,-21.854,0.240,0.240,0.247,0.247
0.975,5.679,-21.857,0.235,0.235,0.230,0.230
0.975,5.532,-21.862,0.241,0.241,0.249,0.249
0.975,5.499,-21.863,0.249,0.249,0.256,0.256
0.977,5.548,-21.873,0.250,0.250,0.246,0.246
0.985,5.695,-21.915,0.258,0.258,0.252,0.252
0.986,5.940,-21.922,0.244,0.244,0.243,0.243
0.987,6.070,-21.929,0.256,0.256,0.249,0.249
0.988,6.234,-21.935,0.241,0.241,0.244,0.244
0.989,6.250,-21.939,0.243,0.243,0.247,0.247
0.990,6.168,-21.949,0.227,0.227,0.243,0.243
0.993,5.956,-21.965,0.238,0.238,0.244,0.244
0.993,5.662,-21.967,0.223,0.223,0.247,0.247
0.995,5.254,-21.979,0.227,0.227,0.233,0.233
0.998,4.781,-21.989,0.221,0.221,0.244,0.244
0.997,4.520,-21.986,0.229,0.229,0.256,0.256
0.997,4.504,-21.986,0.206,0.206,0.252,0.252
0.999,4.406,-21.997,0.227,0.227,0.252,0.252
1.005,4.194,-22.019,0.212,0.212,0.255,0.255
1.007,3.949,-22.028,0.230,0.230,0.258,0.258
1.010,3.671,-22.041,0.221,0.221,0.298,0.298
1.010,3.296,-22.041,0.249,0.249,0.276,0.276
1.011,2.708,-22.043,0.230,0.230,0.267,0.267
1.013,2.105,-22.049,0.252,0.252,0.269,0.269
1.014,1.533,-22.050,0.229,0.229,0.270,0.270
1.016,1.174,-22.053,0.252,0.252,0.261,0.261
1.018,1.076,-22.055,0.220,0.220,0.272,0.272
1.019,1.093,-22.056,0.250,0.250,0.279,0.279
1.020,0.962,-22.057,0.218,0.218,0.270,0.270
1.020,0.881,-22.057,0.240,0.240,0.262,0.262
1.022,0.832,-22.059,0.232,0.232,0.264,0.264
1.024,0.734,-22.060,0.249,0.249,0.258,0.258
1.029,0.505,-22.063,0.226,0.226,0.258,0.258
1.030,0.244,-22.064,0.249,0.249,0.252,0.252
1.032,0.114,-22.064,0.230,0.230,0.240,0.240
1.034,0.081,-22.064,0.238,0.238,0.253,0.253
1.034,-0.115,-22.064,0.229,0.229,0.252,0.252
1.036,-0.294,-22.064,0.250,0.250,0.243,0.243
1.038,-0.458,-22.063,0.240,0.240,0.241,0.241
1.039,-0.719,-22.063,0.243,0.243,0.246,0.246
1.041,-0.833,-22.061,0.237,0.237,0.252,0.252
1.042,-0.849,-22.060,0.244,0.244,0.226,0.226
1.041,-0.686,-22.061,0.241,0.241,0.252,0.252
1.042,-0.425,-22.060,0.233,0.233,0.250,0.250
1.045,-0.294,-22.059,0.238,0.238,0.246,0.246
1.050,-0.245,-22.058,0.230,0.230,0.249,0.249
1.051,-0.294,-22.058,0.232,0.232,0.240,0.240
1.052,-0.278,-22.057,0.237,0.237,0.249,0.249
1.054,-0.099,-22.057,0.246,0.246,0.247,0.247
1.056,0.114,-22.057,0.232,0.232,0.249,0.249
1.057,0.326,-22.057,0.247,0.247,0.249,0.249
1.059,0.522,-22.058,0.230,0.230,0.256,0.256
1.061,0.783,-22.059,0.244,0.244,0.249,0.249
1.062,1.028,-22.061,0.224,0.224,0.229,0.229
1.064,1.125,-22.062,0.246,0.246,0.249,0.249
1.064,1.174,-22.063,0.220,0.220,0.255,0.255
1.064,1.142,-22.062,0.229,0.229,0.244,0.244
1.066,1.125,-22.064,0.215,0.215,0.244,0.244
1.072,1.011,-22.071,0.227,0.227,0.240,0.240
1.073,0.750,-22.072,0.214,0.214,0.233,0.233
1.075,0.652,-22.073,0.218,0.218,0.226,0.226
1.076,0.473,-22.074,0.203,0.203,0.226,0.226
1.076,0.277,-22.074,0.223,0.223,0.218,0.218
1.079,0.130,-22.074,0.197,0.197,0.223,0.223
1.081,-0.131,-22.074,0.211,0.211,0.224,0.224
1.083,-0.392,-22.074,0.211,0.211,0.232,0.232
1.084,-0.719,-22.073,0.220,0.220,0.217,0.217
1.086,-0.833,-22.071,0.208,0.208,0.238,0.238
1.085,-0.849,-22.072,0.229,0.229,0.224,0.224
1.086,-0.800,-22.072,0.212,0.212,0.229,0.229
1.087,-0.800,-22.070,0.217,0.217,0.227,0.227
1.091,-0.800,-22.067,0.209,0.209,0.238,0.238
1.095,-0.800,-22.064,0.206,0.206,0.237,0.237
1.098,-0.833,-22.062,0.204,0.204,0.240,0.240
1.098,-0.833,-22.062,0.189,0.189,0.259,0.259
1.098,-0.947,-22.062,0.203,0.203,0.246,0.246
1.100,-1.176,-22.059,0.195,0.195,0.243,0.243
1.102,-1.306,-22.058,0.203,0.203,0.246,0.246
1.103,-1.502,-22.056,0.198,0.198,0.247,0.247
1.106,-1.665,-22.051,0.211,0.211,0.249,0.249
1.107,-1.943,-22.050,0.191,0.191,0.252,0.252
1.107,-2.188,-22.050,0.195,0.195,0.267,0.267
1.107,-2.188,-22.049,0.197,0.197,0.240,0.240
1.109,-1.959,-22.044,0.211,0.211,0.233,0.233
1.115,-1.796,-22.033,0.191,0.191,0.244,0.244
1.117,-1.877,-22.030,0.221,0.221,0.246,0.246
1.118,-2.122,-22.028,0.224,0.224,0.246,0.246
1.119,-2.318,-22.025,0.256,0.256,0.243,0.243
1.121,-2.302,-22.021,0.266,0.266,0.267,0.267
1.121,-2.188,-22.020,0.305,0.305,0.243,0.243
1.123,-1.796,-22.016,0.308,0.308,0.241,0.241
1.126,-1.274,-22.012,0.349,0.349,0.244,0.244
1.128,-0.751,-22.011,0.356,0.356,0.247,0.247
1.129,-0.148,-22.010,0.397,0.397,0.259,0.259
1.129,0.212,-22.010,0.406,0.406,0.253,0.253
1.128,0.244,-22.010,0.444,0.444,0.273,0.273
1.130,0.195,-22.010,0.453,0.453,0.253,0.253
1.136,0.114,-22.011,0.493,0.493,0.246,0.246
1.138,-0.099,-22.011,0.484,0.484,0.256,0.256
1.141,-0.441,-22.011,0.530,0.530,0.262,0.262
1.141,-0.719,-22.011,0.519,0.519,0.276,0.276
1.142,-0.849,-22.010,0.534,0.534,0.276,0.276
1.143,-0.980,-22.009,0.539,0.539,0.305,0.305
1.145,-1.176,-22.007,0.545,0.545,0.269,0.269
1.147,-1.453,-22.005,0.523,0.523,0.266,0.266
1.149,-1.714,-22.002,0.530,0.530,0.267,0.267
1.150,-1.861,-21.999,0.517,0.517,0.276,0.276
1.151,-1.943,-21.997,0.499,0.499,0.262,0.262
1.151,-2.285,-21.997,0.484,0.484,0.272,0.272
1.152,-2.530,-21.996,0.475,0.475,0.290,0.290
1.154,-2.318,-21.990,0.461,0.461,0.270,0.270
1.158,-1.959,-21.981,0.429,0.429,0.259,0.259
1.162,-1.731,-21.974,0.420,0.420,0.264,0.264
1.163,-1.747,-21.973,0.383,0.383,0.258,0.258
1.164,-1.894,-21.971,0.357,0.357,0.258,0.258
1.166,-2.188,-21.966,0.328,0.328,0.259,0.259
1.166,-2.449,-21.967,0.298,0.298,0.261,0.261
1.169,-2.840,-21.959,0.252,0.252,0.261,0.261
1.171,-3.167,-21.953,0.227,0.227,0.264,0.264
1.172,-3.314,-21.950,0.185,0.185,0.256,0.256
1.173,-3.297,-21.944,0.172,0.172,0.255,0.255
1.172,-3.183,-21.948,0.130,0.130,0.255,0.255
1.173,-2.906,-21.945,0.133,0.133,0.255,0.255
1.179,-2.791,-21.930,0.079,0.079,0.252,0.252
1.182,-2.889,-21.921,0.082,0.082,0.256,0.256
1.184,-3.167,-21.915,0.038,0.038,0.261,0.261
1.184,-3.412,-21.913,0.041,0.041,0.252,0.252
1.187,-3.803,-21.905,0.005,0.005,0.253,0.253
1.186,-4.276,-21.905,-0.002,0.002,0.249,0.249
1.188,-4.782,-21.898,-0.024,0.024,0.256,0.256
1.190,-5.027,-21.888,-0.012,0.012,0.249,0.249
1.192,-4.684,-21.877,-0.041,0.041,0.258,0.258
1.194,-3.820,-21.870,-0.014,0.014,0.258,0.258
1.196,-2.873,-21.864,-0.032,0.032,0.258,0.258
1.195,-2.171,-21.867,-0.020,0.020,0.250,0.250
1.195,-1.796,-21.866,-0.035,0.035,0.235,0.235
1.197,-1.877,-21.863,-0.020,0.020,0.247,0.247
1.204,-2.253,-21.849,-0.029,0.029,0.252,0.252
1.206,-2.710,-21.843,-0.026,0.026,0.243,0.243
1.208,-2.873,-21.839,-0.027,0.027,0.243,0.243
1.208,-2.726,-21.837,-0.026,0.026,0.227,0.227
1.209,-2.171,-21.836,-0.017,0.017,0.223,0.223
1.210,-1.518,-21.833,-0.015,0.015,0.240,0.240
1.212,-1.094,-21.831,0.005,0.005,0.230,0.230
1.213,-0.882,-21.829,0.008,0.008,0.221,0.221
1.216,-0.768,-21.827,0.023,0.023,0.233,0.233
1.216,-0.817,-21.827,0.034,0.034,0.224,0.224
1.218,-0.947,-21.825,0.053,0.053,0.230,0.230
1.218,-1.192,-21.825,0.050,0.050,0.226,0.226
1.218,-1.306,-21.826,0.063,0.063,0.250,0.250
1.220,-1.453,-21.823,0.069,0.069,0.233,0.233
1.227,-1.682,-21.812,0.093,0.093,0.230,0.230
1.229,-1.812,-21.809,0.085,0.085,0.240,0.240
1.230,-1.828,-21.807,0.110,0.110,0.243,0.243
1.231,-1.828,-21.805,0.098,0.098,0.247,0.247
1.232,-1.812,-21.804,0.128,0.128,0.243,0.243
1.233,-1.698,-21.801,0.110,0.110,0.258,0.258
1.236,-1.437,-21.796,0.148,0.148,0.244,0.244
1.237,-1.159,-21.795,0.133,0.133,0.235,0.235
1.239,-0.915,-21.793,0.157,0.157,0.240,0.240
1.239,-0.915,-21.793,0.148,0.148,0.253,0.253
1.238,-1.290,-21.794,0.175,0.175,0.244,0.244
1.241,-1.926,-21.790,0.160,0.160,0.247,0.247
1.245,-2.596,-21.780,0.174,0.174,0.258,0.258
1.249,-2.906,-21.770,0.179,0.179,0.249,0.249
1.251,-2.742,-21.765,0.191,0.191,0.243,0.243
1.252,-2.449,-21.760,0.185,0.185,0.249,0.249
1.252,-2.155,-21.760,0.203,0.203,0.246,0.246
1.254,-1.861,-21.757,0.195,0.195,0.256,0.256
1.256,-1.812,-21.753,0.208,0.208,0.252,0.252
1.257,-1.633,-21.751,0.204,0.204,0.267,0.267
1.259,-1.437,-21.748,0.209,0.209,0.244,0.244
1.261,-1.306,-21.746,0.212,0.212,0.241,0.241
1.262,-1.274,-21.744,0.206,0.206,0.243,0.243
1.260,-1.274,-21.747,0.220,0.220,0.247,0.247
1.261,-1.290,-21.745,0.214,0.214,0.249,0.249
1.267,-1.306,-21.738,0.223,0.223,0.255,0.255
1.270,-1.029,-21.734,0.217,0.217,0.267,0.267
1.273,-0.343,-21.732,0.223,0.223,0.256,0.256
1.273,0.146,-21.732,0.221,0.221,0.256,0.256
1.274,0.358,-21.732,0.230,0.230,0.272,0.272
1.276,0.668,-21.733,0.221,0.221,0.273,0.273
1.277,0.962,-21.733,0.240,0.240,0.275,0.275
1.279,1.174,-21.736,0.229,0.229,0.273,0.273
1.281,1.158,-21.738,0.252,0.252,0.304,0.304
1.281,1.305,-21.739,0.223,0.223,0.266,0.266
1.284,1.468,-21.742,0.229,0.229,0.261,0.261
1.284,1.615,-21.742,0.221,0.221,0.258,0.258
1.283,1.550,-21.741,0.243,0.243,0.270,0.270
1.284,1.240,-21.743,0.221,0.221,0.269,0.269
1.291,1.125,-21.751,0.246,0.246,0.264,0.264
1.294,1.093,-21.754,0.223,0.223,0.288,0.288
1.296,1.125,-21.757,0.240,0.240,0.259,0.259
1.297,1.142,-21.757,0.215,0.215,0.255,0.255
1.296,1.142,-21.756,0.241,0.241,0.255,0.255
1.299,1.272,-21.760,0.226,0.226,0.261,0.261
1.301,1.468,-21.763,0.241,0.241,0.255,0.255
1.302,1.746,-21.764,0.227,0.227,0.256,0.256
1.304,2.039,-21.768,0.240,0.240,0.281,0.281
1.306,2.154,-21.772,0.227,0.227,0.264,0.264
1.304,2.170,-21.769,0.244,0.244,0.246,0.246
1.306,2.137,-21.772,0.233,0.233,0.255,0.255
1.308,2.137,-21.777,0.255,0.255,0.249,0.249
1.313,2.105,-21.786,0.230,0.230,0.255,0.255
1.316,2.121,-21.793,0.252,0.252,0.256,0.256
1.317,2.170,-21.796,0.233,0.233,0.269,0.269
1.317,2.235,-21.796,0.250,0.250,0.258,0.258
1.319,2.513,-21.800,0.258,0.258,0.264,0.264
1.321,2.529,-21.805,0.270,0.270,0.258,0.258
1.321,2.431,-21.807,0.273,0.273,0.255,0.255
1.324,2.349,-21.812,0.278,0.278,0.256,0.256
1.325,2.186,-21.815,0.290,0.290,0.259,0.259
1.327,2.154,-21.819,0.282,0.282,0.255,0.255
1.326,2.105,-21.818,0.279,0.279,0.258,0.258
1.327,2.235,-21.819,0.285,0.285,0.269,0.269
1.328,2.366,-21.822,0.282,0.282,0.261,0.261
1.335,2.121,-21.836,0.270,0.270,0.252,0.252
1.338,1.762,-21.843,0.281,0.281,0.252,0.252
1.338,1.697,-21.843,0.267,0.267,0.249,0.249
1.340,2.056,-21.847,0.275,0.275,0.233,0.233
1.341,2.349,-21.848,0.258,0.258,0.233,0.233
1.342,2.186,-21.851,0.267,0.267,0.224,0.224
1.344,1.778,-21.854,0.252,0.252,0.230,0.230
1.346,1.566,-21.858,0.261,0.261,0.241,0.241
1.346,1.533,-21.859,0.243,0.243,0.229,0.229
1.348,1.599,-21.862,0.262,0.262,0.238,0.238
1.349,1.631,-21.863,0.241,0.241,0.224,0.224
1.349,1.631,-21.862,0.250,0.250,0.244,0.244
1.351,1.484,-21.865,0.237,0.237,0.229,0.229
1.353,1.240,-21.869,0.258,0.258,0.240,0.240
1.358,1.093,-21.874,0.240,0.240,0.250,0.250
1.361,0.946,-21.878,0.250,0.250,0.243,0.243
1.362,0.897,-21.879,0.232,0.232,0.246,0.246
1.361,0.962,-21.878,0.237,0.237,0.244,0.244
1.364,1.125,-21.880,0.214,0.214,0.256,0.256
1.366,1.158,-21.883,0.224,0.224,0.237,0.237
1.367,1.256,-21.884,0.211,0.211,0.252,0.252
1.369,1.468,-21.886,0.218,0.218,0.258,0.258
1.371,1.599,-21.890,0.200,0.200,0.255,0.255
1.370,1.795,-21.888,0.206,0.206,0.253,0.253
1.370,1.990,-21.888,0.201,0.201,0.258,0.258
1.372,2.154,-21.892,0.191,0.191,0.256,0.256
1.378,2.268,-21.905,0.203,0.203,0.247,0.247
1.381,2.496,-21.913,0.191,0.191,0.259,0.259
1.383,2.741,-21.917,0.198,0.198,0.255,0.255
1.382,3.002,-21.917,0.185,0.185,0.250,0.250
1.384,3.231,-21.920,0.198,0.198,0.253,0.253
1.385,3.476,-21.927,0.188,0.188,0.250,0.250
1.386,3.492,-21.929,0.191,0.191,0.252,0.252
1.389,3.231,-21.938,0.194,0.194,0.255,0.255
1.390,2.986,-21.943,0.204,0.204,0.253,0.253
1.392,2.611,-21.948,0.183,0.183,0.249,0.249
1.393,2.203,-21.949,0.194,0.194,0.252,0.252
1.392,1.958,-21.949,0.186,0.186,0.255,0.255
1.393,1.697,-21.950,0.201,0.201,0.253,0.253
1.395,1.582,-21.953,0.185,0.185,0.252,0.252
1.400,1.697,-21.962,0.212,0.212,0.258,0.258
1.403,1.974,-21.967,0.194,0.194,0.258,0.258
1.404,2.137,-21.969,0.220,0.220,0.261,0.261
1.406,2.170,-21.972,0.206,0.206,0.267,0.267
1.407,2.252,-21.975,0.233,0.233,0.270,0.270
1.409,2.578,-21.979,0.208,0.208,0.273,0.273
1.411,2.970,-21.985,0.232,0.232,0.270,0.270
1.411,2.986,-21.987,0.212,0.212,0.253,0.253
1.414,3.149,-21.994,0.235,0.235,0.278,0.278
1.415,3.671,-21.998,0.209,0.209,0.276,0.276
1.416,4.194,-22.002,0.238,0.238,0.273,0.273
1.416,4.487,-22.002,0.215,0.215,0.267,0.267
1.416,4.618,-22.004,0.226,0.226,0.275,0.275
1.421,4.585,-22.025,0.215,0.215,0.278,0.278
1.425,4.520,-22.045,0.227,0.227,0.243,0.243
1.426,4.438,-22.046,0.208,0.208,0.266,0.266
1.427,4.047,-22.054,0.227,0.227,0.276,0.276
1.429,3.720,-22.059,0.217,0.217,0.269,0.269
1.429,3.508,-22.062,0.230,0.230,0.256,0.256
1.432,3.541,-22.069,0.217,0.217,0.259,0.259
1.433,3.459,-22.076,0.233,0.233,0.250,0.250
1.435,3.214,-22.081,0.226,0.226,0.247,0.247
1.437,2.953,-22.088,0.226,0.226,0.253,0.253
1.438,2.562,-22.089,0.237,0.237,0.267,0.267
1.438,2.252,-22.089,0.232,0.232,0.252,0.252
1.438,1.925,-22.090,0.220,0.220,0.255,0.255
1.439,1.697,-22.092,0.229,0.229,0.240,0.240
1.446,1.452,-22.103,0.229,0.229,0.258,0.258
1.447,1.076,-22.105,0.226,0.226,0.261,0.261
1.449,0.603,-22.106,0.233,0.233,0.259,0.259
1.451,0.097,-22.106,0.224,0.224,0.255,0.255
1.451,-0.915,-22.106,0.235,0.235,0.261,0.261
1.452,-2.204,-22.105,0.212,0.212,0.258,0.258
1.454,-3.509,-22.099,0.237,0.237,0.250,0.250
1.455,-4.962,-22.093,0.224,0.224,0.253,0.253
1.458,-6.251,-22.081,0.237,0.237,0.264,0.264
1.458,-7.410,-22.076,0.224,0.224,0.261,0.261
1.459,-8.618,-22.068,0.246,0.246,0.258,0.258
1.458,-10.331,-22.081,0.226,0.226,0.269,0.269
1.460,-12.143,-22.064,0.240,0.240,0.259,0.259
1.464,-13.840,-22.010,0.232,0.232,0.262,0.262
1.468,-15.195,-21.943,0.240,0.240,0.258,0.258
1.470,-16.386,-21.924,0.215,0.215,0.252,0.252
1.471,-17.855,-21.907,0.232,0.232,0.250,0.250
1.472,-19.421,-21.884,0.209,0.209,0.240,0.240
1.473,-20.596,-21.866,0.227,0.227,0.237,0.237
1.475,-21.200,-21.824,0.203,0.203,0.240,0.240
1.476,-21.625,-21.790,0.232,0.232,0.261,0.261
1.478,-22.196,-21.747,0.215,0.215,0.235,0.235
1.479,-23.044,-21.729,0.227,0.227,0.237,0.237
1.481,-24.187,-21.682,0.214,0.214,0.235,0.235
1.479,-25.297,-21.732,0.230,0.230,0.249,0.249
1.480,-25.982,-21.704,0.227,0.227,0.244,0.244
1.482,-26.243,-21.649,0.223,0.223,0.243,0.243
1.486,-26.619,-21.556,0.227,0.227,0.253,0.253
1.490,-27.581,-21.428,0.212,0.212,0.250,0.250
1.491,-28.805,-21.420,0.224,0.224,0.256,0.256
1.492,-29.752,-21.391,0.211,0.211,0.255,0.255
1.493,-29.899,-21.360,0.243,0.243,0.258,0.258
1.494,-29.475,-21.324,0.229,0.229,0.258,0.258
1.495,-29.116,-21.280,0.237,0.237,0.256,0.256
1.497,-29.540,-21.238,0.220,0.220,0.255,0.255
1.498,-30.796,-21.201,0.240,0.240,0.255,0.255
1.500,-32.151,-21.153,0.221,0.221,0.266,0.266
1.500,-32.869,-21.142,0.243,0.243,0.256,0.256
1.499,-32.869,-21.161,0.227,0.227,0.261,0.261
1.503,-32.510,-21.041,0.243,0.243,0.258,0.258
1.506,-32.200,-20.940,0.212,0.212,0.261,0.261
1.509,-31.906,-20.836,0.237,0.237,0.253,0.253
1.510,-31.792,-20.825,0.221,0.221,0.258,0.258
1.511,-31.645,-20.789,0.241,0.241,0.258,0.258
1.512,-31.221,-20.757,0.224,0.224,0.258,0.258
1.514,-30.486,-20.703,0.240,0.240,0.261,0.261
1.515,-29.801,-20.660,0.204,0.204,0.253,0.253
1.517,-29.507,-20.613,0.215,0.215,0.255,0.255
1.518,-29.687,-20.572,0.206,0.206,0.255,0.255
1.518,-29.834,-20.563,0.224,0.224,0.259,0.259
1.519,-29.785,-20.554,0.218,0.218,0.256,0.256
1.517,-29.507,-20.612,0.238,0.238,0.253,0.253
1.523,-29.475,-20.439,0.211,0.211,0.256,0.256
1.525,-29.703,-20.354,0.221,0.221,0.249,0.249
1.528,-29.850,-20.278,0.214,0.214,0.269,0.269
1.530,-29.768,-20.225,0.232,0.232,0.264,0.264
1.529,-29.638,-20.254,0.237,0.237,0.272,0.272
1.531,-29.556,-20.192,0.233,0.233,0.290,0.290
1.532,-29.377,-20.167,0.240,0.240,0.285,0.285
1.534,-28.887,-20.110,0.229,0.229,0.282,0.282
1.535,-28.381,-20.086,0.227,0.227,0.284,0.284
1.536,-27.940,-20.039,0.233,0.233,0.282,0.282
1.537,-27.973,-20.004,0.246,0.246,0.276,0.276
1.539,-28.087,-19.970,0.227,0.227,0.281,0.281
1.538,-28.055,-19.990,0.232,0.232,0.275,0.275
1.539,-27.696,-19.948,0.209,0.209,0.279,0.279
1.540,-27.043,-19.936,0.221,0.221,0.275,0.275
1.544,-26.553,-19.815,0.215,0.215,0.295,0.295
1.548,-26.357,-19.717,0.232,0.232,0.270,0.270
1.548,-26.406,-19.733,0.221,0.221,0.261,0.261
1.548,-26.455,-19.710,0.224,0.224,0.266,0.266
1.549,-26.357,-19.687,0.214,0.214,0.261,0.261
1.551,-25.819,-19.636,0.221,0.221,0.264,0.264
1.552,-24.823,-19.611,0.201,0.201,0.259,0.259
1.553,-23.681,-19.592,0.227,0.227,0.281,0.281
1.556,-22.979,-19.529,0.223,0.223,0.264,0.264
1.556,-22.979,-19.530,0.230,0.230,0.253,0.253
1.555,-23.420,-19.536,0.208,0.208,0.262,0.262
1.557,-23.860,-19.501,0.230,0.230,0.264,0.264
1.558,-23.926,-19.471,0.212,0.212,0.262,0.262
1.562,-23.518,-19.367,0.232,0.232,0.256,0.256
1.565,-23.126,-19.303,0.223,0.223,0.262,0.262
1.565,-23.028,-19.301,0.238,0.238,0.256,0.256
1.566,-23.583,-19.282,0.214,0.214,0.262,0.262
1.568,-24.628,-19.242,0.237,0.237,0.264,0.264
1.568,-25.786,-19.228,0.218,0.218,0.267,0.267
1.570,-26.586,-19.185,0.247,0.247,0.262,0.262
1.571,-26.831,-19.156,0.227,0.227,0.261,0.261
1.573,-26.537,-19.109,0.252,0.252,0.255,0.255
1.573,-26.194,-19.112,0.232,0.232,0.262,0.262
1.573,-26.406,-19.108,0.235,0.235,0.264,0.264
1.573,-27.010,-19.101,0.227,0.227,0.264,0.264
1.574,-27.810,-19.066,0.246,0.246,0.264,0.264
1.581,-28.234,-18.892,0.229,0.229,0.262,0.262
1.582,-27.989,-18.849,0.230,0.230,0.259,0.259
1.583,-27.581,-18.832,0.221,0.221,0.250,0.250
1.583,-27.353,-18.815,0.212,0.212,0.252,0.252
1.585,-27.369,-18.777,0.204,0.204,0.252,0.252
1.586,-27.532,-18.756,0.212,0.212,0.233,0.233
1.587,-27.908,-18.725,0.220,0.220,0.233,0.233
1.589,-28.430,-18.667,0.212,0.212,0.227,0.227
1.590,-28.691,-18.638,0.206,0.206,0.241,0.241
1.591,-28.610,-18.603,0.200,0.200,0.229,0.229
1.591,-28.397,-18.611,0.208,0.208,0.238,0.238
1.590,-28.463,-18.640,0.201,0.201,0.255,0.255
1.590,-29.116,-18.618,0.224,0.224,0.240,0.240
1.595,-30.258,-18.479,0.212,0.212,0.238,0.238
1.598,-31.270,-18.387,0.229,0.229,0.243,0.243
1.601,-31.857,-18.304,0.201,0.201,0.253,0.253
1.601,-31.939,-18.290,0.233,0.233,0.241,0.241
1.601,-31.874,-18.300,0.212,0.212,0.252,0.252
1.601,-31.792,-18.283,0.229,0.229,0.250,0.250
1.604,-31.939,-18.209,0.214,0.214,0.256,0.256
1.604,-32.314,-18.188,0.238,0.238,0.255,0.255
1.605,-32.575,-18.152,0.212,0.212,0.267,0.267
1.607,-32.510,-18.107,0.224,0.224,0.258,0.258
1.608,-32.363,-18.063,0.217,0.217,0.256,0.256
1.607,-32.282,-18.093,0.233,0.233,0.258,0.258
1.607,-32.314,-18.104,0.221,0.221,0.259,0.259
1.609,-32.184,-18.025,0.237,0.237,0.255,0.255
1.613,-31.955,-17.896,0.221,0.221,0.259,0.259
1.616,-31.678,-17.800,0.229,0.229,0.276,0.276
1.617,-31.417,-17.769,0.209,0.209,0.262,0.262
1.616,-31.172,-17.800,0.227,0.227,0.253,0.253
1.618,-30.894,-17.763,0.218,0.218,0.256,0.256
1.619,-30.796,-17.726,0.229,0.229,0.252,0.252
1.621,-30.927,-17.657,0.221,0.221,0.259,0.259
1.622,-31.172,-17.641,0.215,0.215,0.255,0.255
1.623,-31.335,-17.600,0.212,0.212,0.267,0.267
1.623,-31.335,-17.596,0.212,0.212,0.255,0.255
1.621,-31.335,-17.659,0.215,0.215,0.258,0.258
1.623,-31.564,-17.592,0.217,0.217,0.256,0.256
1.625,-32.184,-17.545,0.208,0.208,0.261,0.261
1.629,-32.690,-17.394,0.218,0.218,0.261,0.261
1.632,-32.918,-17.297,0.233,0.233,0.261,0.261
1.632,-32.771,-17.314,0.215,0.215,0.256,0.256
1.632,-32.331,-17.313,0.246,0.246,0.269,0.269
1.633,-31.939,-17.271,0.229,0.229,0.298,0.298
1.634,-31.629,-17.236,0.238,0.238,0.282,0.282
1.636,-31.286,-17.179,0.232,0.232,0.276,0.276
1.637,-30.813,-17.147,0.243,0.243,0.276,0.276
1.638,-30.160,-17.118,0.221,0.221,0.284,0.284
1.639,-29.572,-17.077,0.233,0.233,0.256,0.256
1.639,-29.034,-17.090,0.224,0.224,0.282,0.282
1.639,-28.577,-17.098,0.238,0.238,0.282,0.282
1.638,-28.251,-17.120,0.221,0.221,0.278,0.278
1.640,-27.810,-17.046,0.243,0.243,0.272,0.272
1.646,-27.516,-16.889,0.217,0.217,0.264,0.264
1.648,-27.484,-16.850,0.229,0.229,0.267,0.267
1.648,-28.104,-16.833,0.218,0.218,0.262,0.262
1.647,-29.116,-16.853,0.235,0.235,0.262,0.262
1.649,-29.817,-16.813,0.218,0.218,0.262,0.262
1.650,-30.013,-16.786,0.244,0.244,0.264,0.264
1.652,-29.899,-16.731,0.220,0.220,0.259,0.259
1.653,-29.850,-16.689,0.241,0.241,0.250,0.250
1.654,-29.932,-16.669,0.211,0.211,0.258,0.258
1.654,-30.095,-16.669,0.238,0.238,0.249,0.249
1.652,-30.111,-16.710,0.218,0.218,0.258,0.258
1.652,-30.274,-16.702,0.233,0.233,0.258,0.258
1.657,-30.356,-16.573,0.226,0.226,0.261,0.261
1.660,-30.372,-16.480,0.240,0.240,0.259,0.259
1.663,-30.258,-16.395,0.220,0.220,0.272,0.272
1.661,-30.127,-16.430,0.224,0.224,0.258,0.258
1.663,-30.242,-16.398,0.233,0.233,0.261,0.261
1.664,-30.454,-16.350,0.241,0.241,0.261,0.261
1.665,-30.715,-16.334,0.235,0.235,0.262,0.262
1.666,-30.862,-16.287,0.241,0.241,0.270,0.270
1.667,-31.009,-16.257,0.229,0.229,0.267,0.267
1.668,-31.172,-16.228,0.226,0.226,0.281,0.281
1.668,-31.466,-16.235,0.232,0.232,0.261,0.261
1.667,-31.727,-16.249,0.238,0.238,0.255,0.255
1.667,-32.102,-16.261,0.240,0.240,0.264,0.264
1.668,-32.869,-16.229,0.224,0.224,0.259,0.259
1.674,-33.848,-16.032,0.230,0.230,0.256,0.256
1.676,-34.795,-15.968,0.211,0.211,0.256,0.256
1.676,-35.284,-15.959,0.217,0.217,0.267,0.267
1.677,-35.252,-15.921,0.204,0.204,0.247,0.247
1.677,-34.974,-15.910,0.218,0.218,0.230,0.230
1.677,-34.762,-15.916,0.204,0.204,0.233,0.233
1.679,-34.860,-15.872,0.208,0.208,0.233,0.233
1.680,-35.121,-15.823,0.198,0.198,0.237,0.237
1.681,-35.317,-15.769,0.214,0.214,0.240,0.240
1.682,-35.203,-15.740,0.203,0.203,0.267,0.267
1.681,-34.942,-15.775,0.230,0.230,0.227,0.227
1.681,-34.942,-15.793,0.209,0.209,0.238,0.238
1.682,-35.399,-15.763,0.224,0.224,0.243,0.243
1.683,-36.133,-15.722,0.204,0.204,0.243,0.243
1.687,-36.704,-15.572,0.224,0.224,0.247,0.247
1.690,-36.753,-15.444,0.214,0.214,0.249,0.249
1.690,-36.313,-15.466,0.233,0.233,0.269,0.269
1.690,-35.839,-15.468,0.215,0.215,0.253,0.253
1.691,-35.790,-15.436,0.226,0.226,0.246,0.246
1.692,-36.068,-15.397,0.218,0.218,0.258,0.258
1.693,-36.427,-15.363,0.212,0.212,0.253,0.253
1.694,-36.688,-15.318,0.226,0.226,0.262,0.262
1.694,-36.819,-15.298,0.218,0.218,0.259,0.259
1.695,-36.541,-15.262,0.218,0.218,0.291,0.291
1.694,-36.280,-15.309,0.197,0.197,0.256,0.256
1.693,-36.721,-15.358,0.212,0.212,0.247,0.247
1.698,-37.569,-15.180,0.201,0.201,0.258,0.258
1.700,-38.304,-15.095,0.214,0.214,0.258,0.258
1.703,-38.614,-14.983,0.217,0.217,0.261,0.261
1.704,-38.304,-14.916,0.223,0.223,0.261,0.261
1.702,-37.928,-14.993,0.200,0.200,0.276,0.276
1.703,-37.684,-14.955,0.214,0.214,0.259,0.259
1.705,-37.798,-14.907,0.194,0.194,0.256,0.256
1.706,-38.189,-14.857,0.211,0.211,0.253,0.253
1.707,-38.810,-14.822,0.200,0.200,0.255,0.255
1.708,-39.038,-14.794,0.232,0.232,0.252,0.252
1.708,-38.940,-14.778,0.209,0.209,0.255,0.255
1.706,-38.614,-14.863,0.221,0.221,0.266,0.266
1.706,-38.353,-14.862,0.212,0.212,0.261,0.261
1.709,-38.353,-14.723,0.243,0.243,0.253,0.253
1.713,-38.581,-14.580,0.238,0.238,0.258,0.258
1.715,-38.597,-14.506,0.270,0.270,0.255,0.255
1.716,-38.418,-14.487,0.261,0.261,0.264,0.264
1.716,-38.255,-14.489,0.279,0.279,0.264,0.264
1.716,-38.320,-14.486,0.267,0.267,0.301,0.301
1.717,-38.712,-14.423,0.296,0.296,0.279,0.279
1.718,-39.348,-14.402,0.290,0.290,0.275,0.275
1.718,-40.050,-14.406,0.310,0.310,0.275,0.275
1.719,-40.311,-14.352,0.295,0.295,0.282,0.282
1.719,-40.180,-14.338,0.295,0.295,0.270,0.270
1.719,-39.870,-14.350,0.285,0.285,0.275,0.275
1.717,-39.675,-14.415,0.287,0.287,0.281,0.281
1.718,-39.821,-14.396,0.288,0.288,0.282,0.282
1.723,-40.344,-14.205,0.296,0.296,0.272,0.272
1.725,-41.143,-14.101,0.291,0.291,0.270,0.270
1.726,-41.666,-14.078,0.295,0.295,0.266,0.266
1.726,-41.943,-14.076,0.299,0.299,0.266,0.266
1.727,-42.155,-14.050,0.291,0.291,0.269,0.269
1.728,-42.204,-13.994,0.295,0.295,0.272,0.272
1.728,-42.237,-13.981,0.288,0.288,0.262,0.262
1.730,-42.220,-13.892,0.298,0.298,0.267,0.267
1.731,-42.302,-13.879,0.278,0.278,0.259,0.259
1.731,-42.694,-13.855,0.282,0.282,0.266,0.266
1.730,-43.151,-13.892,0.261,0.261,0.264,0.264
1.729,-43.706,-13.955,0.259,0.259,0.255,0.255
1.730,-44.081,-13.910,0.256,0.256,0.250,0.250
1.734,-44.195,-13.723,0.267,0.267,0.256,0.256
1.738,-44.212,-13.528,0.238,0.238,0.264,0.264
1.739,-43.983,-13.525,0.255,0.255,0.258,0.258
1.737,-43.657,-13.595,0.226,0.226,0.261,0.261
1.737,-43.167,-13.578,0.237,0.237,0.256,0.256
1.738,-42.743,-13.536,0.217,0.217,0.261,0.261
1.740,-42.628,-13.474,0.238,0.238,0.243,0.243
1.740,-42.661,-13.443,0.211,0.211,0.264,0.264
1.741,-42.645,-13.436,0.224,0.224,0.264,0.264
1.742,-42.710,-13.358,0.201,0.201,0.264,0.264
1.741,-42.677,-13.417,0.221,0.221,0.262,0.262
1.740,-42.808,-13.463,0.201,0.201,0.264,0.264
1.739,-43.020,-13.498,0.211,0.211,0.264,0.264
1.742,-43.167,-13.381,0.204,0.204,0.246,0.246
1.747,-43.085,-13.141,0.206,0.206,0.259,0.259
1.749,-42.841,-13.090,0.180,0.180,0.262,0.262
1.749,-42.824,-13.073,0.186,0.186,0.252,0.252
1.749,-42.988,-13.095,0.183,0.183,0.255,0.255
1.749,-43.444,-13.091,0.175,0.175,0.233,0.233
1.750,-43.967,-13.050,0.172,0.172,0.238,0.238
1.750,-44.195,-13.017,0.182,0.182,0.233,0.233
1.751,-44.081,-12.969,0.179,0.179,0.244,0.244
1.752,-43.559,-12.954,0.172,0.172,0.230,0.230
1.753,-42.792,-12.914,0.182,0.182,0.247,0.247
1.752,-41.992,-12.945,0.172,0.172,0.244,0.244
1.749,-41.356,-13.051,0.189,0.189,0.244,0.244
1.752,-41.143,-12.950,0.169,0.169,0.235,0.235
1.754,-41.127,-12.844,0.197,0.197,0.224,0.224
1.759,-41.160,-12.676,0.175,0.175,0.247,0.247
1.758,-41.094,-12.684,0.194,0.194,0.237,0.237
1.758,-40.866,-12.679,0.174,0.174,0.252,0.252
1.759,-40.719,-12.673,0.215,0.215,0.258,0.258
1.759,-40.540,-12.677,0.186,0.186,0.249,0.249
1.760,-40.360,-12.625,0.204,0.204,0.247,0.247
1.761,-40.344,-12.590,0.185,0.185,0.246,0.246
1.761,-40.556,-12.574,0.206,0.206,0.255,0.255
1.763,-40.686,-12.488,0.179,0.179,0.243,0.243
1.761,-40.752,-12.586,0.203,0.203,0.258,0.258
1.759,-40.605,-12.652,0.188,0.188,0.267,0.267
1.761,-40.327,-12.576,0.200,0.200,0.256,0.256
1.765,-40.197,-12.404,0.186,0.186,0.255,0.255
1.768,-40.050,-12.281,0.195,0.195,0.237,0.237
1.768,-39.854,-12.296,0.188,0.188,0.255,0.255
1.767,-39.544,-12.338,0.185,0.185,0.258,0.258
1.769,-39.332,-12.274,0.186,0.186,0.261,0.261
1.769,-39.169,-12.256,0.169,0.169,0.252,0.252
1.769,-39.201,-12.252,0.179,0.179,0.256,0.256
1.770,-39.348,-12.219,0.174,0.174,0.249,0.249
1.772,-39.724,-12.148,0.185,0.185,0.259,0.259
1.770,-40.115,-12.207,0.182,0.182,0.252,0.252
1.771,-40.148,-12.176,0.183,0.183,0.247,0.247
1.769,-39.919,-12.244,0.186,0.186,0.252,0.252
1.769,-39.691,-12.272,0.189,0.189,0.250,0.250
1.772,-39.789,-12.131,0.169,0.169,0.258,0.258
1.776,-40.083,-11.994,0.186,0.186,0.255,0.255
1.777,-40.376,-11.938,0.185,0.185,0.270,0.270
1.776,-40.605,-11.960,0.214,0.214,0.256,0.256
1.776,-40.735,-11.962,0.204,0.204,0.255,0.255
1.777,-40.637,-11.950,0.233,0.233,0.270,0.270
1.777,-40.229,-11.929,0.220,0.220,0.276,0.276
1.779,-39.821,-11.878,0.238,0.238,0.278,0.278
1.779,-39.658,-11.874,0.235,0.235,0.272,0.272
1.780,-39.511,-11.835,0.267,0.267,0.262,0.262
1.780,-39.332,-11.817,0.246,0.246,0.267,0.267
1.779,-39.218,-11.871,0.275,0.275,0.279,0.279
1.776,-39.185,-11.966,0.250,0.250,0.270,0.270
1.779,-39.201,-11.852,0.272,0.272,0.272,0.272
1.784,-39.234,-11.680,0.258,0.258,0.273,0.273
1.785,-39.201,-11.616,0.291,0.291,0.267,0.267
1.786,-39.038,-11.597,0.275,0.275,0.250,0.250
1.784,-38.859,-11.654,0.282,0.282,0.261,0.261
1.785,-38.597,-11.631,0.279,0.279,0.266,0.266
1.786,-38.206,-11.591,0.279,0.279,0.255,0.255
1.785,-37.700,-11.608,0.258,0.258,0.262,0.262
1.787,-37.341,-11.555,0.282,0.282,0.259,0.259
1.788,-37.047,-11.508,0.269,0.269,0.262,0.262
1.787,-36.835,-11.554,0.270,0.270,0.233,0.233
1.787,-36.623,-11.564,0.252,0.252,0.256,0.256
1.785,-36.378,-11.603,0.267,0.267,0.266,0.266
1.787,-36.247,-11.546,0.247,0.247,0.262,0.262
1.792,-36.117,-11.349,0.243,0.243,0.258,0.258
1.793,-35.872,-11.339,0.244,0.244,0.258,0.258
1.794,-35.872,-11.310,0.229,0.229,0.256,0.256
1.793,-36.231,-11.344,0.229,0.229,0.258,0.258
1.792,-36.639,-11.352,0.215,0.215,0.255,0.255
1.794,-36.916,-11.309,0.214,0.214,0.258,0.258
1.794,-37.161,-11.288,0.204,0.204,0.258,0.258
1.795,-37.276,-11.266,0.206,0.206,0.258,0.258
1.795,-37.292,-11.258,0.195,0.195,0.261,0.261
1.796,-37.112,-11.224,0.223,0.223,0.262,0.262
1.793,-36.884,-11.316,0.197,0.197,0.261,0.261
1.794,-36.606,-11.302,0.221,0.221,0.258,0.258
1.793,-36.394,-11.330,0.200,0.200,0.258,0.258
1.799,-36.100,-11.123,0.224,0.224,0.259,0.259
1.800,-35.888,-11.078,0.197,0.197,0.258,0.258
1.801,-35.741,-11.058,0.223,0.223,0.256,0.256
1.800,-35.741,-11.059,0.201,0.201,0.258,0.258
1.800,-35.758,-11.090,0.209,0.209,0.253,0.253
1.801,-35.790,-11.046,0.191,0.191,0.237,0.237
1.801,-35.774,-11.033,0.208,0.208,0.238,0.238
1.801,-35.872,-11.023,0.191,0.191,0.233,0.233
1.802,-36.133,-10.995,0.201,0.201,0.241,0.241
1.803,-36.264,-10.967,0.198,0.198,0.240,0.240
1.802,-36.296,-11.003,0.208,0.208,0.255,0.255
1.801,-36.296,-11.047,0.212,0.212,0.253,0.253
1.799,-36.264,-11.100,0.218,0.218,0.244,0.244
1.803,-36.264,-10.973,0.220,0.220,0.237,0.237
1.806,-36.313,-10.858,0.223,0.223,0.241,0.241
1.806,-36.166,-10.845,0.217,0.217,0.249,0.249
1.807,-35.790,-10.810,0.221,0.221,0.247,0.247
1.807,-35.252,-10.835,0.218,0.218,0.252,0.252
1.807,-34.730,-10.815,0.203,0.203,0.262,0.262
1.807,-34.387,-10.840,0.212,0.212,0.253,0.253
1.807,-34.289,-10.809,0.200,0.200,0.261,0.261
1.808,-34.142,-10.798,0.204,0.204,0.253,0.253
1.808,-33.979,-10.780,0.185,0.185,0.253,0.253
1.807,-33.669,-10.831,0.204,0.204,0.256,0.256
1.806,-33.440,-10.859,0.180,0.180,0.259,0.259
1.805,-33.310,-10.885,0.194,0.194,0.252,0.252
1.809,-33.326,-10.751,0.172,0.172,0.258,0.258
1.811,-33.310,-10.679,0.189,0.189,0.250,0.250
1.813,-33.326,-10.634,0.162,0.162,0.250,0.250
1.813,-33.326,-10.627,0.174,0.174,0.249,0.249
1.811,-33.212,-10.690,0.165,0.165,0.250,0.250
1.813,-32.951,-10.621,0.182,0.182,0.252,0.252
1.813,-32.820,-10.640,0.159,0.159,0.259,0.259
1.814,-32.788,-10.596,0.179,0.179,0.243,0.243
1.813,-32.820,-10.618,0.175,0.175,0.249,0.249
1.813,-32.804,-10.608,0.188,0.188,0.241,0.241
1.814,-32.967,-10.599,0.175,0.175,0.252,0.252
1.813,-33.179,-10.636,0.198,0.198,0.249,0.249
1.813,-33.228,-10.637,0.194,0.194,0.250,0.250
1.813,-33.000,-10.608,0.203,0.203,0.253,0.253
1.817,-32.804,-10.482,0.206,0.206,0.256,0.256
1.818,-32.788,-10.473,0.221,0.221,0.255,0.255
1.818,-32.951,-10.472,0.226,0.226,0.252,0.252
1.818,-33.196,-10.471,0.238,0.238,0.256,0.256
1.818,-33.342,-10.462,0.243,0.243,0.266,0.266
1.818,-33.375,-10.461,0.252,0.252,0.273,0.273
1.819,-33.342,-10.437,0.249,0.249,0.255,0.255
1.818,-33.342,-10.456,0.259,0.259,0.273,0.273
1.820,-33.196,-10.405,0.266,0.266,0.282,0.282
1.819,-32.820,-10.424,0.255,0.255,0.273,0.273
1.817,-32.461,-10.498,0.272,0.272,0.264,0.264
1.818,-32.167,-10.467,0.259,0.259,0.267,0.267
1.819,-31.792,-10.421,0.264,0.264,0.270,0.270
1.820,-31.319,-10.386,0.253,0.253,0.261,0.261
1.823,-30.813,-10.289,0.264,0.264,0.270,0.270
1.823,-30.454,-10.291,0.240,0.240,0.273,0.273
1.824,-30.340,-10.277,0.255,0.255,0.266,0.266
1.823,-30.323,-10.315,0.237,0.237,0.261,0.261
1.823,-30.372,-10.312,0.244,0.244,0.266,0.266
1.823,-30.372,-10.292,0.217,0.217,0.256,0.256
1.823,-30.356,-10.293,0.243,0.243,0.259,0.259
1.824,-30.356,-10.273,0.217,0.217,0.252,0.252
1.824,-30.519,-10.280,0.230,0.230,0.247,0.247
1.823,-30.731,-10.313,0.220,0.220,0.252,0.252
1.822,-31.009,-10.345,0.233,0.233,0.250,0.250
1.823,-31.237,-10.304,0.211,0.211,0.282,0.282
1.827,-31.368,-10.185,0.217,0.217,0.252,0.252
1.827,-31.498,-10.173,0.203,0.203,0.249,0.249
1.826,-31.564,-10.208,0.217,0.217,0.256,0.256
1.827,-31.335,-10.179,0.194,0.194,0.256,0.256
1.826,-30.976,-10.196,0.218,0.218,0.259,0.259
1.826,-30.682,-10.193,0.192,0.192,0.262,0.262
1.827,-30.307,-10.168,0.221,0.221,0.249,0.249
1.828,-29.964,-10.160,0.191,0.191,0.255,0.255
1.828,-29.703,-10.160,0.217,0.217,0.256,0.256
1.828,-29.458,-10.139,0.201,0.201,0.261,0.261
1.826,-29.360,-10.192,0.206,0.206,0.261,0.261
1.826,-29.230,-10.218,0.206,0.206,0.264,0.264
1.827,-29.018,-10.179,0.209,0.209,0.259,0.259
1.831,-28.903,-10.065,0.204,0.204,0.252,0.252
1.831,-28.838,-10.062,0.206,0.206,0.255,0.255
1.831,-28.871,-10.052,0.209,0.209,0.258,0.258
1.831,-28.887,-10.050,0.197,0.197,0.252,0.252
1.831,-29.034,-10.073,0.195,0.195,0.249,0.249
1.831,-29.246,-10.068,0.185,0.185,0.237,0.237
1.830,-29.393,-10.091,0.180,0.180,0.238,0.238
1.831,-29.572,-10.050,0.172,0.172,0.227,0.227
1.831,-29.719,-10.068,0.197,0.197,0.227,0.227
1.831,-29.899,-10.054,0.182,0.182,0.229,0.229
1.832,-29.997,-10.028,0.212,0.212,0.230,0.230
1.831,-30.242,-10.064,0.194,0.194,0.241,0.241
1.829,-30.372,-10.114,0.230,0.230,0.241,0.241
1.830,-30.388,-10.093,0.221,0.221,0.243,0.243
1.834,-30.388,-9.974,0.235,0.235,0.243,0.243
1.833,-30.340,-9.985,0.221,0.221,0.238,0.238
1.836,-30.356,-9.916,0.249,0.249,0.244,0.244
1.834,-30.356,-9.958,0.229,0.229,0.246,0.246
1.834,-30.242,-9.979,0.249,0.249,0.246,0.246
1.833,-29.964,-9.989,0.247,0.247,0.233,0.233
1.835,-29.736,-9.948,0.262,0.262,0.253,0.253
1.834,-29.475,-9.974,0.246,0.246,0.264,0.264
1.834,-29.360,-9.958,0.273,0.273,0.255,0.255
1.835,-29.213,-9.951,0.255,0.255,0.252,0.252
1.833,-29.018,-10.005,0.267,0.267,0.250,0.250
1.832,-28.854,-10.027,0.246,0.246,0.261,0.261
1.832,-28.854,-10.027,0.267,0.267,0.240,0.240
1.837,-28.871,-9.896,0.243,0.243,0.259,0.259
1.837,-28.887,-9.877,0.261,0.261,0.252,0.252
1.837,-29.001,-9.881,0.241,0.241,0.259,0.259
1.837,-29.246,-9.877,0.247,0.247,0.255,0.255
1.836,-29.393,-9.902,0.238,0.238,0.243,0.243
1.836,-29.393,-9.910,0.233,0.233,0.252,0.252
1.836,-29.377,-9.906,0.244,0.244,0.264,0.264
1.836,-29.377,-9.904,0.227,0.227,0.253,0.253
1.836,-29.344,-9.907,0.215,0.215,0.256,0.256
1.837,-29.360,-9.874,0.220,0.220,0.258,0.258
1.836,-29.377,-9.901,0.220,0.220,0.255,0.255
1.834,-29.377,-9.963,0.209,0.209,0.255,0.255
1.835,-29.246,-9.942,0.211,0.211,0.252,0.252
1.838,-29.018,-9.860,0.208,0.208,0.250,0.250
1.840,-28.871,-9.806,0.218,0.218,0.255,0.255
1.839,-28.854,-9.815,0.214,0.214,0.255,0.255
1.839,-28.871,-9.818,0.223,0.223,0.258,0.258
1.838,-28.871,-9.862,0.214,0.214,0.261,0.261
1.839,-28.756,-9.836,0.227,0.227,0.270,0.270
1.838,-28.512,-9.858,0.220,0.220,0.276,0.276
1.838,-28.397,-9.848,0.241,0.241,0.278,0.278
1.838,-28.463,-9.849,0.237,0.237,0.278,0.278
1.838,-28.740,-9.842,0.249,0.249,0.270,0.270
1.838,-28.887,-9.843,0.235,0.235,0.276,0.276
1.838,-28.920,-9.862,0.252,0.252,0.264,0.264
1.835,-28.789,-9.928,0.230,0.230,0.255,0.255
1.836,-28.512,-9.903,0.259,0.259,0.261,0.261
1.840,-28.365,-9.793,0.241,0.241,0.273,0.273
1.841,-28.218,-9.778,0.247,0.247,0.273,0.273
1.842,-28.006,-9.743,0.238,0.238,0.264,0.264
1.841,-27.859,-9.781,0.262,0.262,0.261,0.261
1.840,-27.728,-9.794,0.238,0.238,0.270,0.270
1.839,-27.516,-9.824,0.258,0.258,0.261,0.261
1.840,-27.288,-9.796,0.243,0.243,0.264,0.264
1.840,-27.059,-9.791,0.252,0.252,0.262,0.262
1.841,-26.929,-9.782,0.240,0.240,0.258,0.258
1.840,-26.912,-9.791,0.266,0.266,0.258,0.258
1.839,-26.945,-9.813,0.249,0.249,0.288,0.288
1.837,-26.945,-9.874,0.256,0.256,0.258,0.258
1.838,-26.945,-9.840,0.256,0.256,0.249,0.249
1.841,-26.945,-9.765,0.266,0.266,0.250,0.250
1.842,-27.076,-9.739,0.256,0.256,0.255,0.255
1.842,-27.255,-9.732,0.270,0.270,0.252,0.252
1.841,-27.435,-9.761,0.258,0.258,0.255,0.255
1.840,-27.435,-9.802,0.270,0.270,0.261,0.261
1.840,-27.435,-9.790,0.250,0.250,0.258,0.258
1.840,-27.271,-9.798,0.266,0.266,0.255,0.255
1.841,-27.059,-9.773,0.252,0.252,0.258,0.258
1.841,-26.912,-9.781,0.256,0.256,0.256,0.256
1.840,-26.765,-9.789,0.258,0.258,0.259,0.259
1.839,-26.586,-9.820,0.247,0.247,0.259,0.259
1.838,-26.439,-9.861,0.262,0.262,0.255,0.255
1.838,-26.406,-9.856,0.241,0.241,0.259,0.259
1.843,-26.472,-9.720,0.266,0.266,0.264,0.264
1.843,-26.455,-9.707,0.240,0.240,0.256,0.256
1.843,-26.488,-9.725,0.238,0.238,0.249,0.249
1.843,-26.553,-9.724,0.229,0.229,0.230,0.230
1.841,-26.831,-9.761,0.235,0.235,0.249,0.249
1.841,-26.929,-9.761,0.212,0.212,0.252,0.252
1.842,-27.124,-9.757,0.218,0.218,0.232,0.232
1.841,-27.304,-9.767,0.208,0.208,0.237,0.237
1.841,-27.451,-9.767,0.218,0.218,0.237,0.237
1.841,-27.598,-9.761,0.203,0.203,0.235,0.235
1.841,-27.777,-9.784,0.229,0.229,0.244,0.244
1.838,-27.892,-9.849,0.209,0.209,0.246,0.246
1.838,-27.908,-9.870,0.223,0.223,0.227,0.227
1.837,-27.989,-9.873,0.194,0.194,0.240,0.240
1.841,-28.251,-9.781,0.215,0.215,0.235,0.235
1.842,-28.381,-9.742,0.198,0.198,0.240,0.240
1.842,-28.430,-9.745,0.218,0.218,0.243,0.243
1.841,-28.414,-9.785,0.197,0.197,0.253,0.253
1.841,-28.381,-9.784,0.212,0.212,0.247,0.247
1.840,-28.381,-9.797,0.195,0.195,0.241,0.241
1.840,-28.365,-9.790,0.198,0.198,0.249,0.249
1.841,-28.397,-9.781,0.197,0.197,0.253,0.253
1.841,-28.381,-9.786,0.197,0.197,0.252,0.252
1.841,-28.414,-9.784,0.203,0.203,0.250,0.250
1.838,-28.397,-9.864,0.200,0.200,0.261,0.261
1.836,-28.512,-9.903,0.203,0.203,0.249,0.249
1.838,-28.610,-9.856,0.192,0.192,0.243,0.243
1.840,-28.691,-9.789,0.198,0.198,0.247,0.247
1.842,-28.740,-9.731,0.183,0.183,0.246,0.246
1.842,-28.854,-9.754,0.206,0.206,0.249,0.249
1.841,-29.050,-9.765,0.183,0.183,0.252,0.252
1.840,-29.262,-9.803,0.206,0.206,0.247,0.247
1.839,-29.393,-9.829,0.188,0.188,0.244,0.244
1.839,-29.230,-9.816,0.198,0.198,0.252,0.252
1.840,-29.018,-9.808,0.171,0.171,0.249,0.249
1.839,-28.887,-9.820,0.191,0.191,0.243,0.243
1.839,-28.920,-9.830,0.188,0.188,0.244,0.244
1.837,-28.903,-9.892,0.195,0.195,0.243,0.243
1.836,-28.985,-9.931,0.188,0.188,0.235,0.235
1.840,-29.099,-9.807,0.200,0.200,0.240,0.240
1.841,-29.018,-9.777,0.182,0.182,0.250,0.250
1.842,-28.920,-9.731,0.198,0.198,0.246,0.246
1.839,-28.854,-9.838,0.180,0.180,0.246,0.246
1.839,-29.034,-9.818,0.212,0.212,0.250,0.250
1.838,-29.246,-9.847,0.194,0.194,0.255,0.255
1.838,-29.409,-9.848,0.235,0.235,0.253,0.253
1.839,-29.426,-9.839,0.212,0.212,0.267,0.267
1.839,-29.426,-9.830,0.235,0.235,0.259,0.259
1.839,-29.524,-9.841,0.221,0.221,0.267,0.267
1.838,-29.638,-9.867,0.230,0.230,0.273,0.273
1.837,-29.507,-9.897,0.218,0.218,0.270,0.270
1.834,-29.409,-9.975,0.232,0.232,0.264,0.264
1.836,-29.360,-9.929,0.218,0.218,0.299,0.299
1.837,-29.213,-9.877,0.227,0.227,0.267,0.267
1.839,-28.887,-9.824,0.209,0.209,0.258,0.258
1.840,-28.495,-9.809,0.227,0.227,0.269,0.269
1.837,-28.365,-9.882,0.221,0.221,0.266,0.266
1.837,-28.365,-9.899,0.215,0.215,0.264,0.264
1.836,-28.381,-9.911,0.220,0.220,0.264,0.264
1.836,-28.414,-9.902,0.220,0.220,0.287,0.287
1.836,-28.397,-9.904,0.215,0.215,0.259,0.259
1.836,-28.430,-9.909,0.217,0.217,0.246,0.246
1.835,-28.381,-9.934,0.223,0.223,0.250,0.250
1.834,-28.397,-9.960,0.220,0.220,0.252,0.252
1.833,-28.397,-9.992,0.215,0.215,0.256,0.256
1.832,-28.544,-10.030,0.218,0.218,0.253,0.253
1.835,-28.756,-9.943,0.224,0.224,0.244,0.244
1.836,-28.887,-9.925,0.208,0.208,0.252,0.252
1.837,-28.920,-9.894,0.226,0.226,0.253,0.253
1.836,-28.887,-9.928,0.209,0.209,0.250,0.250
1.835,-29.018,-9.957,0.223,0.223,0.246,0.246
1.834,-29.262,-9.962,0.215,0.215,0.249,0.249
1.833,-29.393,-9.987,0.229,0.229,0.252,0.252
1.834,-29.409,-9.971,0.212,0.212,0.247,0.247
1.834,-29.377,-9.972,0.233,0.233,0.252,0.252
1.834,-29.377,-9.974,0.223,0.223,0.252,0.252
1.832,-29.377,-10.044,0.253,0.253,0.246,0.246
1.829,-29.491,-10.105,0.233,0.233,0.249,0.249
1.828,-29.605,-10.149,0.253,0.253,0.246,0.246
1.832,-29.507,-10.039,0.240,0.240,0.255,0.255
1.833,-29.377,-9.998,0.259,0.259,0.250,0.250
1.834,-29.328,-9.970,0.235,0.235,0.250,0.250
1.832,-29.360,-10.018,0.262,0.262,0.249,0.249
1.831,-29.360,-10.047,0.241,0.241,0.244,0.244
1.832,-29.377,-10.033,0.250,0.250,0.243,0.243
1.830,-29.475,-10.088,0.230,0.230,0.226,0.226
1.831,-29.589,-10.065,0.237,0.237,0.224,0.224
1.831,-29.507,-10.071,0.218,0.218,0.226,0.226
1.831,-29.377,-10.073,0.221,0.221,0.227,0.227
1.830,-29.458,-10.099,0.211,0.211,0.235,0.235
1.828,-29.703,-10.161,0.215,0.215,0.227,0.227
1.827,-29.866,-10.189,0.217,0.217,0.232,0.232
1.825,-29.932,-10.228,0.218,0.218,0.243,0.243
1.827,-29.866,-10.182,0.218,0.218,0.240,0.240
1.831,-29.850,-10.064,0.218,0.218,0.227,0.227
1.830,-29.850,-10.100,0.206,0.206,0.230,0.230
1.829,-29.980,-10.113,0.209,0.209,0.238,0.238
1.828,-30.209,-10.163,0.218,0.218,0.244,0.244
1.827,-30.372,-10.169,0.201,0.201,0.238,0.238
1.827,-30.388,-10.189,0.211,0.211,0.261,0.261
1.826,-30.242,-10.199,0.200,0.200,0.241,0.241
1.827,-29.964,-10.175,0.214,0.214,0.235,0.235
1.827,-29.834,-10.183,0.192,0.192,0.249,0.249
1.824,-29.817,-10.259,0.221,0.221,0.247,0.247
1.823,-29.703,-10.312,0.200,0.200,0.250,0.250
1.821,-29.524,-10.347,0.218,0.218,0.244,0.244
1.825,-29.230,-10.227,0.208,0.208,0.261,0.261
1.826,-28.985,-10.216,0.230,0.230,0.246,0.246
1.827,-28.838,-10.192,0.215,0.215,0.246,0.246
1.824,-28.969,-10.261,0.227,0.227,0.249,0.249
1.823,-29.246,-10.284,0.218,0.218,0.250,0.250
1.824,-29.393,-10.272,0.229,0.229,0.244,0.244
1.822,-29.524,-10.332,0.221,0.221,0.252,0.252
1.823,-29.768,-10.305,0.240,0.240,0.253,0.253
1.823,-29.964,-10.301,0.230,0.230,0.249,0.249
1.821,-30.258,-10.352,0.240,0.240,0.246,0.246
1.820,-30.503,-10.390,0.224,0.224,0.247,0.247
1.817,-30.764,-10.472,0.243,0.243,0.252,0.252
1.818,-30.862,-10.449,0.243,0.243,0.252,0.252
1.818,-30.878,-10.438,0.238,0.238,0.246,0.246
1.821,-30.862,-10.368,0.249,0.249,0.238,0.238
1.820,-30.976,-10.377,0.258,0.258,0.244,0.244
1.820,-31.041,-10.396,0.247,0.247,0.253,0.253
1.819,-30.960,-10.424,0.262,0.262,0.253,0.253
1.818,-30.878,-10.438,0.264,0.264,0.256,0.256
1.818,-30.682,-10.463,0.261,0.261,0.256,0.256
1.818,-30.454,-10.460,0.264,0.264,0.278,0.278
1.817,-30.209,-10.473,0.259,0.259,0.250,0.250
1.816,-29.932,-10.501,0.264,0.264,0.273,0.273
1.816,-29.703,-10.497,0.252,0.252,0.281,0.281
1.815,-29.475,-10.544,0.267,0.267,0.272,0.272
1.813,-29.213,-10.603,0.249,0.249,0.264,0.264
1.812,-28.985,-10.635,0.258,0.258,0.270,0.270
1.813,-28.838,-10.588,0.241,0.241,0.272,0.272
1.816,-28.969,-10.520,0.247,0.247,0.253,0.253
1.815,-29.246,-10.528,0.224,0.224,0.267,0.267
1.815,-29.377,-10.550,0.233,0.233,0.270,0.270
1.814,-29.556,-10.584,0.220,0.220,0.262,0.262
1.813,-29.866,-10.611,0.229,0.229,0.259,0.259
1.812,-30.258,-10.639,0.206,0.206,0.266,0.266
1.812,-30.405,-10.640,0.227,0.227,0.256,0.256
1.811,-30.535,-10.654,0.203,0.203,0.258,0.258
1.810,-30.731,-10.689,0.212,0.212,0.252,0.252
1.809,-30.976,-10.708,0.192,0.192,0.252,0.252
1.806,-31.237,-10.802,0.209,0.209,0.253,0.253
1.806,-31.368,-10.829,0.191,0.191,0.249,0.249
1.808,-31.351,-10.746,0.208,0.208,0.276,0.276
1.809,-31.319,-10.714,0.194,0.194,0.258,0.258
1.811,-31.449,-10.658,0.214,0.214,0.255,0.255
1.808,-31.580,-10.760,0.194,0.194,0.253,0.253
1.807,-31.466,-10.771,0.226,0.226,0.246,0.246
1.807,-31.221,-10.784,0.198,0.198,0.252,0.252
1.806,-30.927,-10.814,0.215,0.215,0.255,0.255
1.806,-30.682,-10.816,0.204,0.204,0.279,0.279
1.806,-30.454,-10.811,0.224,0.224,0.258,0.258
1.807,-30.356,-10.794,0.208,0.208,0.253,0.253
1.803,-30.176,-10.893,0.227,0.227,0.256,0.256
1.802,-30.127,-10.928,0.227,0.227,0.261,0.261
1.801,-30.225,-10.977,0.230,0.230,0.261,0.261
1.800,-30.454,-10.995,0.226,0.226,0.259,0.259
1.804,-30.748,-10.863,0.233,0.233,0.273,0.273
1.804,-30.992,-10.890,0.233,0.233,0.262,0.262
1.802,-31.270,-10.924,0.227,0.227,0.253,0.253
1.803,-31.221,-10.920,0.230,0.230,0.250,0.250
1.801,-30.992,-10.977,0.221,0.221,0.249,0.249
1.800,-30.845,-10.988,0.226,0.226,0.243,0.243
1.799,-30.796,-11.027,0.209,0.209,0.237,0.237
1.800,-30.682,-11.003,0.218,0.218,0.243,0.243
1.799,-30.372,-11.042,0.208,0.208,0.237,0.237
1.797,-29.850,-11.078,0.218,0.218,0.243,0.243
1.795,-29.311,-11.145,0.200,0.200,0.235,0.235
1.793,-28.952,-11.201,0.220,0.220,0.246,0.246
1.794,-28.805,-11.170,0.203,0.203,0.233,0.233
1.794,-28.854,-11.180,0.215,0.215,0.241,0.241
1.797,-28.887,-11.079,0.208,0.208,0.217,0.217
1.798,-29.018,-11.070,0.223,0.223,0.237,0.237
1.796,-29.246,-11.112,0.206,0.206,0.256,0.256
1.794,-29.507,-11.173,0.223,0.223,0.243,0.243
1.793,-29.768,-11.195,0.206,0.206,0.241,0.241
1.793,-30.029,-11.215,0.232,0.232,0.230,0.230
1.791,-30.258,-11.267,0.217,0.217,0.250,0.250
1.791,-30.503,-11.260,0.233,0.233,0.243,0.243
1.791,-30.911,-11.283,0.223,0.223,0.247,0.247
1.787,-31.368,-11.390,0.221,0.221,0.243,0.243
1.786,-31.727,-11.410,0.203,0.203,0.249,0.249
1.786,-31.874,-11.437,0.229,0.229,0.244,0.244
1.789,-31.874,-11.343,0.209,0.209,0.270,0.270
1.790,-31.678,-11.295,0.214,0.214,0.255,0.255
1.789,-31.433,-11.343,0.223,0.223,0.250,0.250
1.787,-31.302,-11.383,0.206,0.206,0.246,0.246
1.786,-31.302,-11.436,0.201,0.201,0.250,0.250
1.785,-31.172,-11.449,0.192,0.192,0.250,0.250
1.786,-31.107,-11.438,0.198,0.198,0.246,0.246
1.785,-31.204,-11.468,0.191,0.191,0.258,0.258
1.783,-31.449,-11.511,0.189,0.189,0.243,0.243
1.784,-31.857,-11.495,0.194,0.194,0.237,0.237
1.781,-32.249,-11.589,0.194,0.194,0.246,0.246
1.778,-32.543,-11.680,0.183,0.183,0.241,0.241
1.778,-32.755,-11.669,0.194,0.194,0.238,0.238
1.781,-32.983,-11.574,0.179,0.179,0.241,0.241
1.783,-33.473,-11.522,0.195,0.195,0.258,0.258
1.783,-34.077,-11.531,0.179,0.179,0.238,0.238
1.780,-34.501,-11.622,0.204,0.204,0.238,0.238
1.779,-34.648,-11.662,0.192,0.192,0.249,0.249
1.778,-34.207,-11.692,0.211,0.211,0.247,0.247
1.777,-33.457,-11.719,0.209,0.209,0.255,0.255
1.777,-32.804,-11.708,0.232,0.232,0.269,0.269
1.775,-32.200,-11.778,0.208,0.208,0.258,0.258
1.776,-31.890,-11.746,0.235,0.235,0.262,0.262
1.775,-31.759,-11.792,0.218,0.218,0.267,0.267
1.771,-31.792,-11.910,0.233,0.233,0.261,0.261
1.770,-31.825,-11.936,0.212,0.212,0.256,0.256
1.769,-31.955,-11.971,0.237,0.237,0.258,0.258
1.772,-32.331,-11.879,0.204,0.204,0.259,0.259
1.774,-32.820,-11.817,0.226,0.226,0.240,0.240
1.772,-33.391,-11.888,0.212,0.212,0.261,0.261
1.771,-33.718,-11.915,0.226,0.226,0.267,0.267
1.770,-34.012,-11.948,0.208,0.208,0.253,0.253
1.768,-34.093,-11.998,0.230,0.230,0.250,0.250
1.768,-33.946,-12.029,0.214,0.214,0.246,0.246
1.767,-33.685,-12.055,0.230,0.230,0.253,0.253
1.766,-33.391,-12.074,0.221,0.221,0.249,0.249
1.765,-33.293,-12.111,0.237,0.237,0.247,0.247
1.762,-33.163,-12.225,0.226,0.226,0.246,0.246
1.761,-32.804,-12.256,0.230,0.230,0.244,0.244
1.759,-32.314,-12.298,0.238,0.238,0.238,0.238
1.764,-31.776,-12.156,0.233,0.233,0.241,0.241
1.765,-31.368,-12.112,0.237,0.237,0.249,0.249
1.764,-31.270,-12.161,0.230,0.230,0.252,0.252
1.761,-31.547,-12.262,0.241,0.241,0.240,0.240
1.759,-32.331,-12.313,0.221,0.221,0.241,0.241
1.759,-33.228,-12.311,0.240,0.240,0.247,0.247
1.759,-33.914,-12.323,0.240,0.240,0.247,0.247
1.759,-34.126,-12.326,0.247,0.247,0.249,0.249
1.758,-34.012,-12.360,0.232,0.232,0.247,0.247
1.756,-33.816,-12.401,0.259,0.259,0.250,0.250
1.753,-33.783,-12.518,0.232,0.232,0.256,0.256
1.751,-33.783,-12.566,0.259,0.259,0.247,0.247
1.753,-33.816,-12.527,0.230,0.230,0.249,0.249
1.753,-33.816,-12.515,0.261,0.261,0.247,0.247
1.755,-33.848,-12.436,0.230,0.230,0.269,0.269
1.753,-33.816,-12.498,0.249,0.249,0.247,0.247
1.752,-33.701,-12.538,0.224,0.224,0.243,0.243
1.751,-33.326,-12.577,0.241,0.241,0.249,0.249
1.750,-32.804,-12.602,0.221,0.221,0.249,0.249
1.749,-32.314,-12.658,0.218,0.218,0.241,0.241
1.748,-31.890,-12.665,0.206,0.206,0.233,0.233
1.748,-31.776,-12.675,0.201,0.201,0.232,0.232
1.747,-31.776,-12.716,0.203,0.203,0.227,0.227
1.745,-31.955,-12.781,0.188,0.188,0.229,0.229
1.742,-32.347,-12.886,0.206,0.206,0.230,0.230
1.740,-32.967,-12.922,0.194,0.194,0.240,0.240
1.740,-33.620,-12.919,0.194,0.194,0.218,0.218
1.744,-34.044,-12.799,0.192,0.192,0.230,0.230
1.744,-34.289,-12.805,0.209,0.209,0.218,0.218
1.742,-34.338,-12.871,0.191,0.191,0.230,0.230
1.741,-34.371,-12.896,0.211,0.211,0.247,0.247
1.740,-34.322,-12.937,0.209,0.209,0.243,0.243
1.739,-34.452,-12.965,0.227,0.227,0.246,0.246
1.738,-34.664,-12.994,0.208,0.208,0.244,0.244
1.736,-34.828,-13.060,0.223,0.223,0.244,0.244
1.738,-34.681,-13.022,0.211,0.211,0.227,0.227
1.735,-34.485,-13.118,0.223,0.223,0.249,0.249
1.731,-34.142,-13.260,0.209,0.209,0.264,0.264
1.730,-33.914,-13.297,0.227,0.227,0.255,0.255
1.732,-33.636,-13.231,0.221,0.221,0.259,0.259
1.733,-33.424,-13.178,0.223,0.223,0.246,0.246
1.734,-33.310,-13.139,0.215,0.215,0.250,0.250
1.733,-33.130,-13.191,0.229,0.229,0.255,0.255
1.730,-32.934,-13.273,0.230,0.230,0.256,0.256
1.729,-32.673,-13.325,0.226,0.226,0.249,0.249
1.728,-32.282,-13.351,0.240,0.240,0.255,0.255
1.727,-31.923,-13.387,0.226,0.226,0.252,0.252
1.726,-31.792,-13.402,0.233,0.233,0.252,0.252
1.726,-31.792,-13.409,0.221,0.221,0.250,0.250
1.724,-31.939,-13.484,0.240,0.240,0.250,0.250
1.721,-32.200,-13.578,0.226,0.226,0.250,0.250
1.719,-32.477,-13.634,0.232,0.232,0.244,0.244
1.718,-32.755,-13.667,0.227,0.227,0.249,0.249
1.721,-32.983,-13.565,0.247,0.247,0.252,0.252
1.721,-33.359,-13.555,0.224,0.224,0.255,0.255
1.720,-33.750,-13.599,0.258,0.258,0.247,0.247
1.719,-33.995,-13.643,0.240,0.240,0.250,0.250
1.718,-34.403,-13.684,0.259,0.259,0.249,0.249
1.716,-34.681,-13.734,0.249,0.249,0.252,0.252
1.716,-34.828,-13.749,0.279,0.279,0.258,0.258
1.715,-34.697,-13.790,0.255,0.255,0.266,0.266
1.714,-34.485,-13.806,0.276,0.276,0.298,0.298
1.713,-34.322,-13.855,0.270,0.270,0.276,0.276
1.710,-34.289,-13.956,0.281,0.281,0.262,0.262
1.707,-34.322,-14.039,0.262,0.262,0.272,0.272
1.707,-34.191,-14.062,0.275,0.275,0.261,0.261
1.709,-33.832,-13.993,0.258,0.258,0.276,0.276
1.710,-33.424,-13.931,0.269,0.269,0.267,0.267
1.709,-33.130,-13.972,0.250,0.250,0.291,0.291
1.708,-33.032,-14.022,0.259,0.259,0.275,0.275
1.706,-33.440,-14.081,0.255,0.255,0.259,0.259
1.705,-34.322,-14.121,0.253,0.253,0.250,0.250
1.704,-35.219,-14.163,0.252,0.252,0.258,0.258
1.702,-35.741,-14.226,0.252,0.252,0.256,0.256
1.702,-35.888,-14.215,0.241,0.241,0.256,0.256
1.701,-35.839,-14.250,0.241,0.241,0.278,0.278
1.699,-35.758,-14.329,0.233,0.233,0.253,0.253
1.695,-35.905,-14.472,0.233,0.233,0.249,0.249
1.693,-36.264,-14.550,0.227,0.227,0.253,0.253
1.697,-36.786,-14.408,0.224,0.224,0.252,0.252
1.698,-37.063,-14.368,0.226,0.226,0.253,0.253
1.697,-36.819,-14.402,0.209,0.209,0.246,0.246
1.695,-36.313,-14.484,0.229,0.229,0.267,0.267
1.694,-35.709,-14.510,0.203,0.203,0.253,0.253
1.692,-35.219,-14.574,0.212,0.212,0.250,0.250
1.691,-34.713,-14.604,0.200,0.200,0.249,0.249
1.691,-34.289,-14.627,0.215,0.215,0.246,0.246
1.689,-33.604,-14.686,0.201,0.201,0.249,0.249
1.689,-32.624,-14.693,0.218,0.218,0.252,0.252
1.687,-31.237,-14.754,0.201,0.201,0.267,0.267
1.684,-29.817,-14.823,0.221,0.221,0.252,0.252
1.682,-28.854,-14.893,0.214,0.214,0.250,0.250
1.682,-28.120,-14.883,0.232,0.232,0.240,0.240
1.685,-27.206,-14.823,0.218,0.218,0.250,0.250
1.684,-25.868,-14.825,0.233,0.233,0.249,0.249
1.683,-24.350,-14.874,0.212,0.212,0.252,0.252
1.681,-22.816,-14.910,0.230,0.230,0.266,0.266
1.679,-21.461,-14.955,0.208,0.208,0.249,0.249
1.678,-20.352,-14.969,0.220,0.220,0.240,0.240
1.678,-19.552,-14.984,0.208,0.208,0.243,0.243
1.676,-18.801,-15.008,0.220,0.220,0.221,0.221
1.676,-17.871,-15.017,0.201,0.201,0.226,0.226
1.675,-16.516,-15.028,0.201,0.201,0.227,0.227
1.672,-14.852,-15.074,0.201,0.201,0.246,0.246
1.670,-13.448,-15.111,0.197,0.197,0.230,0.230
1.670,-12.926,-15.101,0.198,0.198,0.240,0.240
1.673,-12.828,-15.073,0.206,0.206,0.223,0.223
1.673,-12.747,-15.072,0.201,0.201,0.235,0.235
1.671,-12.388,-15.087,0.197,0.197,0.232,0.232
1.669,-11.539,-15.111,0.194,0.194,0.227,0.227
1.667,-10.119,-15.135,0.200,0.200,0.240,0.240
1.667,-8.813,-15.139,0.212,0.212,0.233,0.233
1.665,-7.932,-15.154,0.201,0.201,0.243,0.243
1.665,-7.181,-15.157,0.221,0.221,0.238,0.238
1.663,-6.643,-15.165,0.209,0.209,0.238,0.238
1.663,-6.039,-15.169,0.214,0.214,0.232,0.232
1.659,-5.337,-15.189,0.197,0.197,0.244,0.244
1.657,-4.701,-15.199,0.226,0.226,0.246,0.246
1.658,-4.195,-15.196,0.204,0.204,0.250,0.250
1.660,-3.803,-15.188,0.227,0.227,0.249,0.249
1.659,-3.754,-15.193,0.217,0.217,0.246,0.246
1.657,-3.738,-15.199,0.233,0.233,0.249,0.249
1.657,-3.787,-15.197,0.208,0.208,0.246,0.246
1.656,-3.607,-15.204,0.230,0.230,0.244,0.244
1.654,-3.297,-15.210,0.214,0.214,0.256,0.256
1.654,-2.759,-15.210,0.229,0.229,0.243,0.243
1.653,-2.253,-15.213,0.215,0.215,0.244,0.244
1.652,-1.861,-15.215,0.238,0.238,0.243,0.243
1.650,-1.780,-15.218,0.215,0.215,0.246,0.246
1.646,-1.780,-15.225,0.235,0.235,0.241,0.241
1.645,-1.812,-15.227,0.211,0.211,0.244,0.244
1.647,-1.665,-15.223,0.233,0.233,0.259,0.259
1.648,-1.420,-15.222,0.221,0.221,0.244,0.244
1.648,-1.290,-15.222,0.221,0.221,0.240,0.240
1.645,-1.290,-15.226,0.220,0.220,0.246,0.246
1.643,-0.996,-15.228,0.226,0.226,0.246,0.246
1.643,-0.604,-15.228,0.218,0.218,0.247,0.247
1.641,-0.458,-15.229,0.233,0.233,0.247,0.247
1.641,-0.735,-15.229,0.240,0.240,0.270,0.270
1.641,-1.012,-15.229,0.240,0.240,0.255,0.255
1.640,-1.012,-15.230,0.247,0.247,0.259,0.259
1.638,-0.882,-15.232,0.243,0.243,0.270,0.270
1.637,-0.800,-15.233,0.249,0.249,0.275,0.275
1.634,-0.784,-15.235,0.233,0.233,0.269,0.269
1.633,-0.670,-15.236,0.252,0.252,0.264,0.264
1.632,-0.213,-15.237,0.235,0.235,0.282,0.282
1.635,0.097,-15.236,0.243,0.243,0.270,0.270
1.634,-0.148,-15.236,0.241,0.241,0.255,0.255
1.633,-0.670,-15.237,0.250,0.250,0.264,0.264
1.631,-0.751,-15.238,0.243,0.243,0.267,0.267
1.630,-0.490,-15.239,0.269,0.269,0.261,0.261
1.628,-0.327,-15.240,0.247,0.247,0.258,0.258
1.628,-0.229,-15.240,0.261,0.261,0.282,0.282
1.627,-0.066,-15.240,0.244,0.244,0.258,0.258
1.626,0.081,-15.240,0.261,0.261,0.246,0.246
1.624,-0.196,-15.240,0.246,0.246,0.256,0.256
1.623,-0.507,-15.240,0.266,0.266,0.249,0.249
1.619,-0.507,-15.242,0.250,0.250,0.256,0.256
1.621,-0.507,-15.241,0.278,0.278,0.249,0.249
1.623,-0.670,-15.240,0.249,0.249,0.272,0.272
1.622,-0.817,-15.241,0.275,0.275,0.244,0.244
1.619,-0.866,-15.243,0.258,0.258,0.244,0.244
1.619,-1.012,-15.243,0.273,0.273,0.250,0.250
1.617,-1.176,-15.245,0.247,0.247,0.249,0.249
1.616,-1.192,-15.247,0.276,0.276,0.250,0.250
1.615,-0.817,-15.248,0.249,0.249,0.255,0.255
1.614,-0.425,-15.248,0.264,0.264,0.264,0.264
1.614,-0.033,-15.248,0.258,0.258,0.252,0.252
1.611,0.212,-15.248,0.259,0.259,0.249,0.249
1.609,0.195,-15.248,0.250,0.250,0.258,0.258
1.607,0.130,-15.247,0.252,0.252,0.255,0.255
1.609,0.097,-15.248,0.246,0.246,0.259,0.259
1.611,0.130,-15.248,0.240,0.240,0.259,0.259
1.610,0.163,-15.248,0.232,0.232,0.259,0.259
1.608,0.130,-15.248,0.240,0.240,0.250,0.250
1.607,0.195,-15.247,0.235,0.235,0.247,0.247
1.606,0.260,-15.247,0.229,0.229,0.253,0.253
1.604,0.489,-15.246,0.221,0.221,0.255,0.255
1.604,0.652,-15.246,0.211,0.211,0.249,0.249
1.603,0.783,-15.246,0.204,0.204,0.246,0.246
1.601,1.011,-15.244,0.180,0.180,0.221,0.221
1.600,1.142,-15.243,0.201,0.201,0.226,0.226
1.597,1.109,-15.239,0.182,0.182,0.238,0.238
1.595,1.142,-15.237,0.188,0.188,0.232,0.232
1.594,1.109,-15.236,0.175,0.175,0.232,0.232
1.597,1.142,-15.239,0.201,0.201,0.241,0.241
1.597,1.240,-15.239,0.179,0.179,0.237,0.237
1.595,1.501,-15.237,0.209,0.209,0.226,0.226
1.594,1.762,-15.235,0.186,0.186,0.232,0.232
1.593,2.023,-15.233,0.212,0.212,0.237,0.237
1.592,2.154,-15.231,0.189,0.189,0.235,0.235
1.591,2.170,-15.229,0.208,0.208,0.238,0.238
1.591,2.268,-15.229,0.203,0.203,0.244,0.244
1.590,2.480,-15.225,0.209,0.209,0.243,0.243
1.589,2.611,-15.223,0.194,0.194,0.249,0.249
1.586,2.660,-15.216,0.214,0.214,0.243,0.243
1.583,2.790,-15.206,0.215,0.215,0.252,0.252
1.582,2.823,-15.204,0.218,0.218,0.247,0.247
1.586,2.888,-15.216,0.212,0.212,0.249,0.249
1.585,3.002,-15.214,0.215,0.215,0.246,0.246
1.584,3.116,-15.210,0.218,0.218,0.255,0.255
1.583,3.116,-15.207,0.208,0.208,0.229,0.229
1.581,3.116,-15.200,0.215,0.215,0.249,0.249
1.580,3.214,-15.197,0.200,0.200,0.243,0.243
1.578,3.476,-15.191,0.217,0.217,0.246,0.246
1.577,3.753,-15.189,0.204,0.204,0.250,0.250
1.576,3.998,-15.185,0.223,0.223,0.250,0.250
1.577,4.128,-15.186,0.211,0.211,0.247,0.247
1.574,4.128,-15.175,0.208,0.208,0.240,0.240
1.572,4.177,-15.166,0.204,0.204,0.246,0.246
1.570,4.406,-15.160,0.212,0.212,0.244,0.244
1.573,4.700,-15.174,0.191,0.191,0.246,0.246
1.573,4.846,-15.171,0.215,0.215,0.237,0.237
1.571,4.700,-15.163,0.203,0.203,0.244,0.244
1.570,4.683,-15.156,0.224,0.224,0.240,0.240
1.568,4.895,-15.146,0.198,0.198,0.243,0.243
1.568,5.042,-15.147,0.233,0.233,0.246,0.246
1.567,4.961,-15.141,0.211,0.211,0.244,0.244
1.566,4.683,-15.136,0.233,0.233,0.246,0.246
1.565,4.553,-15.133,0.224,0.224,0.252,0.252
1.564,4.553,-15.128,0.243,0.243,0.262,0.262
1.561,4.536,-15.114,0.227,0.227,0.266,0.266
1.559,4.585,-15.108,0.247,0.247,0.240,0.240
1.559,4.667,-15.106,0.227,0.227,0.264,0.264
1.560,4.928,-15.112,0.243,0.243,0.273,0.273
1.560,4.928,-15.113,0.226,0.226,0.253,0.253
1.559,4.716,-15.107,0.246,0.246,0.258,0.258
1.558,4.716,-15.101,0.233,0.233,0.252,0.252
1.556,4.879,-15.092,0.235,0.235,0.255,0.255
1.555,4.895,-15.088,0.235,0.235,0.243,0.243
1.554,4.814,-15.082,0.230,0.230,0.258,0.258
1.553,4.928,-15.078,0.226,0.226,0.270,0.270
1.552,5.026,-15.075,0.230,0.230,0.253,0.253
1.552,5.075,-15.071,0.229,0.229,0.247,0.247
1.549,5.205,-15.059,0.227,0.227,0.249,0.249
1.547,5.254,-15.047,0.229,0.229,0.255,0.255
1.546,5.189,-15.042,0.233,0.233,0.233,0.233
1.548,5.091,-15.050,0.238,0.238,0.250,0.250
1.548,5.010,-15.050,0.220,0.220,0.262,0.262
1.547,5.026,-15.047,0.233,0.233,0.250,0.250
1.546,5.059,-15.040,0.223,0.223,0.244,0.244
1.545,5.042,-15.039,0.224,0.224,0.244,0.244
1.544,5.042,-15.030,0.220,0.220,0.247,0.247
1.543,4.928,-15.024,0.238,0.238,0.238,0.238
1.542,4.667,-15.021,0.224,0.224,0.252,0.252
1.540,4.569,-15.012,0.240,0.240,0.252,0.252
1.540,4.504,-15.011,0.229,0.229,0.253,0.253
1.538,4.536,-15.003,0.249,0.249,0.244,0.244
1.535,4.553,-14.989,0.224,0.224,0.244,0.244
1.534,4.553,-14.986,0.250,0.250,0.244,0.244
1.534,4.585,-14.985,0.229,0.229,0.241,0.241
1.536,4.536,-14.994,0.252,0.252,0.252,0.252
1.535,4.569,-14.992,0.227,0.227,0.256,0.256
1.534,4.569,-14.985,0.259,0.259,0.249,0.249
1.532,4.553,-14.974,0.235,0.235,0.253,0.253
1.531,4.569,-14.969,0.247,0.247,0.250,0.250
1.530,4.438,-14.966,0.243,0.243,0.252,0.252
1.530,4.145,-14.967,0.240,0.240,0.243,0.243
1.528,3.900,-14.958,0.224,0.224,0.246,0.246
1.528,3.655,-14.958,0.226,0.226,0.246,0.246
1.526,3.541,-14.950,0.220,0.220,0.233,0.233
1.523,3.410,-14.941,0.214,0.214,0.226,0.226
1.521,3.198,-14.936,0.214,0.214,0.224,0.224
1.522,3.068,-14.938,0.217,0.217,0.223,0.223
1.524,3.035,-14.944,0.221,0.221,0.208,0.208
1.524,3.068,-14.945,0.218,0.218,0.237,0.237
1.521,3.100,-14.934,0.217,0.217,0.238,0.238
1.521,3.084,-14.934,0.218,0.218,0.233,0.233
1.519,3.084,-14.929,0.229,0.229,0.233,0.233
1.518,3.084,-14.924,0.212,0.212,0.227,0.227
1.516,3.100,-14.920,0.237,0.237,0.240,0.240
1.515,3.214,-14.917,0.221,0.221,0.217,0.217
1.515,3.427,-14.915,0.240,0.240,0.244,0.244
1.515,3.573,-14.915,0.218,0.218,0.252,0.252
1.512,3.622,-14.905,0.244,0.244,0.244,0.244
1.509,3.590,-14.893,0.227,0.227,0.252,0.252
1.509,3.573,-14.892,0.250,0.250,0.243,0.243
1.510,3.590,-14.897,0.224,0.224,0.244,0.244
1.511,3.573,-14.902,0.244,0.244,0.230,0.230
1.510,3.476,-14.898,0.221,0.221,0.255,0.255
1.509,3.198,-14.895,0.232,0.232,0.258,0.258
1.507,3.068,-14.889,0.227,0.227,0.250,0.250
1.505,3.035,-14.883,0.241,0.241,0.253,0.253
1.505,3.084,-14.882,0.221,0.221,0.250,0.250
1.504,3.084,-14.878,0.243,0.243,0.249,0.249
1.503,3.100,-14.876,0.235,0.235,0.253,0.253
1.502,3.068,-14.873,0.230,0.230,0.247,0.247
1.499,3.116,-14.865,0.223,0.223,0.247,0.247
1.497,2.986,-14.857,0.227,0.227,0.246,0.246
1.495,2.741,-14.852,0.227,0.227,0.252,0.252
1.495,2.594,-14.852,0.209,0.209,0.247,0.247
1.499,2.708,-14.862,0.233,0.233,0.246,0.246
1.498,2.937,-14.861,0.218,0.218,0.250,0.250
1.496,3.263,-14.855,0.223,0.223,0.240,0.240
1.495,3.492,-14.849,0.218,0.218,0.240,0.240
1.493,3.622,-14.843,0.227,0.227,0.247,0.247
1.492,3.590,-14.840,0.227,0.227,0.252,0.252
1.492,3.590,-14.838,0.230,0.230,0.246,0.246
1.491,3.704,-14.836,0.224,0.224,0.255,0.255
1.490,3.949,-14.831,0.247,0.247,0.273,0.273
1.489,4.079,-14.826,0.230,0.230,0.266,0.266
1.485,4.096,-14.813,0.255,0.255,0.264,0.264
1.483,4.079,-14.803,0.243,0.243,0.270,0.270
1.482,4.047,-14.797,0.258,0.258,0.272,0.272
1.485,4.030,-14.810,0.240,0.240,0.270,0.270
1.486,4.063,-14.815,0.258,0.258,0.262,0.262
1.485,4.096,-14.810,0.240,0.240,0.267,0.267
1.484,3.949,-14.808,0.256,0.256,0.258,0.258
1.483,3.704,-14.803,0.232,0.232,0.267,0.267
1.480,3.573,-14.792,0.252,0.252,0.264,0.264
1.480,3.671,-14.793,0.229,0.229,0.261,0.261
1.480,3.949,-14.791,0.256,0.256,0.258,0.258
1.477,4.243,-14.782,0.233,0.233,0.259,0.259
1.477,4.487,-14.781,0.249,0.249,0.235,0.235
1.475,4.716,-14.769,0.240,0.240,0.255,0.255
1.471,5.091,-14.751,0.247,0.247,0.261,0.261
1.470,5.434,-14.744,0.232,0.232,0.262,0.262
1.471,5.679,-14.752,0.238,0.238,0.250,0.250
1.472,5.972,-14.759,0.229,0.229,0.247,0.247
1.473,6.054,-14.764,0.237,0.237,0.252,0.252
1.470,6.070,-14.747,0.224,0.224,0.229,0.229
1.469,6.168,-14.739,0.241,0.241,0.243,0.243
1.467,6.397,-14.725,0.229,0.229,0.253,0.253
1.467,6.527,-14.729,0.240,0.240,0.249,0.249
1.467,6.560,-14.724,0.233,0.233,0.252,0.252
1.466,6.658,-14.721,0.238,0.238,0.253,0.253
1.465,6.740,-14.715,0.229,0.229,0.255,0.255
1.462,6.674,-14.692,0.215,0.215,0.246,0.246
1.459,6.544,-14.677,0.238,0.238,0.258,0.258
1.458,6.511,-14.665,0.224,0.224,0.259,0.259
1.459,6.511,-14.676,0.224,0.224,0.253,0.253
1.462,6.495,-14.694,0.224,0.224,0.250,0.250
1.460,6.658,-14.679,0.237,0.237,0.246,0.246
1.460,6.870,-14.678,0.221,0.221,0.255,0.255
1.457,7.033,-14.657,0.232,0.232,0.255,0.255
1.456,7.050,-14.649,0.214,0.214,0.258,0.258
1.455,7.017,-14.642,0.235,0.235,0.247,0.247
1.454,7.001,-14.638,0.201,0.201,0.244,0.244
1.453,7.131,-14.631,0.223,0.223,0.241,0.241
1.452,7.245,-14.621,0.200,0.200,0.229,0.229
1.451,7.148,-14.615,0.215,0.215,0.224,0.224
1.449,7.148,-14.603,0.189,0.189,0.226,0.226
1.447,7.343,-14.586,0.220,0.220,0.226,0.226
1.445,7.507,-14.574,0.188,0.188,0.233,0.233
1.446,7.507,-14.584,0.215,0.215,0.230,0.230
1.449,7.507,-14.600,0.206,0.206,0.238,0.238
1.446,7.490,-14.583,0.221,0.221,0.249,0.249
1.446,7.490,-14.578,0.200,0.200,0.233,0.233
1.444,7.490,-14.567,0.217,0.217,0.230,0.230
1.442,7.490,-14.548,0.212,0.212,0.240,0.240
1.442,7.490,-14.547,0.214,0.214,0.244,0.244
1.441,7.507,-14.541,0.217,0.217,0.240,0.240
1.439,7.490,-14.531,0.209,0.209,0.240,0.240
1.439,7.507,-14.528,0.224,0.224,0.261,0.261
1.437,7.507,-14.510,0.212,0.212,0.247,0.247
1.434,7.523,-14.489,0.217,0.217,0.250,0.250
1.433,7.458,-14.480,0.212,0.212,0.249,0.249
1.434,7.637,-14.487,0.215,0.215,0.249,0.249
1.436,7.866,-14.508,0.204,0.204,0.250,0.250
1.437,8.029,-14.512,0.218,0.218,0.247,0.247
1.434,8.012,-14.487,0.206,0.206,0.227,0.227
1.432,8.127,-14.475,0.217,0.217,0.249,0.249
1.431,8.388,-14.463,0.197,0.197,0.255,0.255
1.429,8.518,-14.451,0.226,0.226,0.255,0.255
1.429,8.518,-14.447,0.200,0.200,0.255,0.255
1.428,8.502,-14.436,0.212,0.212,0.246,0.246
1.427,8.502,-14.430,0.197,0.197,0.244,0.244
1.425,8.469,-14.413,0.212,0.212,0.244,0.244
1.421,8.633,-14.383,0.197,0.197,0.247,0.247
1.420,8.877,-14.368,0.221,0.221,0.252,0.252
1.422,8.975,-14.387,0.198,0.198,0.250,0.250
1.423,9.008,-14.397,0.215,0.215,0.247,0.247
1.423,8.992,-14.397,0.198,0.198,0.233,0.233
1.421,8.943,-14.380,0.217,0.217,0.250,0.250
1.419,8.992,-14.367,0.204,0.204,0.256,0.256
1.419,8.959,-14.362,0.218,0.218,0.246,0.246
1.417,8.975,-14.346,0.198,0.198,0.249,0.249
1.416,8.975,-14.338,0.221,0.221,0.253,0.253
1.415,8.975,-14.329,0.215,0.215,0.256,0.256
1.414,8.975,-14.321,0.223,0.223,0.270,0.270
1.413,9.008,-14.312,0.232,0.232,0.270,0.270
1.410,9.057,-14.283,0.240,0.240,0.255,0.255
1.408,9.334,-14.263,0.224,0.224,0.270,0.270
1.407,9.481,-14.252,0.243,0.243,0.264,0.264
1.410,9.514,-14.286,0.230,0.230,0.272,0.272
1.411,9.498,-14.294,0.227,0.227,0.259,0.259
1.410,9.334,-14.281,0.226,0.226,0.267,0.267
1.408,9.090,-14.264,0.226,0.226,0.269,0.269
1.406,8.975,-14.247,0.227,0.227,0.273,0.273
1.404,9.073,-14.231,0.220,0.220,0.267,0.267
1.403,9.334,-14.221,0.227,0.227,0.267,0.267
1.404,9.383,-14.225,0.215,0.215,0.261,0.261
1.403,9.155,-14.222,0.214,0.214,0.264,0.264
1.402,9.122,-14.206,0.209,0.209,0.240,0.240
1.398,9.188,-14.177,0.217,0.217,0.262,0.262
1.396,9.073,-14.152,0.200,0.200,0.264,0.264
1.395,9.008,-14.146,0.221,0.221,0.250,0.250
1.396,8.943,-14.156,0.203,0.203,0.247,0.247
1.399,8.943,-14.177,0.223,0.223,0.249,0.249
1.398,8.992,-14.168,0.206,0.206,0.253,0.253
1.395,8.959,-14.143,0.224,0.224,0.240,0.240
1.394,9.008,-14.134,0.217,0.217,0.249,0.249
1.393,8.975,-14.128,0.223,0.223,0.247,0.247
1.391,8.992,-14.112,0.221,0.221,0.249,0.249
1.391,8.975,-14.110,0.235,0.235,0.250,0.250
1.390,9.106,-14.099,0.218,0.218,0.244,0.244
1.389,9.351,-14.088,0.232,0.232,0.246,0.246
1.386,9.481,-14.059,0.227,0.227,0.258,0.258
1.383,9.530,-14.037,0.240,0.240,0.255,0.255
1.382,9.498,-14.028,0.224,0.224,0.253,0.253
1.387,9.465,-14.069,0.256,0.256,0.247,0.247
1.387,9.449,-14.071,0.230,0.230,0.249,0.249
1.386,9.481,-14.065,0.250,0.250,0.270,0.270
1.384,9.351,-14.045,0.237,0.237,0.252,0.252
1.382,9.122,-14.027,0.244,0.244,0.246,0.246
1.380,8.959,-14.011,0.229,0.229,0.252,0.252
1.379,8.975,-14.003,0.233,0.233,0.249,0.249
1.379,8.959,-13.995,0.232,0.232,0.255,0.255
1.377,8.992,-13.977,0.227,0.227,0.247,0.247
1.376,8.959,-13.976,0.221,0.221,0.244,0.244
1.375,8.975,-13.964,0.217,0.217,0.229,0.229
1.371,8.959,-13.925,0.221,0.221,0.243,0.243
1.370,8.877,-13.919,0.211,0.211,0.230,0.230
1.371,8.714,-13.925,0.212,0.212,0.235,0.235
1.372,8.828,-13.937,0.209,0.209,0.235,0.235
1.374,8.943,-13.950,0.220,0.220,0.233,0.233
1.373,9.041,-13.941,0.203,0.203,0.201,0.201
1.370,8.992,-13.921,0.218,0.218,0.233,0.233
1.368,8.975,-13.901,0.215,0.215,0.247,0.247
1.368,9.008,-13.897,0.227,0.227,0.233,0.233
1.366,8.975,-13.882,0.214,0.214,0.232,0.232
1.366,8.975,-13.880,0.233,0.233,0.238,0.238
1.365,8.992,-13.869,0.218,0.218,0.243,0.243
1.363,8.992,-13.852,0.237,0.237,0.223,0.223
1.360,8.992,-13.831,0.212,0.212,0.247,0.247
1.358,8.943,-13.812,0.237,0.237,0.252,0.252
1.356,8.975,-13.795,0.217,0.217,0.250,0.250
1.361,9.106,-13.837,0.230,0.230,0.249,0.249
1.360,9.334,-13.829,0.227,0.227,0.252,0.252
1.359,9.498,-13.823,0.241,0.241,0.247,0.247
1.357,9.367,-13.798,0.224,0.224,0.226,0.226
1.355,9.139,-13.784,0.238,0.238,0.246,0.246
1.355,9.122,-13.784,0.229,0.229,0.256,0.256
1.355,9.302,-13.782,0.237,0.237,0.249,0.249
1.354,9.334,-13.776,0.220,0.220,0.255,0.255
1.353,9.155,-13.760,0.233,0.233,0.249,0.249
1.352,8.992,-13.749,0.218,0.218,0.247,0.247
1.348,8.926,-13.715,0.227,0.227,0.240,0.240
1.345,8.992,-13.687,0.233,0.233,0.249,0.249
1.346,8.975,-13.704,0.221,0.221,0.247,0.247
1.348,9.008,-13.720,0.224,0.224,0.247,0.247
1.349,8.992,-13.725,0.209,0.209,0.247,0.247
1.348,9.106,-13.713,0.223,0.223,0.250,0.250
1.346,9.334,-13.695,0.209,0.209,0.247,0.247
1.344,9.498,-13.681,0.211,0.211,0.237,0.237
1.342,9.530,-13.661,0.211,0.211,0.243,0.243
1.342,9.481,-13.660,0.229,0.229,0.250,0.250
1.340,9.481,-13.647,0.221,0.221,0.253,0.253
1.340,9.465,-13.641,0.230,0.230,0.253,0.253
1.340,9.449,-13.639,0.233,0.233,0.256,0.256
1.337,9.498,-13.612,0.241,0.241,0.267,0.267
1.334,9.449,-13.589,0.230,0.230,0.247,0.247
1.332,9.367,-13.570,0.250,0.250,0.270,0.270
1.334,9.073,-13.583,0.232,0.232,0.281,0.281
1.335,8.959,-13.593,0.238,0.238,0.267,0.267
1.336,8.975,-13.603,0.233,0.233,0.259,0.259
1.334,8.975,-13.586,0.246,0.246,0.269,0.269
1.333,8.975,-13.573,0.223,0.223,0.267,0.267
1.331,8.975,-13.557,0.247,0.247,0.249,0.249
1.329,8.975,-13.541,0.232,0.232,0.264,0.264
1.329,9.106,-13.538,0.237,0.237,0.273,0.273
1.328,9.236,-13.529,0.217,0.217,0.259,0.259
1.327,9.253,-13.518,0.243,0.243,0.255,0.255
1.325,9.383,-13.506,0.221,0.221,0.249,0.249
1.322,9.449,-13.478,0.238,0.238,0.255,0.255
1.321,9.514,-13.469,0.224,0.224,0.252,0.252
1.320,9.465,-13.458,0.246,0.246,0.252,0.252
1.324,9.367,-13.491,0.227,0.227,0.250,0.250
1.323,9.073,-13.484,0.243,0.243,0.252,0.252
1.321,8.959,-13.468,0.232,0.232,0.246,0.246
1.321,8.943,-13.462,0.240,0.240,0.261,0.261
1.318,8.975,-13.441,0.220,0.220,0.253,0.253
1.317,8.975,-13.429,0.241,0.241,0.252,0.252
1.317,8.959,-13.427,0.233,0.233,0.255,0.255
1.316,8.714,-13.418,0.233,0.233,0.247,0.247
1.315,8.094,-13.410,0.235,0.235,0.249,0.249
1.313,7.458,-13.395,0.241,0.241,0.252,0.252
1.310,6.886,-13.377,0.238,0.238,0.273,0.273
1.308,6.429,-13.361,0.243,0.243,0.252,0.252
1.309,6.103,-13.366,0.240,0.240,0.247,0.247
1.311,5.858,-13.378,0.232,0.232,0.253,0.253
1.310,5.630,-13.372,0.232,0.232,0.256,0.256
1.310,5.385,-13.372,0.237,0.237,0.253,0.253
1.308,5.026,-13.366,0.240,0.240,0.253,0.253
1.307,4.651,-13.357,0.230,0.230,0.255,0.255
1.306,4.389,-13.352,0.247,0.247,0.252,0.252
1.304,4.292,-13.347,0.224,0.224,0.252,0.252
1.304,4.308,-13.347,0.240,0.240,0.250,0.250
1.303,4.210,-13.341,0.212,0.212,0.249,0.249
1.301,4.112,-13.335,0.233,0.233,0.230,0.230
1.299,4.063,-13.325,0.204,0.204,0.229,0.229
1.296,4.063,-13.312,0.221,0.221,0.215,0.215
1.296,4.079,-13.313,0.197,0.197,0.227,0.227
1.298,4.194,-13.320,0.224,0.224,0.237,0.237
1.298,4.455,-13.322,0.208,0.208,0.233,0.233
1.298,4.602,-13.319,0.224,0.224,0.237,0.237
1.296,4.471,-13.312,0.212,0.212,0.238,0.238
1.294,4.063,-13.304,0.232,0.232,0.237,0.237
1.293,3.524,-13.301,0.220,0.220,0.233,0.233
1.292,3.165,-13.297,0.229,0.229,0.230,0.230
1.292,2.904,-13.295,0.226,0.226,0.246,0.246
1.291,2.708,-13.293,0.226,0.226,0.241,0.241
1.289,2.708,-13.289,0.227,0.227,0.250,0.250
1.288,2.823,-13.286,0.226,0.226,0.262,0.262
1.285,2.741,-13.276,0.237,0.237,0.244,0.244
1.283,2.611,-13.271,0.227,0.227,0.235,0.235
1.285,2.578,-13.277,0.224,0.224,0.255,0.255
1.286,2.611,-13.280,0.233,0.233,0.249,0.249
1.286,2.741,-13.279,0.223,0.223,0.255,0.255
1.284,2.986,-13.272,0.221,0.221,0.250,0.250
1.282,3.100,-13.269,0.226,0.226,0.246,0.246
1.280,3.133,-13.261,0.214,0.214,0.249,0.249
1.280,3.084,-13.260,0.220,0.220,0.255,0.255
1.279,3.100,-13.258,0.211,0.211,0.252,0.252
1.279,3.214,-13.259,0.233,0.233,0.253,0.253
1.278,3.459,-13.255,0.217,0.217,0.255,0.255
1.276,3.590,-13.249,0.226,0.226,0.252,0.252
1.273,3.622,-13.237,0.209,0.209,0.247,0.247
1.271,3.720,-13.229,0.230,0.230,0.243,0.243
1.271,3.786,-13.231,0.208,0.208,0.247,0.247
1.273,3.884,-13.238,0.218,0.218,0.249,0.249
1.275,3.949,-13.244,0.208,0.208,0.246,0.246
1.272,4.063,-13.232,0.230,0.230,0.233,0.233
1.271,4.079,-13.229,0.203,0.203,0.246,0.246
1.269,3.949,-13.221,0.230,0.230,0.252,0.252
1.267,3.557,-13.215,0.215,0.215,0.253,0.253
1.266,3.068,-13.211,0.230,0.230,0.249,0.249
1.266,2.676,-13.211,0.221,0.221,0.258,0.258
1.265,2.660,-13.207,0.241,0.241,0.253,0.253
1.263,3.051,-13.203,0.230,0.230,0.262,0.262
1.261,3.459,-13.195,0.243,0.243,0.269,0.269
1.260,3.622,-13.191,0.235,0.235,0.272,0.272
1.258,3.508,-13.186,0.255,0.255,0.278,0.278
1.262,3.198,-13.197,0.237,0.237,0.269,0.269
1.261,3.182,-13.196,0.264,0.264,0.266,0.266
1.261,3.557,-13.194,0.235,0.235,0.266,0.266
1.258,4.079,-13.184,0.244,0.244,0.293,0.293
1.257,4.487,-13.180,0.230,0.230,0.269,0.269
1.255,4.634,-13.173,0.240,0.240,0.258,0.258
1.255,4.732,-13.170,0.229,0.229,0.273,0.273
1.254,4.944,-13.165,0.241,0.241,0.259,0.259
1.253,5.042,-13.161,0.233,0.233,0.262,0.262
1.251,5.075,-13.153,0.237,0.237,0.259,0.259
1.249,5.059,-13.140,0.230,0.230,0.284,0.284
1.247,5.026,-13.131,0.233,0.233,0.255,0.255
1.245,5.156,-13.121,0.233,0.233,0.252,0.252
1.249,5.401,-13.141,0.224,0.224,0.258,0.258
1.248,5.418,-13.138,0.237,0.237,0.258,0.258
1.249,5.205,-13.140,0.221,0.221,0.252,0.252
1.246,5.042,-13.124,0.226,0.226,0.250,0.250
1.245,4.879,-13.121,0.220,0.220,0.276,0.276
1.243,4.520,-13.114,0.235,0.235,0.255,0.255
1.242,4.047,-13.109,0.226,0.226,0.246,0.246
1.242,3.508,-13.108,0.233,0.233,0.253,0.253
1.241,3.149,-13.104,0.230,0.230,0.249,0.249
1.238,3.035,-13.095,0.237,0.237,0.250,0.250
1.235,3.312,-13.086,0.218,0.218,0.252,0.252
1.234,3.818,-13.080,0.243,0.243,0.269,0.269
1.236,4.243,-13.091,0.223,0.223,0.252,0.252
1.237,4.553,-13.093,0.241,0.241,0.247,0.247
1.237,4.471,-13.093,0.223,0.223,0.255,0.255
1.235,4.226,-13.088,0.255,0.255,0.252,0.252
1.233,4.030,-13.077,0.227,0.227,0.255,0.255
1.232,4.030,-13.073,0.249,0.249,0.250,0.250
1.231,4.063,-13.070,0.230,0.230,0.267,0.267
1.231,4.226,-13.069,0.255,0.255,0.246,0.246
1.230,4.422,-13.066,0.226,0.226,0.244,0.244
1.229,4.602,-13.059,0.246,0.246,0.252,0.252
1.228,4.585,-13.054,0.221,0.221,0.250,0.250
1.225,4.553,-13.043,0.235,0.235,0.244,0.244
1.222,4.553,-13.027,0.209,0.209,0.233,0.233
1.221,4.700,-13.026,0.229,0.229,0.249,0.249
1.221,4.765,-13.024,0.224,0.224,0.229,0.229
1.224,4.422,-13.040,0.220,0.220,0.224,0.224
1.222,3.720,-13.032,0.211,0.211,0.240,0.240
1.221,3.165,-13.028,0.215,0.215,0.240,0.240
1.220,3.019,-13.025,0.217,0.217,0.241,0.241
1.219,3.149,-13.021,0.211,0.211,0.237,0.237
1.218,3.476,-13.017,0.226,0.226,0.250,0.250
1.216,3.606,-13.010,0.214,0.214,0.229,0.229
1.216,3.671,-13.010,0.221,0.221,0.240,0.240
1.216,3.459,-13.009,0.212,0.212,0.243,0.243
1.215,3.100,-13.006,0.229,0.229,0.249,0.249
1.211,2.578,-12.994,0.221,0.221,0.246,0.246
1.209,2.186,-12.992,0.223,0.223,0.249,0.249
1.209,2.056,-12.992,0.212,0.212,0.258,0.258
1.212,2.186,-12.997,0.229,0.229,0.252,0.252
1.211,2.627,-12.995,0.217,0.217,0.249,0.249
1.209,2.888,-12.989,0.229,0.229,0.250,0.250
1.208,2.790,-12.986,0.221,0.221,0.252,0.252
1.206,2.513,-12.981,0.241,0.241,0.256,0.256
1.206,2.219,-12.981,0.211,0.211,0.253,0.253
1.204,2.088,-12.977,0.240,0.240,0.262,0.262
1.204,2.088,-12.976,0.214,0.214,0.246,0.246
1.203,2.088,-12.975,0.233,0.233,0.240,0.240
1.200,2.137,-12.969,0.212,0.212,0.249,0.249
1.197,2.007,-12.962,0.235,0.235,0.249,0.249
1.196,1.762,-12.960,0.214,0.214,0.250,0.250
1.201,1.599,-12.969,0.224,0.224,0.247,0.247
1.200,1.566,-12.967,0.226,0.226,0.267,0.267
1.200,1.599,-12.967,0.230,0.230,0.250,0.250
1.197,1.599,-12.962,0.218,0.218,0.243,0.243
1.196,1.484,-12.960,0.226,0.226,0.246,0.246
1.194,1.240,-12.957,0.212,0.212,0.249,0.249
1.194,1.125,-12.957,0.230,0.230,0.246,0.246
1.193,1.191,-12.956,0.212,0.212,0.256,0.256
1.192,1.501,-12.955,0.227,0.227,0.270,0.270
1.190,1.615,-12.953,0.235,0.235,0.252,0.252
1.189,1.664,-12.951,0.230,0.230,0.246,0.246
1.185,1.582,-12.944,0.240,0.240,0.256,0.256
1.184,1.729,-12.943,0.247,0.247,0.270,0.270
1.184,1.844,-12.942,0.243,0.243,0.276,0.276
1.187,1.729,-12.947,0.243,0.243,0.276,0.276
1.186,1.599,-12.946,0.246,0.246,0.293,0.293
1.184,1.468,-12.943,0.243,0.243,0.275,0.275
1.183,1.093,-12.942,0.237,0.237,0.264,0.264
1.182,0.734,-12.941,0.235,0.235,0.267,0.267
1.182,0.456,-12.941,0.244,0.244,0.264,0.264
1.181,0.244,-12.941,0.229,0.229,0.264,0.264
1.179,0.130,-12.940,0.249,0.249,0.267,0.267
1.179,0.244,-12.940,0.229,0.229,0.282,0.282
1.178,0.522,-12.940,0.238,0.238,0.266,0.266
1.176,0.766,-12.939,0.226,0.226,0.253,0.253
1.173,1.174,-12.936,0.235,0.235,0.253,0.253
1.172,1.664,-12.935,0.217,0.217,0.252,0.252
1.173,2.039,-12.936,0.240,0.240,0.253,0.253
1.174,2.154,-12.939,0.223,0.223,0.253,0.253
1.174,2.284,-12.937,0.237,0.237,0.276,0.276
1.171,2.464,-12.931,0.220,0.220,0.255,0.255
1.170,2.578,-12.928,0.240,0.240,0.244,0.244
1.168,2.513,-12.923,0.224,0.224,0.253,0.253
1.169,2.072,-12.925,0.240,0.240,0.249,0.249
1.168,1.436,-12.923,0.227,0.227,0.252,0.252
1.167,0.815,-12.922,0.246,0.246,0.249,0.249
1.166,0.571,-12.921,0.223,0.223,0.270,0.270
1.164,0.505,-12.920,0.240,0.240,0.252,0.252
1.160,0.489,-12.919,0.227,0.227,0.252,0.252
1.162,0.277,-12.919,0.253,0.253,0.252,0.252
1.162,0.146,-12.919,0.227,0.227,0.249,0.249
1.162,0.081,-12.919,0.258,0.258,0.258,0.258
1.161,0.277,-12.919,0.233,0.233,0.258,0.258
1.160,0.636,-12.919,0.247,0.247,0.275,0.275
1.157,1.158,-12.916,0.237,0.237,0.261,0.261
1.156,1.680,-12.915,0.247,0.247,0.246,0.246
1.156,2.186,-12.914,0.230,0.230,0.258,0.258
1.155,2.676,-12.911,0.233,0.233,0.255,0.255
1.154,3.002,-12.908,0.240,0.240,0.258,0.258
1.153,3.296,-12.908,0.230,0.230,0.250,0.250
1.151,3.492,-12.900,0.230,0.230,0.269,0.269
1.148,3.606,-12.890,0.215,0.215,0.246,0.246
1.147,3.622,-12.886,0.214,0.214,0.237,0.237
1.150,3.427,-12.897,0.206,0.206,0.241,0.241
1.149,3.068,-12.894,0.203,0.203,0.230,0.230
1.150,2.545,-12.897,0.206,0.206,0.232,0.232
1.147,2.170,-12.889,0.214,0.214,0.233,0.233
1.146,2.056,-12.887,0.206,0.206,0.235,0.235
1.145,2.072,-12.884,0.215,0.215,0.233,0.233
1.143,1.860,-12.881,0.212,0.212,0.244,0.244
1.143,1.240,-12.881,0.221,0.221,0.241,0.241
1.141,0.603,-12.879,0.206,0.206,0.235,0.235
1.141,0.195,-12.879,0.235,0.235,0.241,0.241
1.140,0.048,-12.879,0.217,0.217,0.241,0.241
1.137,0.097,-12.879,0.229,0.229,0.224,0.224
1.134,0.146,-12.878,0.208,0.208,0.246,0.246
1.137,0.146,-12.879,0.235,0.235,0.256,0.256
1.138,0.130,-12.879,0.215,0.215,0.258,0.258
1.137,-0.262,-12.879,0.237,0.237,0.246,0.246
1.135,-0.686,-12.880,0.221,0.221,0.252,0.252
1.134,-0.882,-12.881,0.243,0.243,0.252,0.252
1.132,-0.866,-12.882,0.217,0.217,0.227,0.227
1.132,-0.833,-12.883,0.233,0.233,0.252,0.252
1.131,-0.800,-12.883,0.221,0.221,0.266,0.266
1.130,-0.849,-12.884,0.226,0.226,0.252,0.252
1.129,-0.931,-12.885,0.215,0.215,0.256,0.256
1.128,-1.208,-12.886,0.232,0.232,0.249,0.249
1.124,-1.290,-12.891,0.218,0.218,0.252,0.252
1.122,-1.372,-12.894,0.220,0.220,0.243,0.243
1.124,-1.437,-12.892,0.224,0.224,0.255,0.255
1.125,-1.812,-12.890,0.215,0.215,0.253,0.253
1.125,-2.188,-12.890,0.224,0.224,0.252,0.252
1.123,-2.334,-12.894,0.206,0.206,0.252,0.252
1.122,-2.367,-12.895,0.223,0.223,0.240,0.240
1.121,-2.155,-12.899,0.208,0.208,0.246,0.246
1.120,-1.910,-12.901,0.208,0.208,0.249,0.249
1.118,-1.780,-12.903,0.220,0.220,0.247,0.247
1.118,-1.780,-12.904,0.221,0.221,0.247,0.247
1.116,-1.926,-12.907,0.214,0.214,0.253,0.253
1.116,-2.171,-12.909,0.229,0.229,0.252,0.252
1.112,-2.367,-12.916,0.218,0.218,0.256,0.256
1.110,-2.220,-12.921,0.243,0.243,0.258,0.258
1.110,-1.975,-12.921,0.218,0.218,0.261,0.261
1.113,-1.796,-12.915,0.253,0.253,0.270,0.270
1.111,-1.731,-12.918,0.233,0.233,0.273,0.273
1.111,-1.812,-12.919,0.247,0.247,0.270,0.270
1.109,-1.828,-12.923,0.227,0.227,0.275,0.275
1.108,-1.828,-12.925,0.252,0.252,0.282,0.282
1.107,-1.828,-12.927,0.227,0.227,0.273,0.273
1.106,-1.812,-12.927,0.252,0.252,0.267,0.267
1.106,-1.812,-12.929,0.232,0.232,0.261,0.261
1.105,-1.926,-12.930,0.246,0.246,0.264,0.264
1.103,-2.188,-12.934,0.221,0.221,0.264,0.264
1.102,-2.269,-12.936,0.250,0.250,0.259,0.259
1.099,-2.351,-12.944,0.221,0.221,0.243,0.243
1.097,-2.318,-12.947,0.241,0.241,0.258,0.258
1.098,-2.302,-12.945,0.233,0.233,0.264,0.264
1.100,-2.318,-12.940,0.238,0.238,0.262,0.262
1.100,-2.253,-12.941,0.227,0.227,0.252,0.252
1.097,-2.334,-12.947,0.241,0.241,0.252,0.252
1.096,-2.318,-12.950,0.237,0.237,0.255,0.255
1.094,-2.155,-12.954,0.238,0.238,0.246,0.246
1.093,-1.812,-12.956,0.223,0.223,0.261,0.261
1.093,-1.437,-12.957,0.243,0.243,0.262,0.262
1.092,-1.159,-12.957,0.230,0.230,0.255,0.255
1.091,-0.866,-12.959,0.237,0.237,0.247,0.247
1.089,-0.686,-12.960,0.238,0.238,0.241,0.241
1.087,-0.425,-12.962,0.243,0.243,0.255,0.255
1.085,-0.262,-12.962,0.238,0.238,0.266,0.266
1.086,-0.066,-12.962,0.235,0.235,0.258,0.258
1.088,0.114,-12.962,0.237,0.237,0.255,0.255
1.086,0.293,-12.962,0.238,0.238,0.253,0.253
1.086,0.652,-12.961,0.237,0.237,0.258,0.258
1.084,0.962,-12.960,0.243,0.243,0.264,0.264
1.082,1.174,-12.958,0.247,0.247,0.256,0.256
1.081,1.158,-12.957,0.233,0.233,0.255,0.255
1.080,1.011,-12.956,0.252,0.252,0.258,0.258
1.080,0.734,-12.956,0.235,0.235,0.261,0.261
1.079,0.505,-12.955,0.250,0.250,0.258,0.258
1.077,0.212,-12.954,0.218,0.218,0.249,0.249
1.075,-0.115,-12.954,0.240,0.240,0.262,0.262
1.072,-0.311,-12.955,0.218,0.218,0.246,0.246
1.073,-0.474,-12.955,0.230,0.230,0.226,0.226
1.075,-0.702,-12.953,0.209,0.209,0.233,0.233
1.076,-0.800,-12.953,0.237,0.237,0.232,0.232
1.074,-0.817,-12.954,0.212,0.212,0.232,0.232
1.073,-0.866,-12.955,0.227,0.227,0.233,0.233
1.071,-0.817,-12.957,0.220,0.220,0.243,0.243
1.070,-0.637,-12.958,0.237,0.237,0.233,0.233
1.069,-0.196,-12.958,0.223,0.223,0.249,0.249
1.069,0.163,-12.958,0.229,0.229,0.232,0.232
1.067,0.244,-12.958,0.226,0.226,0.235,0.235
1.066,0.179,-12.957,0.229,0.229,0.246,0.246
1.064,0.293,-12.957,0.226,0.226,0.244,0.244
1.061,0.342,-12.956,0.227,0.227,0.223,0.223
1.060,0.293,-12.956,0.224,0.224,0.249,0.249
1.060,0.163,-12.956,0.237,0.237,0.255,0.255
1.062,-0.099,-12.956,0.221,0.221,0.252,0.252
1.061,-0.441,-12.956,0.227,0.227,0.252,0.252
1.059,-0.751,-12.957,0.227,0.227,0.243,0.243
1.059,-0.980,-12.957,0.211,0.211,0.255,0.255
1.058,-1.241,-12.959,0.229,0.229,0.249,0.249
1.056,-1.486,-12.960,0.214,0.214,0.250,0.250
1.055,-1.828,-12.962,0.226,0.226,0.255,0.255
1.054,-2.188,-12.964,0.204,0.204,0.253,0.253
1.054,-2.481,-12.965,0.233,0.233,0.255,0.255
1.052,-2.840,-12.971,0.211,0.211,0.267,0.267
1.050,-3.199,-12.976,0.227,0.227,0.256,0.256
1.048,-3.297,-12.984,0.212,0.212,0.249,0.249
1.049,-3.199,-12.979,0.220,0.220,0.246,0.246
1.050,-3.069,-12.975,0.206,0.206,0.249,0.249
1.049,-2.889,-12.979,0.221,0.221,0.247,0.247
1.048,-2.612,-12.982,0.206,0.206,0.252,0.252
1.046,-2.628,-12.988,0.224,0.224,0.270,0.270
1.044,-2.742,-12.991,0.203,0.203,0.249,0.249
1.044,-2.824,-12.991,0.227,0.227,0.243,0.243
1.044,-2.791,-12.993,0.209,0.209,0.250,0.250
1.043,-2.791,-12.996,0.221,0.221,0.252,0.252
1.042,-2.677,-12.998,0.211,0.211,0.256,0.256
1.040,-2.416,-13.003,0.229,0.229,0.253,0.253
1.038,-2.285,-13.007,0.218,0.218,0.273,0.273
1.036,-2.383,-13.012,0.229,0.229,0.264,0.264
1.035,-2.677,-13.016,0.232,0.232,0.276,0.276
1.036,-2.987,-13.011,0.240,0.240,0.278,0.278
1.037,-3.363,-13.008,0.227,0.227,0.282,0.282
1.036,-3.673,-13.014,0.253,0.253,0.272,0.272
1.035,-3.803,-13.015,0.230,0.230,0.278,0.278
1.033,-3.787,-13.025,0.233,0.233,0.259,0.259
1.032,-3.640,-13.029,0.230,0.230,0.275,0.275
1.030,-3.428,-13.033,0.230,0.230,0.270,0.270
1.029,-3.379,-13.038,0.224,0.224,0.269,0.269
1.029,-3.640,-13.038,0.227,0.227,0.276,0.276
1.028,-3.607,-13.041,0.227,0.227,0.264,0.264
1.027,-3.444,-13.047,0.227,0.227,0.264,0.264
1.023,-3.281,-13.058,0.221,0.221,0.264,0.264
1.022,-3.101,-13.061,0.215,0.215,0.262,0.262
1.022,-2.775,-13.063,0.223,0.223,0.259,0.259
1.025,-2.285,-13.055,0.206,0.206,0.261,0.261
1.024,-1.877,-13.056,0.227,0.227,0.255,0.255
1.022,-1.731,-13.060,0.211,0.211,0.252,0.252
1.021,-1.747,-13.061,0.226,0.226,0.253,0.253
1.020,-1.910,-13.064,0.209,0.209,0.232,0.232
1.018,-2.188,-13.067,0.230,0.230,0.256,0.256
1.018,-2.302,-13.068,0.217,0.217,0.264,0.264
1.016,-2.351,-13.072,0.229,0.229,0.255,0.255
1.016,-2.302,-13.071,0.221,0.221,0.253,0.253
1.014,-2.285,-13.076,0.233,0.233,0.252,0.252
1.011,-2.155,-13.084,0.215,0.215,0.252,0.252
1.009,-1.910,-13.088,0.235,0.235,0.244,0.244
1.009,-1.633,-13.088,0.226,0.226,0.253,0.253
1.013,-1.208,-13.082,0.243,0.243,0.259,0.259
1.012,-0.751,-13.083,0.223,0.223,0.261,0.261
1.011,-0.360,-13.084,0.250,0.250,0.259,0.259
1.009,-0.229,-13.084,0.227,0.227,0.240,0.240
1.008,-0.262,-13.084,0.250,0.250,0.253,0.253
1.007,-0.294,-13.085,0.237,0.237,0.262,0.262
1.006,-0.066,-13.085,0.249,0.249,0.255,0.255
1.005,0.114,-13.085,0.218,0.218,0.255,0.255
1.004,0.212,-13.085,0.243,0.243,0.258,0.258
1.003,0.326,-13.084,0.229,0.229,0.258,0.258
0.999,0.505,-13.083,0.238,0.238,0.264,0.264
0.998,0.522,-13.082,0.212,0.212,0.249,0.249
0.997,0.309,-13.082,0.226,0.226,0.220,0.220
0.998,0.163,-13.082,0.215,0.215,0.240,0.240
1.000,0.065,-13.082,0.209,0.209,0.230,0.230
0.998,-0.099,-13.082,0.209,0.209,0.243,0.243
0.996,-0.294,-13.083,0.206,0.206,0.246,0.246
0.995,-0.343,-13.083,0.212,0.212,0.255,0.255
0.994,-0.327,-13.083,0.206,0.206,0.230,0.230
0.993,-0.294,-13.083,0.221,0.221,0.240,0.240
0.993,-0.311,-13.084,0.206,0.206,0.237,0.237
0.992,-0.294,-13.084,0.223,0.223,0.241,0.241
0.991,-0.311,-13.084,0.211,0.211,0.246,0.246
0.988,-0.458,-13.085,0.230,0.230,0.243,0.243
0.985,-0.653,-13.087,0.217,0.217,0.232,0.232
0.985,-0.719,-13.087,0.227,0.227,0.246,0.246
0.986,-0.458,-13.086,0.215,0.215,0.258,0.258
0.987,-0.294,-13.086,0.233,0.233,0.252,0.252
0.986,-0.392,-13.086,0.214,0.214,0.250,0.250
0.983,-0.670,-13.088,0.226,0.226,0.249,0.249
0.983,-0.849,-13.088,0.218,0.218,0.253,0.253
0.982,-0.996,-13.089,0.238,0.238,0.233,0.233
0.980,-1.208,-13.091,0.211,0.211,0.253,0.253
0.980,-1.469,-13.091,0.241,0.241,0.264,0.264
0.979,-1.714,-13.093,0.215,0.215,0.250,0.250
0.979,-1.812,-13.093,0.235,0.235,0.252,0.252
0.975,-1.861,-13.100,0.215,0.215,0.258,0.258
0.972,-1.828,-13.104,0.237,0.237,0.250,0.250
0.972,-1.959,-13.106,0.217,0.217,0.252,0.252
0.976,-2.171,-13.097,0.230,0.230,0.252,0.252
0.976,-2.334,-13.097,0.229,0.229,0.258,0.258
0.974,-2.465,-13.102,0.227,0.227,0.255,0.255
0.972,-2.710,-13.107,0.218,0.218,0.256,0.256
0.970,-2.824,-13.112,0.221,0.221,0.237,0.237
0.970,-2.840,-13.113,0.215,0.215,0.252,0.252
0.969,-2.824,-13.116,0.218,0.218,0.264,0.264
0.968,-2.840,-13.118,0.211,0.211,0.259,0.259
0.967,-2.791,-13.121,0.217,0.217,0.249,0.249
0.966,-2.938,-13.124,0.217,0.217,0.255,0.255
0.964,-3.150,-13.131,0.224,0.224,0.252,0.252
0.962,-3.167,-13.137,0.230,0.230,0.276,0.276
0.960,-2.971,-13.143,0.237,0.237,0.262,0.262
0.963,-2.677,-13.135,0.241,0.241,0.266,0.266
0.963,-2.383,-13.134,0.233,0.233,0.276,0.276
0.962,-2.122,-13.136,0.244,0.244,0.281,0.281
0.961,-1.910,-13.138,0.233,0.233,0.273,0.273
0.960,-1.780,-13.141,0.238,0.238,0.275,0.275
0.957,-1.796,-13.146,0.230,0.230,0.270,0.270
0.956,-1.959,-13.147,0.237,0.237,0.276,0.276
0.956,-2.155,-13.148,0.221,0.221,0.275,0.275
0.955,-2.351,-13.151,0.246,0.246,0.267,0.267
0.954,-2.318,-13.152,0.227,0.227,0.273,0.273
0.953,-2.318,-13.155,0.233,0.233,0.253,0.253
0.949,-2.449,-13.164,0.220,0.220,0.262,0.262
0.947,-2.677,-13.170,0.238,0.238,0.243,0.243
0.947,-2.808,-13.170,0.217,0.217,0.259,0.259
0.949,-2.971,-13.164,0.227,0.227,0.266,0.266
0.950,-3.183,-13.159,0.215,0.215,0.258,0.258
0.949,-3.281,-13.164,0.240,0.240,0.252,0.252
0.947,-3.330,-13.170,0.217,0.217,0.255,0.255
0.946,-3.199,-13.173,0.238,0.238,0.258,0.258
0.945,-2.742,-13.177,0.224,0.224,0.238,0.238
0.944,-2.285,-13.180,0.238,0.238,0.256,0.256
0.943,-1.714,-13.182,0.223,0.223,0.269,0.269
0.942,-1.110,-13.182,0.235,0.235,0.255,0.255
0.940,-0.490,-13.184,0.224,0.224,0.258,0.258
0.937,-0.017,-13.184,0.233,0.233,0.243,0.243
0.935,0.212,-13.184,0.233,0.233,0.253,0.253
0.934,0.342,-13.184,0.243,0.243,0.258,0.258
0.938,0.652,-13.186,0.230,0.230,0.253,0.253
0.938,1.011,-13.186,0.241,0.241,0.250,0.250
0.936,1.174,-13.184,0.238,0.238,0.261,0.261
0.933,1.191,-13.181,0.243,0.243,0.258,0.258
0.933,1.011,-13.180,0.235,0.235,0.266,0.266
0.932,0.864,-13.179,0.243,0.243,0.261,0.261
0.932,0.848,-13.179,0.237,0.237,0.258,0.258
0.931,0.717,-13.178,0.233,0.233,0.259,0.259
0.930,0.538,-13.178,0.247,0.247,0.256,0.256
0.929,0.244,-13.177,0.230,0.230,0.255,0.255
0.926,-0.099,-13.177,0.230,0.230,0.253,0.253
0.923,-0.327,-13.178,0.223,0.223,0.267,0.267
0.922,-0.327,-13.178,0.224,0.224,0.255,0.255
0.924,-0.131,-13.178,0.203,0.203,0.230,0.230
0.925,0.130,-13.178,0.208,0.208,0.229,0.229
0.924,0.195,-13.177,0.203,0.203,0.227,0.227
0.922,0.195,-13.177,0.220,0.220,0.233,0.233
0.921,0.146,-13.177,0.204,0.204,0.233,0.233
0.919,0.163,-13.177,0.221,0.221,0.211,0.211
0.919,0.130,-13.177,0.215,0.215,0.230,0.230
0.918,0.163,-13.176,0.227,0.227,0.247,0.247
0.917,0.163,-13.176,0.211,0.211,0.244,0.244
0.917,0.293,-13.176,0.235,0.235,0.230,0.230
0.915,0.522,-13.175,0.221,0.221,0.238,0.238
0.912,0.522,-13.174,0.230,0.230,0.240,0.240
0.910,0.309,-13.173,0.211,0.211,0.229,0.229
0.909,0.114,-13.173,0.243,0.243,0.249,0.249
0.912,-0.131,-13.173,0.226,0.226,0.259,0.259
0.913,-0.441,-13.173,0.235,0.235,0.243,0.243
0.911,-0.849,-13.174,0.221,0.221,0.249,0.249
0.909,-1.176,-13.176,0.237,0.237,0.249,0.249
0.907,-1.502,-13.178,0.224,0.224,0.256,0.256
0.906,-1.828,-13.179,0.220,0.220,0.235,0.235
0.905,-2.057,-13.181,0.227,0.227,0.253,0.253
0.905,-1.828,-13.182,0.223,0.223,0.261,0.261
0.904,-1.502,-13.184,0.220,0.220,0.258,0.258
0.901,-1.110,-13.187,0.223,0.223,0.258,0.258
0.898,-0.898,-13.190,0.230,0.230,0.243,0.243
0.897,-0.751,-13.191,0.212,0.212,0.253,0.253
0.901,-0.653,-13.189,0.226,0.226,0.261,0.261
0.901,-0.392,-13.189,0.215,0.215,0.258,0.258
0.901,-0.082,-13.189,0.215,0.215,0.252,0.252
0.899,0.326,-13.188,0.209,0.209,0.249,0.249
0.897,0.554,-13.188,0.227,0.227,0.247,0.247
0.896,0.685,-13.187,0.201,0.201,0.241,0.241
0.895,0.522,-13.186,0.215,0.215,0.250,0.250
0.894,0.309,-13.186,0.208,0.208,0.255,0.255
0.892,0.097,-13.185,0.220,0.220,0.250,0.250
0.892,-0.148,-13.185,0.215,0.215,0.249,0.249
0.890,-0.458,-13.186,0.224,0.224,0.258,0.258
0.887,-0.702,-13.188,0.220,0.220,0.258,0.258
0.886,-0.849,-13.189,0.240,0.240,0.266,0.266
0.883,-0.866,-13.191,0.218,0.218,0.258,0.258
0.887,-0.817,-13.187,0.249,0.249,0.259,0.259
0.889,-0.931,-13.186,0.233,0.233,0.270,0.270
0.887,-1.192,-13.188,0.246,0.246,0.282,0.282
0.886,-1.339,-13.190,0.232,0.232,0.276,0.276
0.883,-1.469,-13.193,0.259,0.259,0.275,0.275
0.883,-1.682,-13.193,0.230,0.230,0.266,0.266
0.882,-1.828,-13.196,0.249,0.249,0.272,0.272
0.881,-1.828,-13.197,0.235,0.235,0.276,0.276
0.880,-1.845,-13.198,0.249,0.249,0.269,0.269
0.879,-1.796,-13.201,0.224,0.224,0.275,0.275
0.877,-1.780,-13.204,0.246,0.246,0.266,0.266
0.874,-1.796,-13.210,0.218,0.218,0.275,0.275
0.871,-1.682,-13.214,0.233,0.233,0.243,0.243
0.873,-1.437,-13.212,0.229,0.229,0.264,0.264
0.876,-1.290,-13.208,0.243,0.243,0.270,0.270
0.874,-1.143,-13.210,0.230,0.230,0.258,0.258
0.873,-0.751,-13.211,0.230,0.230,0.258,0.258
0.871,-0.213,-13.212,0.232,0.232,0.255,0.255
0.871,0.309,-13.212,0.227,0.227,0.264,0.264
0.870,0.587,-13.212,0.221,0.221,0.253,0.253
0.869,0.701,-13.211,0.230,0.230,0.249,0.249
0.868,0.652,-13.210,0.217,0.217,0.255,0.255
0.867,0.522,-13.210,0.224,0.224,0.255,0.255
0.863,0.260,-13.208,0.233,0.233,0.256,0.256
0.861,0.130,-13.208,0.229,0.229,0.267,0.267
0.862,0.097,-13.208,0.235,0.235,0.255,0.255
0.863,-0.131,-13.208,0.215,0.215,0.247,0.247
0.863,-0.278,-13.208,0.238,0.238,0.253,0.253
0.862,-0.490,-13.208,0.223,0.223,0.258,0.258
0.860,-0.556,-13.209,0.233,0.233,0.256,0.256
0.858,-0.474,-13.210,0.223,0.223,0.259,0.259
0.857,-0.458,-13.211,0.241,0.241,0.282,0.282
0.856,-0.653,-13.211,0.226,0.226,0.262,0.262
0.855,-0.670,-13.212,0.247,0.247,0.255,0.255
0.854,-0.523,-13.213,0.227,0.227,0.259,0.259
0.855,-0.311,-13.212,0.246,0.246,0.253,0.253
0.852,-0.050,-13.213,0.217,0.217,0.256,0.256
0.849,0.293,-13.212,0.238,0.238,0.255,0.255
0.848,0.554,-13.212,0.214,0.214,0.266,0.266
0.850,0.668,-13.213,0.227,0.227,0.255,0.255
0.851,0.652,-13.214,0.203,0.203,0.249,0.249
0.851,0.636,-13.213,0.226,0.226,0.240,0.240
0.848,0.620,-13.212,0.211,0.211,0.237,0.237
0.847,0.603,-13.211,0.217,0.217,0.238,0.238
0.846,0.766,-13.210,0.217,0.217,0.243,0.243
0.845,0.848,-13.210,0.217,0.217,0.218,0.218
0.843,0.783,-13.208,0.217,0.217,0.243,0.243
0.842,0.652,-13.207,0.206,0.206,0.253,0.253
0.841,0.489,-13.207,0.226,0.226,0.246,0.246
0.840,0.228,-13.207,0.206,0.206,0.230,0.230
0.837,-0.099,-13.206,0.224,0.224,0.243,0.243
0.835,-0.311,-13.207,0.212,0.212,0.247,0.247
0.836,-0.360,-13.206,0.227,0.227,0.233,0.233
0.839,-0.311,-13.205,0.215,0.215,0.253,0.253
0.838,-0.311,-13.206,0.226,0.226,0.255,0.255
0.837,-0.294,-13.206,0.220,0.220,0.252,0.252
0.835,-0.294,-13.207,0.230,0.230,0.252,0.252
0.834,-0.082,-13.207,0.212,0.212,0.252,0.252
0.832,0.277,-13.207,0.226,0.226,0.252,0.252
0.831,0.571,-13.206,0.218,0.218,0.229,0.229
0.831,0.701,-13.206,0.229,0.229,0.249,0.249
0.830,0.652,-13.205,0.209,0.209,0.267,0.267
0.828,0.668,-13.204,0.240,0.240,0.261,0.261
0.824,0.620,-13.202,0.215,0.215,0.249,0.249
0.824,0.620,-13.202,0.235,0.235,0.249,0.249
0.827,0.603,-13.203,0.212,0.212,0.252,0.252
0.826,0.505,-13.203,0.230,0.230,0.249,0.249
0.826,0.244,-13.203,0.212,0.212,0.258,0.258
0.823,0.114,-13.202,0.227,0.227,0.258,0.258
0.823,0.130,-13.202,0.220,0.220,0.255,0.255
0.821,0.114,-13.202,0.226,0.226,0.255,0.255
0.821,-0.115,-13.202,0.209,0.209,0.253,0.253
0.819,-0.441,-13.203,0.229,0.229,0.249,0.249
0.818,-0.621,-13.203,0.223,0.223,0.247,0.247
0.817,-0.507,-13.204,0.226,0.226,0.249,0.249
0.815,-0.327,-13.205,0.212,0.212,0.259,0.259
0.813,-0.066,-13.205,0.220,0.220,0.261,0.261
0.810,0.163,-13.205,0.227,0.227,0.261,0.261
0.813,0.179,-13.205,0.223,0.223,0.246,0.246
0.814,0.130,-13.205,0.237,0.237,0.262,0.262
0.814,0.163,-13.205,0.230,0.230,0.261,0.261
0.812,0.146,-13.205,0.243,0.243,0.278,0.278
0.811,0.146,-13.205,0.238,0.238,0.287,0.287
0.809,0.260,-13.205,0.244,0.244,0.279,0.279
0.808,0.636,-13.204,0.230,0.230,0.275,0.275
0.807,1.011,-13.203,0.240,0.240,0.273,0.273
0.807,1.272,-13.203,0.226,0.226,0.278,0.278
0.805,1.533,-13.201,0.237,0.237,0.267,0.267
0.805,1.484,-13.200,0.218,0.218,0.262,0.262
0.802,1.387,-13.196,0.240,0.240,0.276,0.276
0.800,1.370,-13.193,0.220,0.220,0.270,0.270
0.797,1.174,-13.190,0.238,0.238,0.267,0.267
0.801,1.256,-13.195,0.220,0.220,0.290,0.290
0.801,1.436,-13.195,0.235,0.235,0.258,0.258
0.800,1.599,-13.194,0.211,0.211,0.250,0.250
0.798,1.795,-13.189,0.237,0.237,0.259,0.259
0.797,2.121,-13.188,0.212,0.212,0.258,0.258
0.795,2.480,-13.183,0.238,0.238,0.256,0.256
0.794,2.660,-13.182,0.214,0.214,0.259,0.259
0.794,2.757,-13.180,0.240,0.240,0.259,0.259
0.792,3.002,-13.176,0.221,0.221,0.258,0.258
0.791,3.068,-13.173,0.237,0.237,0.258,0.258
0.789,3.133,-13.165,0.223,0.223,0.255,0.255
0.787,3.133,-13.161,0.241,0.241,0.252,0.252
0.786,3.068,-13.158,0.224,0.224,0.256,0.256
0.790,3.100,-13.169,0.240,0.240,0.258,0.258
0.790,3.068,-13.167,0.233,0.233,0.252,0.252
0.788,3.068,-13.162,0.244,0.244,0.256,0.256
0.787,2.986,-13.158,0.224,0.224,0.255,0.255
0.785,2.708,-13.152,0.252,0.252,0.252,0.252
0.784,2.578,-13.150,0.232,0.232,0.259,0.259
0.782,2.447,-13.146,0.244,0.244,0.255,0.255
0.782,2.235,-13.145,0.237,0.237,0.264,0.264
0.781,1.974,-13.144,0.240,0.240,0.253,0.253
0.779,1.566,-13.140,0.237,0.237,0.256,0.256
0.776,1.223,-13.136,0.233,0.233,0.261,0.261
0.774,0.930,-13.134,0.238,0.238,0.258,0.258
0.774,0.571,-13.134,0.229,0.229,0.255,0.255
0.775,0.228,-13.134,0.230,0.230,0.252,0.252
0.778,-0.050,-13.135,0.218,0.218,0.249,0.249
0.776,-0.164,-13.135,0.220,0.220,0.218,0.218
0.775,-0.033,-13.135,0.197,0.197,0.235,0.235
0.772,0.163,-13.135,0.211,0.211,0.237,0.237
0.771,0.163,-13.135,0.200,0.200,0.233,0.233
0.770,0.163,-13.135,0.218,0.218,0.227,0.227
0.770,-0.082,-13.135,0.201,0.201,0.229,0.229
0.769,-0.294,-13.135,0.220,0.220,0.237,0.237
0.768,-0.409,-13.135,0.212,0.212,0.237,0.237
0.766,-0.327,-13.136,0.226,0.226,0.240,0.240
0.763,-0.311,-13.137,0.208,0.208,0.240,0.240
0.762,-0.441,-13.137,0.233,0.233,0.243,0.243
0.761,-0.556,-13.138,0.214,0.214,0.241,0.241
0.764,-0.441,-13.136,0.233,0.233,0.259,0.259
0.763,-0.082,-13.137,0.215,0.215,0.252,0.252
0.762,0.146,-13.137,0.237,0.237,0.246,0.246
0.760,-0.050,-13.136,0.221,0.221,0.258,0.258
0.760,-0.278,-13.136,0.232,0.232,0.249,0.249
0.758,-0.490,-13.137,0.224,0.224,0.252,0.252
0.758,-0.719,-13.137,0.232,0.232,0.253,0.253
0.757,-0.996,-13.138,0.226,0.226,0.273,0.273
0.756,-1.078,-13.140,0.226,0.226,0.253,0.253
0.753,-0.980,-13.142,0.223,0.223,0.258,0.258
0.751,-0.849,-13.144,0.223,0.223,0.255,0.255
0.749,-0.817,-13.146,0.217,0.217,0.258,0.258
0.751,-0.784,-13.144,0.229,0.229,0.253,0.253
0.751,-0.849,-13.144,0.224,0.224,0.256,0.256
0.752,-0.702,-13.143,0.218,0.218,0.250,0.250
0.749,-0.425,-13.145,0.227,0.227,0.255,0.255
0.747,-0.066,-13.145,0.214,0.214,0.253,0.253
0.746,0.293,-13.145,0.226,0.226,0.258,0.258
0.746,0.571,-13.145,0.206,0.206,0.255,0.255
0.744,0.815,-13.144,0.224,0.224,0.250,0.250
0.745,1.158,-13.144,0.200,0.200,0.246,0.246
0.744,1.468,-13.143,0.218,0.218,0.246,0.246
0.742,1.517,-13.141,0.204,0.204,0.252,0.252
0.739,1.256,-13.136,0.229,0.229,0.253,0.253
0.738,1.093,-13.135,0.214,0.214,0.250,0.250
0.736,1.060,-13.134,0.232,0.232,0.252,0.252
0.741,1.093,-13.138,0.226,0.226,0.241,0.241
0.740,1.125,-13.137,0.243,0.243,0.259,0.259
0.738,1.109,-13.135,0.223,0.223,0.269,0.269
0.736,1.011,-13.133,0.250,0.250,0.273,0.273
0.735,0.734,-13.132,0.218,0.218,0.276,0.276
0.734,0.603,-13.131,0.252,0.252,0.273,0.273
0.733,0.587,-13.131,0.230,0.230,0.276,0.276
0.732,0.636,-13.130,0.252,0.252,0.296,0.296
0.730,0.783,-13.129,0.224,0.224,0.270,0.270
0.730,1.142,-13.129,0.252,0.252,0.256,0.256
0.727,1.648,-13.125,0.230,0.230,0.267,0.267
0.726,2.170,-13.123,0.243,0.243,0.272,0.272
0.724,2.692,-13.117,0.218,0.218,0.269,0.269
0.724,3.133,-13.118,0.244,0.244,0.267,0.267
0.728,3.671,-13.131,0.220,0.220,0.278,0.278
0.726,4.145,-13.124,0.233,0.233,0.259,0.259
0.724,4.585,-13.115,0.230,0.230,0.261,0.261
0.723,4.879,-13.112,0.233,0.233,0.259,0.259
0.722,4.732,-13.105,0.221,0.221,0.258,0.258
0.720,4.569,-13.097,0.235,0.235,0.256,0.256
0.720,4.536,-13.095,0.224,0.224,0.261,0.261
0.719,4.389,-13.092,0.230,0.230,0.243,0.243
0.718,4.079,-13.089,0.226,0.226,0.261,0.261
0.716,3.557,-13.078,0.229,0.229,0.259,0.259
0.713,3.002,-13.068,0.230,0.230,0.255,0.255
0.711,2.660,-13.064,0.229,0.229,0.250,0.250
0.714,2.415,-13.072,0.235,0.235,0.255,0.255
0.714,2.219,-13.072,0.227,0.227,0.253,0.253
0.715,1.958,-13.073,0.233,0.233,0.255,0.255
0.713,1.697,-13.070,0.224,0.224,0.256,0.256
0.711,1.599,-13.066,0.230,0.230,0.259,0.259
0.709,1.697,-13.063,0.227,0.227,0.255,0.255
0.709,1.860,-13.063,0.230,0.230,0.255,0.255
0.707,1.762,-13.059,0.229,0.229,0.249,0.249
0.706,1.631,-13.059,0.240,0.240,0.259,0.259
0.705,1.468,-13.057,0.224,0.224,0.261,0.261
0.703,1.191,-13.054,0.246,0.246,0.261,0.261
0.700,0.962,-13.050,0.227,0.227,0.259,0.259
0.702,0.717,-13.052,0.240,0.240,0.253,0.253
0.702,0.587,-13.052,0.214,0.214,0.252,0.252
0.702,0.603,-13.052,0.237,0.237,0.232,0.232
0.703,0.620,-13.053,0.206,0.206,0.252,0.252
0.699,0.652,-13.050,0.224,0.224,0.230,0.230
0.698,0.489,-13.050,0.206,0.206,0.237,0.237
0.696,0.195,-13.049,0.212,0.212,0.233,0.233
0.697,-0.131,-13.049,0.212,0.212,0.237,0.237
0.695,-0.294,-13.050,0.223,0.223,0.235,0.235
0.695,-0.490,-13.050,0.212,0.212,0.261,0.261
0.694,-0.735,-13.050,0.223,0.223,0.237,0.237
0.692,-0.849,-13.052,0.211,0.211,0.235,0.235
0.691,-0.849,-13.053,0.224,0.224,0.246,0.246
0.687,-0.849,-13.057,0.220,0.220,0.240,0.240
0.686,-0.653,-13.057,0.227,0.227,0.243,0.243
0.689,-0.441,-13.055,0.215,0.215,0.243,0.243
0.689,-0.278,-13.055,0.230,0.230,0.258,0.258
0.688,-0.409,-13.056,0.226,0.226,0.247,0.247
0.686,-0.523,-13.057,0.224,0.224,0.252,0.252
0.685,-0.213,-13.057,0.224,0.224,0.252,0.252
0.684,0.244,-13.057,0.218,0.218,0.253,0.253
0.683,0.554,-13.057,0.224,0.224,0.253,0.253
0.682,0.701,-13.056,0.208,0.208,0.252,0.252
0.681,0.766,-13.056,0.229,0.229,0.235,0.235
0.681,0.832,-13.055,0.218,0.218,0.252,0.252
0.678,0.734,-13.053,0.229,0.229,0.267,0.267
0.675,0.538,-13.051,0.217,0.217,0.253,0.253
0.674,0.244,-13.051,0.233,0.233,0.256,0.256
0.676,0.228,-13.051,0.209,0.209,0.255,0.255
0.678,0.456,-13.052,0.218,0.218,0.253,0.253
0.678,0.652,-13.052,0.211,0.211,0.246,0.246
0.674,0.701,-13.049,0.227,0.227,0.252,0.252
0.672,0.685,-13.048,0.204,0.204,0.253,0.253
0.672,0.603,-13.048,0.229,0.229,0.252,0.252
0.671,0.620,-13.047,0.211,0.211,0.249,0.249
0.670,0.473,-13.047,0.224,0.224,0.238,0.238
0.669,0.244,-13.046,0.209,0.209,0.249,0.249
0.668,0.081,-13.046,0.233,0.233,0.255,0.255
0.665,0.114,-13.046,0.211,0.211,0.252,0.252
0.662,0.114,-13.046,0.224,0.224,0.250,0.250
0.661,0.277,-13.045,0.220,0.220,0.258,0.258
0.663,0.652,-13.046,0.233,0.233,0.259,0.259
0.665,1.142,-13.048,0.221,0.221,0.273,0.273
0.665,1.533,-13.049,0.252,0.252,0.255,0.255
0.663,1.664,-13.044,0.235,0.235,0.262,0.262
0.661,1.533,-13.042,0.255,0.255,0.273,0.273
0.660,1.338,-13.040,0.235,0.235,0.281,0.281
0.659,1.484,-13.038,0.247,0.247,0.272,0.272
0.658,1.697,-13.037,0.237,0.237,0.278,0.278
0.657,2.154,-13.036,0.238,0.238,0.261,0.261
0.656,2.627,-13.033,0.238,0.238,0.276,0.276
0.654,3.035,-13.028,0.235,0.235,0.278,0.278
0.652,3.165,-13.022,0.235,0.235,0.270,0.270
0.649,3.133,-13.013,0.233,0.233,0.270,0.270
0.648,3.068,-13.008,0.240,0.240,0.264,0.264
0.648,3.068,-13.008,0.218,0.218,0.262,0.262
0.652,3.084,-13.021,0.232,0.232,0.250,0.250
0.650,2.953,-13.015,0.214,0.214,0.259,0.259
0.650,2.611,-13.015,0.241,0.241,0.262,0.262
0.648,2.219,-13.010,0.215,0.215,0.256,0.256
0.647,1.941,-13.007,0.233,0.233,0.253,0.253
0.646,1.680,-13.006,0.224,0.224,0.249,0.249
0.644,1.582,-13.003,0.224,0.224,0.261,0.261
0.645,1.436,-13.004,0.223,0.223,0.255,0.255
0.643,1.387,-13.002,0.238,0.238,0.252,0.252
0.640,1.468,-12.997,0.204,0.204,0.255,0.255
0.637,1.615,-12.993,0.232,0.232,0.253,0.253
0.635,1.615,-12.989,0.224,0.224,0.255,0.255
0.639,1.631,-12.995,0.230,0.230,0.261,0.261
0.640,1.746,-12.997,0.223,0.223,0.256,0.256
0.638,1.990,-12.993,0.243,0.243,0.255,0.255
0.637,2.137,-12.991,0.229,0.229,0.262,0.262
0.635,2.170,-12.988,0.247,0.247,0.253,0.253
0.633,2.300,-12.983,0.226,0.226,0.250,0.250
0.633,2.366,-12.984,0.246,0.246,0.253,0.253
0.633,2.252,-12.983,0.232,0.232,0.264,0.264
0.632,1.974,-12.980,0.238,0.238,0.256,0.256
0.631,1.697,-12.979,0.233,0.233,0.258,0.258
0.628,1.582,-12.973,0.249,0.249,0.255,0.255
0.626,1.419,-12.971,0.226,0.226,0.258,0.258
0.623,1.093,-12.967,0.243,0.243,0.250,0.250
0.623,0.603,-12.967,0.235,0.235,0.258,0.258
0.627,0.244,-12.969,0.237,0.237,0.241,0.241
0.626,0.048,-12.968,0.224,0.224,0.249,0.249
0.625,-0.148,-12.968,0.223,0.223,0.246,0.246
0.624,-0.294,-12.969,0.215,0.215,0.241,0.241
0.622,-0.294,-12.969,0.206,0.206,0.230,0.230
0.621,-0.099,-12.970,0.214,0.214,0.223,0.223
0.619,0.130,-12.970,0.203,0.203,0.230,0.230
0.619,0.179,-12.970,0.220,0.220,0.224,0.224
0.618,0.163,-12.970,0.208,0.208,0.233,0.233
0.617,0.097,-12.969,0.221,0.221,0.246,0.246
0.615,0.163,-12.969,0.211,0.211,0.243,0.243
0.612,0.146,-12.969,0.217,0.217,0.233,0.233
0.611,0.130,-12.969,0.214,0.214,0.247,0.247
0.613,0.195,-12.969,0.224,0.224,0.244,0.244
0.614,0.163,-12.969,0.218,0.218,0.244,0.244
0.614,0.163,-12.969,0.229,0.229,0.244,0.244
0.612,0.130,-12.969,0.215,0.215,0.249,0.249
0.610,0.163,-12.968,0.237,0.237,0.252,0.252
0.609,0.097,-12.968,0.215,0.215,0.261,0.261
0.607,-0.082,-12.968,0.243,0.243,0.266,0.266
0.606,-0.066,-12.968,0.221,0.221,0.255,0.255
0.606,0.097,-12.968,0.240,0.240,0.244,0.244
0.604,0.146,-12.968,0.215,0.215,0.255,0.255
0.603,0.309,-12.968,0.240,0.240,0.256,0.256
0.598,0.505,-12.966,0.215,0.215,0.261,0.261
0.597,0.685,-12.965,0.232,0.232,0.253,0.253
0.602,0.668,-12.968,0.223,0.223,0.252,0.252
0.602,0.668,-12.968,0.237,0.237,0.253,0.253
0.601,0.620,-12.968,0.229,0.229,0.259,0.259
0.599,0.652,-12.967,0.223,0.223,0.252,0.252
0.599,0.620,-12.966,0.232,0.232,0.253,0.253
0.596,0.652,-12.965,0.224,0.224,0.246,0.246
0.596,0.620,-12.965,0.217,0.217,0.259,0.259
0.595,0.750,-12.964,0.214,0.214,0.258,0.258
0.594,1.011,-12.963,0.220,0.220,0.252,0.252
0.594,1.142,-12.963,0.209,0.209,0.247,0.247
0.592,1.272,-12.960,0.212,0.212,0.252,0.252
0.588,1.354,-12.955,0.214,0.214,0.252,0.252
0.586,1.272,-12.953,0.224,0.224,0.249,0.249
0.586,1.125,-12.953,0.214,0.214,0.256,0.256
0.588,1.093,-12.955,0.235,0.235,0.259,0.259
0.589,1.256,-12.956,0.223,0.223,0.262,0.262
0.588,1.484,-12.955,0.237,0.237,0.273,0.273
0.586,1.778,-12.952,0.230,0.230,0.278,0.278
0.584,2.284,-12.948,0.240,0.240,0.276,0.276
0.584,3.002,-12.947,0.230,0.230,0.298,0.298
0.583,3.639,-12.944,0.240,0.240,0.278,0.278
0.582,4.063,-12.938,0.230,0.230,0.273,0.273
0.581,4.292,-12.935,0.244,0.244,0.276,0.276
0.579,4.471,-12.929,0.220,0.220,0.267,0.267
0.577,4.569,-12.917,0.244,0.244,0.262,0.262
0.574,4.455,-12.903,0.224,0.224,0.273,0.273
0.573,4.210,-12.900,0.235,0.235,0.246,0.246
0.577,4.047,-12.916,0.221,0.221,0.266,0.266
0.577,4.063,-12.916,0.241,0.241,0.270,0.270
0.576,4.063,-12.912,0.221,0.221,0.262,0.262
0.574,4.063,-12.903,0.241,0.241,0.258,0.258
0.571,3.949,-12.894,0.226,0.226,0.258,0.258
0.571,3.541,-12.892,0.241,0.241,0.252,0.252
0.571,3.198,-12.891,0.220,0.220,0.240,0.240
0.570,2.904,-12.889,0.243,0.243,0.255,0.255
0.569,2.660,-12.887,0.223,0.223,0.276,0.276
0.568,2.594,-12.884,0.233,0.233,0.255,0.255
0.564,2.447,-12.874,0.230,0.230,0.262,0.262
0.562,2.252,-12.868,0.240,0.240,0.243,0.243
0.562,2.105,-12.869,0.233,0.233,0.253,0.253
0.565,2.105,-12.876,0.244,0.244,0.253,0.253
0.564,1.974,-12.874,0.233,0.233,0.258,0.258
0.564,1.615,-12.873,0.237,0.237,0.256,0.256
0.560,1.109,-12.868,0.227,0.227,0.258,0.258
0.560,0.701,-12.868,0.240,0.240,0.255,0.255
0.559,0.424,-12.867,0.235,0.235,0.250,0.250
0.557,0.228,-12.867,0.233,0.233,0.256,0.256
0.557,0.114,-12.867,0.241,0.241,0.267,0.267
0.555,0.114,-12.867,0.233,0.233,0.256,0.256
0.555,0.097,-12.867,0.246,0.246,0.256,0.256
0.552,-0.082,-12.867,0.229,0.229,0.258,0.258
0.549,-0.441,-12.867,0.244,0.244,0.258,0.258
0.550,-0.751,-12.867,0.224,0.224,0.255,0.255
0.550,-1.012,-12.867,0.223,0.223,0.249,0.249
0.553,-1.241,-12.864,0.220,0.220,0.252,0.252
0.552,-1.339,-12.865,0.223,0.223,0.246,0.246
0.548,-1.339,-12.870,0.194,0.194,0.233,0.233
0.548,-1.176,-12.870,0.218,0.218,0.235,0.235
0.546,-1.078,-12.872,0.209,0.209,0.226,0.226
0.545,-1.159,-12.874,0.218,0.218,0.250,0.250
0.544,-1.306,-12.874,0.204,0.204,0.233,0.233
0.544,-1.355,-12.875,0.233,0.233,0.226,0.226
0.543,-1.290,-12.876,0.212,0.212,0.232,0.232
0.541,-1.290,-12.879,0.227,0.227,0.237,0.237
0.539,-1.290,-12.882,0.209,0.209,0.240,0.240
0.537,-1.306,-12.884,0.238,0.238,0.232,0.232
0.536,-1.453,-12.885,0.221,0.221,0.264,0.264
0.540,-1.649,-12.878,0.233,0.233,0.237,0.237
0.539,-1.861,-12.881,0.218,0.218,0.235,0.235
0.537,-1.877,-12.884,0.247,0.247,0.241,0.241
0.536,-1.828,-12.886,0.227,0.227,0.249,0.249
0.535,-1.698,-12.889,0.224,0.224,0.252,0.252
0.534,-1.420,-12.890,0.230,0.230,0.255,0.255
0.533,-1.045,-12.892,0.226,0.226,0.269,0.269
0.532,-0.294,-12.892,0.223,0.223,0.255,0.255
0.531,0.342,-12.892,0.224,0.224,0.238,0.238
0.529,0.636,-12.891,0.229,0.229,0.258,0.258
0.527,0.668,-12.889,0.221,0.221,0.256,0.256
0.523,0.685,-12.887,0.224,0.224,0.253,0.253
0.526,0.489,-12.888,0.211,0.211,0.253,0.253
0.528,0.228,-12.889,0.224,0.224,0.270,0.270
0.526,0.114,-12.889,0.206,0.206,0.259,0.259
0.525,0.130,-12.889,0.226,0.226,0.247,0.247
0.523,0.146,-12.889,0.206,0.206,0.252,0.252
0.523,0.130,-12.889,0.227,0.227,0.252,0.252
0.522,-0.082,-12.888,0.200,0.200,0.252,0.252
0.521,-0.425,-12.889,0.227,0.227,0.252,0.252
0.520,-0.735,-12.889,0.209,0.209,0.246,0.246
0.519,-1.012,-12.890,0.226,0.226,0.247,0.247
0.519,-1.078,-12.890,0.209,0.209,0.253,0.253
0.515,-0.849,-12.894,0.226,0.226,0.247,0.247
0.513,-0.425,-12.896,0.204,0.204,0.253,0.253
0.511,0.097,-12.896,0.230,0.230,0.247,0.247
0.513,0.652,-12.897,0.218,0.218,0.253,0.253
0.515,1.191,-12.898,0.240,0.240,0.256,0.256
0.513,1.697,-12.896,0.226,0.226,0.266,0.266
0.511,2.170,-12.892,0.261,0.261,0.279,0.279
0.511,2.545,-12.891,0.232,0.232,0.278,0.278
0.508,2.757,-12.884,0.255,0.255,0.266,0.266
0.507,2.986,-12.882,0.237,0.237,0.266,0.266
0.508,3.263,-12.883,0.250,0.250,0.278,0.278
0.507,3.508,-12.879,0.227,0.227,0.266,0.266
0.507,3.557,-12.879,0.252,0.252,0.276,0.276
0.504,3.606,-12.868,0.227,0.227,0.284,0.284
0.501,3.720,-12.858,0.246,0.246,0.264,0.264
0.498,3.492,-12.849,0.227,0.227,0.270,0.270
0.500,2.725,-12.853,0.244,0.244,0.259,0.259
0.502,1.827,-12.859,0.235,0.235,0.269,0.269
0.501,1.468,-12.857,0.230,0.230,0.255,0.255
0.501,1.338,-12.857,0.232,0.232,0.267,0.267
0.499,1.207,-12.854,0.230,0.230,0.259,0.259
0.497,1.125,-12.851,0.221,0.221,0.266,0.266
0.496,1.109,-12.851,0.232,0.232,0.255,0.255
0.495,1.240,-12.849,0.230,0.230,0.246,0.246
0.495,1.468,-12.849,0.235,0.235,0.255,0.255
0.493,1.615,-12.847,0.227,0.227,0.247,0.247
0.490,1.501,-12.843,0.229,0.229,0.255,0.255
0.489,1.109,-12.841,0.229,0.229,0.264,0.264
0.487,0.750,-12.839,0.218,0.218,0.255,0.255
0.487,0.587,-12.839,0.233,0.233,0.250,0.250
0.490,0.440,-12.841,0.223,0.223,0.240,0.240
0.490,0.260,-12.840,0.235,0.235,0.255,0.255
0.489,0.407,-12.840,0.224,0.224,0.256,0.256
0.486,0.734,-12.839,0.243,0.243,0.250,0.250
0.485,0.799,-12.837,0.221,0.221,0.255,0.255
0.484,0.538,-12.837,0.243,0.243,0.255,0.255
0.483,0.260,-12.836,0.226,0.226,0.258,0.258
0.483,0.081,-12.836,0.243,0.243,0.232,0.232
0.481,-0.311,-12.837,0.227,0.227,0.253,0.253
0.480,-0.670,-12.837,0.246,0.246,0.258,0.258
0.476,-0.882,-12.840,0.224,0.224,0.258,0.258
0.473,-0.849,-12.842,0.243,0.243,0.252,0.252
0.476,-0.670,-12.840,0.221,0.221,0.256,0.256
0.477,-0.180,-12.840,0.244,0.244,0.252,0.252
0.478,0.179,-12.840,0.221,0.221,0.240,0.240
0.476,0.212,-12.840,0.229,0.229,0.249,0.249
0.474,0.163,-12.839,0.214,0.214,0.226,0.226
0.473,0.130,-12.839,0.227,0.227,0.230,0.230
0.472,0.179,-12.839,0.206,0.206,0.243,0.243
0.471,0.097,-12.839,0.220,0.220,0.240,0.240
0.470,0.114,-12.839,0.209,0.209,0.238,0.238
0.470,0.179,-12.839,0.215,0.215,0.226,0.226
0.468,0.130,-12.838,0.211,0.211,0.235,0.235
0.465,-0.066,-12.838,0.226,0.226,0.223,0.223
0.462,-0.066,-12.838,0.220,0.220,0.249,0.249
0.460,0.081,-12.838,0.226,0.226,0.249,0.249
0.461,0.195,-12.838,0.220,0.220,0.247,0.247
0.465,0.163,-12.839,0.221,0.221,0.241,0.241
0.464,0.130,-12.839,0.223,0.223,0.240,0.240
0.463,0.146,-12.839,0.217,0.217,0.250,0.250
0.462,0.163,-12.839,0.226,0.226,0.246,0.246
0.459,0.163,-12.838,0.218,0.218,0.250,0.250
0.459,0.163,-12.838,0.229,0.229,0.250,0.250
0.459,-0.099,-12.838,0.212,0.212,0.250,0.250
0.456,-0.294,-12.839,0.241,0.241,0.250,0.250
0.457,-0.360,-12.839,0.215,0.215,0.249,0.249
0.454,-0.458,-12.840,0.232,0.232,0.249,0.249
0.450,-0.702,-12.842,0.218,0.218,0.246,0.246
0.449,-0.817,-12.843,0.230,0.230,0.249,0.249
0.451,-0.702,-12.841,0.212,0.212,0.252,0.252
0.453,-0.425,-12.840,0.229,0.229,0.252,0.252
0.452,-0.278,-12.840,0.220,0.220,0.252,0.252
0.450,-0.229,-12.841,0.230,0.230,0.243,0.243
0.447,-0.066,-12.841,0.214,0.214,0.253,0.253
0.447,0.114,-12.841,0.233,0.233,0.252,0.252
0.446,-0.050,-12.841,0.214,0.214,0.252,0.252
0.446,-0.245,-12.841,0.233,0.233,0.244,0.244
0.445,-0.066,-12.841,0.214,0.214,0.250,0.250
0.443,0.097,-12.841,0.227,0.227,0.250,0.250
0.441,0.326,-12.841,0.214,0.214,0.273,0.273
0.438,0.538,-12.840,0.221,0.221,0.250,0.250
0.437,0.799,-12.839,0.215,0.215,0.246,0.246
0.437,0.995,-12.839,0.233,0.233,0.249,0.249
0.440,1.142,-12.842,0.224,0.224,0.252,0.252
0.440,1.011,-12.842,0.243,0.243,0.258,0.258
0.438,0.766,-12.841,0.233,0.233,0.261,0.261
0.436,0.456,-12.839,0.241,0.241,0.290,0.290
0.434,0.228,-12.838,0.233,0.233,0.276,0.276
0.434,0.114,-12.838,0.249,0.249,0.273,0.273
0.432,-0.148,-12.838,0.244,0.244,0.278,0.278
0.433,-0.441,-12.838,0.238,0.238,0.279,0.279
0.430,-0.735,-12.839,0.249,0.249,0.273,0.273
0.430,-0.817,-12.840,0.238,0.238,0.272,0.272
0.425,-0.882,-12.844,0.240,0.240,0.261,0.261
0.425,-0.882,-12.844,0.230,0.230,0.273,0.273
0.425,-0.817,-12.844,0.233,0.233,0.287,0.287
0.428,-0.670,-12.842,0.226,0.226,0.266,0.266
0.428,-0.425,-12.842,0.238,0.238,0.262,0.262
0.426,-0.294,-12.843,0.217,0.217,0.258,0.258
0.425,-0.017,-12.843,0.237,0.237,0.262,0.262
0.423,0.277,-12.843,0.218,0.218,0.240,0.240
0.422,0.685,-12.842,0.233,0.233,0.259,0.259
0.421,0.881,-12.841,0.218,0.218,0.258,0.258
0.420,0.799,-12.840,0.224,0.224,0.256,0.256
0.419,0.636,-12.840,0.218,0.218,0.255,0.255
0.417,0.473,-12.839,0.230,0.230,0.253,0.253
0.414,0.228,-12.838,0.211,0.211,0.261,0.261
0.412,0.097,-12.837,0.233,0.233,0.230,0.230
0.413,0.114,-12.837,0.215,0.215,0.256,0.256
0.415,0.130,-12.838,0.238,0.238,0.256,0.256
0.415,-0.229,-12.838,0.218,0.218,0.255,0.255
0.414,-0.686,-12.838,0.246,0.246,0.250,0.250
0.412,-1.045,-12.840,0.224,0.224,0.238,0.238
0.411,-1.241,-12.841,0.249,0.249,0.250,0.250
0.409,-1.486,-12.844,0.224,0.224,0.264,0.264
0.409,-1.698,-12.844,0.246,0.246,0.255,0.255
0.407,-1.828,-12.846,0.227,0.227,0.258,0.258
0.406,-1.714,-12.848,0.244,0.244,0.261,0.261
0.405,-1.323,-12.850,0.238,0.238,0.258,0.258
0.402,-0.915,-12.853,0.246,0.246,0.252,0.252
0.400,-0.588,-12.854,0.232,0.232,0.259,0.259
0.399,-0.392,-12.855,0.243,0.243,0.261,0.261
0.403,-0.294,-12.854,0.235,0.235,0.253,0.253
0.402,-0.033,-12.854,0.233,0.233,0.252,0.252
0.402,0.097,-12.854,0.227,0.227,0.258,0.258
0.400,0.163,-12.853,0.224,0.224,0.249,0.249
0.398,0.179,-12.853,0.221,0.221,0.258,0.258
0.397,0.146,-12.853,0.204,0.204,0.227,0.227
0.397,0.146,-12.853,0.217,0.217,0.215,0.215
0.396,0.179,-12.853,0.208,0.208,0.227,0.227
0.395,0.146,-12.853,0.218,0.218,0.235,0.235
0.394,0.114,-12.852,0.203,0.203,0.241,0.241
0.393,-0.148,-12.852,0.220,0.220,0.235,0.235
0.390,-0.294,-12.853,0.203,0.203,0.224,0.224
0.387,-0.360,-12.854,0.220,0.220,0.240,0.240
0.386,-0.458,-12.855,0.208,0.208,0.246,0.246
0.390,-0.817,-12.852,0.230,0.230,0.240,0.240
0.390,-1.225,-12.852,0.214,0.214,0.244,0.244
0.388,-1.355,-12.855,0.227,0.227,0.247,0.247
0.386,-1.502,-12.858,0.217,0.217,0.247,0.247
0.385,-1.551,-12.859,0.243,0.243,0.227,0.227
0.383,-1.469,-12.862,0.218,0.218,0.250,0.250
0.383,-1.176,-12.862,0.240,0.240,0.255,0.255
0.381,-0.947,-12.864,0.223,0.223,0.252,0.252
0.382,-0.751,-12.863,0.238,0.238,0.249,0.249
0.380,-0.653,-12.864,0.217,0.217,0.249,0.249
0.378,-0.441,-12.866,0.233,0.233,0.249,0.249
0.376,-0.294,-12.866,0.223,0.223,0.243,0.243
0.374,-0.278,-12.867,0.233,0.233,0.252,0.252
0.375,-0.294,-12.867,0.227,0.227,0.253,0.253
0.378,-0.327,-12.866,0.227,0.227,0.250,0.250
0.376,-0.458,-12.866,0.230,0.230,0.252,0.252
0.375,-0.686,-12.867,0.217,0.217,0.237,0.237
0.374,-0.702,-12.868,0.232,0.232,0.253,0.253
0.371,-0.490,-12.870,0.215,0.215,0.261,0.261
0.371,-0.458,-12.870,0.218,0.218,0.252,0.252
0.370,-0.686,-12.870,0.214,0.214,0.240,0.240
0.369,-0.817,-12.871,0.218,0.218,0.246,0.246
0.367,-0.849,-12.873,0.214,0.214,0.246,0.246
0.366,-0.719,-12.873,0.212,0.212,0.270,0.270
0.363,-0.425,-12.875,0.218,0.218,0.252,0.252
0.362,-0.050,-12.875,0.226,0.226,0.243,0.243
0.361,0.293,-12.875,0.209,0.209,0.255,0.255
0.365,0.701,-12.877,0.235,0.235,0.250,0.250
0.365,1.011,-12.877,0.215,0.215,0.253,0.253
0.364,1.305,-12.876,0.241,0.241,0.259,0.259
0.361,1.517,-12.872,0.224,0.224,0.267,0.267
0.360,1.631,-12.869,0.246,0.246,0.275,0.275
0.359,1.599,-12.868,0.230,0.230,0.278,0.278
0.357,1.648,-12.866,0.256,0.256,0.275,0.275
0.357,1.599,-12.865,0.233,0.233,0.276,0.276
0.356,1.599,-12.863,0.256,0.256,0.267,0.267
0.355,1.582,-12.862,0.221,0.221,0.266,0.266
0.354,1.599,-12.860,0.249,0.249,0.253,0.253
0.351,1.599,-12.855,0.227,0.227,0.267,0.267
0.347,1.436,-12.850,0.240,0.240,0.279,0.279
0.349,1.240,-12.852,0.223,0.223,0.273,0.273
0.350,0.930,-12.853,0.247,0.247,0.259,0.259
0.352,0.603,-12.855,0.221,0.221,0.261,0.261
0.349,0.228,-12.853,0.240,0.240,0.258,0.258
0.347,0.097,-12.853,0.232,0.232,0.246,0.246
0.346,0.097,-12.853,0.240,0.240,0.253,0.253
0.345,0.260,-12.853,0.218,0.218,0.258,0.258
0.344,0.538,-12.852,0.241,0.241,0.253,0.253
0.344,0.783,-12.852,0.221,0.221,0.256,0.256
0.343,1.044,-12.851,0.224,0.224,0.255,0.255
0.341,1.142,-12.849,0.229,0.229,0.258,0.258
0.338,1.028,-12.845,0.230,0.230,0.237,0.237
0.335,0.750,-12.843,0.229,0.229,0.256,0.256
0.339,0.603,-12.846,0.230,0.230,0.252,0.252
0.340,0.424,-12.846,0.235,0.235,0.256,0.256
0.339,0.260,-12.846,0.226,0.226,0.258,0.258
0.337,0.130,-12.845,0.227,0.227,0.255,0.255
0.335,0.146,-12.845,0.230,0.230,0.258,0.258
0.335,0.097,-12.845,0.232,0.232,0.259,0.259
0.334,0.146,-12.845,0.223,0.223,0.258,0.258
0.333,0.130,-12.845,0.240,0.240,0.256,0.256
0.332,0.163,-12.845,0.232,0.232,0.255,0.255
0.331,0.114,-12.845,0.249,0.249,0.258,0.258
0.329,-0.245,-12.845,0.221,0.221,0.262,0.262
0.325,-0.686,-12.847,0.247,0.247,0.258,0.258
0.324,-0.702,-12.847,0.229,0.229,0.267,0.267
0.325,-0.262,-12.847,0.232,0.232,0.249,0.249
0.328,0.407,-12.847,0.221,0.221,0.244,0.244
0.326,1.240,-12.846,0.237,0.237,0.247,0.247
0.325,2.203,-12.843,0.209,0.209,0.252,0.252
0.324,3.182,-12.841,0.220,0.220,0.227,0.227
0.322,4.243,-12.835,0.208,0.208,0.232,0.232
0.322,5.205,-12.834,0.227,0.227,0.221,0.221
0.320,6.168,-12.824,0.209,0.209,0.235,0.235
0.320,7.148,-12.821,0.227,0.227,0.237,0.237
0.319,8.274,-12.810,0.215,0.215,0.233,0.233
0.317,9.498,-12.799,0.224,0.224,0.229,0.229
0.315,10.624,-12.779,0.211,0.211,0.237,0.237
0.314,11.587,-12.768,0.224,0.224,0.243,0.243
0.313,12.566,-12.747,0.221,0.221,0.212,0.212
0.314,13.251,-12.762,0.221,0.221,0.237,0.237
0.315,13.643,-12.778,0.218,0.218,0.253,0.253
0.315,13.969,-12.776,0.226,0.226,0.246,0.246
0.313,14.443,-12.747,0.233,0.233,0.246,0.246
0.310,15.095,-12.714,0.221,0.221,0.244,0.244
0.310,15.813,-12.709,0.230,0.230,0.252,0.252
0.309,16.287,-12.696,0.221,0.221,0.240,0.240
0.309,16.613,-12.697,0.227,0.227,0.252,0.252
0.308,16.923,-12.675,0.206,0.206,0.259,0.259
0.307,17.364,-12.657,0.232,0.232,0.253,0.253
0.304,17.772,-12.608,0.218,0.218,0.250,0.250
0.303,18.017,-12.581,0.229,0.229,0.267,0.267
0.301,18.376,-12.540,0.214,0.214,0.255,0.255
0.302,18.702,-12.566,0.240,0.240,0.258,0.258
0.305,19.028,-12.617,0.212,0.212,0.256,0.256
0.304,19.371,-12.601,0.233,0.233,0.240,0.240
0.302,19.730,-12.575,0.215,0.215,0.247,0.247
0.301,19.991,-12.538,0.227,0.227,0.252,0.252
0.300,20.236,-12.519,0.211,0.211,0.273,0.273
0.298,20.465,-12.495,0.238,0.238,0.256,0.256
0.298,20.693,-12.488,0.212,0.212,0.243,0.243
0.298,20.938,-12.482,0.230,0.230,0.249,0.249
0.297,21.183,-12.471,0.212,0.212,0.249,0.249
0.294,21.444,-12.401,0.229,0.229,0.250,0.250
0.291,21.689,-12.345,0.215,0.215,0.249,0.249
0.291,21.819,-12.330,0.223,0.223,0.261,0.261
0.294,21.803,-12.409,0.221,0.221,0.255,0.255
0.295,21.803,-12.416,0.230,0.230,0.261,0.261
0.294,21.623,-12.393,0.224,0.224,0.261,0.261
0.294,21.362,-12.390,0.246,0.246,0.258,0.258
0.290,21.248,-12.324,0.241,0.241,0.270,0.270
0.290,21.379,-12.321,0.249,0.249,0.270,0.270
0.288,21.672,-12.274,0.243,0.243,0.256,0.256
0.288,21.819,-12.276,0.247,0.247,0.273,0.273
0.287,21.836,-12.261,0.241,0.241,0.287,0.287
0.286,21.933,-12.234,0.232,0.232,0.272,0.272
0.286,21.982,-12.220,0.246,0.246,0.269,0.269
0.285,21.933,-12.196,0.235,0.235,0.264,0.264
0.282,21.836,-12.131,0.227,0.227,0.270,0.270
0.281,21.901,-12.114,0.230,0.230,0.267,0.267
0.283,22.178,-12.168,0.241,0.241,0.267,0.267
0.283,22.309,-12.171,0.220,0.220,0.270,0.270
0.283,22.456,-12.171,0.243,0.243,0.270,0.270
0.282,22.782,-12.134,0.218,0.218,0.269,0.269
0.280,23.272,-12.093,0.230,0.230,0.273,0.273
0.280,23.810,-12.096,0.214,0.214,0.255,0.255
0.279,24.300,-12.068,0.237,0.237,0.255,0.255
0.278,24.643,-12.058,0.217,0.217,0.258,0.258
0.279,24.920,-12.066,0.235,0.235,0.261,0.261
0.277,25.263,-12.011,0.224,0.224,0.264,0.264
0.275,25.867,-11.970,0.232,0.232,0.253,0.253
0.273,26.503,-11.907,0.220,0.220,0.285,0.285
0.270,26.927,-11.832,0.238,0.238,0.253,0.253
0.274,27.417,-11.949,0.223,0.223,0.247,0.247
0.276,28.217,-11.995,0.243,0.243,0.253,0.253
0.274,29.261,-11.950,0.218,0.218,0.253,0.253
0.273,30.289,-11.918,0.246,0.246,0.256,0.256
0.272,31.317,-11.891,0.223,0.223,0.258,0.258
0.270,32.150,-11.833,0.244,0.244,0.273,0.273
0.269,32.884,-11.798,0.227,0.227,0.253,0.253
0.271,33.716,-11.843,0.253,0.253,0.250,0.250
0.269,34.679,-11.790,0.233,0.233,0.255,0.255
0.268,35.854,-11.755,0.252,0.252,0.258,0.258
0.267,37.078,-11.707,0.238,0.238,0.261,0.261
0.263,38.335,-11.564,0.244,0.244,0.258,0.258
0.262,39.690,-11.508,0.229,0.229,0.252,0.252
0.263,40.995,-11.577,0.244,0.244,0.252,0.252
0.265,42.529,-11.667,0.232,0.232,0.258,0.258
0.267,44.112,-11.726,0.230,0.230,0.252,0.252
0.265,45.353,-11.654,0.223,0.223,0.250,0.250
0.263,46.446,-11.561,0.214,0.214,0.235,0.235
0.262,47.540,-11.493,0.218,0.218,0.240,0.240
0.261,48.404,-11.447,0.200,0.200,0.223,0.223
0.261,48.976,-11.468,0.218,0.218,0.240,0.240
0.261,49.449,-11.437,0.203,0.203,0.241,0.241
0.259,49.873,-11.359,0.218,0.218,0.237,0.237
0.259,50.396,-11.343,0.201,0.201,0.235,0.235
0.258,50.901,-11.309,0.224,0.224,0.235,0.235
0.254,51.212,-11.103,0.203,0.203,0.244,0.244
0.253,51.375,-11.072,0.227,0.227,0.237,0.237
0.256,51.195,-11.191,0.218,0.218,0.246,0.246
0.258,50.950,-11.291,0.218,0.218,0.241,0.241
0.259,50.608,-11.362,0.218,0.218,0.249,0.249
0.256,50.281,-11.199,0.233,0.233,0.244,0.244
0.255,49.759,-11.143,0.218,0.218,0.261,0.261
0.254,49.286,-11.090,0.233,0.233,0.250,0.250
0.253,48.780,-11.053,0.218,0.218,0.249,0.249
0.253,48.258,-11.047,0.240,0.240,0.255,0.255
0.251,47.621,-10.983,0.224,0.224,0.255,0.255
0.252,46.903,-11.017,0.240,0.240,0.247,0.247
0.250,46.267,-10.923,0.212,0.212,0.252,0.252
0.247,45.793,-10.794,0.243,0.243,0.267,0.267
0.246,45.304,-10.713,0.221,0.221,0.259,0.259
0.249,44.814,-10.861,0.224,0.224,0.252,0.252
0.250,44.308,-10.895,0.224,0.224,0.258,0.258
0.251,43.802,-10.951,0.224,0.224,0.255,0.255
0.248,43.296,-10.819,0.221,0.221,0.255,0.255
0.248,42.709,-10.818,0.214,0.214,0.250,0.250
0.246,42.007,-10.742,0.227,0.227,0.249,0.249
0.246,41.371,-10.739,0.218,0.218,0.252,0.252
0.246,40.701,-10.739,0.224,0.224,0.252,0.252
0.245,40.016,-10.707,0.218,0.218,0.252,0.252
0.245,39.412,-10.718,0.221,0.221,0.252,0.252
0.242,38.906,-10.600,0.206,0.206,0.247,0.247
0.240,38.417,-10.497,0.214,0.214,0.246,0.246
0.239,37.927,-10.454,0.204,0.204,0.246,0.246
0.240,37.437,-10.494,0.224,0.224,0.253,0.253
0.244,37.111,-10.644,0.214,0.214,0.256,0.256
0.245,37.095,-10.683,0.233,0.233,0.258,0.258
0.242,37.388,-10.598,0.229,0.229,0.262,0.262
0.242,37.666,-10.584,0.237,0.237,0.279,0.279
0.240,37.943,-10.515,0.229,0.229,0.275,0.275
0.240,38.025,-10.500,0.247,0.247,0.270,0.270
0.239,38.041,-10.453,0.224,0.224,0.276,0.276
0.239,37.894,-10.470,0.246,0.246,0.275,0.275
0.238,37.633,-10.433,0.227,0.227,0.279,0.279
0.238,37.372,-10.426,0.243,0.243,0.272,0.272
0.236,37.111,-10.352,0.223,0.223,0.298,0.298
0.233,36.980,-10.245,0.252,0.252,0.264,0.264
0.231,36.980,-10.181,0.223,0.223,0.267,0.267
0.235,37.046,-10.306,0.237,0.237,0.262,0.262
0.237,37.013,-10.390,0.226,0.226,0.267,0.267
0.237,37.176,-10.403,0.240,0.240,0.261,0.261
0.235,37.519,-10.325,0.214,0.214,0.261,0.261
0.234,38.058,-10.275,0.244,0.244,0.247,0.247
0.235,38.596,-10.301,0.232,0.232,0.261,0.261
0.233,39.216,-10.227,0.240,0.240,0.258,0.258
0.233,39.918,-10.223,0.227,0.227,0.255,0.255
0.232,40.571,-10.194,0.237,0.237,0.250,0.250
0.232,41.207,-10.203,0.227,0.227,0.258,0.258
0.230,41.909,-10.108,0.233,0.233,0.258,0.258
0.226,42.497,-9.966,0.235,0.235,0.238,0.238
0.226,43.035,-9.960,0.230,0.230,0.255,0.255
0.228,43.362,-10.023,0.233,0.233,0.256,0.256
0.231,43.590,-10.173,0.232,0.232,0.252,0.252
0.231,43.949,-10.186,0.235,0.235,0.249,0.249
0.229,44.292,-10.092,0.237,0.237,0.238,0.238
0.228,44.569,-10.035,0.230,0.230,0.258,0.258
0.228,44.798,-10.017,0.233,0.233,0.266,0.266
0.228,45.043,-10.014,0.237,0.237,0.255,0.255
0.227,45.320,-10.002,0.224,0.224,0.253,0.253
0.227,45.663,-9.969,0.240,0.240,0.255,0.255
0.226,46.169,-9.954,0.230,0.230,0.258,0.258
0.226,46.528,-9.918,0.243,0.243,0.275,0.275
0.222,46.952,-9.762,0.223,0.223,0.253,0.253
0.220,47.425,-9.665,0.249,0.249,0.252,0.252
0.224,47.817,-9.843,0.221,0.221,0.255,0.255
0.225,48.045,-9.918,0.233,0.233,0.255,0.255
0.226,48.404,-9.966,0.221,0.221,0.249,0.249
0.226,48.878,-9.946,0.227,0.227,0.241,0.241
0.223,49.269,-9.794,0.206,0.206,0.237,0.237
0.223,49.547,-9.787,0.220,0.220,0.230,0.230
0.223,49.759,-9.774,0.198,0.198,0.233,0.233
0.222,49.857,-9.761,0.221,0.221,0.230,0.230
0.221,49.726,-9.699,0.208,0.208,0.230,0.230
0.222,49.612,-9.772,0.230,0.230,0.238,0.238
0.221,49.694,-9.680,0.218,0.218,0.237,0.237
0.219,49.808,-9.599,0.227,0.227,0.217,0.217
0.218,49.988,-9.536,0.206,0.206,0.241,0.241
0.217,50.200,-9.476,0.226,0.226,0.247,0.247
0.220,50.314,-9.643,0.215,0.215,0.247,0.247
0.222,50.347,-9.745,0.224,0.224,0.246,0.246
0.221,50.298,-9.713,0.220,0.220,0.243,0.243
0.220,50.428,-9.641,0.227,0.227,0.244,0.244
0.219,50.673,-9.589,0.224,0.224,0.241,0.241
0.218,50.836,-9.556,0.221,0.221,0.250,0.250
0.218,50.706,-9.539,0.232,0.232,0.256,0.256
0.218,50.461,-9.569,0.218,0.218,0.252,0.252
0.217,50.298,-9.492,0.224,0.224,0.253,0.253
0.216,50.151,-9.469,0.217,0.217,0.256,0.256
0.215,49.808,-9.374,0.226,0.226,0.261,0.261
0.213,49.302,-9.294,0.214,0.214,0.252,0.252
0.212,48.796,-9.240,0.215,0.215,0.252,0.252
0.217,48.388,-9.499,0.211,0.211,0.253,0.253
0.217,48.029,-9.515,0.230,0.230,0.253,0.253
0.216,47.425,-9.462,0.212,0.212,0.259,0.259
0.217,46.821,-9.469,0.230,0.230,0.272,0.272
0.215,46.250,-9.408,0.206,0.206,0.249,0.249
0.214,45.777,-9.359,0.221,0.221,0.243,0.243
0.214,45.467,-9.374,0.200,0.200,0.252,0.252
0.214,45.189,-9.348,0.227,0.227,0.250,0.250
0.215,44.830,-9.392,0.209,0.209,0.261,0.261
0.213,44.488,-9.301,0.221,0.221,0.249,0.249
0.211,44.227,-9.207,0.212,0.212,0.267,0.267
0.209,44.112,-9.153,0.227,0.227,0.250,0.250
0.209,44.259,-9.124,0.212,0.212,0.249,0.249
0.212,44.406,-9.281,0.238,0.238,0.249,0.249
0.213,44.406,-9.314,0.218,0.218,0.255,0.255
0.214,44.276,-9.361,0.237,0.237,0.255,0.255
0.213,44.031,-9.302,0.226,0.226,0.262,0.262
0.211,43.900,-9.223,0.252,0.252,0.266,0.266
0.211,43.737,-9.232,0.237,0.237,0.281,0.281
0.211,43.525,-9.222,0.247,0.247,0.275,0.275
0.211,43.264,-9.209,0.241,0.241,0.273,0.273
0.210,42.872,-9.195,0.255,0.255,0.270,0.270
0.210,42.546,-9.172,0.233,0.233,0.270,0.270
0.210,42.399,-9.193,0.240,0.240,0.270,0.270
0.207,42.399,-9.068,0.233,0.233,0.250,0.250
0.205,42.578,-8.983,0.237,0.237,0.270,0.270
0.205,42.823,-8.951,0.229,0.229,0.291,0.291
0.209,42.954,-9.133,0.237,0.237,0.264,0.264
0.211,42.954,-9.237,0.233,0.233,0.262,0.262
0.209,42.921,-9.154,0.221,0.221,0.258,0.258
0.209,42.937,-9.157,0.235,0.235,0.264,0.264
0.208,43.068,-9.083,0.226,0.226,0.244,0.244
0.208,43.280,-9.104,0.220,0.220,0.266,0.266
0.208,43.460,-9.092,0.224,0.224,0.262,0.262
0.207,43.574,-9.073,0.227,0.227,0.255,0.255
0.208,43.819,-9.108,0.215,0.215,0.247,0.247
0.206,43.933,-9.014,0.230,0.230,0.246,0.246
0.204,43.916,-8.920,0.218,0.218,0.258,0.258
0.202,43.916,-8.847,0.233,0.233,0.240,0.240
0.203,43.900,-8.888,0.215,0.215,0.253,0.253
0.206,44.031,-9.023,0.235,0.235,0.255,0.255
0.210,44.292,-9.174,0.221,0.221,0.255,0.255
0.207,44.406,-9.051,0.230,0.230,0.255,0.255
0.207,44.569,-9.054,0.212,0.212,0.247,0.247
0.206,44.618,-9.003,0.233,0.233,0.252,0.252
0.206,44.684,-9.011,0.223,0.223,0.252,0.252
0.206,44.781,-8.997,0.237,0.237,0.255,0.255
0.206,44.863,-9.006,0.235,0.235,0.264,0.264
0.206,44.879,-9.012,0.249,0.249,0.255,0.255
0.205,44.896,-8.941,0.229,0.229,0.253,0.253
0.203,45.026,-8.866,0.255,0.255,0.246,0.246
0.202,45.255,-8.823,0.230,0.230,0.258,0.258
0.201,45.418,-8.764,0.246,0.246,0.249,0.249
0.205,45.434,-8.960,0.224,0.224,0.256,0.256
0.206,45.402,-9.028,0.246,0.246,0.253,0.253
0.207,45.402,-9.068,0.223,0.223,0.253,0.253
0.205,45.385,-8.943,0.224,0.224,0.246,0.246
0.204,45.402,-8.930,0.218,0.218,0.232,0.232
0.204,45.369,-8.918,0.221,0.221,0.232,0.232
0.204,45.369,-8.933,0.215,0.215,0.218,0.218
0.203,45.402,-8.883,0.212,0.212,0.237,0.237
0.204,45.402,-8.931,0.215,0.215,0.250,0.250
0.204,45.369,-8.904,0.208,0.208,0.237,0.237
0.203,45.369,-8.880,0.212,0.212,0.230,0.230
0.201,45.206,-8.781,0.208,0.208,0.227,0.227
0.199,45.010,-8.711,0.217,0.217,0.240,0.240
0.200,44.863,-8.747,0.209,0.209,0.217,0.217
0.203,44.879,-8.891,0.218,0.218,0.238,0.238
0.204,44.863,-8.937,0.221,0.221,0.253,0.253
0.205,44.879,-8.974,0.227,0.227,0.244,0.244
0.203,44.896,-8.886,0.208,0.208,0.243,0.243
0.203,44.879,-8.852,0.224,0.224,0.241,0.241
0.203,44.765,-8.883,0.209,0.209,0.249,0.249
0.202,44.520,-8.838,0.230,0.230,0.241,0.241
0.203,44.406,-8.861,0.206,0.206,0.253,0.253
0.203,44.243,-8.886,0.238,0.238,0.267,0.267
0.202,44.031,-8.835,0.215,0.215,0.255,0.255
0.200,43.916,-8.758,0.235,0.235,0.247,0.247
0.199,43.737,-8.673,0.214,0.214,0.246,0.246
0.198,43.541,-8.670,0.233,0.233,0.250,0.250
0.203,43.411,-8.885,0.218,0.218,0.246,0.246
0.205,43.264,-8.976,0.233,0.233,0.249,0.249
0.204,43.052,-8.916,0.221,0.221,0.258,0.258
0.203,42.905,-8.871,0.224,0.224,0.253,0.253
0.203,42.774,-8.862,0.209,0.209,0.255,0.255
0.202,42.562,-8.842,0.235,0.235,0.247,0.247
0.203,42.562,-8.869,0.220,0.220,0.253,0.253
0.203,42.790,-8.878,0.224,0.224,0.243,0.243
0.202,42.937,-8.839,0.215,0.215,0.250,0.250
0.202,42.970,-8.816,0.218,0.218,0.252,0.252
0.200,42.937,-8.759,0.215,0.215,0.250,0.250
0.197,42.970,-8.629,0.208,0.208,0.252,0.252
0.199,42.790,-8.685,0.224,0.224,0.250,0.250
0.203,42.546,-8.847,0.211,0.211,0.250,0.250
0.205,42.399,-8.932,0.224,0.224,0.246,0.246
0.204,42.382,-8.931,0.220,0.220,0.256,0.256
0.203,42.268,-8.874,0.235,0.235,0.266,0.266
0.203,42.072,-8.858,0.230,0.230,0.279,0.279
0.203,41.942,-8.860,0.243,0.243,0.279,0.279
0.203,41.909,0.000,0.233,0.233,0.278,0.278
0.202,41.909,0.029,0.241,0.241,0.279,0.279
0.203,41.942,-0.015,0.223,0.223,0.252,0.252
0.203,41.942,-0.000,0.246,0.246,0.270,0.270
0.202,41.811,0.051,0.223,0.223,0.279,0.279
0.200,41.550,0.112,0.235,0.235,0.270,0.270
0.199,41.468,0.156,0.224,0.224,0.259,0.259
0.199,41.256,0.180,0.241,0.241,0.269,0.269
0.203,41.060,0.016,0.215,0.215,0.266,0.266
0.205,40.897,-0.082,0.235,0.235,0.243,0.243
0.205,40.783,-0.073,0.221,0.221,0.259,0.259
0.203,40.424,0.000,0.237,0.237,0.269,0.269
0.203,40.081,-0.013,0.209,0.209,0.258,0.258
0.203,39.788,-0.001,0.246,0.246,0.255,0.255
0.203,39.592,-0.005,0.218,0.218,0.256,0.256
0.203,39.461,0.016,0.232,0.232,0.253,0.253
0.203,39.477,0.016,0.224,0.224,0.235,0.235
0.203,39.494,0.013,0.249,0.249,0.255,0.255
0.199,39.494,0.151,0.223,0.223,0.266,0.266
0.201,39.494,0.080,0.238,0.238,0.253,0.253
0.204,39.347,-0.055,0.230,0.230,0.249,0.249
0.206,39.102,-0.112,0.238,0.238,0.247,0.247
0.206,38.972,-0.109,0.221,0.221,0.255,0.255
0.205,38.825,-0.076,0.241,0.241,0.255,0.255
0.203,38.612,-0.013,0.233,0.233,0.253,0.253
0.203,38.482,-0.010,0.255,0.255,0.255,0.255
0.204,38.319,-0.032,0.230,0.230,0.256,0.256
0.205,38.139,-0.079,0.243,0.243,0.253,0.253
0.205,37.894,-0.076,0.235,0.235,0.247,0.247
0.205,37.601,-0.088,0.227,0.227,0.258,0.258
0.203,37.356,-0.018,0.240,0.240,0.258,0.258
0.202,37.095,0.046,0.232,0.232,0.255,0.255
0.201,36.866,0.063,0.241,0.241,0.256,0.256
0.202,36.621,0.028,0.227,0.227,0.255,0.255
0.206,36.491,-0.125,0.238,0.238,0.252,0.252
0.208,36.491,-0.197,0.218,0.218,0.240,0.240
0.207,36.524,-0.162,0.233,0.233,0.252,0.252
0.206,36.524,-0.121,0.209,0.209,0.249,0.249
0.206,36.654,-0.101,0.221,0.221,0.235,0.235
0.205,36.883,-0.072,0.194,0.194,0.240,0.240
0.206,37.013,-0.106,0.211,0.211,0.227,0.227
0.206,37.062,-0.129,0.194,0.194,0.230,0.230
0.207,37.013,-0.139,0.221,0.221,0.229,0.229
0.207,36.834,-0.136,0.198,0.198,0.233,0.233
0.205,36.638,-0.080,0.229,0.229,0.226,0.226
0.202,36.507,0.017,0.215,0.215,0.240,0.240
0.204,36.491,-0.056,0.224,0.224,0.243,0.243
0.209,36.393,-0.227,0.215,0.215,0.233,0.233
0.210,36.181,-0.244,0.237,0.237,0.235,0.235
0.211,36.050,-0.287,0.220,0.220,0.240,0.240
0.208,36.001,-0.201,0.226,0.226,0.241,0.241
0.208,35.887,-0.199,0.224,0.224,0.249,0.249
0.209,35.675,-0.208,0.224,0.224,0.253,0.253
0.209,35.528,-0.216,0.227,0.227,0.249,0.249
0.209,35.381,-0.210,0.226,0.226,0.249,0.249
0.209,35.300,-0.223,0.233,0.233,0.252,0.252
0.208,35.283,-0.184,0.227,0.227,0.281,0.281
0.208,35.283,-0.180,0.226,0.226,0.255,0.255
0.205,35.430,-0.084,0.227,0.227,0.247,0.247
0.206,35.577,-0.124,0.223,0.223,0.252,0.252
0.211,35.430,-0.304,0.220,0.220,0.252,0.252
0.212,35.202,-0.335,0.221,0.221,0.250,0.250
0.213,35.022,-0.362,0.214,0.214,0.249,0.249
0.211,34.892,-0.303,0.229,0.229,0.259,0.259
0.211,34.663,-0.301,0.201,0.201,0.252,0.252
0.211,34.402,-0.285,0.229,0.229,0.252,0.252
0.212,34.173,-0.327,0.214,0.214,0.253,0.253
0.212,33.912,-0.322,0.224,0.224,0.250,0.250
0.212,33.684,-0.337,0.212,0.212,0.246,0.246
0.212,33.553,-0.320,0.226,0.226,0.244,0.244
0.212,33.423,-0.315,0.206,0.206,0.247,0.247
0.210,33.194,-0.248,0.218,0.218,0.250,0.250
0.210,33.047,-0.247,0.209,0.209,0.249,0.249
0.210,33.064,-0.273,0.229,0.229,0.250,0.250
0.216,33.211,-0.448,0.217,0.217,0.250,0.250
0.215,33.472,-0.410,0.240,0.240,0.249,0.249
0.215,33.455,-0.412,0.229,0.229,0.259,0.259
0.214,33.243,-0.401,0.246,0.246,0.253,0.253
0.215,33.047,-0.427,0.227,0.227,0.270,0.270
0.214,32.884,-0.400,0.249,0.249,0.278,0.278
0.215,32.705,-0.426,0.244,0.244,0.273,0.273
0.216,32.444,-0.457,0.249,0.249,0.270,0.270
0.215,32.215,-0.442,0.243,0.243,0.276,0.276
0.216,32.068,-0.458,0.250,0.250,0.264,0.264
0.215,32.117,-0.411,0.232,0.232,0.240,0.240
0.214,32.101,-0.403,0.253,0.253,0.266,0.266
0.213,31.987,-0.352,0.229,0.229,0.279,0.279
0.217,31.758,-0.499,0.233,0.233,0.266,0.266
0.219,31.611,-0.557,0.237,0.237,0.258,0.258
0.220,31.628,-0.592,0.233,0.233,0.255,0.255
0.219,31.628,-0.540,0.229,0.229,0.261,0.261
0.219,31.774,-0.552,0.229,0.229,0.250,0.250
0.218,31.905,-0.532,0.235,0.235,0.252,0.252
0.219,31.742,-0.546,0.224,0.224,0.252,0.252
0.219,31.644,-0.554,0.229,0.229,0.252,0.252
0.219,31.611,-0.562,0.224,0.224,0.249,0.249
0.220,31.725,-0.587,0.235,0.235,0.259,0.259
0.220,31.872,-0.580,0.212,0.212,0.258,0.258
0.217,31.758,-0.504,0.229,0.229,0.246,0.246
0.218,31.660,-0.516,0.215,0.215,0.243,0.243
0.222,31.709,-0.639,0.233,0.233,0.252,0.252
0.224,31.840,-0.696,0.214,0.214,0.249,0.249
0.224,31.791,-0.711,0.243,0.243,0.252,0.252
0.224,31.660,-0.707,0.227,0.227,0.267,0.267
0.223,31.611,-0.684,0.230,0.230,0.246,0.246
0.222,31.742,-0.660,0.226,0.226,0.249,0.249
0.224,32.003,-0.714,0.241,0.241,0.255,0.255
0.224,32.019,-0.711,0.220,0.220,0.249,0.249
0.225,31.791,-0.741,0.240,0.240,0.252,0.252
0.224,31.628,-0.727,0.227,0.227,0.252,0.252
0.224,31.579,-0.703,0.241,0.241,0.278,0.278
0.222,31.513,-0.661,0.221,0.221,0.256,0.256
0.223,31.383,-0.666,0.256,0.256,0.250,0.250
0.226,31.366,-0.773,0.230,0.230,0.252,0.252
0.229,31.236,-0.870,0.252,0.252,0.247,0.247
0.229,30.975,-0.856,0.220,0.220,0.249,0.249
0.228,30.860,-0.851,0.237,0.237,0.244,0.244
0.228,30.812,-0.823,0.218,0.218,0.255,0.255
0.228,30.877,-0.838,0.217,0.217,0.230,0.230
0.229,31.007,-0.867,0.212,0.212,0.240,0.240
0.229,31.268,-0.858,0.212,0.212,0.223,0.223
0.230,31.562,-0.900,0.209,0.209,0.230,0.230
0.230,31.530,-0.904,0.211,0.211,0.226,0.226
0.230,31.693,-0.913,0.224,0.224,0.235,0.235
0.228,32.395,-0.840,0.208,0.208,0.214,0.214
0.227,32.966,-0.810,0.223,0.223,0.235,0.235
0.228,33.227,-0.846,0.211,0.211,0.250,0.250
0.232,33.308,-0.964,0.221,0.221,0.235,0.235
0.235,33.488,-1.068,0.206,0.206,0.230,0.230
0.235,33.602,-1.060,0.215,0.215,0.232,0.232
0.234,33.602,-1.048,0.217,0.217,0.240,0.240
0.234,33.619,-1.047,0.227,0.227,0.227,0.227
0.234,33.716,-1.035,0.218,0.218,0.247,0.247
0.235,33.961,-1.058,0.235,0.235,0.246,0.246
0.235,34.108,-1.061,0.218,0.218,0.247,0.247
0.236,33.978,-1.107,0.230,0.230,0.246,0.246
0.236,33.700,-1.096,0.212,0.212,0.246,0.246
0.235,33.570,-1.071,0.238,0.238,0.246,0.246
0.233,33.553,-1.000,0.215,0.215,0.252,0.252
0.235,33.586,-1.061,0.227,0.227,0.250,0.250
0.239,33.602,-1.189,0.211,0.211,0.258,0.258
0.241,33.635,-1.273,0.235,0.235,0.252,0.252
0.241,33.733,-1.267,0.220,0.220,0.252,0.252
0.241,33.978,-1.275,0.235,0.235,0.249,0.249
0.240,34.108,-1.242,0.221,0.221,0.249,0.249
0.240,34.271,-1.254,0.230,0.230,0.246,0.246
0.240,34.500,-1.254,0.212,0.212,0.253,0.253
0.242,34.435,-1.295,0.230,0.230,0.250,0.250
0.242,34.076,-1.310,0.214,0.214,0.252,0.252
0.242,33.716,-1.306,0.218,0.218,0.252,0.252
0.241,33.374,-1.273,0.211,0.211,0.270,0.270
0.240,33.031,-1.233,0.226,0.226,0.250,0.250
0.241,32.362,-1.279,0.218,0.218,0.246,0.246
0.246,31.676,-1.424,0.209,0.209,0.237,0.237
0.247,31.171,-1.464,0.230,0.230,0.253,0.253
0.247,30.893,-1.460,0.220,0.220,0.253,0.253
0.247,30.567,-1.462,0.217,0.217,0.258,0.258
0.247,30.126,-1.452,0.230,0.230,0.272,0.272
0.246,29.849,-1.445,0.237,0.237,0.270,0.270
0.248,29.979,-1.489,0.232,0.232,0.270,0.270
0.248,30.224,-1.495,0.241,0.241,0.273,0.273
0.249,30.583,-1.525,0.237,0.237,0.276,0.276
0.249,30.812,-1.529,0.249,0.249,0.276,0.276
0.250,31.040,-1.548,0.227,0.227,0.273,0.273
0.248,31.122,-1.506,0.243,0.243,0.252,0.252
0.247,31.154,-1.453,0.226,0.226,0.269,0.269
0.249,31.268,-1.534,0.230,0.230,0.275,0.275
0.252,31.334,-1.608,0.223,0.223,0.273,0.273
0.255,31.236,-1.697,0.238,0.238,0.261,0.261
0.254,31.138,-1.675,0.218,0.218,0.261,0.261
0.254,30.942,-1.673,0.237,0.237,0.262,0.262
0.253,30.893,-1.664,0.218,0.218,0.243,0.243
0.254,30.860,-1.690,0.237,0.237,0.255,0.255
0.256,30.746,-1.748,0.214,0.214,0.264,0.264
0.256,30.632,-1.736,0.240,0.240,0.250,0.250
0.257,30.648,-1.759,0.221,0.221,0.249,0.249
0.257,30.763,-1.766,0.230,0.230,0.241,0.241
0.256,31.105,-1.727,0.218,0.218,0.258,0.258
0.255,31.628,-1.708,0.240,0.240,0.240,0.240
0.255,32.166,-1.719,0.226,0.226,0.255,0.255
0.261,32.688,-1.899,0.240,0.240,0.259,0.259
0.262,33.211,-1.938,0.233,0.233,0.253,0.253
0.262,33.651,-1.927,0.244,0.244,0.250,0.250
0.264,34.010,-1.991,0.226,0.226,0.237,0.237
0.262,34.108,-1.942,0.240,0.240,0.253,0.253
0.263,34.108,-1.959,0.230,0.230,0.266,0.266
0.263,33.912,-1.987,0.230,0.230,0.256,0.256
0.264,33.553,-2.000,0.227,0.227,0.252,0.252
0.265,33.194,-2.036,0.232,0.232,0.250,0.250
0.265,32.900,-2.024,0.240,0.240,0.256,0.256
0.264,32.688,-1.998,0.240,0.240,0.269,0.269
0.264,32.444,-1.993,0.241,0.241,0.259,0.259
0.264,32.231,-2.020,0.240,0.240,0.252,0.252
0.268,32.084,-2.142,0.227,0.227,0.256,0.256
0.270,32.101,-2.203,0.226,0.226,0.249,0.249
0.269,31.970,-2.162,0.227,0.227,0.252,0.252
0.270,31.758,-2.210,0.212,0.212,0.249,0.249
0.271,31.628,-2.229,0.221,0.221,0.256,0.256
0.271,31.709,-2.215,0.201,0.201,0.233,0.233
0.272,31.954,-2.263,0.218,0.218,0.235,0.235
0.273,32.019,-2.305,0.197,0.197,0.240,0.240
0.273,31.774,-2.287,0.224,0.224,0.238,0.238
0.274,31.644,-2.328,0.200,0.200,0.232,0.232
0.274,31.579,-2.319,0.221,0.221,0.229,0.229
0.272,31.758,-2.261,0.200,0.200,0.217,0.217
0.272,31.987,-2.274,0.229,0.229,0.237,0.237
0.275,32.150,-2.352,0.211,0.211,0.249,0.249
0.278,32.280,-2.458,0.233,0.233,0.233,0.233
0.280,32.476,-2.518,0.215,0.215,0.235,0.235
0.281,32.754,-2.546,0.235,0.235,0.241,0.241
0.280,32.998,-2.517,0.221,0.221,0.247,0.247
0.280,32.982,-2.520,0.230,0.230,0.224,0.224
0.281,32.754,-2.554,0.221,0.221,0.246,0.246
0.282,32.574,-2.576,0.223,0.223,0.255,0.255
0.282,32.541,-2.598,0.224,0.224,0.252,0.252
0.283,32.574,-2.623,0.226,0.226,0.252,0.252
0.283,32.607,-2.629,0.223,0.223,0.249,0.249
0.281,32.737,-2.555,0.224,0.224,0.247,0.247
0.281,32.966,-2.562,0.218,0.218,0.246,0.246
0.284,33.227,-2.640,0.230,0.230,0.247,0.247
0.289,33.521,-2.813,0.226,0.226,0.258,0.258
0.288,33.619,-2.797,0.220,0.220,0.253,0.253
0.290,33.602,-2.848,0.230,0.230,0.252,0.252
0.289,33.716,-2.835,0.212,0.212,0.237,0.237
0.290,33.945,-2.853,0.224,0.224,0.250,0.250
0.290,34.092,-2.844,0.211,0.211,0.258,0.258
0.291,34.141,-2.876,0.226,0.226,0.250,0.250
0.292,34.124,-2.923,0.212,0.212,0.249,0.249
0.293,33.945,-2.965,0.220,0.220,0.249,0.249
0.292,33.716,-2.924,0.211,0.211,0.250,0.250
0.292,33.602,-2.935,0.230,0.230,0.264,0.264
0.291,33.586,-2.872,0.198,0.198,0.247,0.247
0.292,33.570,-2.921,0.220,0.220,0.240,0.240
0.297,33.733,-3.078,0.209,0.209,0.246,0.246
0.299,33.961,-3.150,0.233,0.233,0.250,0.250
0.300,34.255,-3.180,0.206,0.206,0.250,0.250
0.300,34.467,-3.186,0.237,0.237,0.253,0.253
0.301,34.728,-3.212,0.230,0.230,0.276,0.276
0.299,34.973,-3.147,0.246,0.246,0.266,0.266
0.301,35.234,-3.217,0.235,0.235,0.273,0.273
0.301,35.300,-3.241,0.253,0.253,0.270,0.270
0.303,35.218,-3.306,0.230,0.230,0.275,0.275
0.304,35.218,-3.332,0.256,0.256,0.269,0.269
0.303,35.397,-3.304,0.233,0.233,0.275,0.275
0.302,35.561,-3.251,0.250,0.250,0.272,0.272
0.302,35.610,-3.257,0.223,0.223,0.278,0.278
0.302,35.724,-3.272,0.255,0.255,0.266,0.266
0.307,35.936,-3.457,0.229,0.229,0.273,0.273
0.309,36.067,-3.520,0.241,0.241,0.258,0.258
0.311,36.083,-3.587,0.232,0.232,0.264,0.264
0.311,36.067,-3.591,0.241,0.241,0.262,0.262
0.310,36.067,-3.564,0.221,0.221,0.243,0.243
0.312,36.050,-3.624,0.240,0.240,0.258,0.258
0.313,36.067,-3.644,0.224,0.224,0.269,0.269
0.313,36.034,-3.662,0.229,0.229,0.249,0.249
0.315,36.067,-3.717,0.229,0.229,0.258,0.258
0.314,36.050,-3.689,0.227,0.227,0.250,0.250
0.313,36.230,-3.671,0.233,0.233,0.259,0.259
0.313,36.540,-3.654,0.217,0.217,0.246,0.246
0.314,37.062,-3.698,0.232,0.232,0.258,0.258
0.319,37.486,-3.874,0.224,0.224,0.258,0.258
0.321,37.715,-3.962,0.227,0.227,0.252,0.252
0.321,37.829,-3.952,0.221,0.221,0.249,0.249
0.322,37.796,-3.983,0.233,0.233,0.238,0.238
0.322,37.927,-3.996,0.220,0.220,0.252,0.252
0.323,37.862,-4.032,0.227,0.227,0.261,0.261
0.324,37.813,-4.055,0.227,0.227,0.255,0.255
0.325,38.025,-4.099,0.237,0.237,0.252,0.252
0.327,38.482,-4.167,0.221,0.221,0.256,0.256
0.325,38.923,-4.119,0.247,0.247,0.255,0.255
0.324,39.053,-4.083,0.224,0.224,0.273,0.273
0.324,39.037,-4.053,0.240,0.240,0.255,0.255
0.325,39.004,-4.109,0.223,0.223,0.252,0.252
0.330,38.988,-4.316,0.246,0.246,0.255,0.255
0.333,39.004,-4.401,0.224,0.224,0.258,0.258
0.333,38.988,-4.423,0.237,0.237,0.256,0.256
0.333,38.988,-4.436,0.215,0.215,0.252,0.252
0.334,39.020,-4.445,0.235,0.235,0.258,0.258
0.334,38.972,-4.466,0.206,0.206,0.230,0.230
0.334,39.151,-4.475,0.217,0.217,0.237,0.237
0.335,39.396,-4.506,0.203,0.203,0.227,0.227
0.337,39.380,-4.584,0.217,0.217,0.233,0.233
0.337,39.167,-4.590,0.206,0.206,0.229,0.229
0.338,38.841,-4.606,0.215,0.215,0.237,0.237
0.336,38.580,-4.520,0.215,0.215,0.221,0.221
0.337,38.466,-4.557,0.220,0.220,0.241,0.241
0.339,38.482,-4.670,0.215,0.215,0.256,0.256
0.345,38.498,-4.873,0.220,0.220,0.233,0.233
0.346,38.498,-4.926,0.223,0.223,0.244,0.244
0.346,38.498,-4.921,0.215,0.215,0.246,0.246
0.346,38.515,-4.934,0.226,0.226,0.249,0.249
0.347,38.498,-4.958,0.218,0.218,0.220,0.220
0.348,38.515,-4.989,0.227,0.227,0.246,0.246
0.349,38.629,-5.048,0.211,0.211,0.259,0.259
0.350,38.743,-5.087,0.232,0.232,0.250,0.250
0.351,38.792,-5.111,0.218,0.218,0.250,0.250
0.350,38.727,-5.087,0.227,0.227,0.249,0.249
0.350,38.776,-5.072,0.218,0.218,0.258,0.258
0.349,38.727,-5.037,0.233,0.233,0.246,0.246
0.352,38.482,-5.146,0.217,0.217,0.255,0.255
0.358,37.992,-5.366,0.226,0.226,0.261,0.261
0.358,37.617,-5.382,0.221,0.221,0.253,0.253
0.359,37.323,-5.425,0.229,0.229,0.249,0.249
0.359,37.127,-5.435,0.208,0.208,0.240,0.240
0.360,36.980,-5.440,0.241,0.241,0.255,0.255
0.361,37.013,-5.481,0.212,0.212,0.261,0.261
0.362,36.997,-5.524,0.241,0.241,0.249,0.249
0.363,37.046,-5.563,0.204,0.204,0.249,0.249
0.364,37.013,-5.603,0.227,0.227,0.253,0.253
0.365,37.013,-5.623,0.212,0.212,0.255,0.255
0.363,37.029,-5.557,0.218,0.218,0.253,0.253
0.364,37.176,-5.595,0.215,0.215,0.255,0.255
0.363,37.437,-5.574,0.229,0.229,0.244,0.244
0.368,37.535,-5.766,0.218,0.218,0.253,0.253
0.373,37.568,-5.935,0.229,0.229,0.250,0.250
0.372,37.503,-5.915,0.232,0.232,0.255,0.255
0.373,37.519,-5.961,0.233,0.233,0.253,0.253
0.373,37.682,-5.944,0.230,0.230,0.285,0.285
0.373,37.862,-5.960,0.237,0.237,0.272,0.272
0.375,37.911,-6.024,0.240,0.240,0.275,0.275
0.376,37.682,-6.051,0.238,0.238,0.270,0.270
0.378,37.356,-6.130,0.252,0.252,0.273,0.273
0.378,37.111,-6.148,0.235,0.235,0.272,0.272
0.378,37.111,-6.127,0.238,0.238,0.278,0.278
0.377,37.372,-6.107,0.240,0.240,0.279,0.279
0.377,37.519,-6.111,0.240,0.240,0.276,0.276
0.378,37.584,-6.132,0.226,0.226,0.264,0.264
0.383,37.552,-6.333,0.230,0.230,0.275,0.275
0.387,37.503,-6.472,0.224,0.224,0.270,0.270
0.387,37.535,-6.455,0.226,0.226,0.266,0.266
0.388,37.519,-6.490,0.218,0.218,0.261,0.261
0.388,37.552,-6.516,0.235,0.235,0.264,0.264
0.389,37.535,-6.538,0.220,0.220,0.261,0.261
0.389,37.519,-6.546,0.233,0.233,0.259,0.259
0.391,37.503,-6.627,0.215,0.215,0.259,0.259
0.392,37.519,-6.641,0.237,0.237,0.256,0.256
0.391,37.388,-6.636,0.214,0.214,0.249,0.249
0.390,37.274,-6.598,0.230,0.230,0.241,0.241
0.390,37.388,-6.563,0.215,0.215,0.246,0.246
0.396,37.519,-6.816,0.237,0.237,0.249,0.249
0.400,37.552,-6.950,0.215,0.215,0.261,0.261
0.401,37.650,-6.992,0.238,0.238,0.255,0.255
0.401,37.911,-7.009,0.224,0.224,0.255,0.255
0.401,38.156,-6.980,0.238,0.238,0.255,0.255
0.401,38.417,-6.994,0.221,0.221,0.261,0.261
0.403,38.531,-7.064,0.246,0.246,0.259,0.259
0.404,38.531,-7.109,0.221,0.221,0.258,0.258
0.405,38.515,-7.165,0.237,0.237,0.255,0.255
0.407,38.498,-7.217,0.230,0.230,0.264,0.264
0.407,38.498,-7.208,0.243,0.243,0.262,0.262
0.406,38.515,-7.193,0.227,0.227,0.258,0.258
0.405,38.629,-7.167,0.253,0.253,0.255,0.255
0.408,38.776,-7.246,0.237,0.237,0.262,0.262
0.414,38.776,-7.504,0.246,0.246,0.255,0.255
0.416,39.037,-7.570,0.230,0.230,0.255,0.255
0.417,39.363,-7.596,0.238,0.238,0.255,0.255
0.416,39.690,-7.579,0.229,0.229,0.259,0.259
0.417,40.032,-7.618,0.215,0.215,0.249,0.249
0.418,40.522,-7.656,0.220,0.220,0.238,0.238
0.420,40.865,-7.733,0.209,0.209,0.226,0.226
0.420,41.028,-7.756,0.217,0.217,0.232,0.232
0.423,40.995,-7.848,0.209,0.209,0.240,0.240
0.423,40.963,-7.854,0.224,0.224,0.233,0.233
0.422,40.914,-7.801,0.208,0.208,0.243,0.243
0.420,40.946,-7.736,0.212,0.212,0.237,0.237
0.424,40.963,-7.892,0.209,0.209,0.232,0.232
0.426,40.930,-7.998,0.221,0.221,0.235,0.235
0.431,40.930,-8.182,0.208,0.208,0.235,0.235
0.432,40.848,-8.228,0.223,0.223,0.249,0.249
0.432,40.587,-8.237,0.212,0.212,0.246,0.246
0.433,40.473,-8.266,0.230,0.230,0.250,0.250
0.433,40.408,-8.271,0.217,0.217,0.252,0.252
0.435,40.571,-8.335,0.238,0.238,0.249,0.249
0.436,40.832,-8.372,0.223,0.223,0.240,0.240
0.438,40.979,-8.462,0.233,0.233,0.250,0.250
0.439,41.158,-8.503,0.212,0.212,0.255,0.255
0.437,41.371,-8.432,0.240,0.240,0.253,0.253
0.437,41.338,-8.411,0.218,0.218,0.255,0.255
0.439,41.109,-8.526,0.237,0.237,0.262,0.262
0.445,40.914,-8.749,0.224,0.224,0.256,0.256
0.447,40.799,-8.823,0.243,0.243,0.226,0.226
0.448,40.587,-8.898,0.217,0.217,0.255,0.255
0.447,40.326,-8.841,0.233,0.233,0.255,0.255
0.449,39.951,-8.908,0.224,0.224,0.258,0.258
0.449,39.575,-8.932,0.233,0.233,0.253,0.253
0.450,39.494,-8.967,0.218,0.218,0.250,0.250
0.453,39.592,-9.073,0.227,0.227,0.253,0.253
0.453,39.869,-9.094,0.215,0.215,0.255,0.255
0.455,39.983,-9.146,0.223,0.223,0.250,0.250
0.454,40.196,-9.111,0.230,0.230,0.255,0.255
0.455,40.375,-9.141,0.218,0.218,0.252,0.252
0.455,40.457,-9.163,0.224,0.224,0.255,0.255
0.458,40.506,-9.275,0.206,0.206,0.238,0.238
0.463,40.489,-9.483,0.224,0.224,0.256,0.256
0.465,40.342,-9.563,0.215,0.215,0.264,0.264
0.466,39.918,-9.605,0.220,0.220,0.255,0.255
0.465,39.592,-9.557,0.215,0.215,0.253,0.253
0.467,39.314,-9.629,0.238,0.238,0.266,0.266
0.468,38.939,-9.669,0.232,0.232,0.270,0.270
0.469,38.449,-9.709,0.246,0.246,0.290,0.290
0.471,38.074,-9.816,0.232,0.232,0.276,0.276
0.473,37.813,-9.861,0.244,0.244,0.270,0.270
0.473,37.486,-9.856,0.227,0.227,0.276,0.276
0.472,37.127,-9.846,0.249,0.249,0.273,0.273
0.472,37.013,-9.844,0.223,0.223,0.272,0.272
0.475,37.127,-9.935,0.240,0.240,0.272,0.272
0.479,37.552,-10.108,0.227,0.227,0.293,0.293
0.482,37.911,-10.198,0.246,0.246,0.276,0.276
0.482,38.221,-10.226,0.223,0.223,0.261,0.261
0.484,38.417,-10.300,0.244,0.244,0.266,0.266
0.483,38.498,-10.245,0.221,0.221,0.261,0.261
0.485,38.515,-10.310,0.237,0.237,0.264,0.264
0.486,38.368,-10.366,0.217,0.217,0.259,0.259
0.488,38.123,-10.422,0.240,0.240,0.275,0.275
0.489,37.845,-10.480,0.215,0.215,0.261,0.261
0.491,37.617,-10.540,0.233,0.233,0.253,0.253
0.489,37.340,-10.465,0.226,0.226,0.256,0.256
0.489,37.144,-10.485,0.240,0.240,0.255,0.255
0.495,36.980,-10.714,0.229,0.229,0.256,0.256
0.497,37.127,-10.777,0.243,0.243,0.258,0.258
0.499,37.519,-10.846,0.227,0.227,0.250,0.250
0.499,38.058,-10.862,0.240,0.240,0.258,0.258
0.500,38.580,-10.877,0.217,0.217,0.262,0.262
0.502,39.086,-10.947,0.238,0.238,0.262,0.262
0.503,39.461,-11.009,0.230,0.230,0.258,0.258
0.504,39.543,-11.033,0.241,0.241,0.255,0.255
0.506,39.543,-11.121,0.230,0.230,0.253,0.253
0.507,39.641,-11.159,0.247,0.247,0.253,0.253
0.509,39.967,-11.229,0.238,0.238,0.262,0.262
0.507,40.506,-11.178,0.240,0.240,0.261,0.261
0.507,40.865,-11.173,0.240,0.240,0.266,0.266
0.511,41.028,-11.342,0.237,0.237,0.259,0.259
0.516,40.963,-11.511,0.227,0.227,0.256,0.256
0.517,41.109,-11.584,0.240,0.240,0.261,0.261
0.517,41.452,-11.579,0.238,0.238,0.256,0.256
0.519,41.958,-11.634,0.221,0.221,0.256,0.256
0.519,42.529,-11.662,0.243,0.243,0.258,0.258
0.521,42.856,-11.736,0.211,0.211,0.252,0.252
0.522,43.003,-11.784,0.223,0.223,0.238,0.238
0.524,42.954,-11.855,0.197,0.197,0.229,0.229
0.526,42.790,-11.944,0.218,0.218,0.232,0.232
0.526,42.529,-11.976,0.197,0.197,0.230,0.230
0.525,42.431,-11.931,0.215,0.215,0.237,0.237
0.526,42.546,-11.951,0.197,0.197,0.247,0.247
0.531,42.758,-12.188,0.226,0.226,0.241,0.241
0.534,42.937,-12.289,0.212,0.212,0.238,0.238
0.536,42.937,-12.369,0.226,0.226,0.241,0.241
0.536,43.084,-12.392,0.212,0.212,0.240,0.240
0.537,43.296,-12.406,0.233,0.233,0.238,0.238
0.538,43.574,-12.482,0.220,0.220,0.244,0.244
0.539,43.819,-12.533,0.221,0.221,0.249,0.249
0.540,43.933,-12.568,0.218,0.218,0.253,0.253
0.543,43.916,-12.676,0.233,0.233,0.252,0.252
0.543,44.063,-12.705,0.221,0.221,0.267,0.267
0.545,44.259,-12.774,0.243,0.243,0.249,0.249
0.544,44.569,-12.750,0.226,0.226,0.249,0.249
0.546,44.781,-12.817,0.235,0.235,0.252,0.252
0.551,44.945,-13.040,0.223,0.223,0.261,0.261
0.554,45.043,-13.167,0.230,0.230,0.256,0.256
0.554,45.271,-13.179,0.227,0.227,0.253,0.253
0.555,45.222,-13.215,0.217,0.217,0.279,0.279
0.556,45.043,-13.272,0.230,0.230,0.256,0.256
0.557,44.863,-13.333,0.221,0.221,0.252,0.252
0.559,44.716,-13.403,0.223,0.223,0.243,0.243
0.561,44.471,-13.502,0.220,0.220,0.252,0.252
0.562,44.259,-13.553,0.230,0.230,0.255,0.255
0.562,43.868,-13.523,0.220,0.220,0.258,0.258
0.561,43.508,-13.501,0.212,0.212,0.269,0.269
0.563,43.231,-13.594,0.208,0.208,0.252,0.252
0.567,43.003,-13.769,0.221,0.221,0.247,0.247
0.571,42.758,-13.905,0.200,0.200,0.249,0.249
0.574,42.676,-14.063,0.221,0.221,0.252,0.252
0.573,42.905,-14.024,0.209,0.209,0.255,0.255
0.574,43.443,-14.072,0.223,0.223,0.250,0.250
0.576,43.672,-14.142,0.214,0.214,0.264,0.264
0.578,43.590,-14.220,0.223,0.223,0.253,0.253
0.578,43.460,-14.241,0.211,0.211,0.258,0.258
0.580,43.378,-14.333,0.230,0.230,0.259,0.259
0.582,43.378,-14.416,0.232,0.232,0.276,0.276
0.583,43.280,-14.459,0.246,0.246,0.278,0.278
0.584,43.035,-14.511,0.229,0.229,0.276,0.276
0.584,42.888,-14.489,0.253,0.253,0.290,0.290
0.586,43.052,-14.562,0.232,0.232,0.281,0.281
0.589,43.394,-14.720,0.255,0.255,0.266,0.266
0.593,43.802,-14.872,0.230,0.230,0.269,0.269
0.595,43.949,-14.950,0.243,0.243,0.272,0.272
0.596,43.737,-15.027,0.221,0.221,0.275,0.275
0.597,43.737,-15.062,0.244,0.244,0.275,0.275
0.598,43.851,-15.084,0.223,0.223,0.295,0.295
0.600,44.357,-15.182,0.241,0.241,0.264,0.264
0.600,44.781,-15.198,0.221,0.221,0.262,0.262
0.603,44.945,-15.307,0.246,0.246,0.267,0.267
0.605,44.928,-15.410,0.224,0.224,0.264,0.264
0.605,44.732,-15.421,0.240,0.240,0.256,0.256
0.605,44.504,-15.427,0.226,0.226,0.258,0.258
0.606,44.357,-15.449,0.240,0.240,0.266,0.266
0.607,44.194,-15.514,0.226,0.226,0.258,0.258
0.613,43.868,-15.767,0.230,0.230,0.261,0.261
0.616,43.394,-15.913,0.230,0.230,0.258,0.258
0.617,42.986,-15.924,0.229,0.229,0.252,0.252
0.618,42.823,-15.997,0.227,0.227,0.252,0.252
0.619,42.872,-16.008,0.243,0.243,0.253,0.253
0.621,42.921,-16.108,0.235,0.235,0.253,0.253
0.621,42.921,-16.125,0.233,0.233,0.256,0.256
0.624,42.644,-16.221,0.235,0.235,0.259,0.259
0.626,41.909,-16.321,0.229,0.229,0.258,0.258
0.626,41.158,-16.329,0.241,0.241,0.258,0.258
0.625,40.848,-16.292,0.240,0.240,0.255,0.255
0.628,40.685,-16.386,0.262,0.262,0.256,0.256
0.629,40.408,-16.442,0.258,0.258,0.253,0.253
0.635,39.771,-16.672,0.267,0.267,0.255,0.255
0.638,38.906,-16.793,0.256,0.256,0.258,0.258
0.637,38.156,-16.768,0.276,0.276,0.258,0.258
0.639,37.911,-16.837,0.258,0.258,0.261,0.261
0.640,37.780,-16.896,0.272,0.272,0.247,0.247
0.642,37.470,-16.945,0.252,0.252,0.253,0.253
0.643,37.029,-17.007,0.261,0.261,0.249,0.249
0.646,36.491,-17.093,0.232,0.232,0.255,0.255
0.647,35.969,-17.129,0.270,0.270,0.247,0.247
0.649,35.479,-17.206,0.250,0.250,0.240,0.240
0.649,34.989,-17.199,0.264,0.264,0.227,0.227
0.648,34.614,-17.167,0.244,0.244,0.226,0.226
0.650,34.663,-17.251,0.264,0.264,0.237,0.237
0.655,35.071,-17.400,0.240,0.240,0.232,0.232
0.660,35.577,-17.603,0.262,0.262,0.237,0.237
0.660,36.295,-17.601,0.246,0.246,0.244,0.244
0.661,36.850,-17.644,0.262,0.262,0.244,0.244
0.662,36.932,-17.678,0.244,0.244,0.241,0.241
0.664,36.393,-17.741,0.244,0.244,0.249,0.249
0.665,35.495,-17.794,0.243,0.243,0.243,0.243
0.667,34.418,-17.853,0.249,0.249,0.246,0.246
0.669,33.406,-17.914,0.241,0.241,0.252,0.252
0.672,32.427,-18.002,0.244,0.244,0.255,0.255
0.671,31.448,-17.987,0.240,0.240,0.256,0.256
0.669,30.485,-17.933,0.230,0.230,0.252,0.252
0.672,29.473,-17.997,0.215,0.215,0.273,0.273
0.678,28.641,-18.178,0.223,0.223,0.255,0.255
0.681,28.037,-18.262,0.224,0.224,0.252,0.252
0.683,27.678,-18.319,0.214,0.214,0.253,0.253
0.684,27.466,-18.362,0.226,0.226,0.255,0.255
0.683,27.140,-18.333,0.200,0.200,0.258,0.258
0.686,26.650,-18.399,0.206,0.206,0.256,0.256
0.688,25.997,-18.458,0.186,0.186,0.267,0.267
0.688,25.230,-18.471,0.209,0.209,0.250,0.250
0.691,24.610,-18.538,0.191,0.191,0.247,0.247
0.694,24.104,-18.597,0.194,0.194,0.249,0.249
0.693,23.663,-18.578,0.182,0.182,0.256,0.256
0.691,23.141,-18.546,0.195,0.195,0.252,0.252
0.694,22.831,-18.606,0.177,0.177,0.253,0.253
0.699,22.717,-18.715,0.189,0.189,0.243,0.243
0.702,22.717,-18.790,0.188,0.188,0.249,0.249
0.705,22.782,-18.850,0.191,0.191,0.250,0.250
0.706,22.652,-18.866,0.169,0.169,0.252,0.252
0.705,22.260,-18.854,0.197,0.197,0.249,0.249
0.707,21.607,-18.900,0.177,0.177,0.250,0.250
0.709,20.807,-18.932,0.201,0.201,0.256,0.256
0.711,20.187,-18.979,0.195,0.195,0.258,0.258
0.713,19.714,-19.022,0.226,0.226,0.262,0.262
0.714,19.257,-19.036,0.220,0.220,0.284,0.284
0.715,18.767,-19.069,0.218,0.218,0.273,0.273
0.716,18.278,-19.071,0.211,0.211,0.278,0.278
0.715,17.772,-19.066,0.226,0.226,0.272,0.272
0.718,17.266,-19.105,0.209,0.209,0.278,0.278
0.724,16.940,-19.210,0.235,0.235,0.270,0.270
0.725,16.923,-19.235,0.214,0.214,0.275,0.275
0.727,17.168,-19.272,0.214,0.214,0.273,0.273
0.728,17.364,-19.285,0.215,0.215,0.269,0.269
0.729,17.348,-19.303,0.215,0.215,0.273,0.273
0.731,17.184,-19.338,0.224,0.224,0.276,0.276
0.733,16.842,-19.362,0.215,0.215,0.269,0.269
0.734,16.483,-19.385,0.227,0.227,0.267,0.267
0.735,16.287,-19.408,0.211,0.211,0.267,0.267
0.738,16.483,-19.449,0.195,0.195,0.269,0.269
0.737,16.727,-19.438,0.209,0.209,0.259,0.259
0.738,16.744,-19.450,0.224,0.224,0.256,0.256
0.739,16.548,-19.474,0.214,0.214,0.267,0.267
0.744,16.352,-19.546,0.229,0.229,0.262,0.262
0.747,16.352,-19.606,0.217,0.217,0.247,0.247
0.749,16.385,-19.629,0.224,0.224,0.253,0.253
0.749,16.417,-19.630,0.212,0.212,0.258,0.258
0.751,16.368,-19.669,0.232,0.232,0.255,0.255
0.752,16.254,-19.687,0.217,0.217,0.255,0.255
0.754,16.009,-19.716,0.232,0.232,0.273,0.273
0.755,15.862,-19.733,0.214,0.214,0.256,0.256
0.758,15.862,-19.770,0.229,0.229,0.243,0.243
0.759,15.879,-19.789,0.209,0.209,0.253,0.253
0.760,15.895,-19.808,0.226,0.226,0.258,0.258
0.760,15.911,-19.808,0.217,0.217,0.255,0.255
0.760,15.879,-19.806,0.233,0.233,0.252,0.252
0.765,15.732,-19.894,0.212,0.212,0.255,0.255
0.770,15.650,-19.966,0.241,0.241,0.252,0.252
0.770,15.732,-19.962,0.211,0.211,0.259,0.259
0.772,15.732,-19.997,0.229,0.229,0.255,0.255
0.773,15.552,-20.011,0.211,0.211,0.256,0.256
0.774,15.242,-20.029,0.233,0.233,0.253,0.253
0.775,14.965,-20.048,0.208,0.208,0.256,0.256
0.778,14.704,-20.084,0.214,0.214,0.243,0.243
0.778,14.312,-20.093,0.203,0.203,0.252,0.252
0.781,13.724,-20.135,0.211,0.211,0.243,0.243
0.782,12.957,-20.149,0.200,0.200,0.232,0.232
0.781,12.305,-20.132,0.208,0.208,0.227,0.227
0.782,11.815,-20.144,0.204,0.204,0.229,0.229
0.788,11.342,-20.211,0.197,0.197,0.243,0.243
0.787,10.901,-20.199,0.198,0.198,0.233,0.233
0.792,10.379,-20.256,0.200,0.200,0.232,0.232
0.795,9.906,-20.281,0.201,0.201,0.238,0.238
0.794,9.400,-20.276,0.201,0.201,0.240,0.240
0.795,8.910,-20.290,0.217,0.217,0.237,0.237
0.797,8.535,-20.305,0.211,0.211,0.261,0.261
0.799,8.323,-20.318,0.217,0.217,0.241,0.241
0.800,7.931,-20.329,0.200,0.200,0.243,0.243
0.803,7.327,-20.348,0.232,0.232,0.246,0.246
0.803,6.429,-20.350,0.208,0.208,0.247,0.247
0.803,5.564,-20.353,0.224,0.224,0.244,0.244
0.803,4.797,-20.351,0.208,0.208,0.250,0.250
0.807,4.030,-20.367,0.229,0.229,0.267,0.267
0.812,3.361,-20.387,0.209,0.209,0.256,0.256
0.813,2.480,-20.391,0.230,0.230,0.241,0.241
0.814,1.517,-20.393,0.212,0.212,0.247,0.247
0.816,0.587,-20.395,0.237,0.237,0.247,0.247
0.818,-0.245,-20.395,0.215,0.215,0.249,0.249
0.818,-0.915,-20.395,0.232,0.232,0.250,0.250
0.821,-1.584,-20.391,0.208,0.208,0.270,0.270
0.823,-2.285,-20.388,0.232,0.232,0.252,0.252
0.824,-2.759,-20.385,0.201,0.201,0.246,0.246
0.825,-3.020,-20.381,0.229,0.229,0.249,0.249
0.826,-3.379,-20.379,0.218,0.218,0.252,0.252
0.826,-3.803,-20.379,0.220,0.220,0.246,0.246
0.828,-4.179,-20.371,0.221,0.221,0.247,0.247
0.833,-4.195,-20.348,0.215,0.215,0.243,0.243
0.836,-3.950,-20.339,0.223,0.223,0.247,0.247
0.837,-3.607,-20.335,0.204,0.204,0.249,0.249
0.838,-3.363,-20.330,0.221,0.221,0.252,0.252
0.839,-3.118,-20.328,0.214,0.214,0.244,0.244
0.840,-2.742,-20.323,0.212,0.212,0.246,0.246
0.843,-2.383,-20.317,0.223,0.223,0.249,0.249
0.844,-2.122,-20.315,0.224,0.224,0.253,0.253
0.846,-1.894,-20.311,0.232,0.232,0.255,0.255
0.847,-1.633,-20.309,0.243,0.243,0.278,0.278
0.847,-1.274,-20.308,0.230,0.230,0.270,0.270
0.847,-0.735,-20.308,0.243,0.243,0.276,0.276
0.850,-0.131,-20.307,0.221,0.221,0.270,0.270
0.853,0.228,-20.307,0.244,0.244,0.270,0.270
0.856,0.358,-20.308,0.229,0.229,0.266,0.266
0.860,0.554,-20.310,0.230,0.230,0.264,0.264
0.860,0.620,-20.309,0.232,0.232,0.270,0.270
0.861,0.766,-20.310,0.243,0.243,0.267,0.267
0.863,1.028,-20.312,0.218,0.218,0.275,0.275
0.863,1.289,-20.313,0.241,0.241,0.288,0.288
0.866,1.648,-20.316,0.221,0.221,0.256,0.256
0.868,1.990,-20.321,0.235,0.235,0.246,0.246
0.869,2.284,-20.322,0.214,0.214,0.255,0.255
0.870,2.529,-20.324,0.243,0.243,0.264,0.264
0.870,2.741,-20.325,0.212,0.212,0.253,0.253
0.870,3.002,-20.324,0.238,0.238,0.246,0.246
0.872,3.100,-20.332,0.224,0.224,0.279,0.279
0.878,3.263,-20.351,0.238,0.238,0.249,0.249
0.881,3.606,-20.360,0.224,0.224,0.237,0.237
0.882,4.112,-20.362,0.237,0.237,0.249,0.249
0.884,4.504,-20.371,0.226,0.226,0.253,0.253
0.884,4.602,-20.372,0.232,0.232,0.247,0.247
0.886,4.748,-20.381,0.221,0.221,0.253,0.253
0.888,4.928,-20.392,0.237,0.237,0.262,0.262
0.888,5.189,-20.394,0.230,0.230,0.252,0.252
0.891,5.450,-20.409,0.233,0.233,0.247,0.247
0.892,5.695,-20.414,0.233,0.233,0.244,0.244
0.891,6.070,-20.406,0.238,0.238,0.250,0.250
0.891,6.429,-20.407,0.233,0.233,0.252,0.252
0.897,6.691,-20.444,0.233,0.233,0.253,0.253
0.901,6.952,-20.473,0.237,0.237,0.273,0.273
0.903,7.164,-20.485,0.233,0.233,0.255,0.255
0.904,7.409,-20.494,0.235,0.235,0.247,0.247
0.905,7.670,-20.506,0.233,0.233,0.253,0.253
0.906,7.915,-20.512,0.235,0.235,0.250,0.250
0.908,8.029,-20.524,0.227,0.227,0.247,0.247
0.909,7.915,-20.532,0.238,0.238,0.249,0.249
0.911,7.604,-20.548,0.217,0.217,0.269,0.269
0.913,7.327,-20.562,0.232,0.232,0.246,0.246
0.914,7.050,-20.574,0.198,0.198,0.220,0.220
0.914,6.984,-20.571,0.221,0.221,0.227,0.227
0.915,6.952,-20.579,0.203,0.203,0.229,0.229
0.916,6.903,-20.584,0.218,0.218,0.230,0.230
0.917,6.642,-20.595,0.195,0.195,0.230,0.230
0.924,6.527,-20.641,0.233,0.233,0.240,0.240
0.925,6.478,-20.644,0.200,0.200,0.240,0.240
0.926,6.511,-20.654,0.226,0.226,0.237,0.237
0.929,6.364,-20.670,0.212,0.212,0.235,0.235
0.929,6.168,-20.668,0.230,0.230,0.227,0.227
0.931,6.021,-20.686,0.220,0.220,0.238,0.238
0.933,6.054,-20.694,0.226,0.226,0.237,0.237
0.934,6.021,-20.700,0.221,0.221,0.224,0.224
0.936,5.924,-20.715,0.221,0.221,0.243,0.243
0.937,5.646,-20.720,0.224,0.224,0.259,0.259
0.935,5.548,-20.711,0.217,0.217,0.243,0.243
0.937,5.483,-20.721,0.229,0.229,0.243,0.243
0.941,5.532,-20.740,0.226,0.226,0.232,0.232
0.945,5.679,-20.762,0.221,0.221,0.256,0.256
0.948,5.940,-20.779,0.227,0.227,0.249,0.249
0.950,6.054,-20.791,0.224,0.224,0.249,0.249
0.949,6.103,-20.788,0.201,0.201,0.252,0.252
0.950,6.021,-20.795,0.223,0.223,0.247,0.247
0.953,5.907,-20.812,0.209,0.209,0.247,0.247
0.953,5.662,-20.813,0.221,0.221,0.258,0.258
0.956,5.222,-20.827,0.206,0.206,0.246,0.246
0.957,4.765,-20.834,0.224,0.224,0.240,0.240
0.958,4.373,-20.838,0.217,0.217,0.250,0.250
0.958,4.128,-20.838,0.240,0.240,0.253,0.253
0.959,3.884,-20.840,0.224,0.224,0.255,0.255
0.960,3.524,-20.843,0.246,0.246,0.246,0.246
0.965,2.904,-20.862,0.224,0.224,0.253,0.253
0.970,2.121,-20.873,0.233,0.233,0.240,0.240
0.969,1.517,-20.872,0.226,0.226,0.246,0.246
0.972,1.191,-20.875,0.244,0.244,0.246,0.246
0.972,0.881,-20.876,0.217,0.217,0.249,0.249
0.973,0.734,-20.877,0.258,0.258,0.246,0.246
0.976,0.620,-20.878,0.240,0.240,0.249,0.249
0.977,0.587,-20.879,0.256,0.256,0.243,0.243
0.979,0.636,-20.880,0.252,0.252,0.253,0.253
0.980,0.766,-20.881,0.273,0.273,0.276,0.276
0.982,1.011,-20.882,0.253,0.253,0.273,0.273
0.981,1.321,-20.881,0.266,0.266,0.267,0.267
0.982,1.517,-20.883,0.262,0.262,0.272,0.272
0.989,1.648,-20.894,0.267,0.267,0.270,0.270
0.990,1.484,-20.895,0.264,0.264,0.246,0.246
0.993,1.109,-20.899,0.284,0.284,0.264,0.264
0.993,0.717,-20.899,0.269,0.269,0.279,0.279
0.994,0.554,-20.900,0.276,0.276,0.258,0.258
0.996,0.456,-20.901,0.272,0.272,0.270,0.270
0.997,0.228,-20.901,0.262,0.262,0.261,0.261
0.999,-0.115,-20.901,0.261,0.261,0.261,0.261
1.001,-0.458,-20.901,0.256,0.256,0.243,0.243
1.003,-0.751,-20.900,0.269,0.269,0.256,0.256
1.003,-0.996,-20.900,0.256,0.256,0.261,0.261
1.002,-1.241,-20.900,0.250,0.250,0.250,0.250
1.004,-1.453,-20.898,0.255,0.255,0.252,0.252
1.010,-1.877,-20.888,0.267,0.267,0.250,0.250
1.012,-2.351,-20.884,0.246,0.246,0.253,0.253
1.014,-2.857,-20.878,0.261,0.261,0.224,0.224
1.016,-3.248,-20.873,0.244,0.244,0.249,0.249
1.015,-3.346,-20.874,0.258,0.258,0.256,0.256
1.018,-3.493,-20.865,0.233,0.233,0.247,0.247
1.018,-3.624,-20.864,0.261,0.261,0.244,0.244
1.021,-3.656,-20.854,0.237,0.237,0.243,0.243
1.023,-3.428,-20.847,0.247,0.247,0.249,0.249
1.023,-3.265,-20.847,0.240,0.240,0.246,0.246
1.024,-3.232,-20.843,0.256,0.256,0.249,0.249
1.025,-3.232,-20.842,0.241,0.241,0.253,0.253
1.025,-3.281,-20.841,0.246,0.246,0.246,0.246
1.030,-3.281,-20.824,0.237,0.237,0.249,0.249
1.033,-3.281,-20.814,0.250,0.250,0.246,0.246
1.035,-3.281,-20.806,0.223,0.223,0.253,0.253
1.036,-3.134,-20.803,0.240,0.240,0.249,0.249
1.038,-3.069,-20.799,0.226,0.226,0.258,0.258
1.039,-3.150,-20.796,0.232,0.232,0.252,0.252
1.040,-3.265,-20.791,0.212,0.212,0.247,0.247
1.043,-3.167,-20.783,0.230,0.230,0.247,0.247
1.044,-2.906,-20.779,0.212,0.212,0.249,0.249
1.046,-2.775,-20.775,0.198,0.198,0.246,0.246
1.047,-2.775,-20.770,0.195,0.195,0.209,0.209
1.047,-2.938,-20.770,0.182,0.182,0.227,0.227
1.048,-3.036,-20.769,0.188,0.188,0.243,0.243
1.051,-2.759,-20.760,0.177,0.177,0.232,0.232
1.054,-2.596,-20.752,0.201,0.201,0.227,0.227
1.057,-2.498,-20.744,0.188,0.188,0.227,0.227
1.059,-2.383,-20.738,0.204,0.204,0.233,0.233
1.059,-2.155,-20.738,0.191,0.191,0.215,0.215
1.061,-1.926,-20.736,0.229,0.229,0.238,0.238
1.062,-1.649,-20.732,0.218,0.218,0.243,0.243
1.063,-1.502,-20.731,0.243,0.243,0.230,0.230
1.066,-1.649,-20.727,0.243,0.243,0.230,0.230
1.067,-1.780,-20.724,0.276,0.276,0.227,0.227
1.068,-1.796,-20.723,0.272,0.272,0.243,0.243
1.070,-1.959,-20.719,0.291,0.291,0.233,0.233
1.070,-2.302,-20.720,0.290,0.290,0.244,0.244
1.070,-2.693,-20.720,0.307,0.307,0.246,0.246
1.076,-2.987,-20.702,0.288,0.288,0.246,0.246
1.079,-3.216,-20.693,0.302,0.302,0.243,0.243
1.081,-3.412,-20.686,0.295,0.295,0.270,0.270
1.082,-3.836,-20.684,0.305,0.305,0.252,0.252
1.082,-4.162,-20.682,0.290,0.290,0.241,0.241
1.084,-4.309,-20.675,0.308,0.308,0.249,0.249
1.086,-4.276,-20.667,0.296,0.296,0.252,0.252
1.088,-4.391,-20.659,0.287,0.287,0.249,0.249
1.089,-4.750,-20.653,0.291,0.291,0.246,0.246
1.090,-5.125,-20.645,0.272,0.272,0.262,0.262
1.091,-5.419,-20.642,0.262,0.262,0.246,0.246
1.090,-5.664,-20.646,0.246,0.246,0.246,0.246
1.091,-5.892,-20.640,0.243,0.243,0.249,0.249
1.098,-6.137,-20.598,0.221,0.221,0.247,0.247
1.100,-6.365,-20.586,0.214,0.214,0.247,0.247
1.102,-6.512,-20.577,0.203,0.203,0.246,0.246
1.103,-6.529,-20.567,0.198,0.198,0.240,0.240
1.104,-6.643,-20.564,0.182,0.182,0.244,0.244
1.105,-6.822,-20.552,0.189,0.189,0.246,0.246
1.108,-6.969,-20.531,0.168,0.168,0.253,0.253
1.109,-6.888,-20.528,0.183,0.183,0.252,0.252
1.111,-6.757,-20.517,0.154,0.154,0.255,0.255
1.112,-6.708,-20.509,0.175,0.175,0.250,0.250
1.113,-6.724,-20.500,0.153,0.153,0.244,0.244
1.113,-6.888,-20.502,0.157,0.157,0.266,0.266
1.114,-7.116,-20.491,0.139,0.139,0.285,0.285
1.115,-7.247,-20.486,0.156,0.156,0.270,0.270
1.122,-7.263,-20.437,0.128,0.128,0.272,0.272
1.123,-7.100,-20.424,0.143,0.143,0.264,0.264
1.125,-6.724,-20.416,0.127,0.127,0.261,0.261
1.127,-6.333,-20.402,0.140,0.140,0.250,0.250
1.127,-6.039,-20.401,0.114,0.114,0.261,0.261
1.129,-5.680,-20.389,0.139,0.139,0.272,0.272
1.130,-5.354,-20.384,0.127,0.127,0.264,0.264
1.132,-5.321,-20.375,0.148,0.148,0.258,0.258
1.134,-5.598,-20.361,0.153,0.153,0.269,0.269
1.135,-5.729,-20.355,0.162,0.162,0.259,0.259
1.135,-5.664,-20.356,0.156,0.156,0.255,0.255
1.134,-5.403,-20.361,0.192,0.192,0.252,0.252
1.138,-5.239,-20.340,0.180,0.180,0.255,0.255
1.142,-5.354,-20.318,0.198,0.198,0.256,0.256
1.146,-5.615,-20.298,0.206,0.206,0.258,0.258
1.147,-5.762,-20.292,0.238,0.238,0.273,0.273
1.147,-5.778,-20.292,0.240,0.240,0.253,0.253
1.149,-5.745,-20.282,0.252,0.252,0.249,0.249
1.150,-5.892,-20.274,0.266,0.266,0.253,0.253
1.152,-6.137,-20.265,0.275,0.275,0.253,0.253
1.154,-6.382,-20.252,0.281,0.281,0.255,0.255
1.156,-6.529,-20.237,0.288,0.288,0.250,0.250
1.157,-6.398,-20.233,0.305,0.305,0.252,0.252
1.157,-6.137,-20.230,0.305,0.305,0.261,0.261
1.157,-5.974,-20.230,0.304,0.304,0.258,0.258
1.158,-6.072,-20.224,0.308,0.308,0.253,0.253
1.165,-6.365,-20.183,0.322,0.322,0.250,0.250
1.168,-6.773,-20.162,0.313,0.313,0.256,0.256
1.169,-7.279,-20.154,0.331,0.331,0.255,0.255
1.170,-7.802,-20.149,0.317,0.317,0.252,0.252
1.171,-8.161,-20.142,0.317,0.317,0.255,0.255
1.172,-8.259,-20.130,0.302,0.302,0.259,0.259
1.174,-8.112,-20.111,0.310,0.310,0.253,0.253
1.176,-7.818,-20.101,0.287,0.287,0.253,0.253
1.177,-7.671,-20.088,0.293,0.293,0.243,0.243
1.179,-7.557,-20.076,0.264,0.264,0.250,0.250
1.181,-7.312,-20.063,0.259,0.259,0.215,0.215
1.179,-7.214,-20.076,0.226,0.226,0.233,0.233
1.179,-7.345,-20.073,0.237,0.237,0.240,0.240
1.185,-7.867,-20.031,0.204,0.204,0.227,0.227
1.188,-8.634,-20.001,0.218,0.218,0.229,0.229
1.191,-9.172,-19.982,0.188,0.188,0.230,0.230
1.192,-9.156,-19.966,0.204,0.204,0.249,0.249
1.192,-8.732,-19.966,0.175,0.175,0.233,0.233
1.194,-7.997,-19.953,0.191,0.191,0.240,0.240
1.195,-7.116,-19.940,0.159,0.159,0.243,0.243
1.196,-6.251,-19.937,0.177,0.177,0.243,0.243
1.199,-5.745,-19.921,0.163,0.163,0.246,0.246
1.200,-5.941,-19.911,0.157,0.157,0.243,0.243
1.201,-6.610,-19.905,0.154,0.154,0.249,0.249
1.202,-7.165,-19.900,0.140,0.140,0.247,0.247
1.202,-7.198,-19.903,0.153,0.153,0.250,0.250
1.205,-6.806,-19.876,0.118,0.118,0.250,0.250
1.210,-6.202,-19.847,0.151,0.151,0.253,0.253
1.213,-5.647,-19.827,0.136,0.136,0.247,0.247
1.212,-5.288,-19.832,0.140,0.140,0.267,0.267
1.214,-5.174,-19.826,0.133,0.133,0.253,0.253
1.216,-5.060,-19.815,0.153,0.153,0.246,0.246
1.216,-5.027,-19.812,0.143,0.143,0.250,0.250
1.219,-5.158,-19.800,0.157,0.157,0.250,0.250
1.221,-5.370,-19.788,0.154,0.154,0.261,0.261
1.222,-5.664,-19.783,0.160,0.160,0.252,0.252
1.222,-5.908,-19.779,0.143,0.143,0.269,0.269
1.224,-6.170,-19.773,0.175,0.175,0.249,0.249
1.224,-6.398,-19.773,0.159,0.159,0.243,0.243
1.226,-6.659,-19.755,0.179,0.179,0.243,0.243
1.231,-6.610,-19.727,0.163,0.163,0.246,0.246
1.234,-6.398,-19.706,0.194,0.194,0.244,0.244
1.235,-6.219,-19.695,0.169,0.169,0.244,0.244
1.236,-6.072,-19.691,0.195,0.195,0.253,0.253
1.237,-5.713,-19.687,0.183,0.183,0.240,0.240
1.239,-5.354,-19.677,0.203,0.203,0.238,0.238
1.241,-5.370,-19.665,0.180,0.180,0.249,0.249
1.242,-5.892,-19.660,0.209,0.209,0.244,0.244
1.244,-6.806,-19.646,0.200,0.200,0.252,0.252
1.245,-7.704,-19.635,0.229,0.229,0.253,0.253
1.245,-8.079,-19.641,0.220,0.220,0.252,0.252
1.245,-7.948,-19.640,0.244,0.244,0.259,0.259
1.247,-7.606,-19.626,0.233,0.233,0.275,0.275
1.252,-7.279,-19.583,0.232,0.232,0.266,0.266
1.256,-7.214,-19.559,0.235,0.235,0.272,0.272
1.257,-7.198,-19.549,0.227,0.227,0.267,0.267
1.257,-7.067,-19.548,0.224,0.224,0.262,0.262
1.259,-6.757,-19.539,0.232,0.232,0.240,0.240
1.260,-6.349,-19.528,0.227,0.227,0.258,0.258
1.262,-6.333,-19.519,0.223,0.223,0.276,0.276
1.263,-6.741,-19.510,0.217,0.217,0.261,0.261
1.266,-7.116,-19.492,0.229,0.229,0.256,0.256
1.267,-7.165,-19.483,0.233,0.233,0.253,0.253
1.267,-6.594,-19.480,0.224,0.224,0.258,0.258
1.268,-5.860,-19.478,0.235,0.235,0.258,0.258
1.268,-5.158,-19.474,0.218,0.218,0.253,0.253
1.271,-4.619,-19.459,0.215,0.215,0.247,0.247
1.277,-4.195,-19.434,0.221,0.221,0.250,0.250
1.277,-3.852,-19.434,0.238,0.238,0.250,0.250
1.278,-3.754,-19.429,0.215,0.215,0.275,0.275
1.280,-3.738,-19.421,0.235,0.235,0.255,0.255
1.282,-3.787,-19.414,0.209,0.209,0.249,0.249
1.283,-3.787,-19.410,0.226,0.226,0.247,0.247
1.286,-3.771,-19.400,0.203,0.203,0.246,0.246
1.287,-3.917,-19.395,0.233,0.233,0.250,0.250
1.287,-4.146,-19.395,0.214,0.214,0.255,0.255
1.288,-4.293,-19.392,0.235,0.235,0.253,0.253
1.288,-4.309,-19.391,0.214,0.214,0.252,0.252
1.294,-4.113,-19.367,0.240,0.240,0.253,0.253
1.298,-3.885,-19.353,0.218,0.218,0.253,0.253
1.298,-3.787,-19.350,0.238,0.238,0.250,0.250
1.299,-3.591,-19.346,0.229,0.229,0.255,0.255
1.301,-3.542,-19.341,0.243,0.243,0.255,0.255
1.301,-3.787,-19.341,0.217,0.217,0.256,0.256
1.304,-4.276,-19.329,0.240,0.240,0.256,0.256
1.305,-4.554,-19.322,0.224,0.224,0.262,0.262
1.306,-4.423,-19.318,0.237,0.237,0.255,0.255
1.309,-4.162,-19.308,0.218,0.218,0.252,0.252
1.311,-3.868,-19.299,0.240,0.240,0.243,0.243
1.309,-3.738,-19.306,0.217,0.217,0.249,0.249
1.309,-3.591,-19.305,0.215,0.215,0.223,0.223
1.313,-3.379,-19.292,0.208,0.208,0.230,0.230
1.317,-3.248,-19.278,0.215,0.215,0.229,0.229
1.320,-3.232,-19.268,0.214,0.214,0.238,0.238
1.323,-3.281,-19.260,0.203,0.203,0.232,0.232
1.323,-3.265,-19.259,0.218,0.218,0.250,0.250
1.323,-3.167,-19.258,0.200,0.200,0.235,0.235
1.325,-2.906,-19.252,0.218,0.218,0.235,0.235
1.327,-2.938,-19.248,0.204,0.204,0.240,0.240
1.328,-2.971,-19.244,0.233,0.233,0.237,0.237
1.331,-2.938,-19.235,0.212,0.212,0.237,0.237
1.332,-2.971,-19.232,0.227,0.227,0.240,0.240
1.333,-3.297,-19.228,0.208,0.208,0.237,0.237
1.333,-3.558,-19.230,0.232,0.232,0.243,0.243
1.334,-3.428,-19.227,0.217,0.217,0.256,0.256
1.337,-3.346,-19.216,0.233,0.233,0.249,0.249
1.342,-3.509,-19.197,0.224,0.224,0.250,0.250
1.343,-4.015,-19.196,0.240,0.240,0.252,0.252
1.344,-4.276,-19.190,0.223,0.223,0.258,0.258
1.346,-4.081,-19.184,0.243,0.243,0.230,0.230
1.346,-3.509,-19.182,0.229,0.229,0.256,0.256
1.347,-3.134,-19.179,0.238,0.238,0.262,0.262
1.351,-2.693,-19.167,0.223,0.223,0.253,0.253
1.352,-2.514,-19.166,0.235,0.235,0.258,0.258
1.354,-2.808,-19.160,0.221,0.221,0.262,0.262
1.354,-3.297,-19.160,0.227,0.227,0.253,0.253
1.354,-3.558,-19.158,0.232,0.232,0.246,0.246
1.356,-3.607,-19.151,0.237,0.237,0.249,0.249
1.361,-3.673,-19.132,0.226,0.226,0.252,0.252
1.364,-3.624,-19.122,0.227,0.227,0.252,0.252
1.364,-3.542,-19.121,0.221,0.221,0.253,0.253
1.366,-3.526,-19.116,0.218,0.218,0.249,0.249
1.366,-3.363,-19.114,0.215,0.215,0.249,0.249
1.368,-3.297,-19.108,0.221,0.221,0.243,0.243
1.371,-3.281,-19.101,0.224,0.224,0.252,0.252
1.372,-3.134,-19.096,0.217,0.217,0.255,0.255
1.373,-2.922,-19.092,0.230,0.230,0.253,0.253
1.375,-2.824,-19.087,0.217,0.217,0.253,0.253
1.374,-2.628,-19.090,0.235,0.235,0.243,0.243
1.376,-2.269,-19.086,0.224,0.224,0.264,0.264
1.377,-1.894,-19.083,0.247,0.247,0.270,0.270
1.383,-1.763,-19.073,0.229,0.229,0.270,0.270
1.385,-1.780,-19.068,0.238,0.238,0.278,0.278
1.388,-1.959,-19.063,0.233,0.233,0.275,0.275
1.389,-2.041,-19.062,0.253,0.253,0.273,0.273
1.389,-1.959,-19.061,0.230,0.230,0.298,0.298
1.391,-1.975,-19.057,0.259,0.259,0.267,0.267
1.391,-2.285,-19.057,0.233,0.233,0.264,0.264
1.394,-2.677,-19.050,0.237,0.237,0.264,0.264
1.395,-2.889,-19.046,0.223,0.223,0.276,0.276
1.396,-2.873,-19.043,0.243,0.243,0.267,0.267
1.399,-2.791,-19.036,0.229,0.229,0.267,0.267
1.398,-2.808,-19.037,0.238,0.238,0.256,0.256
1.397,-2.922,-19.040,0.227,0.227,0.264,0.264
1.403,-3.167,-19.022,0.240,0.240,0.273,0.273
1.407,-3.281,-19.010,0.221,0.221,0.259,0.259
1.408,-3.199,-19.005,0.255,0.255,0.256,0.256
1.410,-2.612,-19.000,0.227,0.227,0.261,0.261
1.411,-1.747,-19.000,0.240,0.240,0.259,0.259
1.411,-0.800,-18.998,0.226,0.226,0.233,0.233
1.413,-0.082,-18.998,0.238,0.238,0.258,0.258
1.415,0.407,-18.998,0.229,0.229,0.267,0.267
1.417,0.734,-18.999,0.233,0.233,0.255,0.255
1.419,1.044,-19.001,0.241,0.241,0.256,0.256
1.420,0.979,-19.002,0.233,0.233,0.247,0.247
1.419,0.799,-19.001,0.235,0.235,0.259,0.259
1.420,0.456,-19.002,0.224,0.224,0.262,0.262
1.423,0.228,-19.003,0.241,0.241,0.262,0.262
1.428,0.114,-19.004,0.230,0.230,0.261,0.261
1.430,0.130,-19.004,0.230,0.230,0.261,0.261
1.431,0.130,-19.004,0.232,0.232,0.261,0.261
1.432,0.179,-19.004,0.237,0.237,0.272,0.272
1.434,0.097,-19.004,0.224,0.224,0.259,0.259
1.435,-0.245,-19.004,0.243,0.243,0.253,0.253
1.437,-0.686,-19.003,0.229,0.229,0.261,0.261
1.439,-1.012,-19.001,0.249,0.249,0.259,0.259
1.439,-1.535,-19.001,0.224,0.224,0.269,0.269
1.441,-2.367,-18.998,0.240,0.240,0.259,0.259
1.440,-3.379,-19.000,0.220,0.220,0.272,0.272
1.441,-4.309,-18.995,0.229,0.229,0.249,0.249
1.443,-5.076,-18.988,0.203,0.203,0.244,0.244
1.449,-6.072,-18.955,0.227,0.227,0.237,0.237
1.451,-7.426,-18.938,0.211,0.211,0.241,0.241
1.452,-9.058,-18.933,0.215,0.215,0.243,0.243
1.453,-10.674,-18.920,0.206,0.206,0.243,0.243
1.454,-12.061,-18.907,0.217,0.217,0.214,0.214
1.456,-13.252,-18.888,0.218,0.218,0.247,0.247
1.457,-14.444,-18.867,0.215,0.215,0.255,0.255
1.458,-15.798,-18.851,0.223,0.223,0.244,0.244
1.461,-17.414,-18.817,0.217,0.217,0.237,0.237
1.462,-19.160,-18.794,0.212,0.212,0.237,0.237
1.463,-20.678,-18.773,0.204,0.204,0.249,0.249
1.462,-21.788,-18.800,0.232,0.232,0.250,0.250
1.465,-22.751,-18.728,0.215,0.215,0.252,0.252
1.470,-23.795,-18.616,0.224,0.224,0.252,0.252
1.471,-25.150,-18.573,0.214,0.214,0.253,0.253
1.473,-26.504,-18.524,0.226,0.226,0.256,0.256
1.473,-27.516,-18.535,0.211,0.211,0.272,0.272
1.475,-27.810,-18.480,0.238,0.238,0.255,0.255
1.475,-27.777,-18.472,0.226,0.226,0.258,0.258
1.477,-28.234,-18.410,0.235,0.235,0.252,0.252
1.478,-29.295,-18.382,0.208,0.208,0.255,0.255
1.481,-30.307,-18.312,0.227,0.227,0.256,0.256
1.481,-31.041,-18.304,0.215,0.215,0.258,0.258
1.483,-31.351,-18.253,0.235,0.235,0.247,0.247
1.483,-31.400,-18.255,0.220,0.220,0.258,0.258
1.484,-31.482,-18.224,0.230,0.230,0.256,0.256
1.488,-32.118,-18.077,0.215,0.215,0.261,0.261
1.492,-33.147,-17.954,0.214,0.214,0.253,0.253
1.494,-33.767,-17.892,0.226,0.226,0.246,0.246
1.494,-33.799,-17.890,0.218,0.218,0.253,0.253
1.495,-33.359,-17.860,0.227,0.227,0.266,0.266
1.495,-32.934,-17.853,0.203,0.203,0.256,0.256
1.498,-33.163,-17.761,0.208,0.208,0.250,0.250
1.499,-34.044,-17.730,0.198,0.198,0.247,0.247
1.499,-34.876,-17.701,0.209,0.209,0.252,0.252
1.502,-35.333,-17.618,0.215,0.215,0.267,0.267
1.501,-35.268,-17.633,0.237,0.237,0.256,0.256
1.502,-34.958,-17.629,0.220,0.220,0.252,0.252
1.503,-34.632,-17.581,0.230,0.230,0.250,0.250
1.508,-34.387,-17.393,0.227,0.227,0.281,0.281
1.510,-34.256,-17.349,0.240,0.240,0.273,0.273
1.513,-34.273,-17.250,0.230,0.230,0.276,0.276
1.513,-34.012,-17.240,0.259,0.259,0.266,0.266
1.514,-33.408,-17.202,0.233,0.233,0.276,0.276
1.515,-32.804,-17.173,0.237,0.237,0.284,0.284
1.517,-32.347,-17.107,0.226,0.226,0.270,0.270
1.518,-32.249,-17.082,0.238,0.238,0.273,0.273
1.519,-32.331,-17.036,0.230,0.230,0.264,0.264
1.521,-32.216,-16.983,0.250,0.250,0.273,0.273
1.522,-32.135,-16.954,0.233,0.233,0.259,0.259
1.522,-32.200,-16.954,0.238,0.238,0.270,0.270
1.522,-32.477,-16.943,0.212,0.212,0.279,0.279
1.526,-32.739,-16.810,0.232,0.232,0.264,0.264
1.529,-33.016,-16.707,0.226,0.226,0.266,0.266
1.530,-33.261,-16.676,0.232,0.232,0.270,0.270
1.532,-33.196,-16.612,0.232,0.232,0.266,0.266
1.531,-32.853,-16.636,0.220,0.220,0.266,0.266
1.533,-32.314,-16.571,0.221,0.221,0.261,0.261
1.535,-31.645,-16.526,0.212,0.212,0.264,0.264
1.535,-31.139,-16.505,0.235,0.235,0.262,0.262
1.538,-31.123,-16.432,0.224,0.224,0.261,0.261
1.539,-31.433,-16.391,0.237,0.237,0.282,0.282
1.540,-31.596,-16.349,0.220,0.220,0.256,0.256
1.539,-31.221,-16.383,0.224,0.224,0.246,0.246
1.539,-30.486,-16.380,0.209,0.209,0.259,0.259
1.542,-29.785,-16.293,0.229,0.229,0.256,0.256
1.547,-29.393,-16.159,0.224,0.224,0.259,0.259
1.549,-29.295,-16.088,0.249,0.249,0.255,0.255
1.550,-29.344,-16.066,0.224,0.224,0.262,0.262
1.550,-29.279,-16.077,0.240,0.240,0.259,0.259
1.552,-28.887,-16.016,0.227,0.227,0.262,0.262
1.552,-28.218,-15.997,0.243,0.243,0.264,0.264
1.554,-27.337,-15.963,0.229,0.229,0.262,0.262
1.556,-26.880,-15.898,0.252,0.252,0.261,0.261
1.557,-27.386,-15.880,0.235,0.235,0.264,0.264
1.558,-28.267,-15.853,0.226,0.226,0.258,0.258
1.558,-28.887,-15.836,0.227,0.227,0.266,0.266
1.558,-28.903,-15.839,0.221,0.221,0.255,0.255
1.559,-28.430,-15.821,0.224,0.224,0.252,0.252
1.565,-28.006,-15.657,0.212,0.212,0.237,0.237
1.565,-27.957,-15.649,0.217,0.217,0.237,0.237
1.567,-28.479,-15.596,0.198,0.198,0.243,0.243
1.569,-29.442,-15.540,0.203,0.203,0.233,0.233
1.569,-30.340,-15.531,0.201,0.201,0.241,0.241
1.570,-30.845,-15.505,0.218,0.218,0.246,0.246
1.571,-30.813,-15.467,0.201,0.201,0.250,0.250
1.573,-30.356,-15.420,0.214,0.214,0.238,0.238
1.573,-30.111,-15.390,0.201,0.201,0.240,0.240
1.576,-30.437,-15.328,0.220,0.220,0.244,0.244
1.577,-31.302,-15.297,0.208,0.208,0.249,0.249
1.576,-32.102,-15.329,0.233,0.233,0.256,0.256
1.575,-32.363,-15.348,0.217,0.217,0.252,0.252
1.579,-31.890,-15.217,0.240,0.240,0.252,0.252
1.583,-31.302,-15.082,0.212,0.212,0.259,0.259
1.585,-30.911,-15.031,0.224,0.224,0.267,0.267
1.586,-31.009,-14.995,0.212,0.212,0.261,0.261
1.586,-31.694,-14.987,0.224,0.224,0.259,0.259
1.586,-32.380,-14.987,0.215,0.215,0.267,0.267
1.589,-32.967,-14.904,0.232,0.232,0.261,0.261
1.590,-33.277,-14.867,0.217,0.217,0.267,0.267
1.591,-33.375,-14.848,0.209,0.209,0.261,0.261
1.592,-33.342,-14.810,0.212,0.212,0.291,0.291
1.593,-33.440,-14.758,0.208,0.208,0.261,0.261
1.592,-33.832,-14.815,0.230,0.230,0.262,0.262
1.592,-34.354,-14.794,0.211,0.211,0.253,0.253
1.595,-34.893,-14.712,0.227,0.227,0.259,0.259
1.599,-35.121,-14.540,0.197,0.197,0.255,0.255
1.602,-34.974,-14.441,0.209,0.209,0.253,0.253
1.601,-34.681,-14.477,0.203,0.203,0.276,0.276
1.602,-34.403,-14.452,0.224,0.224,0.258,0.258
1.604,-34.420,-14.389,0.206,0.206,0.255,0.255
1.604,-34.762,-14.390,0.215,0.215,0.255,0.255
1.606,-35.219,-14.309,0.206,0.206,0.261,0.261
1.607,-35.187,-14.268,0.220,0.220,0.259,0.259
1.608,-34.991,-14.229,0.204,0.204,0.256,0.256
1.610,-34.811,-14.172,0.229,0.229,0.259,0.259
1.609,-34.762,-14.218,0.215,0.215,0.262,0.262
1.608,-34.632,-14.226,0.235,0.235,0.259,0.259
1.609,-34.436,-14.192,0.217,0.217,0.270,0.270
1.613,-34.338,-14.065,0.241,0.241,0.285,0.285
1.618,-34.273,-13.899,0.226,0.226,0.284,0.284
1.619,-34.322,-13.874,0.238,0.238,0.279,0.279
1.619,-34.338,-13.856,0.241,0.241,0.253,0.253
1.620,-34.338,-13.844,0.243,0.243,0.281,0.281
1.621,-34.322,-13.802,0.237,0.237,0.295,0.295
1.622,-34.338,-13.750,0.227,0.227,0.266,0.266
1.622,-34.322,-13.759,0.227,0.227,0.278,0.278
1.624,-34.468,-13.699,0.223,0.223,0.267,0.267
1.625,-34.681,-13.650,0.224,0.224,0.279,0.279
1.626,-34.991,-13.610,0.227,0.227,0.252,0.252
1.626,-35.333,-13.630,0.233,0.233,0.266,0.266
1.625,-35.823,-13.670,0.215,0.215,0.279,0.279
1.626,-36.068,-13.640,0.230,0.230,0.267,0.267
1.632,-35.937,-13.422,0.214,0.214,0.266,0.266
1.633,-35.644,-13.360,0.232,0.232,0.264,0.264
1.636,-35.382,-13.263,0.212,0.212,0.267,0.267
1.635,-35.121,-13.315,0.235,0.235,0.246,0.246
1.636,-34.876,-13.276,0.212,0.212,0.256,0.256
1.636,-34.501,-13.276,0.227,0.227,0.269,0.269
1.638,-33.881,-13.210,0.214,0.214,0.261,0.261
1.639,-33.261,-13.162,0.235,0.235,0.259,0.259
1.640,-32.706,-13.140,0.212,0.212,0.255,0.255
1.642,-32.363,-13.070,0.232,0.232,0.255,0.255
1.640,-32.151,-13.124,0.227,0.227,0.258,0.258
1.640,-31.906,-13.137,0.237,0.237,0.261,0.261
1.642,-31.661,-13.067,0.224,0.224,0.269,0.269
1.646,-31.596,-12.954,0.237,0.237,0.259,0.259
1.649,-31.988,-12.847,0.227,0.227,0.264,0.264
1.650,-32.853,-12.815,0.230,0.230,0.250,0.250
1.649,-33.636,-12.835,0.226,0.226,0.269,0.269
1.650,-33.816,-12.823,0.233,0.233,0.267,0.267
1.651,-33.538,-12.766,0.241,0.241,0.261,0.261
1.653,-33.310,-12.722,0.226,0.226,0.262,0.262
1.653,-33.408,-12.706,0.238,0.238,0.266,0.266
1.655,-33.685,-12.653,0.220,0.220,0.262,0.262
1.656,-34.012,-12.601,0.230,0.230,0.240,0.240
1.654,-34.256,-12.665,0.224,0.224,0.262,0.262
1.654,-34.207,-12.686,0.233,0.233,0.264,0.264
1.655,-33.946,-12.657,0.206,0.206,0.255,0.255
1.658,-33.799,-12.537,0.203,0.203,0.240,0.240
1.663,-33.767,-12.386,0.197,0.197,0.240,0.240
1.663,-33.816,-12.358,0.215,0.215,0.237,0.237
1.666,-33.963,-12.274,0.208,0.208,0.250,0.250
1.665,-34.371,-12.316,0.215,0.215,0.243,0.243
1.666,-34.697,-12.285,0.208,0.208,0.243,0.243
1.667,-35.138,-12.253,0.218,0.218,0.246,0.246
1.668,-35.595,-12.208,0.201,0.201,0.243,0.243
1.669,-35.970,-12.159,0.229,0.229,0.240,0.240
1.670,-36.394,-12.141,0.217,0.217,0.244,0.244
1.670,-36.802,-12.117,0.221,0.221,0.264,0.264
1.669,-37.488,-12.154,0.211,0.211,0.252,0.252
1.668,-38.336,-12.193,0.217,0.217,0.249,0.249
1.670,-39.071,-12.141,0.218,0.218,0.255,0.255
1.676,-39.332,-11.891,0.212,0.212,0.256,0.256
1.677,-39.169,-11.857,0.221,0.221,0.255,0.255
1.679,-38.956,-11.786,0.220,0.220,0.258,0.258
1.678,-39.054,-11.812,0.230,0.230,0.238,0.238
1.679,-39.169,-11.779,0.203,0.203,0.258,0.258
1.680,-39.234,-11.718,0.227,0.227,0.272,0.272
1.680,-39.087,-11.719,0.206,0.206,0.259,0.259
1.682,-38.728,-11.658,0.226,0.226,0.243,0.243
1.683,-38.369,-11.619,0.208,0.208,0.250,0.250
1.682,-38.336,-11.662,0.230,0.230,0.258,0.258
1.681,-38.712,-11.701,0.201,0.201,0.258,0.258
1.682,-39.234,-11.641,0.230,0.230,0.255,0.255
1.684,-39.658,-11.579,0.209,0.209,0.258,0.258
1.689,-39.642,-11.366,0.235,0.235,0.252,0.252
1.690,-39.250,-11.346,0.221,0.221,0.256,0.256
1.691,-38.842,-11.297,0.223,0.223,0.240,0.240
1.691,-38.810,-11.306,0.218,0.218,0.255,0.255
1.691,-39.185,-11.310,0.217,0.217,0.262,0.262
1.692,-39.609,-11.256,0.204,0.204,0.255,0.255
1.693,-39.789,-11.207,0.220,0.220,0.255,0.255
1.694,-39.642,-11.178,0.218,0.218,0.269,0.269
1.696,-39.316,-11.118,0.215,0.215,0.252,0.252
1.697,-39.332,-11.078,0.209,0.209,0.273,0.273
1.696,-39.838,-11.111,0.217,0.217,0.256,0.256
1.695,-40.637,-11.144,0.221,0.221,0.259,0.259
1.696,-41.176,-11.100,0.224,0.224,0.262,0.262
1.699,-41.323,-10.966,0.240,0.240,0.278,0.278
1.704,-41.127,-10.770,0.232,0.232,0.284,0.284
1.705,-40.850,-10.752,0.230,0.230,0.284,0.284
1.706,-40.801,-10.705,0.220,0.220,0.273,0.273
1.705,-41.209,-10.739,0.232,0.232,0.278,0.278
1.706,-41.731,-10.706,0.212,0.212,0.279,0.279
1.707,-42.286,-10.669,0.240,0.240,0.261,0.261
1.708,-42.677,-10.602,0.230,0.230,0.273,0.273
1.708,-42.628,-10.599,0.241,0.241,0.295,0.295
1.709,-42.367,-10.564,0.206,0.206,0.276,0.276
1.710,-42.041,-10.527,0.240,0.240,0.276,0.276
1.708,-41.796,-10.595,0.214,0.214,0.266,0.266
1.707,-41.682,-10.644,0.238,0.238,0.264,0.264
1.710,-41.682,-10.537,0.221,0.221,0.266,0.266
1.715,-41.715,-10.306,0.237,0.237,0.266,0.266
1.717,-41.568,-10.228,0.209,0.209,0.259,0.259
1.717,-41.323,-10.247,0.223,0.223,0.266,0.266
1.717,-41.502,-10.250,0.215,0.215,0.262,0.262
1.717,-42.074,-10.210,0.235,0.235,0.261,0.261
1.718,-42.726,-10.204,0.230,0.230,0.262,0.262
1.719,-43.004,-10.144,0.235,0.235,0.288,0.288
1.720,-42.890,-10.120,0.227,0.227,0.264,0.264
1.721,-42.726,-10.072,0.217,0.217,0.253,0.253
1.721,-42.677,-10.076,0.211,0.211,0.266,0.266
1.720,-42.808,-10.104,0.220,0.220,0.267,0.267
1.720,-43.216,-10.111,0.232,0.232,0.259,0.259
1.725,-43.706,-9.877,0.215,0.215,0.259,0.259
1.726,-44.212,-9.821,0.230,0.230,0.256,0.256
1.728,-44.587,-9.774,0.211,0.211,0.262,0.262
1.728,-44.554,-9.764,0.226,0.226,0.266,0.266
1.728,-44.293,-9.755,0.214,0.214,0.261,0.261
1.729,-44.114,-9.712,0.241,0.241,0.258,0.258
1.730,-43.967,-9.652,0.230,0.230,0.261,0.261
1.730,-43.934,-9.645,0.233,0.233,0.255,0.255
1.730,-44.163,-9.657,0.221,0.221,0.266,0.266
1.733,-44.652,-9.535,0.233,0.233,0.256,0.256
1.732,-45.174,-9.564,0.220,0.220,0.261,0.261
1.731,-45.566,-9.610,0.232,0.232,0.258,0.258
1.730,-45.697,-9.670,0.229,0.229,0.261,0.261
1.733,-45.631,-9.529,0.230,0.230,0.275,0.275
1.736,-45.468,-9.414,0.209,0.209,0.233,0.233
1.739,-45.109,-9.255,0.221,0.221,0.227,0.227
1.740,-44.717,-9.206,0.206,0.206,0.240,0.240
1.739,-44.456,-9.267,0.217,0.217,0.240,0.240
1.740,-44.228,-9.205,0.203,0.203,0.244,0.244
1.740,-44.260,-9.195,0.211,0.211,0.243,0.243
1.739,-44.473,-9.243,0.206,0.206,0.259,0.259
1.743,-44.783,-9.094,0.200,0.200,0.243,0.243
1.742,-45.044,-9.124,0.200,0.200,0.252,0.252
1.744,-45.158,-9.038,0.211,0.211,0.244,0.244
1.744,-45.158,-9.023,0.220,0.220,0.247,0.247
1.741,-44.962,-9.147,0.206,0.206,0.250,0.250
1.741,-44.620,-9.168,0.230,0.230,0.253,0.253
1.746,-44.260,-8.941,0.206,0.206,0.241,0.241
1.750,-44.244,-8.775,0.230,0.230,0.249,0.249
1.750,-44.473,-8.749,0.206,0.206,0.262,0.262
1.750,-44.783,-8.780,0.233,0.233,0.253,0.253
1.750,-45.191,-8.783,0.212,0.212,0.256,0.256
1.750,-45.533,-8.747,0.233,0.233,0.253,0.253
1.751,-45.533,-8.730,0.209,0.209,0.259,0.259
1.752,-45.109,-8.684,0.233,0.233,0.250,0.250
1.752,-44.456,-8.658,0.214,0.214,0.261,0.261
1.753,-43.689,-8.615,0.224,0.224,0.259,0.259
1.754,-43.216,-8.593,0.230,0.230,0.261,0.261
1.751,-42.955,-8.730,0.226,0.226,0.253,0.253
1.752,-42.759,-8.692,0.221,0.221,0.255,0.255
1.756,-42.694,-8.489,0.215,0.215,0.258,0.258
1.758,-42.661,-8.424,0.218,0.218,0.267,0.267
1.760,-42.677,-8.352,0.214,0.214,0.261,0.261
1.759,-42.580,-8.386,0.208,0.208,0.256,0.256
1.759,-42.155,-8.373,0.215,0.215,0.252,0.252
1.760,-41.812,-8.347,0.214,0.214,0.256,0.256
1.761,-41.633,-8.304,0.203,0.203,0.275,0.275
1.761,-41.796,-8.280,0.212,0.212,0.256,0.256
1.762,-42.074,-8.234,0.208,0.208,0.250,0.250
1.763,-42.090,-8.215,0.217,0.217,0.253,0.253
1.763,-41.845,-8.213,0.203,0.203,0.259,0.259
1.762,-41.698,-8.255,0.227,0.227,0.259,0.259
1.761,-41.649,-8.283,0.212,0.212,0.262,0.262
1.762,-41.682,-8.266,0.226,0.226,0.259,0.259
1.767,-41.698,-8.045,0.224,0.224,0.279,0.279
1.769,-41.715,-7.966,0.247,0.247,0.290,0.290
1.770,-41.682,-7.930,0.230,0.230,0.281,0.281
1.770,-41.568,-7.912,0.252,0.252,0.281,0.281
1.769,-41.453,-7.975,0.226,0.226,0.276,0.276
1.770,-41.715,-7.907,0.243,0.243,0.276,0.276
1.771,-42.188,-7.865,0.223,0.223,0.249,0.249
1.772,-42.465,-7.838,0.241,0.241,0.276,0.276
1.772,-42.237,-7.854,0.230,0.230,0.279,0.279
1.773,-41.715,-7.809,0.240,0.240,0.272,0.272
1.773,-41.258,-7.799,0.223,0.223,0.267,0.267
1.770,-41.274,-7.898,0.233,0.233,0.264,0.264
1.770,-41.388,-7.905,0.221,0.221,0.272,0.272
1.774,-41.649,-7.753,0.238,0.238,0.259,0.259
1.777,-41.992,-7.620,0.224,0.224,0.261,0.261
1.779,-42.204,-7.546,0.237,0.237,0.255,0.255
1.779,-42.400,-7.553,0.215,0.215,0.261,0.261
1.778,-42.465,-7.572,0.229,0.229,0.261,0.261
1.778,-42.335,-7.584,0.223,0.223,0.281,0.281
1.779,-42.041,-7.552,0.223,0.223,0.258,0.258
1.779,-41.682,-7.528,0.229,0.229,0.252,0.252
1.781,-41.453,-7.476,0.232,0.232,0.256,0.256
1.781,-41.551,-7.472,0.226,0.226,0.262,0.262
1.781,-41.682,-7.469,0.227,0.227,0.267,0.267
1.777,-41.617,-7.611,0.220,0.220,0.264,0.264
1.780,-41.339,-7.494,0.221,0.221,0.276,0.276
1.785,-41.078,-7.289,0.221,0.221,0.261,0.261
1.785,-40.768,-7.283,0.230,0.230,0.253,0.253
1.787,-40.686,-7.219,0.227,0.227,0.261,0.261
1.786,-40.213,-7.250,0.221,0.221,0.256,0.256
1.786,-39.446,-7.262,0.241,0.241,0.261,0.261
1.786,-38.679,-7.245,0.220,0.220,0.266,0.266
1.786,-38.255,-7.248,0.243,0.243,0.261,0.261
1.787,-38.173,-7.220,0.224,0.224,0.261,0.261
1.787,-38.222,-7.201,0.243,0.243,0.256,0.256
1.789,-38.271,-7.150,0.218,0.218,0.255,0.255
1.788,-38.271,-7.164,0.224,0.224,0.258,0.258
1.787,-38.255,-7.215,0.218,0.218,0.259,0.259
1.788,-38.124,-7.179,0.223,0.223,0.255,0.255
1.789,-37.879,-7.121,0.211,0.211,0.252,0.252
1.793,-37.912,-6.983,0.221,0.221,0.240,0.240
1.793,-38.124,-6.971,0.208,0.208,0.232,0.232
1.793,-38.418,-6.997,0.217,0.217,0.233,0.233
1.795,-38.826,-6.923,0.194,0.194,0.232,0.232
1.793,-39.136,-6.980,0.224,0.224,0.250,0.250
1.795,-39.299,-6.924,0.206,0.206,0.240,0.240
1.794,-39.267,-6.930,0.224,0.224,0.247,0.247
1.796,-39.234,-6.877,0.203,0.203,0.237,0.237
1.796,-39.071,-6.889,0.229,0.229,0.243,0.243
1.796,-38.842,-6.880,0.212,0.212,0.237,0.237
1.794,-38.728,-6.961,0.227,0.227,0.238,0.238
1.793,-38.565,-6.976,0.218,0.218,0.227,0.227
1.797,-38.385,-6.841,0.227,0.227,0.247,0.247
1.801,-38.124,-6.695,0.218,0.218,0.255,0.255
1.800,-37.830,-6.705,0.212,0.212,0.244,0.244
1.802,-37.749,-6.654,0.226,0.226,0.252,0.252
1.801,-37.863,-6.685,0.218,0.218,0.244,0.244
1.801,-38.124,-6.675,0.215,0.215,0.255,0.255
1.802,-38.304,-6.650,0.215,0.215,0.243,0.243
1.801,-38.434,-6.678,0.229,0.229,0.250,0.250
1.803,-38.500,-6.612,0.208,0.208,0.264,0.264
1.802,-38.402,-6.646,0.226,0.226,0.259,0.259
1.802,-38.271,-6.651,0.208,0.208,0.258,0.258
1.800,-38.369,-6.709,0.223,0.223,0.246,0.246
1.805,-38.451,-6.541,0.203,0.203,0.249,0.249
1.806,-38.402,-6.491,0.226,0.226,0.252,0.252
1.807,-38.124,-6.434,0.200,0.200,0.244,0.244
1.807,-37.847,-6.466,0.224,0.224,0.252,0.252
1.805,-37.586,-6.511,0.208,0.208,0.256,0.256
1.806,-37.324,-6.477,0.229,0.229,0.255,0.255
1.807,-37.063,-6.467,0.211,0.211,0.275,0.275
1.807,-36.688,-6.437,0.221,0.221,0.249,0.249
1.808,-36.394,-6.419,0.206,0.206,0.243,0.243
1.809,-36.264,-6.381,0.221,0.221,0.252,0.252
1.809,-36.247,-6.390,0.197,0.197,0.255,0.255
1.808,-36.280,-6.408,0.226,0.226,0.252,0.252
1.807,-36.280,-6.455,0.209,0.209,0.261,0.261
1.808,-36.296,-6.428,0.230,0.230,0.258,0.258
1.812,-36.443,-6.267,0.212,0.212,0.256,0.256
1.812,-36.655,-6.252,0.250,0.250,0.258,0.258
1.812,-36.786,-6.253,0.232,0.232,0.275,0.275
1.813,-36.851,-6.234,0.244,0.244,0.272,0.272
1.812,-36.639,-6.251,0.237,0.237,0.281,0.281
1.813,-36.378,-6.246,0.241,0.241,0.279,0.279
1.813,-36.427,-6.229,0.229,0.229,0.258,0.258
1.814,-36.492,-6.194,0.244,0.244,0.272,0.272
1.814,-36.443,-6.211,0.237,0.237,0.272,0.272
1.814,-36.329,-6.178,0.241,0.241,0.275,0.275
1.814,-36.280,-6.190,0.232,0.232,0.269,0.269
1.814,-36.296,-6.198,0.240,0.240,0.273,0.273
1.812,-36.296,-6.265,0.230,0.230,0.267,0.267
1.814,-36.313,-6.211,0.218,0.218,0.264,0.264
1.818,-36.264,-6.058,0.230,0.230,0.267,0.267
1.818,-36.427,-6.054,0.214,0.214,0.267,0.267
1.819,-36.492,-6.027,0.224,0.224,0.266,0.266
1.818,-36.443,-6.045,0.223,0.223,0.253,0.253
1.818,-36.313,-6.052,0.227,0.227,0.285,0.285
1.818,-36.117,-6.061,0.223,0.223,0.258,0.258
1.818,-35.839,-6.048,0.227,0.227,0.252,0.252
1.820,-35.644,-5.976,0.224,0.224,0.259,0.259
1.820,-35.366,-5.982,0.230,0.230,0.259,0.259
1.819,-35.187,-5.997,0.214,0.214,0.258,0.258
1.818,-34.762,-6.039,0.232,0.232,0.255,0.255
1.818,-34.305,-6.050,0.214,0.214,0.269,0.269
1.820,-33.881,-5.975,0.226,0.226,0.256,0.256
1.822,-33.571,-5.904,0.214,0.214,0.253,0.253
1.823,-33.228,-5.874,0.243,0.243,0.258,0.258
1.824,-32.918,-5.846,0.218,0.218,0.262,0.262
1.822,-32.820,-5.904,0.240,0.240,0.262,0.262
1.822,-32.771,-5.927,0.227,0.227,0.256,0.256
1.823,-32.820,-5.863,0.240,0.240,0.250,0.250
1.823,-32.836,-5.888,0.217,0.217,0.261,0.261
1.824,-32.967,-5.857,0.246,0.246,0.261,0.261
1.825,-33.375,-5.828,0.224,0.224,0.259,0.259
1.824,-33.701,-5.860,0.249,0.249,0.262,0.262
1.821,-33.979,-5.934,0.223,0.223,0.249,0.249
1.822,-34.403,-5.902,0.241,0.241,0.256,0.256
1.826,-34.697,-5.781,0.226,0.226,0.259,0.259
1.827,-34.844,-5.744,0.230,0.230,0.255,0.255
1.827,-34.730,-5.739,0.227,0.227,0.255,0.255
1.826,-34.436,-5.760,0.223,0.223,0.233,0.233
1.827,-34.305,-5.730,0.209,0.209,0.238,0.238
1.826,-34.126,-5.787,0.208,0.208,0.238,0.238
1.828,-33.914,-5.721,0.215,0.215,0.244,0.244
1.827,-33.685,-5.737,0.211,0.211,0.226,0.226
1.827,-33.261,-5.724,0.208,0.208,0.238,0.238
1.828,-32.788,-5.693,0.220,0.220,0.249,0.249
1.828,-32.412,-5.693,0.226,0.226,0.237,0.237
1.827,-32.151,-5.754,0.218,0.218,0.244,0.244
1.827,-31.923,-5.746,0.220,0.220,0.230,0.230
1.826,-31.808,-5.767,0.226,0.226,0.241,0.241
1.827,-31.825,-5.738,0.243,0.243,0.241,0.241
1.831,-31.792,-5.624,0.246,0.246,0.240,0.240
1.832,-31.825,-5.590,0.273,0.273,0.253,0.253
1.830,-31.955,-5.632,0.281,0.281,0.247,0.247
1.830,-32.200,-5.635,0.311,0.311,0.252,0.252
1.830,-32.477,-5.629,0.305,0.305,0.246,0.246
1.832,-32.739,-5.579,0.353,0.353,0.256,0.256
1.831,-32.983,-5.601,0.343,0.343,0.247,0.247
1.832,-33.261,-5.576,0.375,0.375,0.252,0.252
1.831,-33.359,-5.597,0.366,0.366,0.258,0.258
1.831,-33.522,-5.596,0.394,0.394,0.255,0.255
1.830,-33.718,-5.654,0.380,0.380,0.253,0.253
1.829,-33.832,-5.676,0.398,0.398,0.249,0.249
1.832,-33.848,-5.589,0.398,0.398,0.255,0.255
1.835,-33.799,-5.485,0.415,0.415,0.258,0.258
1.836,-33.685,-5.452,0.404,0.404,0.255,0.255
1.834,-33.424,-5.526,0.407,0.407,0.249,0.249
1.834,-33.277,-5.508,0.404,0.404,0.255,0.255
1.834,-33.130,-5.523,0.414,0.414,0.253,0.253
1.835,-32.967,-5.485,0.383,0.383,0.258,0.258
1.834,-32.673,-5.508,0.395,0.395,0.256,0.256
1.835,-32.575,-5.490,0.385,0.385,0.259,0.259
1.834,-32.526,-5.515,0.374,0.374,0.249,0.249
1.832,-32.461,-5.572,0.365,0.365,0.246,0.246
1.832,-32.347,-5.586,0.356,0.356,0.259,0.259
1.832,-32.347,-5.584,0.346,0.346,0.258,0.258
1.836,-32.363,-5.432,0.339,0.339,0.267,0.267
1.837,-32.494,-5.413,0.325,0.325,0.258,0.258
1.837,-32.722,-5.397,0.308,0.308,0.259,0.259
1.838,-32.836,-5.373,0.291,0.291,0.270,0.270
1.836,-32.722,-5.432,0.284,0.284,0.282,0.282
1.836,-32.445,-5.446,0.267,0.267,0.278,0.278
1.837,-32.331,-5.422,0.241,0.241,0.279,0.279
1.836,-32.314,-5.435,0.243,0.243,0.305,0.305
1.836,-32.347,-5.431,0.211,0.211,0.281,0.281
1.837,-32.347,-5.406,0.206,0.206,0.258,0.258
1.837,-32.233,-5.414,0.186,0.186,0.281,0.281
1.835,-31.923,-5.473,0.186,0.186,0.267,0.267
1.835,-31.825,-5.474,0.157,0.157,0.272,0.272
1.834,-31.792,-5.522,0.160,0.160,0.269,0.269
1.837,-31.825,-5.410,0.139,0.139,0.293,0.293
1.839,-31.841,-5.338,0.143,0.143,0.264,0.264
1.840,-31.825,-5.329,0.118,0.118,0.261,0.261
1.838,-31.841,-5.391,0.134,0.134,0.259,0.259
1.838,-31.825,-5.379,0.110,0.110,0.264,0.264
1.838,-31.825,-5.378,0.116,0.116,0.266,0.266
1.838,-31.808,-5.378,0.101,0.101,0.264,0.264
1.838,-31.841,-5.372,0.114,0.114,0.284,0.284
1.839,-31.792,-5.346,0.104,0.104,0.266,0.266
1.839,-31.825,-5.352,0.118,0.118,0.258,0.258
1.838,-31.825,-5.382,0.113,0.113,0.267,0.267
1.836,-31.808,-5.444,0.134,0.134,0.264,0.264
1.836,-31.825,-5.447,0.118,0.118,0.267,0.267
1.839,-31.825,-5.341,0.157,0.157,0.256,0.256
1.841,-31.808,-5.278,0.139,0.139,0.278,0.278
1.841,-31.841,-5.298,0.163,0.163,0.262,0.262
1.840,-31.661,-5.324,0.157,0.157,0.261,0.261
1.840,-31.319,-5.314,0.175,0.175,0.264,0.264
1.839,-30.911,-5.341,0.166,0.166,0.269,0.269
1.841,-30.780,-5.293,0.172,0.172,0.261,0.261
1.841,-30.764,-5.292,0.172,0.172,0.266,0.266
1.841,-30.845,-5.283,0.183,0.183,0.276,0.276
1.840,-30.845,-5.314,0.183,0.183,0.266,0.266
1.838,-30.845,-5.373,0.182,0.182,0.258,0.258
1.837,-30.813,-5.424,0.179,0.179,0.261,0.261
1.841,-30.731,-5.283,0.175,0.175,0.258,0.258
1.840,-30.486,-5.307,0.169,0.169,0.261,0.261
1.842,-30.340,-5.244,0.168,0.168,0.250,0.250
1.842,-30.323,-5.271,0.166,0.166,0.246,0.246
1.841,-30.356,-5.292,0.142,0.142,0.227,0.227
1.840,-30.372,-5.306,0.159,0.159,0.235,0.235
1.841,-30.225,-5.293,0.137,0.137,0.226,0.226
1.841,-29.948,-5.291,0.148,0.148,0.223,0.223
1.840,-29.980,-5.314,0.128,0.128,0.233,0.233
1.841,-30.225,-5.301,0.142,0.142,0.230,0.230
1.841,-30.388,-5.289,0.131,0.131,0.221,0.221
1.840,-30.437,-5.330,0.145,0.145,0.224,0.224
1.838,-30.242,-5.394,0.136,0.136,0.246,0.246
1.838,-30.144,-5.385,0.148,0.148,0.227,0.227
1.840,-30.209,-5.309,0.131,0.131,0.230,0.230
1.843,-30.356,-5.236,0.157,0.157,0.226,0.226
1.843,-30.388,-5.215,0.143,0.143,0.238,0.238
1.843,-30.388,-5.220,0.165,0.165,0.230,0.230
1.842,-30.519,-5.249,0.142,0.142,0.238,0.238
1.842,-30.715,-5.252,0.151,0.151,0.240,0.240
1.842,-30.862,-5.264,0.145,0.145,0.246,0.246
1.841,-30.894,-5.277,0.165,0.165,0.247,0.247
1.842,-30.976,-5.270,0.150,0.150,0.267,0.267
1.842,-31.221,-5.274,0.169,0.169,0.249,0.249
1.841,-31.335,-5.303,0.157,0.157,0.246,0.246
1.838,-31.368,-5.384,0.172,0.172,0.238,0.238
1.838,-31.498,-5.381,0.179,0.179,0.255,0.255
1.840,-31.710,-5.309,0.182,0.182,0.247,0.247
1.842,-31.857,-5.264,0.189,0.189,0.249,0.249
1.842,-31.857,-5.268,0.182,0.182,0.264,0.264
1.842,-31.825,-5.256,0.191,0.191,0.252,0.252
1.841,-31.988,-5.298,0.194,0.194,0.250,0.250
1.840,-32.200,-5.328,0.200,0.200,0.247,0.247
1.840,-32.380,-5.313,0.211,0.211,0.243,0.243
1.841,-32.380,-5.296,0.230,0.230,0.246,0.246
1.841,-32.380,-5.300,0.244,0.244,0.247,0.247
1.841,-32.314,-5.292,0.264,0.264,0.250,0.250
1.840,-32.200,-5.326,0.273,0.273,0.247,0.247
1.837,-31.939,-5.410,0.285,0.285,0.249,0.249
1.837,-31.825,-5.419,0.275,0.275,0.249,0.249
1.841,-31.792,-5.294,0.304,0.304,0.249,0.249
1.841,-31.808,-5.275,0.296,0.296,0.249,0.249
1.842,-31.857,-5.254,0.317,0.317,0.250,0.250
1.841,-31.808,-5.286,0.314,0.314,0.249,0.249
1.841,-31.988,-5.301,0.340,0.340,0.256,0.256
1.840,-32.200,-5.328,0.330,0.330,0.285,0.285
1.839,-32.347,-5.341,0.353,0.353,0.273,0.273
1.839,-32.380,-5.361,0.331,0.331,0.266,0.266
1.840,-32.380,-5.322,0.348,0.348,0.270,0.270
1.839,-32.314,-5.355,0.331,0.331,0.272,0.272
1.840,-32.347,-5.336,0.363,0.363,0.250,0.250
1.839,-32.347,-5.361,0.346,0.346,0.278,0.278
1.836,-32.314,-5.450,0.374,0.374,0.273,0.273
1.835,-32.510,-5.468,0.378,0.378,0.273,0.273
1.838,-32.690,-5.393,0.421,0.421,0.269,0.269
1.841,-32.869,-5.295,0.426,0.426,0.272,0.272
1.841,-32.722,-5.297,0.455,0.455,0.270,0.270
1.841,-32.461,-5.302,0.447,0.447,0.255,0.255
1.838,-32.184,-5.379,0.464,0.464,0.267,0.267
1.838,-31.890,-5.376,0.456,0.456,0.267,0.267
1.839,-31.939,-5.356,0.490,0.490,0.267,0.267
1.839,-32.184,-5.340,0.496,0.496,0.273,0.273
1.839,-32.347,-5.349,0.517,0.517,0.264,0.264
1.839,-32.380,-5.354,0.522,0.522,0.269,0.269
1.836,-32.233,-5.449,0.530,0.530,0.247,0.247
1.834,-32.118,-5.520,0.534,0.534,0.273,0.273
1.834,-32.167,-5.516,0.546,0.546,0.276,0.276
1.838,-32.314,-5.398,0.549,0.549,0.273,0.273
1.839,-32.216,-5.344,0.548,0.548,0.267,0.267
1.840,-31.939,-5.319,0.548,0.548,0.272,0.272
1.837,-31.955,-5.410,0.546,0.546,0.272,0.272
1.836,-32.167,-5.442,0.536,0.536,0.262,0.262
1.836,-32.363,-5.453,0.517,0.517,0.272,0.272
1.837,-32.380,-5.431,0.523,0.523,0.273,0.273
1.836,-32.347,-5.433,0.494,0.494,0.269,0.269
1.837,-32.347,-5.428,0.504,0.504,0.270,0.270
1.837,-32.331,-5.432,0.479,0.479,0.269,0.269
1.834,-32.331,-5.519,0.493,0.493,0.267,0.267
1.833,-32.477,-5.548,0.485,0.485,0.261,0.261
1.832,-32.706,-5.584,0.507,0.507,0.267,0.267
1.834,-32.853,-5.526,0.520,0.520,0.273,0.273
1.835,-32.836,-5.488,0.549,0.549,0.270,0.270
1.837,-32.853,-5.423,0.548,0.548,0.269,0.269
1.836,-32.820,-5.450,0.563,0.563,0.264,0.264
1.835,-32.934,-5.480,0.555,0.555,0.258,0.258
1.833,-33.228,-5.531,0.575,0.575,0.224,0.224
1.833,-33.196,-5.530,0.568,0.568,0.255,0.255
1.834,-32.967,-5.521,0.607,0.607,0.262,0.262
1.833,-32.836,-5.532,0.588,0.588,0.252,0.252
1.833,-32.755,-5.532,0.609,0.609,0.244,0.244
1.833,-32.934,-5.534,0.578,0.578,0.259,0.259
1.832,-33.032,-5.594,0.580,0.580,0.247,0.247
1.830,-33.130,-5.660,0.545,0.545,0.240,0.240
1.829,-33.212,-5.666,0.531,0.531,0.253,0.253
1.829,-33.179,-5.678,0.507,0.507,0.266,0.266
1.833,-32.934,-5.541,0.478,0.478,0.264,0.264
1.834,-32.804,-5.521,0.449,0.449,0.266,0.266
1.833,-32.934,-5.554,0.412,0.412,0.255,0.255
1.832,-33.196,-5.576,0.391,0.391,0.269,0.269
1.831,-33.342,-5.620,0.346,0.346,0.266,0.266
1.830,-33.375,-5.639,0.327,0.327,0.269,0.269
1.830,-33.359,-5.640,0.285,0.285,0.264,0.264
1.831,-33.310,-5.607,0.273,0.273,0.261,0.261
1.830,-33.342,-5.642,0.226,0.226,0.261,0.261
1.829,-33.424,-5.693,0.214,0.214,0.282,0.282
1.827,-33.701,-5.761,0.166,0.166,0.264,0.264
1.825,-33.816,-5.824,0.151,0.151,0.255,0.255
1.828,-33.848,-5.710,0.107,0.107,0.258,0.258
1.830,-33.816,-5.637,0.095,0.095,0.256,0.256
1.830,-33.799,-5.631,0.044,0.044,0.258,0.258
1.829,-33.669,-5.690,0.043,0.043,0.261,0.261
1.828,-33.424,-5.712,0.000,0.000,0.275,0.275
1.827,-33.293,-5.741,-0.002,0.002,0.258,0.258
1.826,-33.277,-5.763,-0.038,0.038,0.256,0.256
1.826,-33.293,-5.770,-0.052,0.052,0.246,0.246
1.826,-33.342,-5.763,-0.078,0.078,0.252,0.252
1.827,-33.342,-5.735,-0.076,0.076,0.252,0.252
1.824,-33.326,-5.832,-0.110,0.110,0.256,0.256
1.822,-33.179,-5.924,-0.099,0.099,0.273,0.273
1.823,-32.902,-5.887,-0.124,0.124,0.258,0.258
1.821,-32.804,-5.929,-0.113,0.113,0.252,0.252
1.826,-32.771,-5.790,-0.131,0.131,0.255,0.255
1.826,-32.673,-5.771,-0.093,0.093,0.253,0.253
1.825,-32.592,-5.824,-0.116,0.116,0.259,0.259
1.825,-32.706,-5.818,-0.087,0.087,0.264,0.264
1.823,-32.788,-5.873,-0.066,0.066,0.278,0.278
1.822,-33.000,-5.912,-0.037,0.037,0.276,0.276
1.823,-33.228,-5.879,-0.043,0.043,0.282,0.282
1.822,-33.473,-5.899,-0.009,0.009,0.267,0.267
1.822,-33.750,-5.921,-0.015,0.015,0.267,0.267
1.822,-33.995,-5.926,0.003,0.003,0.258,0.258
1.819,-34.289,-6.028,0.002,0.002,0.267,0.267
1.818,-34.354,-6.047,0.031,0.031,0.240,0.240
1.818,-34.338,-6.064,0.035,0.035,0.259,0.259
1.820,-34.322,-5.979,0.061,0.061,0.264,0.264
1.821,-34.305,-5.940,0.084,0.084,0.256,0.256
1.820,-34.338,-5.972,0.095,0.095,0.249,0.249
1.819,-34.305,-6.004,0.108,0.108,0.232,0.232
1.818,-34.207,-6.038,0.133,0.133,0.243,0.243
1.818,-33.914,-6.049,0.142,0.142,0.220,0.220
1.818,-33.799,-6.053,0.150,0.150,0.244,0.244
1.817,-33.636,-6.078,0.162,0.162,0.247,0.247
1.817,-33.424,-6.078,0.163,0.163,0.240,0.240
1.816,-33.163,-6.113,0.163,0.163,0.233,0.233
1.814,-32.902,-6.165,0.146,0.146,0.230,0.230
1.813,-32.657,-6.211,0.156,0.156,0.237,0.237
1.811,-32.249,-6.263,0.146,0.146,0.215,0.215
1.815,-31.923,-6.138,0.157,0.157,0.232,0.232
1.816,-31.776,-6.124,0.142,0.142,0.237,0.237
1.816,-31.792,-6.121,0.162,0.162,0.241,0.241
1.815,-31.923,-6.146,0.130,0.130,0.237,0.237
1.814,-32.331,-6.190,0.143,0.143,0.224,0.224
1.813,-32.739,-6.214,0.134,0.134,0.233,0.233
1.812,-32.592,-6.246,0.166,0.166,0.235,0.235
1.811,-32.380,-6.274,0.156,0.156,0.237,0.237
1.812,-32.543,-6.253,0.188,0.188,0.233,0.233
1.811,-32.918,-6.281,0.166,0.166,0.238,0.238
1.809,-33.538,-6.333,0.186,0.186,0.240,0.240
1.808,-33.979,-6.395,0.168,0.168,0.224,0.224
1.806,-34.256,-6.452,0.188,0.188,0.240,0.240
1.806,-34.468,-6.447,0.175,0.175,0.249,0.249
1.810,-34.452,-6.300,0.206,0.206,0.237,0.237
1.810,-34.207,-6.304,0.201,0.201,0.238,0.238
1.809,-34.077,-6.353,0.243,0.243,0.233,0.233
1.809,-33.881,-6.355,0.240,0.240,0.232,0.232
1.806,-33.408,-6.432,0.262,0.262,0.233,0.233
1.807,-32.771,-6.420,0.264,0.264,0.226,0.226
1.805,-32.510,-6.461,0.295,0.295,0.212,0.212
1.806,-32.331,-6.454,0.301,0.301,0.227,0.227
1.806,-32.037,-6.444,0.327,0.327,0.232,0.232
1.804,-31.661,-6.499,0.333,0.333,0.235,0.235
1.803,-31.400,-6.544,0.343,0.343,0.224,0.224
1.800,-31.270,-6.630,0.345,0.345,0.255,0.255
1.801,-31.417,-6.616,0.349,0.349,0.224,0.224
1.802,-31.857,-6.564,0.360,0.360,0.221,0.221
1.805,-32.249,-6.491,0.365,0.365,0.237,0.237
1.804,-32.396,-6.498,0.386,0.386,0.235,0.235
1.803,-32.396,-6.533,0.374,0.374,0.233,0.233
1.801,-32.347,-6.620,0.380,0.380,0.235,0.235
1.801,-32.314,-6.615,0.339,0.339,0.266,0.266
1.800,-32.184,-6.630,0.354,0.354,0.246,0.246
1.799,-31.972,-6.659,0.307,0.307,0.235,0.235
1.799,-31.645,-6.669,0.307,0.307,0.244,0.244
1.798,-31.253,-6.707,0.272,0.272,0.246,0.246
1.796,-30.633,-6.763,0.275,0.275,0.247,0.247
1.793,-30.029,-6.842,0.230,0.230,0.250,0.250
1.794,-29.638,-6.834,0.232,0.232,0.259,0.259
1.798,-29.426,-6.717,0.194,0.194,0.253,0.253
1.798,-29.181,-6.709,0.182,0.182,0.250,0.250
1.797,-29.018,-6.743,0.140,0.140,0.256,0.256
1.795,-29.018,-6.800,0.127,0.127,0.258,0.258
1.794,-29.213,-6.818,0.078,0.078,0.258,0.258
1.794,-29.491,-6.809,0.061,0.061,0.258,0.258
1.793,-29.964,-6.861,0.018,0.018,0.264,0.264
1.792,-30.307,-6.876,0.012,0.012,0.261,0.261
1.792,-30.454,-6.894,-0.023,0.023,0.264,0.264
1.791,-30.552,-6.912,-0.041,0.041,0.253,0.253
1.790,-30.764,-6.951,-0.053,0.053,0.259,0.259
1.787,-30.829,-7.042,-0.061,0.061,0.255,0.255
1.785,-30.878,-7.087,-0.073,0.073,0.255,0.255
1.789,-30.845,-6.966,-0.084,0.084,0.249,0.249
1.789,-30.845,-6.959,-0.082,0.082,0.255,0.255
1.790,-30.699,-6.953,-0.079,0.079,0.253,0.253
1.788,-30.470,-7.018,-0.070,0.070,0.256,0.256
1.787,-30.340,-7.030,-0.038,0.038,0.261,0.261
1.786,-30.340,-7.073,-0.003,0.003,0.273,0.273
1.786,-30.486,-7.076,0.044,0.044,0.273,0.273
1.785,-30.715,-7.109,0.133,0.133,0.252,0.252
1.784,-30.845,-7.134,0.197,0.197,0.278,0.278
1.784,-30.992,-7.124,0.304,0.304,0.296,0.296
1.783,-31.221,-7.155,0.371,0.371,0.273,0.273
1.780,-31.351,-7.261,0.447,0.447,0.273,0.273
1.778,-31.449,-7.320,0.485,0.485,0.261,0.261
1.777,-31.727,-7.351,0.555,0.555,0.282,0.282
1.781,-32.004,-7.212,0.598,0.598,0.276,0.276
1.782,-32.233,-7.193,0.667,0.667,0.279,0.279
1.780,-32.380,-7.244,0.691,0.691,0.284,0.284
1.779,-32.216,-7.288,0.752,0.752,0.281,0.281
1.778,-31.808,-7.323,0.774,0.774,0.279,0.279
1.777,-31.123,-7.350,0.804,0.804,0.295,0.295
1.777,-30.535,-7.358,0.804,0.804,0.281,0.281
1.776,-30.144,-7.391,0.835,0.835,0.276,0.276
1.776,-29.768,-7.379,0.848,0.848,0.278,0.278
1.774,-29.475,-7.426,0.902,0.902,0.282,0.282
1.771,-29.197,-7.517,0.935,0.935,0.290,0.290
1.770,-29.083,-7.565,1.009,1.009,0.290,0.290
1.769,-29.360,-7.580,1.039,1.039,0.310,0.310
1.770,-29.752,-7.544,1.128,1.128,0.285,0.285
1.774,-30.062,-7.429,1.123,1.123,0.287,0.287
1.772,-30.291,-7.497,1.189,1.189,0.298,0.298
1.771,-30.568,-7.509,1.218,1.218,0.302,0.302
1.770,-30.731,-7.555,1.305,1.305,0.304,0.304
1.769,-30.748,-7.599,1.344,1.344,0.310,0.310
1.768,-30.503,-7.621,1.390,1.390,0.316,0.316
1.767,-30.356,-7.650,1.418,1.418,0.313,0.313
1.767,-30.193,-7.640,1.428,1.428,0.311,0.311
1.765,-29.948,-7.694,1.424,1.424,0.316,0.316
1.763,-29.703,-7.752,1.430,1.430,0.319,0.319
1.761,-29.442,-7.814,1.386,1.386,0.319,0.319
1.760,-29.213,-7.852,1.355,1.355,0.320,0.320
1.761,-28.838,-7.827,1.293,1.293,0.316,0.316
1.764,-28.332,-7.727,1.242,1.242,0.314,0.314
1.764,-27.957,-7.741,1.216,1.216,0.322,0.322
1.762,-27.973,-7.786,1.178,1.178,0.314,0.314
1.760,-28.512,-7.852,1.181,1.181,0.320,0.320
1.760,-29.164,-7.861,1.157,1.157,0.301,0.301
1.759,-29.442,-7.880,1.116,1.116,0.308,0.308
1.758,-29.442,-7.920,1.029,1.029,0.296,0.296
1.757,-29.262,-7.940,0.935,0.935,0.307,0.307
1.756,-28.969,-7.957,0.813,0.813,0.310,0.310
1.755,-28.871,-8.007,0.731,0.731,0.302,0.302
1.752,-28.854,-8.082,0.655,0.655,0.298,0.298
1.751,-29.034,-8.126,0.598,0.598,0.307,0.307
1.751,-29.116,-8.100,0.514,0.514,0.308,0.308
1.753,-29.034,-8.057,0.464,0.464,0.298,0.298
1.754,-28.887,-8.018,0.378,0.378,0.301,0.301
1.754,-28.724,-8.017,0.340,0.340,0.298,0.298
1.751,-28.332,-8.113,0.261,0.261,0.304,0.304
1.750,-27.859,-8.133,0.226,0.226,0.308,0.308
1.748,-27.500,-8.184,0.153,0.153,0.327,0.327
1.748,-27.239,-8.196,0.146,0.146,0.308,0.308
1.748,-27.010,-8.197,0.116,0.116,0.307,0.307
1.747,-26.929,-8.228,0.166,0.166,0.311,0.311
1.744,-27.092,-8.290,0.237,0.237,0.317,0.317
1.742,-27.565,-8.355,0.319,0.319,0.314,0.314
1.741,-28.332,-8.384,0.389,0.389,0.313,0.313
1.740,-28.838,-8.420,0.464,0.464,0.325,0.325
1.744,-29.116,-8.294,0.551,0.551,0.319,0.319
1.743,-29.148,-8.323,0.630,0.630,0.316,0.316
1.741,-29.050,-8.375,0.729,0.729,0.307,0.307
1.741,-28.740,-8.391,0.804,0.804,0.308,0.308
1.740,-28.479,-8.428,0.887,0.887,0.307,0.307
1.738,-28.381,-8.461,0.948,0.948,0.305,0.305
1.737,-28.348,-8.489,0.984,0.984,0.301,0.301
1.736,-28.414,-8.520,1.000,1.000,0.293,0.293
1.737,-28.414,-8.497,1.012,1.012,0.282,0.282
1.735,-28.300,-8.556,1.007,1.007,0.281,0.281
1.732,-27.875,-8.639,0.993,0.993,0.272,0.272
1.729,-27.516,-8.720,0.978,0.978,0.267,0.267
1.731,-27.255,-8.675,1.001,1.001,0.261,0.261
1.731,-27.027,-8.665,0.977,0.977,0.262,0.262
1.733,-26.798,-8.624,0.948,0.948,0.267,0.267
1.733,-26.537,-8.623,0.884,0.884,0.275,0.275
1.730,-26.325,-8.691,0.839,0.839,0.279,0.279
1.729,-25.884,-8.731,0.748,0.748,0.279,0.279
1.728,-25.558,-8.758,0.707,0.707,0.298,0.298
1.726,-25.411,-8.787,0.600,0.600,0.291,0.291
1.726,-25.558,-8.810,0.555,0.555,0.291,0.291
1.726,-25.705,-8.787,0.484,0.484,0.301,0.301
1.724,-25.737,-8.846,0.494,0.494,0.305,0.305
1.722,-25.868,-8.901,0.468,0.468,0.298,0.298
1.720,-25.949,-8.963,0.453,0.453,0.299,0.299
1.718,-25.966,-8.995,0.415,0.415,0.314,0.314
1.718,-25.998,-8.998,0.360,0.360,0.288,0.288
1.721,-26.080,-8.914,0.282,0.282,0.270,0.270
1.721,-26.357,-8.936,0.264,0.264,0.269,0.269
1.720,-26.602,-8.961,0.201,0.201,0.259,0.259
1.718,-26.863,-9.014,0.172,0.172,0.255,0.255
1.717,-26.831,-9.043,0.127,0.127,0.252,0.252
1.716,-26.602,-9.071,0.099,0.099,0.261,0.261
1.714,-26.439,-9.103,0.056,0.056,0.233,0.233
1.714,-26.260,-9.118,0.023,0.023,0.224,0.224
1.712,-25.917,-9.166,-0.020,0.020,0.233,0.233
1.708,-25.558,-9.263,-0.053,0.053,0.238,0.238
1.706,-25.248,-9.312,-0.093,0.093,0.240,0.240
1.709,-24.889,-9.244,-0.143,0.143,0.241,0.241
1.710,-24.546,-9.215,-0.172,0.172,0.249,0.249
1.711,-24.285,-9.196,-0.188,0.188,0.244,0.244
1.709,-24.056,-9.243,-0.165,0.165,0.247,0.247
1.706,-24.089,-9.305,-0.145,0.145,0.256,0.256
1.705,-24.334,-9.329,-0.174,0.174,0.262,0.262
1.705,-24.774,-9.340,-0.191,0.191,0.261,0.261
1.704,-25.378,-9.359,-0.131,0.131,0.262,0.262
1.703,-26.047,-9.397,-0.113,0.113,0.255,0.255
1.702,-26.308,-9.426,-0.060,0.060,0.246,0.246
1.700,-26.129,-9.460,0.015,0.015,0.249,0.249
1.697,-25.803,-9.556,0.143,0.143,0.243,0.243
1.695,-25.639,-9.607,0.235,0.235,0.249,0.249
1.694,-25.770,-9.627,0.345,0.345,0.241,0.241
1.698,-25.949,-9.520,0.401,0.401,0.243,0.243
1.697,-25.966,-9.542,0.467,0.467,0.232,0.232
1.695,-25.852,-9.587,0.513,0.513,0.226,0.226
1.694,-25.280,-9.616,0.591,0.591,0.218,0.218
1.692,-24.530,-9.667,0.610,0.610,0.214,0.214
1.692,-23.844,-9.679,0.636,0.636,0.209,0.209
1.692,-23.338,-9.680,0.615,0.615,0.198,0.198
1.691,-22.734,-9.702,0.609,0.609,0.203,0.203
1.689,-21.772,-9.730,0.516,0.516,0.188,0.188
1.689,-20.515,-9.747,0.446,0.446,0.212,0.212
1.687,-19.389,-9.786,0.351,0.351,0.217,0.217
1.685,-18.344,-9.824,0.340,0.340,0.209,0.209
1.683,-17.381,-9.862,0.296,0.296,0.200,0.200
1.682,-16.549,-9.877,0.296,0.296,0.200,0.200
1.682,-15.798,-9.869,0.304,0.304,0.206,0.206
1.685,-14.819,-9.830,0.328,0.328,0.189,0.189
1.683,-13.448,-9.855,0.313,0.313,0.212,0.212
1.681,-12.077,-9.882,0.238,0.238,0.212,0.212
1.680,-10.935,-9.892,0.168,0.168,0.221,0.221
1.679,-9.956,-9.905,0.069,0.069,0.221,0.221
1.678,-9.009,-9.914,-0.012,0.012,0.238,0.238
1.677,-8.079,-9.922,-0.084,0.084,0.247,0.247
1.676,-7.067,-9.927,-0.113,0.113,0.262,0.262
1.674,-6.072,-9.944,-0.105,0.105,0.264,0.264
1.671,-5.044,-9.958,-0.026,0.026,0.269,0.269
1.669,-4.113,-9.966,-0.003,0.003,0.273,0.273
1.670,-3.379,-9.962,0.056,0.056,0.279,0.279
1.672,-3.183,-9.956,0.075,0.075,0.307,0.307
1.674,-3.085,-9.952,0.165,0.165,0.279,0.279
1.671,-2.906,-9.960,0.183,0.183,0.273,0.273
1.669,-2.530,-9.965,0.203,0.203,0.270,0.270
1.667,-1.877,-9.969,0.194,0.194,0.270,0.270
1.666,-1.241,-9.970,0.224,0.224,0.266,0.266
1.665,-0.849,-9.972,0.214,0.214,0.262,0.262
1.665,-0.604,-9.972,0.233,0.233,0.282,0.282
1.664,-0.376,-9.972,0.201,0.201,0.269,0.269
1.661,-0.050,-9.973,0.206,0.206,0.267,0.267
1.659,0.309,-9.973,0.203,0.203,0.285,0.285
1.658,0.717,-9.972,0.209,0.209,0.290,0.290
1.658,1.207,-9.973,0.203,0.203,0.302,0.302
1.660,1.517,-9.976,0.243,0.243,0.298,0.298
1.660,1.941,-9.975,0.229,0.229,0.331,0.331
1.657,2.545,-9.968,0.264,0.264,0.322,0.322
1.656,3.165,-9.966,0.276,0.276,0.333,0.333
1.655,3.688,-9.962,0.284,0.284,0.343,0.343
1.655,4.177,-9.960,0.305,0.305,0.354,0.354
1.654,4.634,-9.956,0.296,0.296,0.371,0.371
1.653,5.124,-9.951,0.250,0.250,0.378,0.378
1.651,5.597,-9.943,0.223,0.223,0.380,0.380
1.650,6.136,-9.939,0.179,0.179,0.359,0.359
1.647,6.593,-9.917,0.139,0.139,0.345,0.345
1.645,7.245,-9.906,0.085,0.085,0.336,0.336
1.644,7.947,-9.894,0.027,0.027,0.339,0.339
1.645,8.584,-9.901,-0.047,0.047,0.320,0.320
1.647,8.975,-9.924,-0.098,0.098,0.317,0.317
1.646,9.334,-9.910,-0.041,0.041,0.330,0.330
1.644,9.922,-9.897,0.026,0.026,0.308,0.308
1.643,10.656,-9.880,0.145,0.145,0.313,0.313
1.642,11.717,-9.867,0.258,0.258,0.316,0.316
1.641,13.088,-9.858,0.308,0.308,0.322,0.322
1.640,14.475,-9.848,0.325,0.325,0.324,0.324
1.638,15.471,-9.821,0.368,0.368,0.319,0.319
1.639,16.189,-9.832,0.346,0.346,0.305,0.305
1.636,17.070,-9.788,0.346,0.346,0.313,0.313
1.634,17.968,-9.747,0.365,0.365,0.317,0.317
1.632,19.012,-9.707,0.465,0.465,0.304,0.304
1.634,19.975,-9.751,0.530,0.530,0.298,0.298
1.636,20.987,-9.780,0.563,0.563,0.295,0.295
1.634,21.982,-9.750,0.539,0.539,0.288,0.288
1.632,22.945,-9.696,0.510,0.510,0.276,0.276
1.631,23.778,-9.676,0.433,0.433,0.281,0.281
1.629,24.496,-9.641,0.409,0.409,0.284,0.284
1.628,25.230,-9.607,0.339,0.339,0.285,0.285
1.628,25.818,-9.594,0.285,0.285,0.281,0.281
1.626,26.291,-9.565,0.244,0.244,0.256,0.256
1.625,26.797,-9.538,0.305,0.305,0.266,0.266
1.623,27.270,-9.467,0.307,0.307,0.267,0.267
1.621,27.743,-9.413,0.366,0.366,0.255,0.255
1.619,28.102,-9.368,0.351,0.351,0.258,0.258
1.621,28.347,-9.427,0.395,0.395,0.256,0.256
1.622,28.886,-9.457,0.427,0.427,0.264,0.264
1.622,29.571,-9.451,0.475,0.475,0.262,0.262
1.620,30.093,-9.386,0.490,0.490,0.281,0.281
1.619,30.240,-9.347,0.485,0.485,0.291,0.291
1.617,30.338,-9.294,0.511,0.511,0.285,0.285
1.617,30.681,-9.291,0.555,0.555,0.284,0.284
1.616,31.154,-9.263,0.668,0.668,0.281,0.281
1.615,31.693,-9.232,0.807,0.807,0.282,0.282
1.614,32.215,-9.196,0.896,0.896,0.310,0.310
1.612,32.705,-9.143,0.981,0.981,0.285,0.285
1.609,33.047,-9.032,1.050,1.050,0.270,0.270
1.607,33.129,-8.983,1.070,1.070,0.272,0.272
1.606,33.145,-8.951,1.109,1.109,0.261,0.261
1.609,33.227,-9.040,1.068,1.068,0.252,0.252
1.610,33.619,-9.055,1.024,1.024,0.241,0.241
1.608,34.255,-9.012,0.920,0.920,0.237,0.237
1.606,35.038,-8.928,0.874,0.874,0.233,0.233
1.604,35.675,-8.881,0.734,0.734,0.237,0.237
1.605,36.018,-8.891,0.615,0.615,0.218,0.218
1.604,36.279,-8.858,0.468,0.468,0.209,0.209
1.602,36.556,-8.799,0.348,0.348,0.201,0.201
1.602,37.078,-8.780,0.188,0.188,0.194,0.194
1.600,37.454,-8.732,0.099,0.099,0.169,0.169
1.597,37.731,-8.599,-0.029,0.029,0.189,0.189
1.595,37.960,-8.536,-0.069,0.069,0.195,0.195
1.594,38.221,-8.497,-0.148,0.148,0.195,0.195
1.598,38.547,-8.638,-0.171,0.171,0.192,0.192
1.597,39.053,-8.596,-0.179,0.179,0.197,0.197
1.596,39.412,-8.558,-0.082,0.082,0.203,0.203
1.594,39.690,-8.499,-0.035,0.035,0.212,0.212
1.593,39.902,-8.433,0.003,0.003,0.214,0.214
1.591,40.016,-8.372,-0.034,0.034,0.217,0.217
1.591,39.983,-8.357,-0.053,0.053,0.215,0.215
1.589,40.000,-8.306,-0.076,0.076,0.204,0.204
1.589,40.114,-8.280,-0.058,0.058,0.183,0.183
1.587,40.506,-8.192,-0.101,0.101,0.188,0.188
1.585,41.158,-8.130,-0.157,0.157,0.182,0.182
1.583,41.925,-8.040,-0.206,0.206,0.179,0.179
1.583,42.562,-8.033,-0.273,0.273,0.174,0.174
1.585,43.052,-8.124,-0.374,0.374,0.177,0.177
1.586,43.525,-8.159,-0.418,0.418,0.183,0.183
1.584,43.965,-8.073,-0.447,0.447,0.201,0.201
1.583,44.357,-8.028,-0.452,0.452,0.192,0.192
1.580,44.569,-7.927,-0.453,0.453,0.191,0.191
1.580,44.830,-7.905,-0.449,0.449,0.195,0.195
1.579,45.059,-7.861,-0.383,0.383,0.203,0.203
1.578,45.434,-7.828,-0.395,0.395,0.220,0.220
1.576,45.777,-7.740,-0.426,0.426,0.226,0.226
1.575,45.924,-7.694,-0.511,0.511,0.256,0.256
1.574,45.908,-7.612,-0.575,0.575,0.226,0.226
1.570,45.908,-7.445,-0.674,0.674,0.217,0.217
1.570,45.695,-7.428,-0.772,0.772,0.218,0.218
1.569,45.500,-7.414,-0.865,0.865,0.233,0.233
1.573,45.206,-7.584,-0.903,0.903,0.215,0.215
1.572,44.945,-7.529,-0.971,0.971,0.224,0.224
1.570,44.847,-7.462,-1.009,1.009,0.246,0.246
1.569,44.814,-7.392,-1.024,1.024,0.221,0.221
1.568,44.896,-7.364,-0.984,0.984,0.218,0.218
1.566,44.749,-7.280,-0.972,0.972,0.232,0.232
1.566,44.537,-7.278,-0.928,0.928,0.232,0.232
1.564,44.373,-7.179,-0.945,0.945,0.227,0.227
1.564,44.488,-7.171,-0.954,0.954,0.224,0.224
1.562,44.749,-7.074,-0.984,0.984,0.220,0.220
1.559,45.059,-6.950,-0.928,0.928,0.214,0.214
1.558,45.467,-6.922,-0.940,0.940,0.215,0.215
1.560,46.087,-6.987,-0.891,0.891,0.198,0.198
1.560,47.001,-6.992,-0.871,0.871,0.192,0.192
1.559,47.850,-6.936,-0.786,0.786,0.183,0.183
1.558,48.519,-6.885,-0.702,0.702,0.189,0.189
1.556,48.959,-6.821,-0.565,0.565,0.180,0.180
1.556,49.318,-6.803,-0.427,0.427,0.186,0.186
1.555,49.531,-6.762,-0.255,0.255,0.189,0.189
1.554,49.743,-6.696,-0.118,0.118,0.192,0.192
1.553,50.004,-6.666,0.069,0.069,0.201,0.201
1.551,50.232,-6.580,0.221,0.221,0.204,0.204
1.550,50.330,-6.495,0.354,0.354,0.209,0.209
1.547,50.526,-6.366,0.407,0.407,0.217,0.217
1.547,50.836,-6.347,0.482,0.482,0.212,0.212
1.545,51.326,-6.268,0.470,0.470,0.212,0.212
1.548,51.897,-6.432,0.504,0.504,0.188,0.188
1.548,52.256,-6.425,0.523,0.523,0.183,0.183
1.545,52.484,-6.279,0.507,0.507,0.160,0.160
1.544,52.844,-6.217,0.502,0.502,0.174,0.174
1.542,53.317,-6.104,0.443,0.443,0.166,0.166
1.542,54.133,-6.072,0.435,0.435,0.154,0.154
1.541,55.243,-6.036,0.414,0.414,0.148,0.148
1.540,56.369,-6.000,0.394,0.394,0.131,0.131
1.540,57.413,-5.983,0.400,0.400,0.140,0.140
1.539,58.229,-5.911,0.385,0.385,0.171,0.171
1.536,58.653,-5.767,0.337,0.337,0.162,0.162
1.533,58.915,-5.562,0.313,0.313,0.160,0.160
1.532,59.208,-5.508,0.287,0.287,0.192,0.192
1.535,59.535,-5.671,0.356,0.356,0.206,0.206
1.535,59.763,-5.724,0.414,0.414,0.227,0.227
1.534,60.073,-5.651,0.459,0.459,0.237,0.237
1.533,60.334,-5.569,0.447,0.447,0.243,0.243
1.531,60.563,-5.435,0.496,0.496,0.264,0.264
1.529,60.498,-5.356,0.473,0.473,0.285,0.285
1.529,60.155,-5.310,0.517,0.517,0.296,0.296
1.528,59.649,-5.279,0.604,0.604,0.311,0.311
1.527,59.274,-5.214,0.751,0.751,0.322,0.322
1.526,59.110,-5.135,0.833,0.833,0.325,0.325
1.523,59.257,-4.972,0.903,0.903,0.311,0.311
1.521,59.682,-4.858,0.876,0.876,0.330,0.330
1.518,60.057,-4.699,0.887,0.887,0.334,0.334
1.521,60.334,-4.841,0.848,0.848,0.328,0.328
1.524,60.579,-5.045,0.812,0.812,0.314,0.314
1.522,60.808,-4.906,0.754,0.754,0.311,0.311
1.522,61.069,-4.896,0.697,0.697,0.307,0.307
1.519,61.314,-4.756,0.621,0.621,0.311,0.311
1.518,61.738,-4.646,0.586,0.586,0.313,0.313
1.517,62.195,-4.593,0.517,0.517,0.325,0.325
1.516,62.733,-4.564,0.468,0.468,0.327,0.327
1.515,63.239,-4.465,0.420,0.420,0.330,0.330
1.513,63.843,-4.390,0.389,0.389,0.314,0.314
1.511,64.594,-4.247,0.397,0.397,0.316,0.316
1.508,65.198,-4.036,0.357,0.357,0.313,0.313
1.506,65.606,-3.904,0.365,0.365,0.293,0.293
1.507,65.785,-3.995,0.351,0.351,0.273,0.273
1.510,66.014,-4.190,0.298,0.298,0.262,0.262
1.509,66.226,-4.135,0.143,0.143,0.241,0.241
1.508,66.503,-4.051,0.005,0.005,0.250,0.250
1.506,66.585,-3.892,-0.145,0.145,0.217,0.217
1.505,66.764,-3.853,-0.282,0.282,0.189,0.189
1.505,66.944,-3.815,-0.458,0.458,0.172,0.172
1.504,67.238,-3.750,-0.600,0.600,0.159,0.159
1.503,67.434,-3.681,-0.734,0.734,0.159,0.159
1.502,67.580,-3.654,-0.798,0.798,0.145,0.145
1.501,67.695,-3.578,-0.874,0.874,0.154,0.154
1.499,68.054,-3.429,-0.884,0.884,0.140,0.140
1.496,68.576,-3.219,-0.874,0.874,0.151,0.151
1.494,69.245,-3.059,-0.839,0.839,0.140,0.140
1.495,70.143,-3.163,-0.845,0.845,0.156,0.156
1.498,71.122,-3.369,-0.801,0.801,0.151,0.151
1.497,72.003,-3.293,-0.786,0.786,0.169,0.169
1.495,72.640,-3.183,-0.716,0.716,0.154,0.154
1.493,73.244,-2.979,-0.693,0.693,0.180,0.180
1.492,73.782,-2.904,-0.610,0.610,0.197,0.197
1.490,74.141,-2.818,-0.588,0.588,0.197,0.197
1.491,74.370,-2.870,-0.522,0.522,0.191,0.191
1.489,74.484,-2.739,-0.526,0.526,0.200,0.200
1.488,74.468,-2.672,-0.481,0.481,0.203,0.203
1.487,74.565,-2.591,-0.436,0.436,0.192,0.192
1.483,74.810,-2.296,-0.316,0.316,0.189,0.189
1.482,74.924,-2.174,-0.221,0.221,0.200,0.200
1.483,74.957,-2.276,-0.052,0.052,0.179,0.179
1.484,74.924,-2.341,0.026,0.026,0.179,0.179
1.485,74.941,-2.433,0.150,0.150,0.169,0.169
1.483,75.055,-2.239,0.238,0.238,0.177,0.177
1.481,75.430,-2.082,0.348,0.348,0.182,0.182
1.479,75.953,-1.979,0.427,0.427,0.180,0.180
1.479,76.622,-1.931,0.449,0.449,0.175,0.175
1.478,77.503,-1.869,0.490,0.490,0.194,0.194
1.476,78.499,-1.740,0.523,0.523,0.203,0.203
1.475,79.543,-1.685,0.523,0.523,0.226,0.226
1.474,80.359,-1.563,0.502,0.502,0.221,0.221
1.472,80.816,-1.376,0.497,0.497,0.227,0.227
1.470,81.044,-1.285,0.455,0.455,0.221,0.221
1.469,81.436,-1.134,0.407,0.407,0.240,0.240
1.474,81.844,-1.551,0.392,0.392,0.233,0.233
1.473,82.268,-1.475,0.410,0.410,0.230,0.230
1.471,82.530,-1.363,0.430,0.430,0.232,0.232
1.469,82.840,-1.154,0.401,0.401,0.223,0.223
1.467,83.052,-1.019,0.331,0.331,0.224,0.224
1.467,82.954,-0.962,0.278,0.278,0.235,0.235
1.466,82.970,-0.876,0.186,0.186,0.250,0.250
1.465,83.150,-0.843,0.166,0.166,0.250,0.250
1.464,83.460,-0.722,0.130,0.130,0.279,0.279
1.463,83.868,-0.625,0.163,0.163,0.264,0.264
1.460,84.472,-0.410,0.252,0.252,0.301,0.301
1.457,85.239,-0.154,0.380,0.380,0.314,0.314
1.456,85.973,-0.046,0.392,0.392,0.317,0.317
1.460,86.789,-0.421,0.403,0.403,0.311,0.311
1.460,87.360,-0.401,0.388,0.388,0.319,0.319
1.459,87.834,-0.325,0.363,0.363,0.322,0.322
1.458,88.307,-0.208,0.291,0.291,0.299,0.299
1.456,88.796,-0.065,0.243,0.243,0.314,0.314
1.455,89.433,0.066,0.162,0.162,0.325,0.325
1.454,90.151,0.128,0.095,0.095,0.304,0.304
1.453,90.885,0.197,-0.003,0.003,0.296,0.296
1.452,91.636,0.330,-0.087,0.087,0.293,0.293
1.451,92.256,0.355,-0.175,0.175,0.296,0.296
1.448,92.746,0.661,-0.282,0.282,0.293,0.293
1.444,93.072,1.003,-0.414,0.414,0.285,0.285
1.444,93.170,1.053,-0.549,0.549,0.279,0.279
1.447,93.317,0.753,-0.668,0.668,0.278,0.278
1.447,93.513,0.734,-0.749,0.749,0.273,0.273
1.447,93.921,0.759,-0.780,0.780,0.296,0.296
1.444,94.688,1.047,-0.771,0.771,0.264,0.264
1.442,95.586,1.182,-0.765,0.765,0.246,0.246
1.442,96.255,1.252,-0.771,0.771,0.237,0.237
1.440,96.891,1.387,-0.786,0.786,0.217,0.217
1.440,97.544,1.439,-0.778,0.778,0.191,0.191
1.440,98.148,1.461,-0.687,0.687,0.174,0.174
1.438,98.637,1.589,-0.566,0.566,0.168,0.168
1.437,99.274,1.749,-0.444,0.444,0.166,0.166
1.434,99.976,2.033,-0.339,0.339,0.175,0.175
1.432,100.759,2.200,-0.127,0.127,0.180,0.180
1.435,101.510,1.958,0.053,0.053,0.191,0.191
1.434,102.097,1.975,0.258,0.258,0.201,0.201
1.434,102.473,2.002,0.423,0.423,0.212,0.212
1.433,102.538,2.111,0.604,0.604,0.224,0.224
1.431,102.554,2.356,0.745,0.745,0.246,0.246
1.429,102.456,2.529,0.949,0.949,0.255,0.255
1.429,102.473,2.570,1.083,1.083,0.261,0.261
1.427,102.636,2.744,1.213,1.213,0.264,0.264
1.426,102.881,2.815,1.280,1.280,0.276,0.276
1.426,103.142,2.849,1.346,1.346,0.272,0.272
1.424,103.517,3.031,1.363,1.363,0.241,0.241
1.422,104.039,3.255,1.383,1.383,0.250,0.250
1.419,104.513,3.559,1.380,1.380,0.250,0.250
1.418,104.937,3.635,1.459,1.459,0.221,0.221
1.421,105.133,3.339,1.482,1.482,0.221,0.221
1.423,105.378,3.186,1.439,1.439,0.206,0.206
1.421,105.443,3.305,1.351,1.351,0.200,0.200
1.419,105.606,3.525,1.222,1.222,0.169,0.169
1.419,105.818,3.609,0.992,0.992,0.189,0.189
1.416,106.079,3.876,0.758,0.758,0.200,0.200
1.416,106.340,3.862,0.484,0.484,0.211,0.211
1.415,106.569,4.017,0.192,0.192,0.217,0.217
1.413,106.683,4.148,-0.084,0.084,0.232,0.232
1.413,106.504,4.208,-0.313,0.313,0.249,0.249
1.410,106.275,4.568,-0.525,0.525,0.252,0.252
1.407,105.867,4.825,-0.728,0.728,0.282,0.282
1.405,105.378,5.049,-0.862,0.862,0.307,0.307
1.408,105.019,4.760,-1.024,1.024,0.304,0.304
1.410,104.921,4.526,-1.135,1.135,0.316,0.316
1.408,105.068,4.749,-1.219,1.219,0.331,0.331
1.407,105.312,4.850,-1.213,1.213,0.339,0.339
1.406,105.622,4.931,-1.202,1.202,0.328,0.328
1.405,105.720,5.099,-1.167,1.167,0.328,0.328
1.404,105.573,5.158,-1.070,1.070,0.325,0.325
1.402,105.427,5.361,-0.951,0.951,0.319,0.319
1.402,105.263,5.326,-0.838,0.838,0.310,0.310
1.401,104.872,5.494,-0.693,0.693,0.299,0.299
1.398,104.545,5.758,-0.578,0.578,0.298,0.298
1.396,104.382,6.007,-0.404,0.404,0.282,0.282
1.393,104.382,6.339,-0.172,0.172,0.288,0.288
1.396,104.464,5.958,0.093,0.093,0.293,0.293
1.397,104.464,5.854,0.241,0.241,0.288,0.288
1.398,104.594,5.830,0.406,0.406,0.285,0.285
1.395,104.986,6.070,0.528,0.528,0.279,0.279
1.393,105.329,6.318,0.670,0.670,0.281,0.281
1.392,105.639,6.468,0.775,0.775,0.284,0.284
1.391,106.014,6.552,0.882,0.882,0.284,0.284
1.390,106.438,6.587,0.919,0.919,0.282,0.282
1.390,106.830,6.662,1.001,1.001,0.264,0.264
1.388,107.091,6.811,1.064,1.064,0.266,0.266
1.387,107.303,6.921,1.207,1.207,0.267,0.267
1.384,107.385,7.227,1.357,1.357,0.293,0.293
1.381,107.287,7.633,1.462,1.462,0.290,0.290
1.381,107.010,7.643,1.505,1.505,0.301,0.301
1.384,106.716,7.222,1.608,1.608,0.296,0.296
1.385,106.471,7.186,1.709,1.709,0.290,0.290
1.384,106.389,7.313,1.793,1.793,0.279,0.279
1.382,106.373,7.486,1.883,1.883,0.284,0.284
1.380,106.259,7.677,1.888,1.888,0.285,0.285
1.378,105.900,7.881,1.918,1.918,0.281,0.281
1.378,105.394,7.961,1.926,1.926,0.293,0.293
1.377,105.019,8.062,1.976,1.976,0.282,0.282
1.376,104.855,8.160,1.955,1.955,0.288,0.288
1.375,104.921,8.243,1.865,1.865,0.288,0.288
1.372,105.068,8.553,1.756,1.756,0.296,0.296
1.370,105.508,8.794,1.645,1.645,0.299,0.299
1.371,105.981,8.682,1.465,1.465,0.290,0.290
1.371,106.504,8.608,1.282,1.282,0.299,0.299
1.373,106.993,8.417,1.051,1.051,0.307,0.307
1.371,107.320,8.658,0.784,0.784,0.314,0.314
1.369,107.418,8.851,0.490,0.490,0.322,0.322
1.368,107.385,9.011,0.261,0.261,0.342,0.342
1.366,107.238,9.200,-0.002,0.002,0.330,0.330
1.367,106.863,9.129,-0.166,0.166,0.334,0.334
1.364,106.487,9.348,-0.351,0.351,0.346,0.346
1.364,106.226,9.366,-0.502,0.502,0.351,0.351
1.363,105.851,9.482,-0.684,0.684,0.343,0.343
1.360,105.394,9.839,-0.823,0.823,0.330,0.330
1.357,104.725,10.083,-0.972,0.972,0.334,0.334
1.355,103.974,10.370,-1.067,1.067,0.316,0.316
1.357,103.354,10.171,-1.146,1.146,0.304,0.304
1.360,102.848,9.818,-1.154,1.154,0.285,0.285
1.360,102.538,9.805,-1.190,1.190,0.258,0.258
1.357,102.424,10.083,-1.213,1.213,0.224,0.224
1.356,102.620,10.216,-1.267,1.267,0.198,0.198
1.354,103.028,10.431,-1.279,1.279,0.166,0.166
1.354,103.403,10.489,-1.254,1.254,0.153,0.153
1.353,103.664,10.551,-1.149,1.149,0.134,0.134
1.352,104.072,10.685,-0.990,0.990,0.131,0.131
1.351,104.496,10.713,-0.728,0.728,0.114,0.114
1.349,104.872,11.008,-0.443,0.443,0.125,0.125
1.346,105.002,11.255,-0.183,0.183,0.130,0.130
1.343,105.182,11.610,-0.011,0.011,0.133,0.133
1.343,105.476,11.562,0.130,0.130,0.137,0.137
1.347,105.981,11.197,0.174,0.174,0.160,0.160
1.347,106.504,11.200,0.215,0.215,0.148,0.148
1.345,106.977,11.360,0.258,0.258,0.159,0.159
1.344,107.320,11.463,0.331,0.331,0.185,0.185
1.344,107.418,11.538,0.432,0.432,0.159,0.159
1.342,107.287,11.719,0.493,0.493,0.154,0.154
1.340,106.830,11.907,0.555,0.555,0.169,0.169
1.340,106.340,11.971,0.621,0.621,0.169,0.169
1.338,105.851,12.119,0.649,0.649,0.177,0.177
1.337,105.476,12.185,0.649,0.649,0.177,0.177
1.334,105.394,12.524,0.652,0.652,0.185,0.185
1.332,105.394,12.773,0.578,0.578,0.192,0.192
1.331,105.737,12.822,0.526,0.526,0.208,0.208
1.335,106.259,12.456,0.481,0.481,0.209,0.209
1.334,106.438,12.537,0.470,0.470,0.223,0.223
1.332,106.471,12.728,0.443,0.443,0.246,0.246
1.331,106.422,12.837,0.461,0.461,0.262,0.262
1.329,106.259,13.031,0.412,0.412,0.281,0.281
1.328,106.161,13.197,0.380,0.380,0.308,0.308
1.328,106.308,13.204,0.343,0.343,0.334,0.334
1.328,106.406,13.228,0.356,0.356,0.346,0.346
1.327,106.292,13.334,0.327,0.327,0.377,0.377
1.325,106.063,13.500,0.320,0.320,0.377,0.377
1.322,105.737,13.805,0.200,0.200,0.401,0.401
1.320,105.378,14.040,0.108,0.108,0.406,0.406
1.321,104.904,13.946,-0.070,0.070,0.395,0.395
1.321,104.513,13.904,-0.215,0.215,0.386,0.386
1.323,104.137,13.762,-0.389,0.389,0.371,0.371
1.321,103.827,13.907,-0.497,0.497,0.340,0.340
1.319,103.844,14.175,-0.665,0.665,0.324,0.324
1.317,103.958,14.327,-0.769,0.769,0.279,0.279
1.316,104.088,14.434,-0.839,0.839,0.253,0.253
1.315,104.219,14.524,-0.789,0.789,0.237,0.237
1.315,103.958,14.596,-0.676,0.676,0.218,0.218
1.314,103.599,14.675,-0.562,0.562,0.200,0.200
1.313,103.272,14.799,-0.494,0.494,0.200,0.200
1.312,102.881,14.884,-0.409,0.409,0.200,0.200
1.309,102.587,15.160,-0.322,0.322,0.186,0.186
1.307,102.456,15.354,-0.229,0.229,0.174,0.174
1.309,102.309,15.184,-0.072,0.072,0.163,0.163
1.309,102.228,15.127,0.035,0.035,0.145,0.145
1.309,102.489,15.157,0.159,0.159,0.146,0.146
1.307,102.620,15.358,0.348,0.348,0.136,0.136
1.306,102.554,15.508,0.557,0.557,0.118,0.118
1.305,102.652,15.630,0.728,0.728,0.145,0.145
1.304,102.701,15.667,0.909,0.909,0.168,0.168
1.302,102.881,15.899,1.039,1.039,0.180,0.180
1.302,103.125,15.879,1.172,1.172,0.191,0.191
1.300,103.403,16.091,1.204,1.204,0.209,0.209
1.299,103.648,16.167,1.268,1.268,0.232,0.232
1.295,103.762,16.569,1.297,1.297,0.255,0.255
1.294,104.056,16.727,1.323,1.323,0.278,0.278
1.299,104.611,16.247,1.360,1.360,0.302,0.302
1.299,105.133,16.187,1.402,1.402,0.307,0.307
1.296,105.296,16.488,1.393,1.393,0.310,0.310
1.295,105.133,16.610,1.405,1.405,0.333,0.333
1.294,105.100,16.711,1.369,1.369,0.330,0.330
1.293,105.149,16.854,1.338,1.338,0.334,0.334
1.292,105.051,16.955,1.250,1.250,0.337,0.337
1.291,104.823,17.066,1.166,1.166,0.342,0.342
1.290,104.545,17.108,1.003,1.003,0.356,0.356
1.288,104.431,17.347,0.853,0.853,0.346,0.346
1.286,104.447,17.600,0.670,0.670,0.369,0.369
1.283,104.480,17.856,0.519,0.519,0.349,0.349
1.283,104.611,17.929,0.374,0.374,0.340,0.340
1.286,104.855,17.561,0.288,0.288,0.345,0.345
1.285,105.165,17.662,0.212,0.212,0.357,0.357
1.284,105.639,17.815,0.186,0.186,0.356,0.356
1.283,106.373,17.914,0.166,0.166,0.349,0.349
1.282,106.993,18.027,0.093,0.093,0.342,0.342
1.280,107.548,18.176,-0.011,0.011,0.342,0.342
1.279,108.103,18.298,-0.099,0.099,0.334,0.334
1.279,108.837,18.298,-0.197,0.197,0.336,0.336
1.278,109.311,18.428,-0.295,0.295,0.325,0.325
1.276,109.604,18.595,-0.365,0.365,0.328,0.328
1.275,109.800,18.697,-0.433,0.433,0.310,0.310
1.272,109.866,19.029,-0.479,0.479,0.272,0.272
1.270,109.882,19.273,-0.534,0.534,0.244,0.244
1.269,109.996,19.378,-0.572,0.572,0.217,0.217
1.273,110.225,19.010,-0.578,0.578,0.166,0.166
1.272,110.372,19.053,-0.620,0.620,0.134,0.134
1.271,110.241,19.149,-0.700,0.700,0.124,0.124
1.269,109.996,19.397,-0.771,0.771,0.113,0.113
1.268,109.947,19.565,-0.881,0.881,0.104,0.104
1.266,110.241,19.725,-0.966,0.966,0.108,0.108
1.265,110.502,19.842,-1.064,1.064,0.108,0.108
1.264,110.926,19.916,-1.035,1.035,0.110,0.110
1.265,111.220,19.857,-0.949,0.949,0.107,0.107
1.263,111.514,20.034,-0.766,0.766,0.121,0.121
1.260,111.759,20.356,-0.586,0.586,0.111,0.111
1.258,111.987,20.623,-0.406,0.406,0.114,0.114
1.259,112.281,20.493,-0.328,0.328,0.131,0.131
1.261,112.346,20.292,-0.230,0.230,0.156,0.156
1.260,112.363,20.378,-0.224,0.224,0.180,0.180
1.259,112.314,20.501,-0.146,0.146,0.203,0.203
1.257,112.477,20.777,-0.061,0.061,0.204,0.204
1.256,112.836,20.840,0.089,0.089,0.247,0.247
1.255,113.211,21.020,0.201,0.201,0.259,0.259
1.254,113.407,21.088,0.395,0.395,0.267,0.267
1.252,113.521,21.257,0.612,0.612,0.273,0.273
1.252,113.733,21.355,0.847,0.847,0.255,0.255
1.249,113.799,21.679,1.073,1.073,0.279,0.279
1.246,113.831,21.966,1.264,1.264,0.284,0.284
1.246,113.978,21.974,1.373,1.373,0.281,0.281
1.246,114.305,21.951,1.476,1.476,0.275,0.275
1.250,114.696,21.567,1.517,1.517,0.288,0.288
1.249,114.957,21.682,1.586,1.586,0.291,0.291
1.246,115.219,21.937,1.534,1.534,0.317,0.317
1.244,115.186,22.190,1.474,1.474,0.296,0.296
1.244,114.925,22.209,1.378,1.378,0.293,0.293
1.242,114.745,22.403,1.294,1.294,0.298,0.298
1.242,114.892,22.426,1.218,1.218,0.298,0.298
1.240,115.284,22.628,1.126,1.126,0.295,0.295
1.240,115.822,22.655,1.029,1.029,0.304,0.304
1.238,116.492,22.936,0.896,0.896,0.276,0.276
1.236,117.405,23.145,0.797,0.797,0.317,0.317
1.233,118.221,23.517,0.682,0.682,0.342,0.342
1.232,118.858,23.576,0.577,0.577,0.353,0.353
1.235,119.184,23.232,0.438,0.438,0.348,0.348
1.236,119.429,23.173,0.324,0.324,0.349,0.349
1.234,119.772,23.407,0.166,0.166,0.337,0.337
1.233,120.245,23.526,0.066,0.066,0.319,0.319
1.233,120.767,23.542,-0.096,0.096,0.311,0.311
1.231,121.159,23.795,-0.212,0.212,0.291,0.291
1.229,121.388,23.952,-0.365,0.365,0.269,0.269
1.229,121.763,24.028,-0.464,0.464,0.232,0.232
1.228,122.106,24.142,-0.569,0.569,0.211,0.211
1.227,122.367,24.194,-0.621,0.621,0.188,0.188
1.224,122.595,24.592,-0.685,0.685,0.182,0.182
1.221,122.677,24.962,-0.661,0.661,0.169,0.169
1.220,122.677,25.072,-0.627,0.627,0.185,0.185
1.223,122.824,24.730,-0.461,0.461,0.174,0.174
1.224,123.150,24.653,-0.331,0.331,0.160,0.160
1.222,123.672,24.825,-0.177,0.177,0.159,0.159
1.221,124.227,24.985,-0.047,0.047,0.140,0.140
1.219,124.717,25.241,0.134,0.134,0.151,0.151
1.218,125.174,25.324,0.256,0.256,0.159,0.159
1.216,125.680,25.540,0.334,0.334,0.172,0.172
1.216,125.892,25.636,0.407,0.407,0.189,0.189
1.215,125.892,25.682,0.487,0.487,0.197,0.197
1.215,125.990,25.703,0.562,0.562,0.209,0.209
1.211,126.071,26.221,0.613,0.613,0.221,0.221
1.210,126.218,26.359,0.649,0.649,0.235,0.235
1.208,126.447,26.568,0.662,0.662,0.235,0.235
1.211,126.692,26.279,0.705,0.705,0.240,0.240
1.211,126.936,26.174,0.751,0.751,0.241,0.241
1.209,127.083,26.443,0.790,0.790,0.267,0.267
1.208,127.067,26.599,0.758,0.758,0.287,0.287
1.207,127.034,26.683,0.739,0.739,0.288,0.288
1.206,127.018,26.810,0.697,0.697,0.296,0.296
1.204,127.067,27.063,0.678,0.678,0.305,0.305
1.204,127.034,27.143,0.597,0.597,0.310,0.310
1.203,127.181,27.197,0.548,0.548,0.310,0.310
1.202,127.393,27.366,0.490,0.490,0.328,0.328
1.199,127.720,27.747,0.470,0.470,0.339,0.339
1.197,128.079,28.065,0.438,0.438,0.340,0.340
1.196,128.601,28.120,0.346,0.346,0.353,0.353
1.197,128.944,27.962,0.197,0.197,0.348,0.348
1.199,129.205,27.731,0.111,0.111,0.349,0.349
1.198,129.580,27.813,0.099,0.099,0.357,0.357
1.196,129.874,28.118,0.134,0.134,0.372,0.372
1.195,130.168,28.273,0.119,0.119,0.372,0.372
1.193,130.657,28.550,0.188,0.188,0.383,0.383
1.193,131.392,28.568,0.206,0.206,0.395,0.395
1.191,132.061,28.777,0.252,0.252,0.391,0.391
1.190,132.567,28.865,0.175,0.175,0.401,0.401
1.190,132.730,28.962,0.111,0.111,0.424,0.424
1.188,132.583,29.155,-0.002,0.002,0.414,0.414
1.185,132.306,29.524,-0.037,0.037,0.398,0.398
1.184,132.012,29.748,-0.069,0.069,0.380,0.380
1.183,131.783,29.870,-0.026,0.026,0.356,0.356
1.185,131.506,29.613,-0.037,0.037,0.328,0.328
1.186,131.408,29.504,-0.066,0.066,0.302,0.302
1.185,131.555,29.639,-0.145,0.145,0.290,0.290
1.183,131.832,29.879,-0.226,0.226,0.214,0.214
1.181,132.126,30.076,-0.334,0.334,0.165,0.165
1.181,132.501,30.133,-0.513,0.513,0.127,0.127
1.179,133.007,30.344,-0.673,0.673,0.099,0.099
1.178,133.513,30.473,-0.827,0.827,0.067,0.067
1.177,134.182,30.584,-0.934,0.934,0.046,0.046
1.177,135.047,30.682,-1.067,1.067,0.047,0.047
1.173,136.043,31.199,-1.186,1.186,0.027,0.027
1.172,136.940,31.366,-1.277,1.277,0.026,0.026
1.171,137.512,31.462,-1.346,1.346,0.038,0.038
1.174,137.838,31.083,-1.364,1.364,0.043,0.043
1.174,137.903,31.115,-1.341,1.341,0.049,0.049
1.172,137.871,31.380,-1.311,1.311,0.058,0.058
1.169,137.708,31.727,-1.235,1.235,0.066,0.066
1.168,137.430,31.855,-1.169,1.169,0.072,0.072
1.167,137.348,31.969,-1.094,1.094,0.081,0.081
1.166,137.365,32.128,-1.006,1.006,0.095,0.095
1.166,137.348,32.083,-0.894,0.894,0.113,0.113
1.166,137.251,32.137,-0.812,0.812,0.118,0.118
1.164,137.022,32.397,-0.703,0.703,0.136,0.136
1.161,136.859,32.769,-0.658,0.658,0.118,0.118
1.160,136.859,32.978,-0.575,0.575,0.133,0.133
1.159,137.006,33.168,-0.548,0.548,0.148,0.148
1.160,137.414,33.018,-0.468,0.468,0.162,0.162
1.161,137.936,32.895,-0.391,0.391,0.168,0.168
1.161,138.589,32.803,-0.272,0.272,0.198,0.198
1.158,139.323,33.232,-0.220,0.220,0.182,0.182
1.157,140.090,33.371,-0.154,0.154,0.189,0.189
1.155,140.808,33.660,-0.075,0.075,0.206,0.206
1.155,141.363,33.734,0.012,0.012,0.212,0.212
1.154,141.788,33.861,0.136,0.136,0.238,0.238
1.152,141.983,34.045,0.360,0.360,0.238,0.238
1.152,142.081,34.082,0.604,0.604,0.247,0.247
1.150,141.934,34.393,0.804,0.804,0.266,0.266
1.147,141.853,34.756,0.990,0.990,0.281,0.281
1.146,141.788,34.939,1.123,1.123,0.278,0.278
1.150,141.820,34.412,1.213,1.213,0.290,0.290
1.149,141.820,34.549,1.297,1.297,0.296,0.296
1.148,141.836,34.605,1.376,1.376,0.301,0.301
1.147,141.641,34.850,1.465,1.465,0.282,0.282
1.144,141.428,35.187,1.524,1.524,0.290,0.290
1.144,141.265,35.281,1.561,1.561,0.296,0.296
1.142,141.265,35.487,1.674,1.674,0.290,0.290
1.142,141.265,35.501,1.779,1.779,0.298,0.298
1.140,141.477,35.769,1.839,1.839,0.299,0.299
1.140,141.836,35.801,1.759,1.759,0.307,0.307
1.137,142.506,36.169,1.701,1.701,0.311,0.311
1.134,143.093,36.605,1.582,1.582,0.314,0.314
1.134,143.501,36.667,1.503,1.503,0.316,0.316
1.133,143.876,36.791,1.367,1.367,0.319,0.319
1.138,144.333,36.126,1.323,1.323,0.319,0.319
1.136,144.839,36.419,1.253,1.253,0.354,0.354
1.135,145.182,36.544,1.201,1.201,0.349,0.349
1.133,145.460,36.862,1.129,1.129,0.353,0.353
1.131,145.672,37.084,1.096,1.096,0.357,0.357
1.131,145.770,37.137,1.018,1.018,0.363,0.363
1.129,145.737,37.335,0.975,0.975,0.365,0.365
1.128,145.574,37.466,0.923,0.923,0.374,0.374
1.128,145.035,37.533,0.877,0.877,0.365,0.365
1.126,144.301,37.792,0.755,0.755,0.380,0.380
1.123,143.534,38.236,0.661,0.661,0.404,0.404
1.121,142.767,38.564,0.577,0.577,0.385,0.385
1.123,142.326,38.313,0.552,0.552,0.375,0.375
1.124,142.212,38.143,0.542,0.542,0.368,0.368
1.125,142.244,38.030,0.522,0.522,0.365,0.365
1.122,142.440,38.341,0.464,0.464,0.348,0.348
1.120,142.783,38.639,0.383,0.383,0.357,0.357
1.118,143.305,38.900,0.284,0.284,0.354,0.354
1.118,143.697,38.919,0.186,0.186,0.346,0.346
1.118,143.974,38.924,0.105,0.105,0.348,0.348
1.117,144.350,39.154,0.008,0.008,0.345,0.345
1.115,144.807,39.365,-0.121,0.121,0.337,0.337
1.115,145.329,39.442,-0.299,0.299,0.322,0.322
1.111,145.819,39.905,-0.441,0.441,0.319,0.319
1.109,146.341,40.200,-0.591,0.591,0.302,0.302
1.109,146.798,40.273,-0.594,0.594,0.284,0.284
1.111,147.010,39.952,-0.591,0.591,0.258,0.258
1.112,146.863,39.820,-0.572,0.572,0.256,0.256
1.110,146.569,40.083,-0.540,0.540,0.221,0.221
1.108,145.998,40.447,-0.415,0.415,0.197,0.197
1.107,145.280,40.539,-0.398,0.398,0.185,0.185
1.106,144.644,40.716,-0.368,0.368,0.175,0.175
1.105,144.138,40.822,-0.340,0.340,0.166,0.166
1.104,143.681,40.970,-0.276,0.276,0.165,0.165
1.103,143.175,41.079,-0.272,0.272,0.185,0.185
1.103,142.832,41.188,-0.200,0.200,0.171,0.171
1.099,142.734,41.666,-0.188,0.188,0.168,0.168
1.098,142.750,41.913,-0.148,0.148,0.166,0.166
1.097,142.767,41.993,-0.154,0.154,0.168,0.168
1.099,142.799,41.718,-0.096,0.096,0.145,0.145
1.100,142.767,41.562,-0.111,0.111,0.133,0.133
1.098,142.963,41.884,-0.105,0.105,0.134,0.134
1.096,143.305,42.069,-0.143,0.143,0.104,0.104
1.094,143.844,42.398,-0.166,0.166,0.098,0.098
1.093,144.203,42.527,-0.229,0.229,0.116,0.116
1.092,144.497,42.733,-0.246,0.246,0.124,0.124
1.092,144.692,42.766,-0.291,0.291,0.151,0.151
1.091,144.758,42.833,-0.279,0.279,0.180,0.180
1.089,144.627,43.093,-0.287,0.287,0.227,0.227
1.088,144.399,43.284,-0.319,0.319,0.238,0.238
1.085,144.252,43.744,-0.301,0.301,0.243,0.243
1.085,144.236,43.744,-0.349,0.349,0.240,0.240
1.084,144.252,43.906,-0.398,0.398,0.230,0.230
1.086,144.268,43.615,-0.481,0.481,0.230,0.230
1.086,144.284,43.591,-0.488,0.488,0.227,0.227
1.085,144.284,43.701,-0.522,0.522,0.215,0.215
1.083,144.138,43.988,-0.497,0.497,0.221,0.221
1.082,143.893,44.193,-0.485,0.485,0.238,0.238
1.080,143.746,44.484,-0.441,0.441,0.227,0.227
1.080,143.583,44.493,-0.388,0.388,0.224,0.224
1.079,143.387,44.603,-0.262,0.262,0.218,0.218
1.077,143.224,44.836,-0.145,0.145,0.229,0.229
1.077,143.240,44.907,-0.053,0.053,0.221,0.221
1.074,143.109,45.348,-0.038,0.038,0.237,0.237
1.071,142.914,45.690,0.017,0.017,0.233,0.233
1.071,142.767,45.766,0.041,0.041,0.217,0.217
1.072,142.734,45.576,0.078,0.078,0.198,0.198
1.073,142.799,45.434,0.047,0.047,0.185,0.185
1.073,142.930,45.392,0.072,0.072,0.182,0.182
1.071,143.338,45.776,0.034,0.034,0.180,0.180
1.070,143.811,45.890,0.052,0.052,0.192,0.192
1.068,144.203,46.163,0.075,0.075,0.209,0.209
1.068,144.578,46.172,0.127,0.127,0.221,0.221
1.067,145.052,46.369,0.201,0.201,0.237,0.237
1.066,145.460,46.494,0.266,0.266,0.247,0.247
1.065,145.688,46.596,0.307,0.307,0.243,0.243
1.062,145.770,46.987,0.325,0.325,0.243,0.243
1.060,145.770,47.282,0.349,0.349,0.258,0.258
1.058,145.737,47.635,0.432,0.432,0.258,0.258
1.061,145.721,47.137,0.493,0.493,0.264,0.264
1.061,145.721,47.214,0.569,0.569,0.255,0.255
1.060,145.770,47.316,0.633,0.633,0.270,0.270
1.059,145.574,47.519,0.708,0.708,0.241,0.241
1.056,145.345,47.910,0.740,0.740,0.240,0.240
1.055,145.068,47.996,0.725,0.725,0.246,0.246
1.055,144.676,48.035,0.749,0.749,0.255,0.255
1.054,144.154,48.154,0.703,0.703,0.258,0.258
1.054,143.844,48.226,0.711,0.711,0.266,0.266
1.053,143.550,48.374,0.708,0.708,0.262,0.262
1.050,143.485,48.726,0.748,0.748,0.262,0.262
1.048,143.762,49.112,0.787,0.787,0.279,0.279
1.047,144.170,49.221,0.852,0.852,0.267,0.267
1.048,144.431,49.040,0.862,0.862,0.269,0.269
1.049,144.839,48.877,0.937,0.937,0.266,0.266
1.048,145.149,49.127,1.051,1.051,0.269,0.269
1.047,145.296,49.281,1.169,1.169,0.241,0.241
1.045,145.264,49.570,1.183,1.183,0.270,0.270
1.043,145.247,49.743,1.235,1.235,0.269,0.269
1.043,145.362,49.825,1.192,1.192,0.261,0.261
1.042,145.590,49.989,1.167,1.167,0.262,0.262
1.040,145.770,50.274,1.068,1.068,0.252,0.252
1.041,145.900,50.139,1.012,1.012,0.262,0.262
1.039,146.259,50.337,0.917,0.917,0.256,0.256
1.037,146.602,50.682,0.852,0.852,0.255,0.255
1.035,146.586,51.008,0.740,0.740,0.262,0.262
1.034,146.520,51.110,0.685,0.685,0.259,0.259
1.037,146.439,50.682,0.565,0.565,0.262,0.262
1.035,146.569,50.886,0.494,0.494,0.291,0.291
1.035,146.814,50.974,0.397,0.397,0.278,0.278
1.032,146.847,51.334,0.314,0.314,0.267,0.267
1.031,146.879,51.476,0.142,0.142,0.267,0.267
1.031,147.075,51.529,0.000,0.000,0.256,0.256
1.030,147.206,51.710,-0.169,0.169,0.243,0.243
1.029,146.928,51.846,-0.317,0.317,0.229,0.229
1.028,146.488,52.055,-0.435,0.435,0.223,0.223
1.026,146.178,52.211,-0.542,0.542,0.217,0.217
1.023,146.014,52.690,-0.630,0.630,0.217,0.217
1.022,145.835,52.840,-0.714,0.714,0.224,0.224
1.021,145.835,53.043,-0.795,0.795,0.243,0.243
1.024,146.080,52.613,-0.865,0.865,0.250,0.250
1.024,146.373,52.608,-0.951,0.951,0.270,0.270
1.022,146.504,52.812,-0.998,0.998,0.279,0.279
1.020,146.651,53.113,-0.948,0.948,0.302,0.302
1.020,146.977,53.172,-0.850,0.850,0.316,0.316
1.018,147.369,53.503,-0.710,0.710,0.324,0.324
1.017,147.646,53.631,-0.589,0.589,0.327,0.327
1.017,147.761,53.626,-0.465,0.465,0.325,0.325
1.015,147.859,53.822,-0.388,0.388,0.314,0.314
1.015,148.087,53.876,-0.262,0.262,0.295,0.295
1.012,148.348,54.328,-0.114,0.114,0.285,0.285
1.009,148.577,54.801,0.093,0.093,0.279,0.279
1.007,148.821,55.027,0.270,0.270,0.264,0.264
1.008,149.066,54.953,0.502,0.502,0.264,0.264
1.011,149.213,54.518,0.731,0.731,0.276,0.276
1.010,149.327,54.632,0.975,0.975,0.291,0.291
1.010,149.425,54.577,1.140,1.140,0.304,0.304
1.008,149.164,54.889,1.323,1.323,0.317,0.317
1.007,148.805,55.156,1.360,1.360,0.339,0.339
1.006,148.479,55.240,1.401,1.401,0.340,0.340
1.005,148.397,55.378,1.407,1.407,0.334,0.334
1.004,148.381,55.545,1.462,1.462,0.359,0.359
1.003,148.316,55.609,1.380,1.380,0.334,0.334
1.002,148.169,55.899,1.277,1.277,0.316,0.316
0.999,148.332,56.297,1.149,1.149,0.314,0.314
0.997,148.544,56.612,1.018,1.018,0.310,0.310
0.996,148.691,56.780,0.877,0.877,0.293,0.293
0.999,148.870,56.217,0.755,0.755,0.278,0.278
0.998,149.246,56.455,0.645,0.645,0.273,0.273
0.997,149.735,56.628,0.536,0.536,0.252,0.252
0.995,150.111,56.877,0.403,0.403,0.238,0.238
0.994,150.356,57.041,0.270,0.270,0.217,0.217
0.993,150.731,57.226,0.105,0.105,0.214,0.214
0.992,151.041,57.256,-0.044,0.044,0.215,0.215
0.992,151.335,57.311,-0.168,0.168,0.218,0.218
0.991,151.547,57.497,-0.333,0.333,0.209,0.209
0.990,151.824,57.693,-0.450,0.450,0.212,0.212
0.986,152.200,58.207,-0.620,0.620,0.203,0.203
0.985,152.526,58.425,-0.743,0.743,0.175,0.175
0.984,152.820,58.556,-0.881,0.881,0.154,0.154
0.988,153.016,57.998,-0.981,0.981,0.119,0.119
0.986,152.983,58.196,-1.076,1.076,0.105,0.105
0.984,152.591,58.495,-1.122,1.122,0.089,0.089
0.983,152.232,58.743,-1.204,1.204,0.066,0.066
0.982,152.069,58.874,-1.219,1.219,0.056,0.056
0.981,152.069,59.045,-1.241,1.241,0.056,0.056
0.980,152.118,59.166,-1.180,1.180,0.064,0.064
0.979,152.167,59.328,-1.114,1.114,0.082,0.082
0.977,152.428,59.540,-0.963,0.963,0.095,0.095
0.977,152.918,59.651,-0.839,0.839,0.102,0.102
0.975,153.146,59.844,-0.691,0.691,0.090,0.090
0.972,153.342,60.358,-0.578,0.578,0.113,0.113
0.972,153.505,60.434,-0.403,0.403,0.107,0.107
0.972,153.636,60.342,-0.279,0.279,0.119,0.119
0.975,153.815,59.929,-0.142,0.142,0.125,0.125
0.974,153.962,60.103,-0.012,0.012,0.153,0.153
0.971,154.256,60.481,0.194,0.194,0.165,0.165
0.970,154.370,60.634,0.385,0.385,0.200,0.200
0.968,154.240,60.941,0.624,0.624,0.211,0.211
0.969,154.093,60.880,0.804,0.804,0.233,0.233
0.968,154.060,60.998,0.942,0.942,0.244,0.244
0.965,154.109,61.391,1.056,1.056,0.217,0.217
0.965,154.093,61.406,1.161,1.161,0.241,0.241
0.964,154.125,61.672,1.192,1.192,0.255,0.255
0.960,154.256,62.235,1.170,1.170,0.249,0.249
0.958,154.631,62.552,1.109,1.109,0.256,0.256
0.958,155.137,62.547,1.010,1.010,0.244,0.244
0.962,155.643,61.980,0.905,0.905,0.261,0.261
0.962,156.084,61.960,0.794,0.794,0.279,0.279
0.960,156.296,62.182,0.688,0.688,0.288,0.288
0.958,156.508,62.556,0.560,0.560,0.307,0.307
0.957,156.606,62.743,0.484,0.484,0.320,0.320
0.956,156.443,62.919,0.359,0.359,0.339,0.339
0.954,156.378,63.080,0.264,0.264,0.369,0.369
0.953,156.590,63.246,0.153,0.153,0.360,0.360
0.953,156.932,63.381,0.113,0.113,0.357,0.357
0.951,157.047,63.688,0.118,0.118,0.368,0.368
0.947,156.949,64.230,0.146,0.146,0.378,0.378
0.945,156.704,64.568,0.166,0.166,0.386,0.386
0.948,156.378,64.168,0.175,0.175,0.392,0.392
0.949,156.116,63.930,0.159,0.159,0.401,0.401
0.949,155.953,63.997,0.163,0.163,0.404,0.404
0.947,155.839,64.266,0.143,0.143,0.410,0.410
0.946,156.116,64.478,0.110,0.110,0.412,0.412
0.943,156.720,64.810,0.061,0.061,0.409,0.409
0.944,157.553,64.773,0.034,0.034,0.404,0.404
0.943,158.205,64.941,0.002,0.002,0.410,0.410
0.942,158.760,64.999,0.018,0.018,0.414,0.414
0.940,159.560,65.284,0.006,0.006,0.409,0.409
0.940,160.099,65.379,0.044,0.044,0.394,0.394
0.936,160.621,65.937,0.056,0.056,0.368,0.368
0.934,161.029,66.273,0.089,0.089,0.336,0.336
0.933,161.388,66.477,0.060,0.060,0.334,0.334
0.936,161.551,66.054,0.053,0.053,0.301,0.301
0.937,161.518,65.812,0.041,0.041,0.288,0.288
0.935,161.306,66.128,0.067,0.067,0.276,0.276
0.933,160.980,66.481,0.069,0.069,0.276,0.276
0.932,160.604,66.630,0.085,0.085,0.261,0.261
0.930,160.425,67.008,0.121,0.121,0.259,0.259
0.930,160.278,66.976,0.151,0.151,0.258,0.258
0.928,159.984,67.242,0.194,0.194,0.247,0.247
0.928,159.478,67.284,0.169,0.169,0.255,0.255
0.928,159.103,67.332,0.180,0.180,0.244,0.244
0.926,158.956,67.632,0.185,0.185,0.240,0.240
0.924,158.956,67.943,0.220,0.220,0.227,0.227
0.922,159.005,68.265,0.229,0.229,0.223,0.223
0.924,159.185,67.927,0.284,0.284,0.203,0.203
0.924,159.429,67.906,0.310,0.310,0.230,0.230
0.923,159.658,68.060,0.392,0.392,0.246,0.246
0.920,159.935,68.483,0.421,0.421,0.250,0.250
0.920,160.066,68.627,0.499,0.499,0.261,0.261
0.919,160.180,68.786,0.449,0.449,0.259,0.259
0.917,160.539,68.967,0.414,0.414,0.244,0.244
0.917,161.029,69.041,0.316,0.316,0.221,0.221
0.915,161.404,69.309,0.252,0.252,0.215,0.215
0.915,161.372,69.314,0.185,0.185,0.212,0.212
0.912,160.996,69.886,0.177,0.177,0.204,0.204
0.910,160.262,70.243,0.182,0.182,0.212,0.212
0.908,159.527,70.418,0.276,0.276,0.204,0.204
0.910,158.744,70.117,0.366,0.366,0.212,0.212
0.912,158.042,69.881,0.514,0.514,0.201,0.201
0.911,157.406,69.985,0.525,0.525,0.186,0.186
0.909,157.096,70.356,0.539,0.539,0.175,0.175
0.907,156.981,70.595,0.551,0.551,0.172,0.172
0.907,157.014,70.710,0.588,0.588,0.154,0.154
0.906,157.047,70.767,0.613,0.613,0.139,0.139
0.904,157.210,71.038,0.661,0.661,0.124,0.124
0.904,157.553,71.184,0.691,0.691,0.121,0.121
0.903,157.944,71.236,0.700,0.700,0.111,0.111
0.901,158.075,71.593,0.676,0.676,0.122,0.122
0.898,158.091,72.070,0.679,0.679,0.127,0.127
0.895,158.336,72.526,0.647,0.647,0.154,0.154
0.898,158.907,71.990,0.591,0.591,0.180,0.180
0.898,159.576,72.000,0.542,0.542,0.183,0.183
0.898,160.115,72.043,0.421,0.421,0.185,0.185
0.897,160.621,72.154,0.322,0.322,0.182,0.182
0.896,160.915,72.378,0.211,0.211,0.182,0.182
0.895,160.915,72.517,0.073,0.073,0.203,0.203
0.893,160.604,72.778,-0.073,0.073,0.209,0.209
0.892,160.458,72.948,-0.174,0.174,0.201,0.201
0.892,160.458,73.076,-0.282,0.282,0.246,0.246
0.891,160.604,73.183,-0.362,0.362,0.264,0.264
0.889,160.882,73.524,-0.459,0.459,0.267,0.267
0.887,161.012,73.844,-0.499,0.499,0.276,0.276
0.885,160.882,74.154,-0.557,0.557,0.282,0.282
0.884,160.474,74.324,-0.557,0.557,0.288,0.288
0.885,159.919,74.128,-0.557,0.557,0.281,0.281
0.887,159.413,73.805,-0.493,0.493,0.284,0.284
0.884,158.907,74.301,-0.465,0.465,0.288,0.288
0.882,158.597,74.585,-0.389,0.389,0.276,0.276
0.881,158.483,74.743,-0.366,0.366,0.270,0.270
0.880,158.467,74.874,-0.284,0.284,0.284,0.284
0.881,158.793,74.774,-0.215,0.215,0.282,0.282
0.880,159.283,74.906,-0.029,0.029,0.291,0.291
0.879,159.707,75.165,0.128,0.128,0.301,0.301
0.875,159.805,75.737,0.366,0.366,0.302,0.302
0.874,159.642,75.886,0.607,0.607,0.311,0.311
0.872,159.511,76.150,0.853,0.853,0.314,0.314
0.876,159.625,75.499,0.996,0.996,0.336,0.336
0.875,159.870,75.664,1.152,1.152,0.314,0.314
0.873,160.131,75.977,1.299,1.299,0.311,0.311
0.872,160.539,76.163,1.430,1.430,0.316,0.316
0.871,161.045,76.424,1.589,1.589,0.316,0.316
0.869,161.535,76.718,1.701,1.701,0.314,0.314
0.869,161.763,76.766,1.795,1.795,0.311,0.311
0.868,161.502,76.868,1.802,1.802,0.301,0.301
0.867,161.094,77.039,1.824,1.824,0.311,0.311
0.866,160.604,77.183,1.805,1.805,0.319,0.319
0.863,160.017,77.630,1.824,1.824,0.328,0.328
0.862,159.397,77.810,1.799,1.799,0.334,0.334
0.860,158.891,78.190,1.799,1.799,0.331,0.331
0.862,158.548,77.822,1.770,1.770,0.308,0.308
0.863,158.467,77.685,1.683,1.683,0.284,0.284
0.862,158.516,77.816,1.499,1.499,0.279,0.279
0.860,158.532,78.126,1.299,1.299,0.287,0.287
0.859,158.548,78.310,1.085,1.085,0.272,0.272
0.857,158.516,78.600,0.867,0.867,0.275,0.275
0.856,158.548,78.742,0.644,0.644,0.270,0.270
0.856,158.630,78.836,0.465,0.465,0.288,0.288
0.855,158.891,78.910,0.287,0.287,0.291,0.291
0.853,159.185,79.226,0.108,0.108,0.287,0.287
0.853,159.429,79.253,-0.021,0.021,0.311,0.311
0.850,159.560,79.686,-0.130,0.130,0.320,0.320
0.847,159.691,80.232,-0.230,0.230,0.327,0.327
0.848,159.756,80.126,-0.317,0.317,0.339,0.339
0.851,159.478,79.575,-0.418,0.418,0.340,0.340
0.851,159.119,79.628,-0.432,0.432,0.334,0.334
0.849,158.679,79.834,-0.421,0.421,0.334,0.334
0.847,158.059,80.164,-0.418,0.418,0.331,0.331
0.845,157.455,80.489,-0.391,0.391,0.325,0.325
0.844,156.949,80.635,-0.415,0.415,0.317,0.317
0.844,156.573,80.749,-0.417,0.417,0.343,0.343
0.843,156.345,80.822,-0.452,0.452,0.307,0.307
0.842,156.133,81.024,-0.424,0.424,0.287,0.287
0.840,156.214,81.267,-0.443,0.443,0.269,0.269
0.837,156.280,81.739,-0.409,0.409,0.244,0.244
0.834,156.198,82.226,-0.435,0.435,0.230,0.230
0.839,156.247,81.490,-0.423,0.423,0.212,0.212
0.838,156.573,81.573,-0.456,0.456,0.215,0.215
0.838,157.128,81.609,-0.441,0.441,0.183,0.183
0.835,157.765,82.027,-0.449,0.449,0.172,0.172
0.834,158.532,82.247,-0.441,0.441,0.162,0.162
0.833,159.152,82.342,-0.406,0.406,0.156,0.156
0.832,159.625,82.548,-0.360,0.360,0.140,0.140
0.831,160.001,82.670,-0.259,0.259,0.148,0.148
0.831,160.033,82.803,-0.218,0.218,0.139,0.139
0.830,160.180,82.930,-0.171,0.171,0.153,0.153
0.828,160.376,83.255,-0.130,0.130,0.165,0.165
0.824,160.507,83.792,-0.084,0.084,0.180,0.180
0.823,160.539,84.063,-0.081,0.081,0.198,0.198
0.825,160.653,83.696,0.005,0.005,0.206,0.206
0.826,160.866,83.573,0.118,0.118,0.247,0.247
0.825,160.980,83.648,0.314,0.314,0.246,0.246
0.824,161.029,83.819,0.539,0.539,0.259,0.259
0.823,160.964,84.075,0.792,0.792,0.252,0.252
0.820,160.980,84.427,0.971,0.971,0.243,0.243
0.820,161.143,84.550,1.125,1.125,0.220,0.220
0.818,161.355,84.818,1.206,1.206,0.233,0.233
0.818,161.502,84.887,1.289,1.289,0.220,0.220
0.818,161.323,84.871,1.335,1.335,0.226,0.226
0.817,161.110,85.010,1.424,1.424,0.229,0.229
0.814,160.964,85.411,1.370,1.370,0.227,0.227
0.812,160.800,85.790,1.286,1.286,0.223,0.223
0.810,160.425,86.098,1.170,1.170,0.224,0.224
0.813,159.968,85.652,1.070,1.070,0.253,0.253
0.814,159.576,85.477,0.957,0.957,0.223,0.223
0.812,159.576,85.821,0.853,0.853,0.215,0.215
0.810,159.821,86.081,0.694,0.694,0.230,0.230
0.808,159.870,86.367,0.549,0.549,0.240,0.240
0.807,159.691,86.510,0.359,0.359,0.249,0.249
0.806,159.348,86.727,0.212,0.212,0.250,0.250
0.805,158.924,86.848,0.067,0.067,0.258,0.258
0.805,158.597,86.943,-0.018,0.018,0.270,0.270
0.804,158.467,87.122,-0.128,0.128,0.282,0.282
0.802,158.499,87.411,-0.250,0.250,0.279,0.279
0.799,158.646,87.800,-0.380,0.380,0.278,0.278
0.798,159.038,87.969,-0.537,0.537,0.279,0.279
0.799,159.707,87.831,-0.623,0.623,0.276,0.276
0.801,160.343,87.460,-0.702,0.702,0.276,0.276
0.799,160.751,87.816,-0.731,0.731,0.285,0.285
0.798,161.127,88.035,-0.795,0.795,0.290,0.290
0.796,161.535,88.313,-0.806,0.806,0.288,0.288
0.795,161.877,88.453,-0.855,0.855,0.293,0.293
0.795,162.041,88.571,-0.894,0.894,0.278,0.278
0.794,162.155,88.636,-0.932,0.932,0.278,0.278
0.793,162.351,88.862,-0.885,0.885,0.270,0.270
0.792,162.579,88.958,-0.870,0.870,0.249,0.249
0.789,162.857,89.433,-0.816,0.816,0.230,0.230
0.786,163.101,89.887,-0.763,0.763,0.218,0.218
0.787,163.232,89.860,-0.716,0.716,0.197,0.197
0.789,163.085,89.536,-0.690,0.690,0.192,0.192
0.788,162.938,89.590,-0.655,0.655,0.165,0.165
0.787,162.742,89.833,-0.581,0.581,0.145,0.145
0.787,162.547,89.865,-0.479,0.479,0.139,0.139
0.784,162.432,90.242,-0.421,0.421,0.139,0.139
0.784,162.285,90.248,-0.336,0.336,0.127,0.127
0.783,162.057,90.490,-0.241,0.241,0.146,0.146
0.782,161.943,90.592,-0.125,0.125,0.166,0.166
0.781,162.090,90.817,0.009,0.009,0.175,0.175
0.780,162.318,90.973,0.122,0.122,0.198,0.198
0.778,162.302,91.216,0.212,0.212,0.214,0.214
0.775,161.975,91.683,0.337,0.337,0.237,0.237
0.773,161.584,91.989,0.505,0.505,0.249,0.249
0.772,161.388,92.262,0.693,0.693,0.266,0.266
0.777,161.437,91.465,0.870,0.870,0.246,0.246
0.775,161.469,91.673,0.963,0.963,0.278,0.278
0.773,161.649,92.070,1.080,1.080,0.291,0.291
0.772,161.861,92.274,1.094,1.094,0.293,0.293
0.770,161.992,92.510,1.109,1.109,0.301,0.301
0.770,161.861,92.553,1.054,1.054,0.307,0.307
0.770,161.306,92.596,1.036,1.036,0.311,0.311
0.769,160.686,92.735,0.963,0.963,0.305,0.305
0.768,160.294,92.910,0.900,0.900,0.305,0.305
0.766,160.017,93.128,0.807,0.807,0.307,0.307
0.763,159.968,93.632,0.731,0.731,0.304,0.304
0.762,159.968,93.865,0.678,0.678,0.304,0.304
0.763,160.164,93.701,0.609,0.609,0.291,0.291
0.764,160.392,93.541,0.548,0.548,0.311,0.311
0.764,160.539,93.547,0.467,0.467,0.320,0.320
0.762,160.507,93.786,0.417,0.417,0.327,0.327
0.760,160.360,94.169,0.377,0.377,0.322,0.322
0.758,160.099,94.467,0.391,0.391,0.320,0.320
0.758,159.821,94.456,0.346,0.346,0.316,0.316
0.757,159.593,94.615,0.334,0.334,0.328,0.328
0.756,159.642,94.737,0.281,0.281,0.301,0.301
0.755,159.886,95.007,0.301,0.301,0.285,0.285
0.754,160.050,95.119,0.296,0.296,0.295,0.295
0.751,160.196,95.607,0.308,0.308,0.305,0.305
0.750,160.360,95.836,0.282,0.282,0.310,0.310
0.748,160.376,96.102,0.331,0.331,0.307,0.307
0.750,160.409,95.692,0.334,0.334,0.301,0.301
0.751,160.572,95.660,0.398,0.398,0.295,0.295
0.750,160.572,95.703,0.403,0.403,0.282,0.282
0.748,160.507,96.038,0.372,0.372,0.266,0.266
0.747,160.604,96.166,0.354,0.354,0.256,0.256
0.746,160.866,96.390,0.319,0.319,0.246,0.246
0.744,160.980,96.705,0.244,0.244,0.238,0.238
0.744,161.012,96.667,0.217,0.217,0.220,0.220
0.743,160.996,96.891,0.130,0.130,0.227,0.227
0.742,160.980,97.009,0.041,0.041,0.230,0.230
0.740,160.817,97.414,-0.079,0.079,0.214,0.214
0.737,160.572,97.915,-0.211,0.211,0.194,0.194
0.735,160.768,98.182,-0.392,0.392,0.188,0.188
0.739,160.882,97.595,-0.560,0.560,0.188,0.188
0.739,160.588,97.462,-0.703,0.703,0.186,0.186
0.739,160.294,97.488,-0.829,0.829,0.171,0.171
0.737,160.458,97.845,-0.935,0.935,0.151,0.151
0.735,160.964,98.202,-0.981,0.981,0.125,0.125
0.734,161.127,98.367,-0.984,0.984,0.111,0.111
0.733,160.637,98.565,-0.995,0.995,0.111,0.111
0.732,160.245,98.650,-0.975,0.975,0.096,0.096
0.731,160.278,98.873,-0.974,0.974,0.095,0.095
0.730,160.588,98.932,-0.946,0.946,0.114,0.114
0.728,160.898,99.353,-0.960,0.960,0.130,0.130
0.725,161.176,99.807,-0.899,0.899,0.163,0.163
0.723,161.567,100.074,-0.862,0.862,0.168,0.168
0.726,162.024,99.666,-0.722,0.722,0.200,0.200
0.726,162.383,99.688,-0.574,0.574,0.197,0.197
0.726,162.628,99.591,-0.380,0.380,0.211,0.211
0.725,162.873,99.780,-0.182,0.182,0.229,0.229
0.723,162.955,100.093,0.063,0.063,0.247,0.247
0.722,163.101,100.255,0.238,0.238,0.258,0.258
0.721,163.314,100.456,0.465,0.465,0.273,0.273
0.720,163.330,100.537,0.673,0.673,0.298,0.298
0.719,163.069,100.726,0.948,0.948,0.279,0.279
0.718,162.938,100.840,1.173,1.173,0.282,0.282
0.715,162.726,101.391,1.430,1.430,0.291,0.291
0.713,162.383,101.800,1.602,1.602,0.296,0.296
0.711,161.926,102.080,1.758,1.758,0.301,0.301
0.709,161.404,102.401,1.839,1.839,0.307,0.307
0.714,161.045,101.573,1.970,1.970,0.301,0.301
0.714,160.784,101.535,2.078,2.078,0.278,0.278
0.712,160.572,101.823,2.220,2.220,0.276,0.276
0.710,160.490,102.164,2.274,2.274,0.267,0.267
0.709,160.441,102.387,2.356,2.356,0.270,0.270
0.708,160.343,102.568,2.336,2.336,0.279,0.279
0.708,160.115,102.573,2.275,2.275,0.282,0.282
0.708,159.984,102.584,2.101,2.101,0.275,0.275
0.706,159.968,102.871,1.909,1.909,0.293,0.293
0.704,160.001,103.109,1.677,1.677,0.319,0.319
0.702,160.148,103.470,1.441,1.441,0.304,0.304
0.699,160.523,103.917,1.183,1.183,0.307,0.307
0.697,160.915,104.311,0.902,0.902,0.308,0.308
0.699,161.029,103.916,0.597,0.597,0.308,0.308
0.702,160.915,103.564,0.276,0.276,0.295,0.295
0.700,160.458,103.750,-0.024,0.024,0.310,0.310
0.699,159.935,104.016,-0.331,0.331,0.322,0.322
0.697,159.397,104.276,-0.542,0.542,0.310,0.310
0.695,158.924,104.555,-0.804,0.804,0.302,0.302
0.695,158.434,104.592,-0.934,0.934,0.287,0.287
0.694,158.124,104.786,-1.143,1.143,0.276,0.276
0.693,157.846,104.917,-1.265,1.265,0.241,0.241
0.691,157.618,105.247,-1.405,1.405,0.261,0.261
0.690,157.406,105.461,-1.508,1.508,0.267,0.267
0.687,157.128,105.873,-1.622,1.622,0.262,0.262
0.684,156.867,106.274,-1.692,1.692,0.258,0.258
0.689,156.476,105.505,-1.770,1.770,0.247,0.247
0.690,156.133,105.463,-1.792,1.792,0.249,0.249
0.688,155.888,105.670,-1.830,1.830,0.253,0.253
0.687,155.790,105.800,-1.827,1.827,0.252,0.252
0.684,156.100,106.327,-1.821,1.821,0.247,0.247
0.684,156.606,106.301,-1.726,1.726,0.238,0.238
0.683,157.145,106.457,-1.628,1.628,0.235,0.235
0.682,157.651,106.645,-1.433,1.433,0.214,0.214
0.681,157.993,106.802,-1.222,1.222,0.243,0.243
0.679,158.108,107.054,-1.001,1.001,0.244,0.244
0.678,158.075,107.242,-0.787,0.787,0.241,0.241
0.675,157.895,107.693,-0.600,0.600,0.237,0.237
0.673,157.487,108.122,-0.424,0.424,0.233,0.233
0.675,157.128,107.788,-0.249,0.249,0.230,0.230
0.675,156.965,107.767,-0.079,0.079,0.226,0.226
0.677,156.998,107.382,0.111,0.111,0.255,0.255
0.677,156.900,107.507,0.313,0.313,0.247,0.247
0.673,156.639,108.042,0.534,0.534,0.250,0.250
0.672,156.214,108.296,0.760,0.760,0.241,0.241
0.670,155.741,108.472,0.905,0.905,0.232,0.232
0.669,155.398,108.637,1.056,1.056,0.218,0.218
0.670,154.958,108.606,1.126,1.126,0.255,0.255
0.667,154.648,108.961,1.227,1.227,0.229,0.229
0.666,154.533,109.109,1.286,1.286,0.227,0.227
0.665,154.680,109.243,1.332,1.332,0.233,0.233
0.662,154.925,109.777,1.357,1.357,0.223,0.223
0.660,155.121,110.028,1.390,1.390,0.212,0.212
0.659,155.235,110.286,1.366,1.366,0.204,0.204
0.663,155.496,109.678,1.355,1.355,0.208,0.208
0.663,155.741,109.667,1.294,1.294,0.166,0.166
0.661,155.953,109.941,1.242,1.242,0.157,0.157
0.660,156.116,110.029,1.140,1.140,0.168,0.168
0.658,156.214,110.371,1.119,1.119,0.183,0.183
0.658,156.590,110.418,1.090,1.090,0.203,0.203
0.656,157.096,110.667,1.070,1.070,0.215,0.215
0.656,157.602,110.777,1.009,1.009,0.252,0.252
0.655,157.977,110.819,0.996,0.996,0.252,0.252
0.653,157.912,111.186,0.923,0.923,0.264,0.264
0.650,157.536,111.593,0.844,0.844,0.279,0.279
0.648,156.867,112.000,0.777,0.777,0.287,0.287
0.650,156.068,111.694,0.790,0.790,0.284,0.284
0.652,155.300,111.425,0.815,0.815,0.282,0.282
0.652,154.387,111.410,0.827,0.827,0.301,0.301
0.649,153.701,111.742,0.815,0.815,0.281,0.281
0.647,153.212,112.134,0.870,0.870,0.273,0.273
0.646,152.836,112.271,0.890,0.890,0.282,0.282
0.645,152.559,112.499,0.874,0.874,0.287,0.287
0.644,152.428,112.514,0.989,0.989,0.299,0.299
0.644,152.232,112.570,1.061,1.061,0.293,0.293
0.643,152.265,112.671,1.145,1.145,0.302,0.302
0.641,152.477,113.080,1.183,1.183,0.269,0.269
0.638,152.771,113.551,1.192,1.192,0.267,0.267
0.635,153.358,113.977,1.137,1.137,0.270,0.270
0.636,154.076,113.763,1.051,1.051,0.270,0.270
0.639,154.713,113.369,0.940,0.940,0.269,0.269
0.638,155.186,113.451,0.858,0.858,0.261,0.261
0.637,155.708,113.626,0.714,0.714,0.243,0.243
0.635,156.133,113.900,0.621,0.621,0.252,0.252
0.634,156.508,114.113,0.438,0.438,0.264,0.264
0.632,156.622,114.383,0.282,0.282,0.246,0.246
0.632,156.590,114.455,0.095,0.095,0.252,0.252
0.631,156.704,114.648,-0.026,0.026,0.238,0.238
0.630,156.900,114.777,-0.160,0.160,0.246,0.246
0.631,157.047,114.663,-0.194,0.194,0.224,0.224
0.628,156.932,115.064,-0.269,0.269,0.235,0.235
0.623,156.508,115.786,-0.348,0.348,0.252,0.252
0.622,156.019,115.988,-0.540,0.540,0.244,0.244
0.626,155.464,115.379,-0.691,0.691,0.238,0.238
0.627,154.990,115.276,-0.838,0.838,0.238,0.238
0.627,154.648,115.291,-0.876,0.876,0.243,0.243
0.624,154.419,115.712,-0.929,0.929,0.237,0.237
0.622,154.370,115.973,-0.955,0.955,0.241,0.241
0.620,154.599,116.234,-0.984,0.984,0.241,0.241
0.619,154.958,116.444,-1.030,1.030,0.244,0.244
0.618,155.105,116.537,-1.073,1.073,0.253,0.253
0.617,154.958,116.701,-1.137,1.137,0.281,0.281
0.617,154.729,116.773,-1.186,1.186,0.272,0.272
0.614,154.403,117.209,-1.280,1.280,0.275,0.275
0.610,154.174,117.802,-1.323,1.323,0.281,0.281
0.611,154.076,117.629,-1.332,1.332,0.272,0.272
0.614,154.240,117.291,-1.286,1.286,0.262,0.262
0.614,154.484,117.245,-1.264,1.264,0.243,0.243
0.614,154.484,117.235,-1.193,1.193,0.246,0.246
0.612,154.223,117.614,-1.131,1.131,0.230,0.230
0.610,153.930,117.854,-0.993,0.993,0.227,0.227
0.608,153.342,118.211,-0.909,0.909,0.227,0.227
0.608,152.689,118.195,-0.816,0.816,0.229,0.229
0.607,152.020,118.337,-0.736,0.736,0.221,0.221
0.606,151.628,118.518,-0.641,0.641,0.221,0.221
0.606,151.400,118.523,-0.560,0.560,0.212,0.212
0.602,151.384,119.065,-0.478,0.478,0.212,0.212
0.600,151.514,119.422,-0.432,0.432,0.224,0.224
0.599,151.628,119.553,-0.317,0.317,0.226,0.226
0.598,151.514,119.739,-0.264,0.264,0.232,0.232
0.601,151.139,119.257,-0.137,0.137,0.224,0.224
0.601,150.453,119.152,-0.063,0.063,0.249,0.249
0.600,149.670,119.326,0.066,0.066,0.232,0.232
0.599,149.050,119.559,0.150,0.150,0.240,0.240
0.597,148.707,119.850,0.287,0.287,0.247,0.247
0.596,148.642,120.018,0.375,0.375,0.249,0.249
0.595,148.609,120.146,0.499,0.499,0.233,0.233
0.594,148.707,120.215,0.559,0.559,0.278,0.278
0.593,148.528,120.461,0.629,0.629,0.249,0.249
0.592,148.299,120.624,0.658,0.658,0.246,0.246
0.590,148.005,120.904,0.708,0.708,0.261,0.261
0.586,147.614,121.443,0.723,0.723,0.264,0.264
0.585,147.140,121.643,0.789,0.789,0.266,0.266
0.587,146.781,121.297,0.873,0.873,0.270,0.270
0.588,146.651,121.107,0.960,0.960,0.266,0.266
0.588,146.798,121.151,1.018,1.018,0.276,0.276
0.586,147.124,121.385,1.131,1.131,0.276,0.276
0.584,147.369,121.771,1.207,1.207,0.264,0.264
0.583,147.761,121.923,1.288,1.288,0.252,0.252
0.583,148.283,121.903,1.341,1.341,0.237,0.237
0.582,148.609,122.060,1.434,1.434,0.243,0.243
0.581,148.560,122.248,1.532,1.532,0.227,0.227
0.580,148.185,122.346,1.624,1.624,0.256,0.256
0.575,147.826,123.048,1.689,1.689,0.273,0.273
0.574,147.630,123.180,1.676,1.676,0.290,0.290
0.573,147.826,123.366,1.668,1.668,0.307,0.307
0.577,148.071,122.846,1.619,1.619,0.298,0.298
0.577,148.250,122.782,1.589,1.589,0.322,0.322
0.576,148.413,122.964,1.550,1.550,0.333,0.333
0.573,148.593,123.398,1.508,1.508,0.328,0.328
0.572,148.577,123.531,1.442,1.442,0.324,0.324
0.570,148.364,123.787,1.363,1.363,0.322,0.322
0.570,148.201,123.880,1.259,1.259,0.311,0.311
0.569,148.316,123.964,1.148,1.148,0.307,0.307
0.568,148.544,124.112,1.001,1.001,0.313,0.313
0.568,148.903,124.121,1.016,1.016,0.313,0.313
0.565,149.295,124.492,0.960,0.960,0.305,0.305
0.563,149.605,124.913,0.867,0.867,0.301,0.301
0.561,149.735,125.201,0.697,0.697,0.299,0.299
0.563,149.703,124.804,0.574,0.574,0.288,0.288
0.564,149.540,124.700,0.439,0.439,0.301,0.301
0.565,149.262,124.611,0.311,0.311,0.259,0.259
0.562,149.344,124.947,0.171,0.171,0.262,0.262
0.560,149.540,125.270,0.060,0.060,0.258,0.258
0.559,149.817,125.438,-0.064,0.064,0.273,0.273
0.557,150.111,125.692,-0.177,0.177,0.276,0.276
0.557,150.176,125.772,-0.255,0.255,0.282,0.282
0.556,150.209,125.841,-0.372,0.372,0.249,0.249
0.555,150.160,126.115,-0.493,0.493,0.252,0.252
0.553,150.013,126.349,-0.580,0.580,0.238,0.238
0.551,149.621,126.702,-0.679,0.679,0.215,0.215
0.548,149.246,127.123,-0.725,0.725,0.206,0.206
0.548,149.132,127.103,-0.778,0.778,0.203,0.203
0.550,149.132,126.737,-0.737,0.737,0.209,0.209
0.552,149.180,126.475,-0.673,0.673,0.206,0.206
0.550,149.180,126.802,-0.588,0.588,0.227,0.227
0.548,149.164,127.044,-0.504,0.504,0.237,0.237
0.547,149.034,127.217,-0.455,0.455,0.246,0.246
0.545,148.789,127.499,-0.414,0.414,0.246,0.246
0.545,148.544,127.543,-0.401,0.401,0.250,0.250
0.544,148.267,127.661,-0.319,0.319,0.253,0.253
0.543,148.185,127.902,-0.255,0.255,0.252,0.252
0.542,148.316,128.054,-0.153,0.153,0.241,0.241
0.538,148.707,128.547,0.008,0.008,0.250,0.250
0.538,149.083,128.591,0.163,0.163,0.250,0.250
0.537,149.246,128.814,0.197,0.197,0.256,0.256
0.539,149.393,128.492,0.270,0.270,0.275,0.275
0.539,149.572,128.497,0.362,0.362,0.262,0.262
0.537,149.703,128.686,0.456,0.456,0.261,0.261
0.537,149.686,128.755,0.528,0.528,0.279,0.279
0.535,149.719,129.038,0.588,0.588,0.276,0.276
0.533,149.801,129.281,0.600,0.600,0.270,0.270
0.533,150.078,129.321,0.626,0.626,0.253,0.253
0.532,150.209,129.441,0.610,0.610,0.233,0.233
0.531,150.045,129.575,0.620,0.620,0.224,0.224
0.529,149.817,129.883,0.545,0.545,0.218,0.218
0.527,149.458,130.246,0.465,0.465,0.215,0.215
0.523,148.968,130.805,0.362,0.362,0.214,0.214
0.522,148.218,130.913,0.314,0.314,0.195,0.195
0.526,147.744,130.373,0.229,0.229,0.230,0.230
0.527,147.451,130.315,0.179,0.179,0.252,0.252
0.526,147.255,130.456,0.084,0.084,0.267,0.267
0.524,147.059,130.705,-0.020,0.020,0.269,0.269
0.522,146.781,130.978,-0.099,0.099,0.270,0.270
0.520,146.716,131.314,-0.179,0.179,0.261,0.261
0.519,146.667,131.416,-0.269,0.269,0.295,0.295
0.520,146.684,131.333,-0.353,0.353,0.259,0.259
0.519,146.847,131.426,-0.421,0.421,0.264,0.264
0.518,147.206,131.513,-0.494,0.494,0.264,0.264
0.516,147.761,131.846,-0.542,0.542,0.261,0.261
0.514,148.283,132.204,-0.569,0.569,0.249,0.249
0.511,148.789,132.549,-0.588,0.588,0.226,0.226
0.510,149.262,132.707,-0.627,0.627,0.197,0.197
0.514,149.654,132.177,-0.645,0.645,0.182,0.182
0.513,149.882,132.351,-0.647,0.647,0.175,0.175
0.511,150.078,132.545,-0.639,0.639,0.172,0.172
0.511,150.209,132.664,-0.639,0.639,0.172,0.172
0.509,150.176,132.948,-0.569,0.569,0.180,0.180
0.507,149.882,133.147,-0.545,0.545,0.192,0.192
0.506,149.376,133.291,-0.510,0.510,0.179,0.179
0.505,149.099,133.440,-0.488,0.488,0.209,0.209
0.505,148.936,133.489,-0.432,0.432,0.223,0.223
0.503,148.577,133.805,-0.429,0.429,0.209,0.209
0.501,148.152,134.070,-0.394,0.394,0.206,0.206
0.498,147.614,134.541,-0.337,0.337,0.192,0.192
0.502,147.092,133.925,-0.269,0.269,0.208,0.208
0.502,146.618,133.969,-0.250,0.250,0.215,0.215
0.501,146.112,134.037,-0.182,0.182,0.218,0.218
0.501,145.786,134.124,-0.197,0.197,0.220,0.220
0.498,145.639,134.472,-0.121,0.121,0.212,0.212
0.497,145.672,134.743,-0.058,0.058,0.217,0.217
0.495,145.704,134.931,-0.002,0.002,0.230,0.230
0.495,145.737,134.931,0.029,0.029,0.232,0.232
0.494,145.590,135.124,0.110,0.110,0.230,0.230
0.493,145.476,135.264,0.150,0.150,0.244,0.244
0.491,145.427,135.607,0.249,0.249,0.255,0.255
0.487,145.166,136.079,0.334,0.334,0.259,0.259
0.485,144.872,136.411,0.472,0.472,0.266,0.266
0.486,144.692,136.291,0.601,0.601,0.291,0.291
0.490,144.692,135.648,0.790,0.790,0.284,0.284
0.490,144.758,135.739,0.940,0.940,0.279,0.279
0.488,144.725,135.931,1.068,1.068,0.261,0.261
0.487,144.758,136.123,1.148,1.148,0.258,0.258
0.484,144.872,136.522,1.248,1.248,0.247,0.247
0.483,145.003,136.647,1.300,1.300,0.249,0.249
0.483,144.888,136.728,1.378,1.378,0.226,0.226
0.482,144.741,136.824,1.433,1.433,0.264,0.264
0.481,144.562,137.007,1.489,1.489,0.282,0.282
0.479,144.219,137.270,1.563,1.563,0.284,0.284
0.477,143.844,137.552,1.651,1.651,0.287,0.287
0.474,143.860,138.038,1.726,1.726,0.285,0.285
0.473,144.105,138.139,1.821,1.821,0.307,0.307
0.476,144.252,137.790,1.885,1.885,0.313,0.313
0.477,144.317,137.641,1.851,1.851,0.320,0.320
0.475,144.268,137.919,1.839,1.839,0.325,0.325
0.475,143.958,137.847,1.715,1.715,0.333,0.333
0.473,143.436,138.185,1.598,1.598,0.334,0.334
0.472,143.403,138.352,1.434,1.434,0.349,0.349
0.471,143.713,138.423,1.314,1.314,0.333,0.333
0.469,144.154,138.714,1.170,1.170,0.310,0.310
0.469,144.301,138.743,1.048,1.048,0.308,0.308
0.466,144.317,139.212,0.855,0.855,0.304,0.304
0.464,144.268,139.418,0.697,0.697,0.301,0.301
0.462,144.252,139.810,0.461,0.461,0.301,0.301
0.465,144.236,139.313,0.288,0.288,0.314,0.314
0.465,144.268,139.293,0.121,0.121,0.293,0.293
0.464,144.236,139.451,0.003,0.003,0.281,0.281
0.463,144.268,139.667,-0.179,0.179,0.270,0.270
0.461,144.399,139.925,-0.360,0.360,0.249,0.249
0.460,144.497,140.069,-0.571,0.571,0.235,0.235
0.459,144.236,140.174,-0.754,0.754,0.224,0.224
0.458,143.583,140.365,-0.897,0.897,0.227,0.227
0.457,142.783,140.412,-0.951,0.951,0.237,0.237
0.457,142.147,140.469,-0.969,0.969,0.252,0.252
0.455,141.624,140.794,-0.960,0.960,0.240,0.240
0.452,140.906,141.187,-1.015,1.015,0.237,0.237
0.449,140.384,141.537,-1.053,1.053,0.220,0.220
0.451,140.466,141.323,-1.132,1.132,0.220,0.220
0.452,140.890,141.192,-1.155,1.155,0.212,0.212
0.452,140.906,141.132,-1.128,1.128,0.200,0.200
0.451,140.449,141.360,-1.064,1.064,0.186,0.186
0.450,139.764,141.462,-1.009,1.009,0.194,0.194
0.448,139.209,141.703,-0.935,0.935,0.179,0.179
0.447,138.670,141.933,-0.874,0.874,0.204,0.204
0.446,138.409,142.034,-0.821,0.821,0.192,0.192
0.444,138.262,142.222,-0.778,0.778,0.188,0.188
0.444,138.458,142.282,-0.726,0.726,0.195,0.195
0.443,138.703,142.480,-0.624,0.624,0.214,0.214
0.443,138.997,142.480,-0.552,0.552,0.221,0.221
0.439,139.111,142.973,-0.412,0.412,0.221,0.221
0.437,138.948,143.268,-0.276,0.276,0.237,0.237
0.439,138.687,143.015,-0.037,0.037,0.217,0.217
0.440,138.262,142.813,0.160,0.160,0.233,0.233
0.440,137.512,142.863,0.365,0.365,0.240,0.240
0.438,136.663,143.127,0.502,0.502,0.256,0.256
0.436,135.978,143.330,0.638,0.638,0.261,0.261
0.435,135.504,143.492,0.740,0.740,0.269,0.269
0.433,135.031,143.730,0.826,0.826,0.264,0.264
0.433,134.444,143.815,0.877,0.877,0.285,0.285
0.432,133.970,143.944,0.974,0.974,0.301,0.301
0.431,133.693,144.095,1.126,1.126,0.293,0.293
0.428,133.334,144.400,1.312,1.312,0.287,0.287
0.426,132.975,144.771,1.390,1.390,0.298,0.298
0.424,132.746,144.996,1.511,1.511,0.296,0.296
0.428,132.501,144.424,1.581,1.581,0.290,0.290
0.429,132.550,144.376,1.737,1.737,0.287,0.287
0.427,132.958,144.556,1.827,1.827,0.291,0.291
0.425,133.628,144.844,1.911,1.911,0.290,0.290
0.424,134.411,145.017,1.926,1.926,0.296,0.296
0.423,134.900,145.142,1.894,1.894,0.288,0.288
0.422,134.982,145.263,1.836,1.836,0.304,0.304
0.421,134.949,145.424,1.730,1.730,0.299,0.299
0.420,134.868,145.505,1.645,1.645,0.311,0.311
0.419,134.737,145.715,1.563,1.563,0.311,0.311
0.416,134.362,146.107,1.518,1.518,0.307,0.307
0.413,133.856,146.454,1.463,1.463,0.305,0.305
0.413,133.350,146.534,1.338,1.338,0.287,0.287
0.415,132.812,146.225,1.155,1.155,0.291,0.291
0.415,132.485,146.194,1.058,1.058,0.281,0.281
0.414,132.093,146.396,0.873,0.873,0.264,0.264
0.413,131.343,146.505,0.678,0.678,0.252,0.252
0.411,130.510,146.774,0.435,0.435,0.240,0.240
0.411,129.727,146.787,0.238,0.238,0.235,0.235
0.410,128.976,146.912,-0.018,0.018,0.223,0.223
0.409,128.405,147.023,-0.238,0.238,0.224,0.224
0.408,128.209,147.163,-0.508,0.508,0.204,0.204
0.407,128.356,147.269,-0.743,0.743,0.200,0.200
0.406,128.666,147.440,-0.975,0.975,0.192,0.192
0.403,129.091,147.825,-1.140,1.140,0.183,0.183
0.401,129.580,148.035,-1.332,1.332,0.182,0.182
0.398,130.053,148.418,-1.528,1.528,0.175,0.175
0.401,130.298,147.969,-1.683,1.683,0.177,0.177
0.403,130.168,147.779,-1.769,1.769,0.160,0.160
0.402,130.021,147.938,-1.795,1.795,0.163,0.163
0.399,130.102,148.232,-1.863,1.863,0.160,0.160
0.397,130.200,148.495,-1.833,1.833,0.163,0.163
0.397,130.266,148.556,-1.827,1.827,0.163,0.163
0.396,130.396,148.668,-1.772,1.772,0.169,0.169
0.395,130.331,148.828,-1.726,1.726,0.163,0.163
0.394,129.939,148.893,-1.622,1.622,0.160,0.160
0.394,129.613,148.987,-1.567,1.567,0.171,0.171
0.391,129.303,149.365,-1.474,1.474,0.180,0.180
0.388,128.911,149.703,-1.383,1.383,0.183,0.183
0.388,128.454,149.767,-1.216,1.216,0.188,0.188
0.387,127.948,149.797,-1.033,1.033,0.203,0.203
0.391,127.589,149.289,-0.789,0.789,0.201,0.201
0.390,127.459,149.508,-0.594,0.594,0.218,0.218
0.388,127.524,149.766,-0.378,0.378,0.227,0.227
0.387,127.703,149.876,-0.171,0.171,0.230,0.230
0.384,127.801,150.211,0.090,0.090,0.230,0.230
0.384,127.687,150.279,0.349,0.349,0.244,0.244
0.383,127.703,150.376,0.598,0.598,0.255,0.255
0.381,127.916,150.559,0.800,0.800,0.253,0.253
0.381,128.062,150.665,1.009,1.009,0.258,0.258
0.378,128.111,150.992,1.167,1.167,0.272,0.272
0.376,128.046,151.225,1.297,1.297,0.275,0.275
0.377,128.046,151.149,1.421,1.421,0.291,0.291
0.378,127.883,150.932,1.506,1.506,0.298,0.298
0.379,127.475,150.899,1.572,1.572,0.320,0.320
0.378,126.969,150.937,1.616,1.616,0.307,0.307
0.376,126.561,151.294,1.686,1.686,0.313,0.313
0.374,126.316,151.516,1.647,1.647,0.334,0.334
0.373,126.022,151.671,1.584,1.584,0.337,0.337
0.371,125.696,151.850,1.437,1.437,0.340,0.340
0.371,125.565,151.838,1.329,1.329,0.337,0.337
0.370,125.549,152.034,1.201,1.201,0.366,0.366
0.369,125.582,152.138,1.143,1.143,0.327,0.327
0.367,125.761,152.434,1.019,1.019,0.322,0.322
0.363,125.973,152.868,0.911,0.911,0.327,0.327
0.362,126.088,153.026,0.761,0.761,0.319,0.319
0.362,126.055,152.951,0.629,0.629,0.314,0.314
0.366,126.088,152.466,0.464,0.464,0.287,0.287
0.366,126.055,152.487,0.340,0.340,0.302,0.302
0.364,126.088,152.805,0.218,0.218,0.267,0.267
0.362,126.055,152.997,0.092,0.092,0.252,0.252
0.361,126.039,153.139,-0.064,0.064,0.255,0.255
0.360,125.924,153.277,-0.188,0.188,0.249,0.249
0.359,125.598,153.398,-0.336,0.336,0.255,0.255
0.357,125.027,153.577,-0.467,0.467,0.250,0.250
0.357,124.521,153.635,-0.577,0.577,0.258,0.258
0.355,123.999,153.861,-0.621,0.621,0.226,0.226
0.352,123.656,154.313,-0.691,0.691,0.224,0.224
0.349,123.444,154.604,-0.737,0.737,0.221,0.221
0.352,123.020,154.244,-0.757,0.757,0.229,0.229
0.353,122.709,154.163,-0.749,0.749,0.223,0.223
0.353,122.448,154.195,-0.717,0.717,0.223,0.223
0.352,122.138,154.256,-0.659,0.659,0.212,0.212
0.350,121.763,154.527,-0.551,0.551,0.215,0.215
0.349,121.453,154.664,-0.449,0.449,0.221,0.221
0.348,121.257,154.761,-0.331,0.331,0.223,0.223
0.347,121.143,154.897,-0.206,0.206,0.223,0.223
0.346,121.306,155.030,-0.032,0.032,0.221,0.221
0.345,121.551,155.082,0.119,0.119,0.233,0.233
0.343,121.714,155.357,0.316,0.316,0.243,0.243
0.340,121.698,155.688,0.520,0.520,0.250,0.250
0.338,121.551,155.901,0.716,0.716,0.256,0.256
0.341,121.273,155.555,0.847,0.847,0.270,0.270
0.341,120.882,155.583,0.966,0.966,0.281,0.281
0.340,120.229,155.675,1.018,1.018,0.279,0.279
0.339,119.625,155.834,1.123,1.123,0.293,0.293
0.337,119.217,156.072,1.195,1.195,0.301,0.301
0.336,119.152,156.139,1.280,1.280,0.288,0.288
0.334,119.168,156.467,1.335,1.335,0.291,0.291
0.334,119.233,156.400,1.471,1.471,0.301,0.301
0.333,119.217,156.518,1.509,1.509,0.301,0.301
0.333,119.086,156.574,1.503,1.503,0.327,0.327
0.332,118.646,156.649,1.421,1.421,0.302,0.302
0.329,118.156,157.073,1.323,1.323,0.293,0.293
0.327,117.634,157.253,1.173,1.173,0.307,0.307
0.325,117.095,157.498,0.975,0.975,0.291,0.291
0.328,116.948,157.187,0.786,0.786,0.282,0.282
0.328,117.405,157.152,0.581,0.581,0.287,0.287
0.328,118.352,157.113,0.385,0.385,0.301,0.301
0.326,119.331,157.393,0.206,0.206,0.275,0.275
0.324,120.588,157.648,0.026,0.026,0.262,0.262
0.323,121.942,157.704,-0.133,0.133,0.249,0.249
0.323,123.395,157.741,-0.275,0.275,0.238,0.238
0.322,124.913,157.889,-0.461,0.461,0.227,0.227
0.321,126.512,158.001,-0.595,0.595,0.215,0.215
0.320,128.372,158.141,-0.742,0.742,0.191,0.191
0.318,130.347,158.437,-0.815,0.815,0.174,0.174
0.314,132.322,158.959,-0.914,0.914,0.166,0.166
0.313,134.150,159.043,-0.946,0.946,0.157,0.157
0.317,135.765,158.448,-1.022,1.022,0.154,0.154
0.316,137.169,158.597,-1.029,1.029,0.153,0.153
0.316,138.328,158.657,-1.083,1.083,0.154,0.154
0.315,139.013,158.767,-1.076,1.076,0.171,0.171
0.313,139.503,159.040,-1.094,1.094,0.169,0.169
0.312,139.911,159.248,-1.047,1.047,0.166,0.166
0.311,140.368,159.299,-1.013,1.013,0.177,0.177
0.310,141.020,159.463,-0.958,0.958,0.175,0.175
0.309,141.771,159.570,-0.908,0.908,0.180,0.180
0.309,142.391,159.561,-0.833,0.833,0.185,0.185
0.307,143.175,159.907,-0.755,0.755,0.211,0.211
0.303,144.268,160.412,-0.639,0.639,0.203,0.203
0.302,145.247,160.589,-0.490,0.490,0.198,0.198
0.301,146.080,160.730,-0.368,0.368,0.206,0.206
0.306,146.994,159.991,-0.235,0.235,0.217,0.217
0.306,148.332,160.025,-0.145,0.145,0.227,0.227
0.304,149.850,160.307,-0.012,0.012,0.240,0.240
0.302,151.400,160.627,0.076,0.076,0.253,0.253
0.300,152.999,160.899,0.180,0.180,0.262,0.262
0.301,154.566,160.807,0.246,0.246,0.267,0.267
0.299,155.676,161.023,0.307,0.307,0.276,0.276
0.299,156.427,161.127,0.334,0.334,0.278,0.278
0.298,156.949,161.283,0.369,0.369,0.282,0.282
0.297,157.079,161.460,0.406,0.406,0.282,0.282
0.296,157.096,161.574,0.462,0.462,0.295,0.295
0.293,156.884,162.064,0.488,0.488,0.299,0.299
0.291,156.639,162.360,0.658,0.658,0.308,0.308
0.291,156.508,162.282,0.813,0.813,0.310,0.310
0.296,156.508,161.540,0.995,0.995,0.310,0.310
0.295,156.541,161.784,1.158,1.158,0.310,0.310
0.293,156.557,162.044,1.328,1.328,0.317,0.317
0.291,156.573,162.366,1.402,1.402,0.324,0.324
0.290,156.573,162.563,1.518,1.518,0.319,0.319
0.290,156.573,162.485,1.535,1.535,0.325,0.325
0.289,156.671,162.688,1.615,1.615,0.311,0.311
0.288,156.949,162.760,1.605,1.605,0.316,0.316
0.287,157.226,162.943,1.586,1.586,0.311,0.311
0.286,157.618,163.193,1.555,1.555,0.313,0.313
0.283,158.108,163.565,1.509,1.509,0.299,0.299
0.281,158.597,163.864,1.416,1.416,0.319,0.319
0.285,158.972,163.317,1.375,1.375,0.320,0.320
0.286,159.185,163.206,1.306,1.306,0.322,0.322
0.284,159.429,163.380,1.204,1.204,0.327,0.327
0.284,159.674,163.523,1.155,1.155,0.333,0.333
0.282,159.903,163.783,1.097,1.097,0.328,0.328
0.280,160.050,164.074,1.077,1.077,0.334,0.334
0.279,160.033,164.181,1.058,1.058,0.328,0.328
0.278,160.017,164.414,1.064,1.064,0.319,0.319
0.279,159.968,164.218,1.019,1.019,0.311,0.311
0.278,160.001,164.435,0.978,0.978,0.313,0.313
0.275,160.001,164.849,0.874,0.874,0.319,0.319
0.274,160.131,165.008,0.780,0.780,0.319,0.319
0.271,160.409,165.529,0.661,0.661,0.299,0.299
0.274,160.653,165.029,0.583,0.583,0.285,0.285
0.274,160.915,165.007,0.493,0.493,0.262,0.262
0.276,161.012,164.671,0.449,0.449,0.232,0.232
0.275,161.012,164.954,0.356,0.356,0.220,0.220
0.274,160.980,165.125,0.266,0.266,0.195,0.195
0.273,160.653,165.264,0.121,0.121,0.203,0.203
0.271,160.066,165.519,-0.003,0.003,0.197,0.197
0.270,159.446,165.609,-0.159,0.159,0.206,0.206
0.269,159.005,165.820,-0.299,0.299,0.209,0.209
0.269,158.793,165.815,-0.426,0.426,0.194,0.194
0.268,158.613,165.941,-0.569,0.569,0.185,0.185
0.266,158.499,166.278,-0.691,0.691,0.200,0.200
0.263,158.516,166.809,-0.803,0.803,0.172,0.172
0.263,158.532,166.856,-0.937,0.937,0.169,0.169
0.264,158.532,166.562,-1.042,1.042,0.168,0.168
0.266,158.532,166.320,-1.090,1.090,0.180,0.180
0.268,158.336,166.083,-1.112,1.112,0.168,0.168
0.266,158.156,166.304,-1.096,1.096,0.180,0.180
0.264,157.846,166.623,-1.128,1.128,0.168,0.168
0.263,157.634,166.770,-1.102,1.102,0.188,0.188
0.262,157.389,166.942,-1.083,1.083,0.194,0.194
0.262,157.128,166.958,-1.024,1.024,0.194,0.194
0.262,156.867,167.020,-0.954,0.954,0.194,0.194
0.260,156.606,167.285,-0.829,0.829,0.197,0.197
0.259,156.394,167.374,-0.728,0.728,0.198,0.198
0.256,156.149,167.850,-0.574,0.574,0.177,0.177
0.254,156.051,168.213,-0.475,0.475,0.203,0.203
0.254,156.035,168.140,-0.365,0.365,0.214,0.214
0.258,156.051,167.587,-0.296,0.296,0.217,0.217
0.258,155.921,167.509,-0.177,0.177,0.221,0.221
0.257,155.529,167.695,-0.090,0.090,0.208,0.208
0.256,155.170,167.901,0.056,0.056,0.229,0.229
0.255,154.844,167.999,0.163,0.163,0.241,0.241
0.253,154.631,168.312,0.293,0.293,0.238,0.238
0.254,154.403,168.148,0.356,0.356,0.238,0.238
0.253,154.076,168.424,0.395,0.395,0.243,0.243
0.253,153.538,168.281,0.401,0.401,0.247,0.247
0.252,153.358,168.515,0.389,0.389,0.266,0.266
0.249,153.424,168.973,0.378,0.378,0.259,0.259
0.247,153.766,169.309,0.354,0.354,0.253,0.253
0.247,154.028,169.217,0.316,0.316,0.258,0.258
0.252,154.158,168.558,0.238,0.238,0.259,0.259
0.251,154.142,168.686,0.171,0.171,0.266,0.266
0.251,154.109,168.727,0.095,0.095,0.270,0.270
0.248,154.093,169.115,0.035,0.035,0.288,0.288
0.248,153.946,169.146,-0.026,0.026,0.288,0.288
0.247,153.571,169.309,-0.053,0.053,0.290,0.290
0.246,153.048,169.487,-0.099,0.099,0.285,0.285
0.246,152.526,169.426,-0.121,0.121,0.279,0.279
0.245,152.183,169.598,-0.165,0.165,0.278,0.278
0.245,151.939,169.598,-0.162,0.162,0.272,0.272
0.242,151.743,170.011,-0.180,0.180,0.255,0.255
0.240,151.612,170.353,-0.153,0.153,0.273,0.273
0.239,151.628,170.544,-0.169,0.169,0.282,0.282
0.241,151.645,170.116,-0.134,0.134,0.273,0.273
0.243,151.824,169.920,-0.157,0.157,0.259,0.259
0.245,152.167,169.618,-0.116,0.116,0.258,0.258
0.242,152.722,169.992,-0.121,0.121,0.264,0.264
0.241,153.048,170.210,-0.078,0.078,0.249,0.249
0.239,153.179,170.433,-0.058,0.058,0.261,0.261
0.240,153.163,170.413,0.011,0.011,0.252,0.252
0.239,153.146,170.565,0.041,0.041,0.261,0.261
0.239,153.130,170.479,0.095,0.095,0.264,0.264
0.238,153.097,170.687,0.150,0.150,0.291,0.291
0.236,152.967,170.900,0.212,0.212,0.269,0.269
0.232,152.591,171.513,0.267,0.267,0.264,0.264
0.233,152.200,171.448,0.285,0.285,0.270,0.270
0.236,151.939,171.034,0.310,0.310,0.267,0.267
0.237,151.563,170.732,0.308,0.308,0.269,0.269
0.238,151.090,170.727,0.320,0.320,0.272,0.272
0.236,150.731,171.027,0.327,0.327,0.255,0.255
0.235,150.600,171.172,0.343,0.343,0.261,0.261
0.234,150.633,171.232,0.340,0.340,0.264,0.264
0.234,150.649,171.257,0.365,0.365,0.264,0.264
0.233,150.535,171.447,0.392,0.392,0.266,0.266
0.233,150.290,171.427,0.421,0.421,0.246,0.246
0.232,150.176,171.561,0.426,0.426,0.262,0.262
0.230,150.127,171.825,0.450,0.450,0.270,0.270
0.228,150.013,172.219,0.436,0.436,0.264,0.264
0.227,149.670,172.382,0.452,0.452,0.258,0.258
0.228,149.132,172.214,0.435,0.435,0.264,0.264
0.233,148.593,171.419,0.447,0.447,0.261,0.261
0.232,148.087,171.621,0.420,0.420,0.279,0.279
0.230,147.434,171.871,0.417,0.417,0.267,0.267
0.230,146.586,171.832,0.407,0.407,0.264,0.264
0.228,145.721,172.224,0.418,0.418,0.241,0.241
0.228,144.954,172.123,0.394,0.394,0.238,0.238
0.228,144.089,172.219,0.398,0.398,0.233,0.233
0.227,143.240,172.267,0.392,0.392,0.237,0.237
0.228,142.636,172.210,0.388,0.388,0.212,0.212
0.226,142.293,172.455,0.378,0.378,0.241,0.241
0.224,142.065,172.654,0.372,0.372,0.252,0.252
0.223,141.885,172.927,0.380,0.380,0.250,0.250
0.221,141.624,173.166,0.365,0.365,0.247,0.247
0.223,141.396,172.889,0.371,0.371,0.255,0.255
0.227,141.086,172.337,0.354,0.354,0.258,0.258
0.226,140.727,172.416,0.363,0.363,0.250,0.250
0.225,140.204,172.565,0.337,0.337,0.258,0.258
0.224,139.584,172.793,0.351,0.351,0.264,0.264
0.223,138.817,172.908,0.319,0.319,0.264,0.264
0.222,138.067,172.954,0.336,0.336,0.258,0.258
0.223,137.332,172.931,0.291,0.291,0.264,0.264
0.222,136.728,173.031,0.302,0.302,0.256,0.256
0.222,136.108,173.022,0.272,0.272,0.270,0.270
0.220,135.423,173.279,0.285,0.285,0.261,0.261
0.217,134.786,173.695,0.253,0.253,0.266,0.266
0.216,134.444,173.753,0.273,0.273,0.262,0.262
0.221,134.346,173.125,0.252,0.252,0.269,0.269
0.222,134.231,173.063,0.267,0.267,0.258,0.258
0.221,134.036,173.085,0.255,0.255,0.267,0.267
0.219,133.921,173.436,0.246,0.246,0.264,0.264
0.218,133.725,173.529,0.232,0.232,0.264,0.264
0.219,133.840,173.445,0.217,0.217,0.261,0.261
0.217,134.313,173.618,0.226,0.226,0.249,0.249
0.218,134.672,173.600,0.214,0.214,0.264,0.264
0.218,134.590,173.556,0.221,0.221,0.256,0.256
0.217,134.313,173.631,0.223,0.223,0.250,0.250
0.215,134.150,173.916,0.246,0.246,0.253,0.253
0.213,133.791,174.165,0.241,0.241,0.252,0.252
0.212,133.105,174.404,0.252,0.252,0.250,0.250
0.213,132.355,174.210,0.256,0.256,0.238,0.238
0.218,131.669,173.589,0.272,0.272,0.255,0.255
0.217,131.082,173.632,0.258,0.258,0.262,0.262
0.215,130.739,173.932,0.279,0.279,0.261,0.261
0.215,130.527,173.928,0.261,0.261,0.259,0.259
0.215,130.315,174.001,0.284,0.284,0.282,0.282
0.213,130.086,174.208,0.269,0.269,0.276,0.276
0.214,129.988,174.075,0.288,0.288,0.288,0.288
0.213,129.988,174.213,0.266,0.266,0.282,0.282
0.213,130.004,174.148,0.282,0.282,0.278,0.278
0.212,130.004,174.277,0.267,0.267,0.276,0.276
0.210,130.135,174.558,0.285,0.285,0.278,0.278
0.209,130.364,174.756,0.261,0.261,0.272,0.272
0.208,130.494,174.843,0.284,0.284,0.273,0.273
0.212,130.494,174.319,0.262,0.262,0.305,0.305
0.214,130.494,174.116,0.279,0.279,0.273,0.273
0.214,130.461,174.068,0.258,0.258,0.269,0.269
0.212,130.461,174.393,0.270,0.270,0.267,0.267
0.211,130.331,174.488,0.258,0.258,0.270,0.270
0.211,130.086,174.427,0.253,0.253,0.269,0.269
0.211,129.988,174.488,0.269,0.269,0.269,0.269
0.210,129.939,174.617,0.258,0.258,0.293,0.293
0.211,129.972,174.483,0.261,0.261,0.266,0.266
0.210,129.972,174.583,0.255,0.255,0.249,0.249
0.208,130.119,174.906,0.259,0.259,0.264,0.264
0.205,130.380,175.217,0.246,0.246,0.264,0.264
0.206,130.625,175.156,0.252,0.252,0.259,0.259
0.210,131.016,174.631,0.243,0.243,0.256,0.256
0.212,131.343,174.397,0.259,0.259,0.272,0.272
0.211,131.506,174.418,0.240,0.240,0.259,0.259
0.209,131.636,174.698,0.262,0.262,0.255,0.255
0.208,131.849,174.868,0.249,0.249,0.264,0.264
0.208,131.963,174.890,0.264,0.264,0.261,0.261
0.209,131.947,174.785,0.250,0.250,0.261,0.261
0.208,131.963,174.912,0.266,0.266,0.262,0.262
0.208,131.947,174.920,0.255,0.255,0.284,0.284
0.208,131.963,174.881,0.267,0.267,0.261,0.261
0.206,131.963,175.166,0.246,0.246,0.256,0.256
0.203,131.800,175.489,0.267,0.267,0.259,0.259
0.202,131.571,175.603,0.250,0.250,0.264,0.264
0.205,131.588,175.210,0.261,0.261,0.261,0.261
0.209,131.800,174.791,0.253,0.253,0.259,0.259
0.208,131.963,174.900,0.252,0.252,0.272,0.272
0.207,131.963,174.939,0.244,0.244,0.253,0.253
0.206,131.979,175.163,0.243,0.243,0.241,0.241
0.205,131.930,175.202,0.237,0.237,0.237,0.237
0.206,132.093,175.176,0.226,0.226,0.241,0.241
0.205,132.322,175.268,0.223,0.223,0.240,0.240
0.205,132.599,175.250,0.220,0.220,0.238,0.238
0.205,132.697,175.255,0.230,0.230,0.261,0.261
0.204,132.567,175.387,0.220,0.220,0.237,0.237
0.203,132.583,175.549,0.226,0.226,0.226,0.226
0.201,132.779,175.791,0.224,0.224,0.233,0.233
0.202,132.942,175.712,0.240,0.240,0.238,0.238
0.205,132.975,175.205,0.218,0.218,0.238,0.238
0.206,132.942,175.121,0.243,0.243,0.244,0.244
0.206,132.909,175.095,0.223,0.223,0.252,0.252
0.205,132.779,175.293,0.243,0.243,0.238,0.238
0.204,132.534,175.412,0.221,0.221,0.249,0.249
0.204,132.436,175.412,0.249,0.249,0.252,0.252
0.204,132.404,175.451,0.227,0.227,0.258,0.258
0.204,132.452,175.337,0.243,0.243,0.253,0.253
0.203,132.436,175.469,0.218,0.218,0.256,0.256
0.202,132.469,175.614,0.241,0.241,0.233,0.233
0.199,132.436,176.000,0.226,0.226,0.255,0.255
0.198,132.436,176.150,0.221,0.221,0.266,0.266
0.200,132.289,175.856,0.229,0.229,0.258,0.258
0.204,132.061,175.417,0.220,0.220,0.250,0.250
0.205,131.947,175.225,0.224,0.224,0.252,0.252
0.203,131.767,175.509,0.206,0.206,0.256,0.256
0.203,131.702,175.456,0.218,0.218,0.255,0.255
0.203,131.669,175.570,0.208,0.208,0.250,0.250
0.203,131.702,175.539,0.209,0.209,0.247,0.247
0.202,131.865,175.649,0.209,0.209,0.252,0.252
0.202,131.947,175.640,0.223,0.223,0.249,0.249
0.201,132.142,175.776,0.209,0.209,0.237,0.237
0.201,132.355,175.771,0.218,0.218,0.250,0.250
0.199,132.469,176.048,0.209,0.209,0.259,0.259
0.198,132.485,176.180,0.226,0.226,0.252,0.252
0.199,132.452,176.114,0.194,0.194,0.249,0.249
0.204,132.289,175.433,0.230,0.230,0.249,0.249
0.204,132.077,175.354,0.209,0.209,0.255,0.255
0.202,131.767,175.595,0.230,0.230,0.255,0.255
0.202,131.506,175.586,0.214,0.214,0.261,0.261
0.202,131.261,175.617,0.240,0.240,0.262,0.262
0.202,131.016,175.682,0.230,0.230,0.279,0.279
0.201,131.049,175.747,0.244,0.244,0.275,0.275
0.202,131.180,175.673,0.237,0.237,0.276,0.276
0.202,131.114,175.608,0.247,0.247,0.270,0.270
0.202,131.016,175.695,0.227,0.227,0.301,0.301
0.199,130.951,175.990,0.243,0.243,0.270,0.270
0.197,130.918,176.260,0.227,0.227,0.272,0.272
0.197,130.918,176.255,0.227,0.227,0.269,0.269
0.200,130.935,175.891,0.227,0.227,0.267,0.267
0.203,130.951,175.461,0.221,0.221,0.259,0.259
0.204,130.935,175.391,0.224,0.224,0.264,0.264
0.203,131.016,175.552,0.215,0.215,0.250,0.250
0.202,130.984,175.647,0.230,0.230,0.261,0.261
0.201,130.951,175.730,0.217,0.217,0.270,0.270
0.201,131.000,175.756,0.218,0.218,0.264,0.264
0.202,130.984,175.591,0.211,0.211,0.261,0.261
0.203,130.984,175.561,0.227,0.227,0.256,0.256
0.201,130.886,175.756,0.201,0.201,0.255,0.255
0.200,130.755,175.947,0.218,0.218,0.226,0.226
0.198,130.706,176.198,0.203,0.203,0.258,0.258
0.198,130.445,176.237,0.235,0.235,0.266,0.266
0.203,129.939,0.000,0.203,0.203,0.255,0.255
0.204,129.531,-0.133,0.232,0.232,0.249,0.249
0.204,129.254,-0.193,0.217,0.217,0.241,0.241
0.202,129.091,0.059,0.237,0.237,0.249,0.249
0.202,128.862,0.132,0.220,0.220,0.262,0.262
0.202,128.601,0.158,0.244,0.244,0.252,0.252
0.202,128.470,0.170,0.230,0.230,0.253,0.253
0.202,128.503,0.068,0.237,0.237,0.249,0.249
0.203,128.356,0.038,0.240,0.240,0.259,0.259
0.203,128.275,-0.013,0.240,0.240,0.249,0.249
0.201,128.275,0.302,0.240,0.240,0.261,0.261
0.200,128.111,0.379,0.241,0.241,0.259,0.259
0.199,128.062,0.451,0.244,0.244,0.252,0.252
0.200,127.997,0.306,0.232,0.232,0.252,0.252
0.204,127.850,-0.126,0.233,0.233,0.258,0.258
0.204,127.638,-0.143,0.238,0.238,0.255,0.255
0.203,127.361,-0.033,0.232,0.232,0.258,0.258
0.204,126.969,-0.139,0.212,0.212,0.249,0.249
0.203,126.626,-0.059,0.218,0.218,0.249,0.249
0.203,126.496,-0.004,0.198,0.198,0.233,0.233
0.203,126.512,-0.000,0.214,0.214,0.233,0.233
0.204,126.381,-0.088,0.191,0.191,0.229,0.229
0.205,126.039,-0.243,0.221,0.221,0.230,0.230
0.204,125.712,-0.109,0.200,0.200,0.252,0.252
0.203,125.533,0.007,0.218,0.218,0.240,0.240
0.200,125.419,0.323,0.201,0.201,0.232,0.232
0.200,125.223,0.315,0.233,0.233,0.230,0.230
0.201,125.076,0.182,0.201,0.201,0.237,0.237
0.206,124.913,-0.390,0.227,0.227,0.233,0.233
0.207,124.586,-0.489,0.212,0.212,0.243,0.243
0.205,124.064,-0.254,0.232,0.232,0.244,0.244
0.205,123.689,-0.287,0.215,0.215,0.244,0.244
0.205,123.411,-0.217,0.224,0.224,0.243,0.243
0.205,123.199,-0.250,0.224,0.224,0.249,0.249
0.205,123.117,-0.234,0.224,0.224,0.249,0.249
0.205,122.954,-0.299,0.229,0.229,0.250,0.250
0.206,122.628,-0.413,0.217,0.217,0.250,0.250
0.205,122.252,-0.230,0.237,0.237,0.279,0.279
0.203,121.959,-0.040,0.217,0.217,0.249,0.249
0.202,121.616,0.081,0.221,0.221,0.243,0.243
0.202,121.143,0.049,0.214,0.214,0.252,0.252
0.207,120.767,-0.536,0.221,0.221,0.250,0.250
0.209,120.523,-0.772,0.209,0.209,0.247,0.247
0.209,120.131,-0.689,0.226,0.226,0.249,0.249
0.207,119.658,-0.514,0.214,0.214,0.266,0.266
0.207,119.135,-0.482,0.227,0.227,0.249,0.249
0.207,118.776,-0.545,0.212,0.212,0.243,0.243
0.208,118.515,-0.624,0.232,0.232,0.249,0.249
0.208,118.172,-0.655,0.220,0.220,0.249,0.249
0.208,117.650,-0.644,0.226,0.226,0.244,0.244
0.208,117.161,-0.585,0.212,0.212,0.249,0.249
0.205,116.492,-0.298,0.230,0.230,0.255,0.255
0.206,115.806,-0.337,0.209,0.209,0.247,0.247
0.205,114.990,-0.299,0.221,0.221,0.250,0.250
0.209,114.272,-0.732,0.217,0.217,0.244,0.244
0.211,113.668,-0.997,0.230,0.230,0.249,0.249
0.210,113.179,-0.899,0.229,0.229,0.247,0.247
0.211,112.705,-0.925,0.240,0.240,0.252,0.252
0.210,112.232,-0.836,0.244,0.244,0.273,0.273
0.210,111.710,-0.902,0.247,0.247,0.270,0.270
0.210,111.236,-0.825,0.238,0.238,0.269,0.269
0.211,110.763,-0.924,0.246,0.246,0.272,0.272
0.211,110.257,-0.942,0.247,0.247,0.279,0.279
0.211,109.751,-0.957,0.235,0.235,0.270,0.270
0.210,109.229,-0.848,0.249,0.249,0.269,0.269
0.209,108.609,-0.722,0.232,0.232,0.291,0.291
0.209,107.891,-0.689,0.247,0.247,0.269,0.269
0.209,107.108,-0.704,0.230,0.230,0.258,0.258
0.212,106.226,-1.022,0.253,0.253,0.272,0.272
0.215,105.263,-1.422,0.230,0.230,0.264,0.264
0.214,104.398,-1.269,0.240,0.240,0.267,0.267
0.213,103.664,-1.172,0.224,0.224,0.258,0.258
0.214,102.946,-1.272,0.244,0.244,0.249,0.249
0.214,102.358,-1.255,0.235,0.235,0.256,0.256
0.214,101.706,-1.261,0.275,0.275,0.264,0.264
0.214,101.004,-1.258,0.258,0.258,0.261,0.261
0.216,100.384,-1.428,0.295,0.295,0.259,0.259
0.214,99.715,-1.242,0.325,0.325,0.252,0.252
0.212,98.899,-1.117,0.404,0.404,0.270,0.270
0.213,98.050,-1.127,0.444,0.444,0.249,0.249
0.212,97.413,-1.124,0.494,0.494,0.270,0.270
0.215,96.940,-1.398,0.542,0.542,0.275,0.275
0.218,96.483,-1.680,0.581,0.581,0.275,0.275
0.219,95.994,-1.718,0.603,0.603,0.281,0.281
0.217,95.520,-1.518,0.621,0.621,0.266,0.266
0.217,95.014,-1.537,0.641,0.641,0.290,0.290
0.218,94.525,-1.663,0.633,0.633,0.288,0.288
0.218,94.003,-1.629,0.635,0.635,0.287,0.287
0.218,93.497,-1.666,0.649,0.649,0.285,0.285
0.219,92.860,-1.783,0.635,0.635,0.293,0.293
0.218,91.995,-1.688,0.615,0.615,0.290,0.290
0.216,90.983,-1.509,0.586,0.586,0.307,0.307
0.216,90.118,-1.476,0.551,0.551,0.293,0.293
0.219,89.547,-1.712,0.520,0.520,0.279,0.279
0.220,88.878,-1.856,0.450,0.450,0.284,0.284
0.223,88.209,-2.074,0.441,0.441,0.282,0.282
0.221,87.621,-1.931,0.385,0.385,0.278,0.278
0.221,87.099,-1.934,0.349,0.349,0.273,0.273
0.222,86.642,-1.968,0.279,0.279,0.266,0.266
0.221,86.153,-1.963,0.259,0.259,0.252,0.252
0.223,85.777,-2.077,0.203,0.203,0.261,0.261
0.223,85.532,-2.102,0.177,0.177,0.233,0.233
0.223,85.190,-2.071,0.121,0.121,0.230,0.230
0.223,84.863,-2.128,0.121,0.121,0.221,0.221
0.223,84.570,-2.119,0.078,0.078,0.221,0.221
0.220,84.178,-1.864,0.052,0.052,0.209,0.209
0.221,83.705,-1.940,0.023,0.023,0.211,0.211
0.222,83.199,-2.048,-0.005,0.005,0.203,0.203
0.226,82.709,-2.325,-0.014,0.014,0.191,0.191
0.228,82.040,-2.500,-0.027,0.027,0.195,0.195
0.227,81.355,-2.462,-0.012,0.012,0.215,0.215
0.227,80.555,-2.419,-0.031,0.031,0.188,0.188
0.227,79.837,-2.395,-0.040,0.040,0.172,0.172
0.228,79.217,-2.506,-0.081,0.081,0.188,0.188
0.228,78.727,-2.475,-0.099,0.099,0.192,0.192
0.228,78.401,-2.475,-0.153,0.153,0.197,0.197
0.229,78.156,-2.597,-0.160,0.160,0.197,0.197
0.228,77.911,-2.542,-0.177,0.177,0.195,0.195
0.227,77.846,-2.398,-0.150,0.150,0.206,0.206
0.226,77.683,-2.346,-0.136,0.136,0.217,0.217
0.229,77.470,-2.547,-0.087,0.087,0.220,0.220
0.232,77.487,-2.819,-0.079,0.079,0.215,0.215
0.232,77.732,-2.848,-0.038,0.038,0.215,0.215
0.233,77.862,-2.912,-0.011,0.011,0.217,0.217
0.233,77.911,-2.891,0.044,0.044,0.212,0.212
0.233,77.862,-2.891,0.072,0.072,0.223,0.223
0.233,77.846,-2.884,0.114,0.114,0.226,0.226
0.234,77.666,-2.987,0.130,0.130,0.230,0.230
0.234,77.487,-2.969,0.154,0.154,0.229,0.229
0.235,77.193,-3.030,0.166,0.166,0.218,0.218
0.235,76.948,-3.061,0.175,0.175,0.233,0.233
0.233,76.687,-2.875,0.191,0.191,0.232,0.232
0.233,76.279,-2.893,0.179,0.179,0.227,0.227
0.232,75.985,-2.784,0.179,0.179,0.230,0.230
0.237,75.675,-3.184,0.186,0.186,0.233,0.233
0.238,75.463,-3.282,0.189,0.189,0.241,0.241
0.239,75.365,-3.369,0.183,0.183,0.246,0.246
0.239,75.365,-3.337,0.189,0.189,0.243,0.243
0.239,75.381,-3.344,0.195,0.195,0.246,0.246
0.239,75.381,-3.324,0.206,0.206,0.258,0.258
0.240,75.398,-3.387,0.194,0.194,0.262,0.262
0.240,75.545,-3.414,0.224,0.224,0.264,0.264
0.241,75.757,-3.525,0.209,0.209,0.262,0.262
0.241,75.920,-3.527,0.230,0.230,0.285,0.285
0.241,75.920,-3.487,0.214,0.214,0.262,0.262
0.239,75.887,-3.354,0.241,0.241,0.264,0.264
0.239,75.855,-3.351,0.218,0.218,0.250,0.250
0.239,75.708,-3.384,0.237,0.237,0.249,0.249
0.242,75.365,-3.594,0.221,0.221,0.261,0.261
0.246,74.843,-3.900,0.243,0.243,0.252,0.252
0.246,74.321,-3.876,0.221,0.221,0.243,0.243
0.245,73.831,-3.817,0.259,0.259,0.250,0.250
0.246,73.341,-3.858,0.240,0.240,0.267,0.267
0.246,72.982,-3.849,0.258,0.258,0.255,0.255
0.247,72.901,-3.957,0.249,0.249,0.255,0.255
0.246,73.064,-3.904,0.264,0.264,0.249,0.249
0.248,73.325,-4.033,0.258,0.258,0.249,0.249
0.249,73.635,-4.074,0.262,0.262,0.227,0.227
0.247,73.994,-3.969,0.266,0.266,0.258,0.258
0.246,74.500,-3.900,0.264,0.264,0.264,0.264
0.246,74.990,-3.836,0.258,0.258,0.255,0.255
0.249,75.332,-4.110,0.261,0.261,0.250,0.250
0.253,75.577,-4.405,0.270,0.270,0.230,0.230
0.253,75.822,-4.413,0.258,0.258,0.246,0.246
0.252,75.887,-4.360,0.262,0.262,0.256,0.256
0.253,75.757,-4.418,0.273,0.273,0.252,0.252
0.254,75.496,-4.455,0.272,0.272,0.250,0.250
0.253,75.202,-4.430,0.267,0.267,0.252,0.252
0.255,74.712,-4.525,0.281,0.281,0.249,0.249
0.256,74.092,-4.594,0.262,0.262,0.250,0.250
0.256,73.717,-4.652,0.282,0.282,0.252,0.252
0.255,73.472,-4.557,0.259,0.259,0.259,0.259
0.253,73.407,-4.387,0.290,0.290,0.253,0.253
0.253,73.554,-4.409,0.264,0.264,0.252,0.252
0.258,73.831,-4.785,0.284,0.284,0.252,0.252
0.260,74.239,-4.918,0.267,0.267,0.255,0.255
0.262,74.729,-5.071,0.282,0.282,0.249,0.249
0.262,75.071,-5.063,0.264,0.264,0.246,0.246
0.262,75.512,-5.063,0.269,0.269,0.237,0.237
0.260,75.920,-4.943,0.255,0.255,0.227,0.227
0.262,76.165,-5.092,0.255,0.255,0.230,0.230
0.263,76.051,-5.132,0.252,0.252,0.230,0.230
0.263,75.740,-5.167,0.247,0.247,0.229,0.229
0.264,75.332,-5.247,0.253,0.253,0.253,0.253
0.264,74.843,-5.227,0.240,0.240,0.232,0.232
0.264,74.484,-5.185,0.249,0.249,0.227,0.227
0.262,74.190,-5.035,0.243,0.243,0.227,0.227
0.262,73.864,-5.045,0.264,0.264,0.244,0.244
0.267,73.390,-5.435,0.244,0.244,0.230,0.230
0.269,73.015,-5.622,0.266,0.266,0.235,0.235
0.270,72.754,-5.654,0.250,0.250,0.264,0.264
0.270,72.509,-5.637,0.266,0.266,0.243,0.243
0.271,72.313,-5.697,0.247,0.247,0.235,0.235
0.270,71.889,-5.659,0.270,0.270,0.244,0.244
0.271,71.595,-5.711,0.253,0.253,0.250,0.250
0.272,71.416,-5.777,0.275,0.275,0.249,0.249
0.272,71.301,-5.820,0.249,0.249,0.250,0.250
0.273,71.106,-5.855,0.272,0.272,0.241,0.241
0.272,70.828,-5.813,0.252,0.252,0.249,0.249
0.269,70.600,-5.567,0.264,0.264,0.255,0.255
0.271,70.632,-5.707,0.252,0.252,0.252,0.252
0.274,70.861,-5.965,0.261,0.261,0.246,0.246
0.278,71.171,-6.213,0.256,0.256,0.249,0.249
0.278,71.285,-6.227,0.246,0.246,0.249,0.249
0.279,71.448,-6.305,0.255,0.255,0.247,0.247
0.278,71.579,-6.208,0.250,0.250,0.250,0.250
0.278,71.448,-6.224,0.258,0.258,0.246,0.246
0.281,70.959,-6.418,0.237,0.237,0.241,0.241
0.281,70.420,-6.427,0.249,0.249,0.247,0.247
0.281,69.898,-6.462,0.237,0.237,0.240,0.240
0.282,69.539,-6.522,0.237,0.237,0.249,0.249
0.281,69.620,-6.430,0.237,0.237,0.247,0.247
0.280,69.735,-6.395,0.246,0.246,0.246,0.246
0.280,69.931,-6.391,0.230,0.230,0.246,0.246
0.284,70.175,-6.670,0.249,0.249,0.246,0.246
0.288,70.290,-6.912,0.232,0.232,0.250,0.250
0.288,70.273,-6.902,0.252,0.252,0.269,0.269
0.288,70.420,-6.909,0.233,0.233,0.249,0.249
0.289,70.632,-7.008,0.270,0.270,0.250,0.250
0.289,70.649,-6.970,0.253,0.253,0.275,0.275
0.289,70.534,-6.982,0.273,0.273,0.273,0.273
0.290,70.485,-7.087,0.256,0.256,0.267,0.267
0.291,70.175,-7.113,0.275,0.275,0.267,0.267
0.291,69.865,-7.173,0.256,0.256,0.249,0.249
0.292,69.718,-7.189,0.270,0.270,0.266,0.266
0.291,69.425,-7.159,0.256,0.256,0.279,0.279
0.290,68.951,-7.068,0.266,0.266,0.266,0.266
0.290,68.576,-7.100,0.244,0.244,0.262,0.262
0.292,68.609,-7.193,0.261,0.261,0.262,0.262
0.298,68.870,-7.605,0.250,0.250,0.262,0.262
0.299,69.180,-7.722,0.249,0.249,0.250,0.250
0.298,69.490,-7.628,0.255,0.255,0.258,0.258
0.300,69.702,-7.732,0.246,0.246,0.258,0.258
0.299,70.110,-7.690,0.252,0.252,0.256,0.256
0.299,70.600,-7.711,0.238,0.238,0.253,0.253
0.301,70.942,-7.824,0.246,0.246,0.270,0.270
0.302,71.057,-7.890,0.235,0.235,0.246,0.246
0.302,71.024,-7.880,0.235,0.235,0.237,0.237
0.302,71.155,-7.939,0.241,0.241,0.252,0.252
0.300,71.073,-7.753,0.247,0.247,0.258,0.258
0.300,70.730,-7.757,0.233,0.233,0.252,0.252
0.306,70.502,-8.205,0.240,0.240,0.249,0.249
0.307,70.436,-8.284,0.235,0.235,0.267,0.267
0.309,70.469,-8.417,0.244,0.244,0.247,0.247
0.309,70.469,-8.387,0.226,0.226,0.249,0.249
0.308,70.388,-8.345,0.252,0.252,0.247,0.247
0.310,70.126,-8.487,0.233,0.233,0.252,0.252
0.311,69.833,-8.517,0.250,0.250,0.252,0.252
0.310,69.588,-8.496,0.238,0.238,0.250,0.250
0.312,69.490,-8.607,0.262,0.262,0.252,0.252
0.313,69.343,-8.704,0.243,0.243,0.258,0.258
0.313,69.115,-8.656,0.256,0.256,0.252,0.252
0.311,69.000,-8.557,0.249,0.249,0.252,0.252
0.312,69.180,-8.605,0.259,0.259,0.249,0.249
0.315,69.408,-8.851,0.246,0.246,0.249,0.249
0.318,69.653,-9.049,0.249,0.249,0.252,0.252
0.319,69.931,-9.110,0.240,0.240,0.252,0.252
0.321,70.012,-9.212,0.241,0.241,0.250,0.250
0.321,70.175,-9.230,0.221,0.221,0.241,0.241
0.320,70.371,-9.193,0.224,0.224,0.230,0.230
0.322,70.681,-9.315,0.221,0.221,0.230,0.230
0.323,70.926,-9.350,0.215,0.215,0.244,0.244
0.324,71.187,-9.461,0.221,0.221,0.227,0.227
0.324,71.383,-9.470,0.212,0.212,0.223,0.223
0.325,71.677,-9.513,0.237,0.237,0.233,0.233
0.324,71.987,-9.417,0.208,0.208,0.235,0.235
0.324,72.232,-9.425,0.230,0.230,0.230,0.230
0.323,72.101,-9.386,0.215,0.215,0.237,0.237
0.329,71.954,-9.842,0.233,0.233,0.240,0.240
0.332,71.791,-9.988,0.218,0.218,0.238,0.238
0.334,71.579,-10.142,0.243,0.243,0.246,0.246
0.333,71.448,-10.114,0.218,0.218,0.243,0.243
0.331,71.465,-9.984,0.238,0.238,0.240,0.240
0.333,71.628,-10.100,0.221,0.221,0.246,0.246
0.334,71.987,-10.133,0.244,0.244,0.247,0.247
0.335,72.379,-10.248,0.233,0.233,0.237,0.237
0.337,72.525,-10.351,0.229,0.229,0.247,0.247
0.336,72.509,-10.330,0.232,0.232,0.266,0.266
0.336,72.460,-10.344,0.226,0.226,0.250,0.250
0.335,72.313,-10.215,0.230,0.230,0.252,0.252
0.337,72.068,-10.389,0.215,0.215,0.247,0.247
0.341,71.791,-10.656,0.232,0.232,0.253,0.253
0.345,71.546,-10.944,0.218,0.218,0.256,0.256
0.345,71.432,-10.930,0.224,0.224,0.249,0.249
0.345,71.465,-10.927,0.214,0.214,0.250,0.250
0.344,71.612,-10.878,0.227,0.227,0.252,0.252
0.345,71.856,-10.992,0.218,0.218,0.253,0.253
0.347,71.987,-11.085,0.224,0.224,0.258,0.258
0.347,72.003,-11.130,0.211,0.211,0.249,0.249
0.348,71.987,-11.149,0.226,0.226,0.240,0.240
0.349,71.938,-11.235,0.203,0.203,0.250,0.250
0.348,71.840,-11.157,0.224,0.224,0.243,0.243
0.348,71.563,-11.140,0.206,0.206,0.247,0.247
0.347,71.334,-11.069,0.229,0.229,0.247,0.247
0.353,71.073,-11.508,0.206,0.206,0.261,0.261
0.356,70.812,-11.762,0.241,0.241,0.252,0.252
0.357,70.420,-11.800,0.217,0.217,0.250,0.250
0.358,69.931,-11.883,0.246,0.246,0.247,0.247
0.357,69.425,-11.784,0.229,0.229,0.255,0.255
0.358,69.066,-11.874,0.246,0.246,0.266,0.266
0.359,68.837,-11.963,0.233,0.233,0.275,0.275
0.360,68.592,-12.006,0.250,0.250,0.253,0.253
0.361,68.331,-12.072,0.237,0.237,0.273,0.273
0.362,68.103,-12.165,0.252,0.252,0.276,0.276
0.362,67.988,-12.158,0.235,0.235,0.269,0.269
0.361,68.135,-12.115,0.244,0.244,0.264,0.264
0.360,68.250,-12.038,0.243,0.243,0.269,0.269
0.361,68.152,-12.119,0.230,0.230,0.264,0.264
0.368,68.054,-12.585,0.243,0.243,0.270,0.270
0.370,67.972,-12.724,0.224,0.224,0.262,0.262
0.372,67.842,-12.855,0.229,0.229,0.267,0.267
0.372,67.629,-12.860,0.220,0.220,0.256,0.256
0.372,67.499,-12.839,0.233,0.233,0.253,0.253
0.373,67.368,-12.907,0.221,0.221,0.279,0.279
0.373,67.042,-12.927,0.224,0.224,0.250,0.250
0.374,66.520,-13.002,0.220,0.220,0.247,0.247
0.376,65.948,-13.077,0.229,0.229,0.252,0.252
0.377,65.638,-13.140,0.215,0.215,0.247,0.247
0.375,65.492,-13.059,0.233,0.233,0.235,0.235
0.374,65.377,-12.957,0.215,0.215,0.247,0.247
0.375,65.198,-13.059,0.232,0.232,0.226,0.226
0.382,65.100,-13.478,0.215,0.215,0.250,0.250
0.384,65.035,-13.627,0.233,0.233,0.249,0.249
0.384,64.888,-13.631,0.211,0.211,0.249,0.249
0.384,64.724,-13.646,0.230,0.230,0.253,0.253
0.385,64.414,-13.689,0.220,0.220,0.250,0.250
0.386,64.186,-13.728,0.244,0.244,0.255,0.255
0.387,64.039,-13.828,0.221,0.221,0.252,0.252
0.389,63.957,-13.932,0.241,0.241,0.249,0.249
0.390,63.680,-14.012,0.227,0.227,0.255,0.255
0.390,63.615,-14.001,0.232,0.232,0.255,0.255
0.388,63.452,-13.898,0.220,0.220,0.261,0.261
0.388,63.239,-13.902,0.238,0.238,0.250,0.250
0.390,63.092,-14.039,0.230,0.230,0.259,0.259
0.396,63.125,-14.405,0.226,0.226,0.255,0.255
0.398,63.125,-14.497,0.221,0.221,0.255,0.255
0.399,63.125,-14.593,0.218,0.218,0.253,0.253
0.400,63.158,-14.658,0.223,0.223,0.255,0.255
0.400,63.125,-14.618,0.198,0.198,0.249,0.249
0.401,63.109,-14.681,0.215,0.215,0.250,0.250
0.401,62.962,-14.731,0.194,0.194,0.237,0.237
0.402,62.717,-14.777,0.206,0.206,0.237,0.237
0.404,62.554,-14.893,0.185,0.185,0.229,0.229
0.405,62.472,-14.939,0.217,0.217,0.232,0.232
0.406,62.374,-15.041,0.197,0.197,0.235,0.235
0.405,62.358,-14.933,0.221,0.221,0.232,0.232
0.405,62.374,-14.943,0.197,0.197,0.209,0.209
0.408,62.374,-15.146,0.227,0.227,0.240,0.240
0.412,62.211,-15.421,0.211,0.211,0.246,0.246
0.413,62.015,-15.452,0.220,0.220,0.240,0.240
0.416,61.722,-15.647,0.224,0.224,0.241,0.241
0.415,61.624,-15.583,0.226,0.226,0.240,0.240
0.416,61.787,-15.624,0.218,0.218,0.247,0.247
0.417,62.195,-15.684,0.218,0.218,0.238,0.238
0.418,62.374,-15.770,0.224,0.224,0.253,0.253
0.419,62.309,-15.824,0.212,0.212,0.255,0.255
0.421,62.130,-15.944,0.218,0.218,0.247,0.247
0.420,61.950,-15.901,0.215,0.215,0.241,0.241
0.419,61.558,-15.811,0.227,0.227,0.259,0.259
0.420,61.069,-15.898,0.221,0.221,0.252,0.252
0.423,60.677,-16.039,0.214,0.214,0.240,0.240
0.428,60.432,-16.377,0.217,0.217,0.244,0.244
0.429,60.351,-16.443,0.218,0.218,0.246,0.246
0.430,60.481,-16.469,0.206,0.206,0.249,0.249
0.430,60.514,-16.507,0.221,0.221,0.250,0.250
0.431,60.139,-16.567,0.203,0.203,0.261,0.261
0.432,59.796,-16.631,0.218,0.218,0.249,0.249
0.434,59.747,-16.749,0.200,0.200,0.252,0.252
0.434,59.992,-16.757,0.227,0.227,0.250,0.250
0.436,60.155,-16.835,0.204,0.204,0.250,0.250
0.436,60.024,-16.863,0.227,0.227,0.249,0.249
0.437,59.763,-16.889,0.201,0.201,0.243,0.243
0.435,59.616,-16.816,0.227,0.227,0.235,0.235
0.439,59.453,-17.025,0.201,0.201,0.244,0.244
0.443,59.257,-17.283,0.226,0.226,0.250,0.250
0.445,58.996,-17.398,0.211,0.211,0.250,0.250
0.447,58.768,-17.480,0.224,0.224,0.250,0.250
0.446,58.653,-17.424,0.214,0.214,0.240,0.240
0.446,58.474,-17.471,0.229,0.229,0.253,0.253
0.448,58.131,-17.588,0.232,0.232,0.264,0.264
0.450,57.642,-17.654,0.233,0.233,0.264,0.264
0.451,57.119,-17.728,0.240,0.240,0.276,0.276
0.452,56.744,-17.803,0.237,0.237,0.269,0.269
0.455,56.630,-17.943,0.235,0.235,0.270,0.270
0.453,56.662,-17.867,0.220,0.220,0.279,0.279
0.453,56.711,-17.837,0.235,0.235,0.275,0.275
0.453,56.711,-17.856,0.221,0.221,0.266,0.266
0.458,56.875,-18.161,0.224,0.224,0.256,0.256
0.461,56.940,-18.329,0.223,0.223,0.261,0.261
0.462,56.679,-18.373,0.233,0.233,0.258,0.258
0.464,56.336,-18.492,0.211,0.211,0.258,0.258
0.465,56.042,-18.530,0.227,0.227,0.237,0.237
0.464,55.651,-18.485,0.215,0.215,0.253,0.253
0.466,55.194,-18.612,0.230,0.230,0.255,0.255
0.467,54.639,-18.667,0.215,0.215,0.253,0.253
0.469,54.133,-18.764,0.230,0.230,0.247,0.247
0.470,53.839,-18.818,0.212,0.212,0.240,0.240
0.470,53.529,-18.809,0.224,0.224,0.246,0.246
0.470,53.186,-18.779,0.218,0.218,0.246,0.246
0.471,52.876,-18.851,0.235,0.235,0.247,0.247
0.478,52.713,-19.201,0.217,0.217,0.252,0.252
0.478,52.892,-19.208,0.237,0.237,0.243,0.243
0.479,53.137,-19.291,0.227,0.227,0.240,0.240
0.480,53.480,-19.310,0.241,0.241,0.258,0.258
0.480,53.855,-19.355,0.230,0.230,0.247,0.247
0.481,54.182,-19.414,0.237,0.237,0.237,0.237
0.483,54.280,-19.482,0.230,0.230,0.249,0.249
0.485,54.133,-19.604,0.229,0.229,0.246,0.246
0.486,53.725,-19.671,0.226,0.226,0.247,0.247
0.487,53.333,-19.701,0.233,0.233,0.247,0.247
0.487,53.056,-19.699,0.237,0.237,0.250,0.250
0.486,52.844,-19.676,0.227,0.227,0.249,0.249
0.490,52.582,-19.881,0.243,0.243,0.249,0.249
0.494,52.338,-20.086,0.224,0.224,0.249,0.249
0.496,52.109,-20.205,0.240,0.240,0.247,0.247
0.498,51.881,-20.273,0.212,0.212,0.246,0.246
0.498,51.783,-20.269,0.235,0.235,0.240,0.240
0.499,51.734,-20.336,0.211,0.211,0.240,0.240
0.499,51.946,-20.333,0.224,0.224,0.235,0.235
0.501,52.011,-20.426,0.195,0.195,0.232,0.232
0.503,51.930,-20.540,0.224,0.224,0.221,0.221
0.504,51.799,-20.577,0.198,0.198,0.212,0.212
0.506,51.750,-20.694,0.217,0.217,0.223,0.223
0.506,51.783,-20.723,0.209,0.209,0.224,0.224
0.505,51.930,-20.646,0.227,0.227,0.218,0.218
0.506,52.207,-20.708,0.208,0.208,0.227,0.227
0.509,52.272,-20.883,0.218,0.218,0.230,0.230
0.515,52.305,-21.154,0.217,0.217,0.240,0.240
0.516,52.125,-21.214,0.215,0.215,0.224,0.224
0.515,51.913,-21.185,0.221,0.221,0.255,0.255
0.517,51.897,-21.298,0.214,0.214,0.230,0.230
0.518,52.142,-21.319,0.226,0.226,0.240,0.240
0.520,52.289,-21.420,0.209,0.209,0.235,0.235
0.521,52.321,-21.473,0.215,0.215,0.243,0.243
0.523,52.158,-21.574,0.217,0.217,0.243,0.243
0.525,51.897,-21.672,0.226,0.226,0.246,0.246
0.523,51.603,-21.578,0.212,0.212,0.229,0.229
0.523,51.375,-21.605,0.221,0.221,0.244,0.244
0.524,51.277,-21.632,0.206,0.206,0.256,0.256
0.529,51.130,-21.923,0.224,0.224,0.246,0.246
0.532,50.918,-22.066,0.200,0.200,0.240,0.240
0.534,50.836,-22.169,0.233,0.233,0.243,0.243
0.535,50.787,-22.180,0.215,0.215,0.246,0.246
0.535,50.804,-22.215,0.237,0.237,0.246,0.246
0.536,50.820,-22.272,0.211,0.211,0.243,0.243
0.538,50.999,-22.336,0.244,0.244,0.243,0.243
0.539,51.195,-22.430,0.211,0.211,0.241,0.241
0.541,51.326,-22.491,0.229,0.229,0.241,0.241
0.543,51.473,-22.608,0.221,0.221,0.229,0.229
0.543,51.701,-22.615,0.223,0.223,0.238,0.238
0.543,51.668,-22.601,0.214,0.214,0.249,0.249
0.544,51.440,-22.646,0.214,0.214,0.240,0.240
0.548,51.326,-22.861,0.197,0.197,0.243,0.243
0.552,51.293,-23.065,0.215,0.215,0.243,0.243
0.553,51.309,-23.145,0.217,0.217,0.244,0.244
0.553,51.277,-23.121,0.221,0.221,0.246,0.246
0.555,51.309,-23.248,0.227,0.227,0.246,0.246
0.556,51.277,-23.271,0.215,0.215,0.252,0.252
0.557,51.293,-23.340,0.232,0.232,0.255,0.255
0.558,51.146,-23.400,0.221,0.221,0.272,0.272
0.561,50.771,-23.538,0.241,0.241,0.266,0.266
0.562,50.249,-23.587,0.223,0.223,0.262,0.262
0.564,49.694,-23.671,0.243,0.243,0.287,0.287
0.562,49.253,-23.607,0.223,0.223,0.261,0.261
0.563,48.715,-23.630,0.237,0.237,0.253,0.253
0.565,48.258,-23.722,0.226,0.226,0.262,0.262
0.569,47.915,-23.910,0.241,0.241,0.259,0.259
0.573,47.833,-24.140,0.224,0.224,0.255,0.255
0.575,47.964,-24.191,0.243,0.243,0.264,0.264
0.575,48.372,-24.207,0.223,0.223,0.284,0.284
0.576,48.764,-24.242,0.235,0.235,0.256,0.256
0.578,48.910,-24.369,0.215,0.215,0.246,0.246
0.578,48.894,-24.370,0.243,0.243,0.252,0.252
0.581,48.698,-24.487,0.233,0.233,0.259,0.259
0.581,48.421,-24.522,0.250,0.250,0.252,0.252
0.584,48.160,-24.647,0.243,0.243,0.244,0.244
0.584,47.948,-24.662,0.252,0.252,0.256,0.256
0.584,47.817,-24.647,0.243,0.243,0.240,0.240
0.585,48.013,-24.687,0.255,0.255,0.235,0.235
0.589,48.258,-24.899,0.250,0.250,0.249,0.249
0.593,48.502,-25.092,0.255,0.255,0.249,0.249
0.594,48.617,-25.145,0.247,0.247,0.249,0.249
0.596,48.502,-25.211,0.256,0.256,0.246,0.246
0.597,48.388,-25.267,0.261,0.261,0.258,0.258
0.598,48.307,-25.309,0.270,0.270,0.246,0.246
0.600,48.339,-25.418,0.284,0.284,0.246,0.246
0.601,48.502,-25.453,0.278,0.278,0.247,0.247
0.603,48.584,-25.585,0.293,0.293,0.252,0.252
0.605,48.470,-25.662,0.269,0.269,0.249,0.249
0.603,48.241,-25.571,0.301,0.301,0.249,0.249
0.604,47.931,-25.633,0.273,0.273,0.246,0.246
0.607,47.654,-25.744,0.282,0.282,0.246,0.246
0.610,47.278,-25.922,0.261,0.261,0.249,0.249
0.615,46.756,-26.123,0.278,0.278,0.249,0.249
0.616,46.299,-26.182,0.247,0.247,0.249,0.249
0.616,45.793,-26.200,0.256,0.256,0.247,0.247
0.618,45.434,-26.258,0.238,0.238,0.243,0.243
0.618,45.304,-26.289,0.253,0.253,0.237,0.237
0.621,45.369,-26.420,0.232,0.232,0.241,0.241
0.622,45.206,-26.439,0.243,0.243,0.235,0.235
0.624,44.879,-26.549,0.224,0.224,0.227,0.227
0.626,44.161,-26.619,0.217,0.217,0.221,0.221
0.626,43.443,-26.622,0.201,0.201,0.221,0.221
0.626,42.921,-26.637,0.206,0.206,0.233,0.233
0.627,42.823,-26.691,0.204,0.204,0.227,0.227
0.630,42.595,-26.810,0.194,0.194,0.223,0.223
0.635,41.876,-27.031,0.188,0.188,0.227,0.227
0.637,40.979,-27.120,0.195,0.195,0.241,0.241
0.638,40.342,-27.142,0.201,0.201,0.224,0.224
0.640,39.967,-27.215,0.197,0.197,0.232,0.232
0.640,39.771,-27.239,0.203,0.203,0.240,0.240
0.642,39.428,-27.318,0.191,0.191,0.237,0.237
0.644,38.939,-27.375,0.201,0.201,0.237,0.237
0.646,38.417,-27.439,0.163,0.163,0.243,0.243
0.646,37.911,-27.463,0.197,0.197,0.243,0.243
0.649,37.421,-27.553,0.191,0.191,0.244,0.244
0.648,36.915,-27.520,0.209,0.209,0.252,0.252
0.647,36.605,-27.504,0.179,0.179,0.249,0.249
0.653,36.621,-27.703,0.204,0.204,0.237,0.237
0.657,37.046,-27.867,0.185,0.185,0.244,0.244
0.659,37.715,-27.948,0.203,0.203,0.246,0.246
0.661,38.335,-28.000,0.189,0.189,0.246,0.246
0.661,38.417,-28.015,0.200,0.200,0.246,0.246
0.663,38.009,-28.074,0.186,0.186,0.264,0.264
0.664,37.307,-28.127,0.191,0.191,0.246,0.246
0.665,36.377,-28.180,0.179,0.179,0.247,0.247
0.668,35.332,-28.274,0.175,0.175,0.247,0.247
0.668,34.206,-28.289,0.180,0.180,0.252,0.252
0.671,32.966,-28.378,0.180,0.180,0.243,0.243
0.670,31.889,-28.339,0.189,0.189,0.246,0.246
0.670,30.877,-28.337,0.168,0.168,0.238,0.238
0.674,29.930,-28.471,0.172,0.172,0.246,0.246
0.678,29.000,-28.581,0.162,0.162,0.249,0.249
0.680,28.233,-28.650,0.177,0.177,0.246,0.246
0.683,28.070,-28.717,0.163,0.163,0.243,0.243
0.683,28.233,-28.724,0.194,0.194,0.233,0.233
0.684,28.249,-28.740,0.179,0.179,0.249,0.249
0.686,27.613,-28.796,0.206,0.206,0.255,0.255
0.688,26.634,-28.864,0.206,0.206,0.258,0.258
0.688,25.818,-28.866,0.240,0.240,0.275,0.275
0.691,25.279,-28.930,0.249,0.249,0.276,0.276
0.693,24.675,-28.995,0.267,0.267,0.267,0.267
0.692,23.973,-28.962,0.266,0.266,0.285,0.285
0.693,23.402,-28.997,0.282,0.282,0.269,0.269
0.694,22.962,-29.004,0.267,0.267,0.259,0.259
0.697,22.652,-29.087,0.301,0.301,0.262,0.262
0.701,22.358,-29.175,0.281,0.281,0.270,0.270
0.705,22.211,-29.261,0.298,0.298,0.267,0.267
0.704,22.113,-29.232,0.275,0.275,0.273,0.273
0.706,21.574,-29.274,0.299,0.299,0.279,0.279
0.708,20.856,-29.326,0.273,0.273,0.258,0.258
0.709,20.024,-29.350,0.285,0.285,0.249,0.249
0.711,19.290,-29.372,0.281,0.281,0.255,0.255
0.713,18.702,-29.411,0.282,0.282,0.261,0.261
0.715,18.245,-29.449,0.273,0.273,0.252,0.252
0.715,17.739,-29.461,0.275,0.275,0.253,0.253
0.716,17.380,-29.467,0.269,0.269,0.267,0.267
0.716,17.152,-29.465,0.279,0.279,0.250,0.250
0.718,16.744,-29.508,0.275,0.275,0.252,0.252
0.722,16.613,-29.575,0.273,0.273,0.255,0.255
0.726,16.695,-29.638,0.273,0.273,0.249,0.249
0.727,16.842,-29.661,0.238,0.238,0.250,0.250
0.727,16.923,-29.664,0.249,0.249,0.249,0.249
0.728,16.891,-29.675,0.226,0.226,0.243,0.243
0.731,16.858,-29.727,0.232,0.232,0.243,0.243
0.733,16.695,-29.755,0.212,0.212,0.246,0.246
0.734,16.450,-29.773,0.230,0.230,0.249,0.249
0.736,16.385,-29.804,0.200,0.200,0.252,0.252
0.737,16.336,-29.832,0.209,0.209,0.233,0.233
0.736,16.352,-29.806,0.204,0.204,0.253,0.253
0.737,16.385,-29.826,0.217,0.217,0.255,0.255
0.742,16.352,-29.912,0.204,0.204,0.255,0.255
0.745,16.238,-29.959,0.212,0.212,0.250,0.250
0.748,15.993,-30.007,0.198,0.198,0.255,0.255
0.748,15.699,-29.997,0.209,0.209,0.253,0.253
0.749,15.275,-30.021,0.191,0.191,0.252,0.252
0.750,14.769,-30.034,0.218,0.218,0.253,0.253
0.752,14.149,-30.069,0.203,0.203,0.261,0.261
0.754,13.251,-30.090,0.214,0.214,0.241,0.241
0.756,12.239,-30.112,0.194,0.194,0.227,0.227
0.758,11.228,-30.142,0.208,0.208,0.218,0.218
0.758,10.216,-30.141,0.195,0.195,0.237,0.237
0.759,9.432,-30.150,0.198,0.198,0.227,0.227
0.759,8.828,-30.151,0.212,0.212,0.235,0.235
0.762,8.502,-30.174,0.212,0.212,0.235,0.235
0.763,8.420,-30.182,0.224,0.224,0.235,0.235
0.770,8.306,-30.239,0.208,0.208,0.238,0.238
0.771,8.127,-30.248,0.230,0.230,0.240,0.240
0.772,7.980,-30.258,0.217,0.217,0.233,0.233
0.773,7.800,-30.269,0.235,0.235,0.249,0.249
0.773,7.278,-30.270,0.224,0.224,0.249,0.249
0.776,6.413,-30.286,0.250,0.250,0.243,0.243
0.778,5.205,-30.298,0.229,0.229,0.247,0.247
0.779,3.981,-30.302,0.243,0.243,0.243,0.243
0.780,2.692,-30.307,0.237,0.237,0.227,0.227
0.782,1.484,-30.310,0.261,0.261,0.250,0.250
0.781,0.342,-30.310,0.238,0.238,0.256,0.256
0.782,-0.849,-30.309,0.255,0.255,0.253,0.253
0.787,-2.008,-30.302,0.233,0.233,0.250,0.250
0.790,-2.922,-30.295,0.247,0.247,0.243,0.243
0.792,-3.624,-30.286,0.224,0.224,0.252,0.252
0.794,-4.619,-30.281,0.243,0.243,0.246,0.246
0.794,-5.957,-30.278,0.218,0.218,0.250,0.250
0.795,-7.508,-30.271,0.220,0.220,0.246,0.246
0.798,-8.879,-30.252,0.203,0.203,0.255,0.255
0.798,-9.842,-30.247,0.215,0.215,0.252,0.252
0.801,-10.543,-30.219,0.201,0.201,0.259,0.259
0.803,-11.229,-30.195,0.200,0.200,0.250,0.250
0.803,-11.947,-30.194,0.197,0.197,0.252,0.252
0.804,-12.518,-30.186,0.194,0.194,0.246,0.246
0.804,-12.861,-30.189,0.179,0.179,0.249,0.249
0.807,-13.236,-30.147,0.180,0.180,0.250,0.250
0.811,-13.693,-30.092,0.169,0.169,0.255,0.255
0.815,-14.020,-30.039,0.151,0.151,0.264,0.264
0.816,-14.166,-30.023,0.165,0.165,0.256,0.256
0.816,-14.150,-30.016,0.163,0.163,0.249,0.249
0.817,-13.938,-30.008,0.168,0.168,0.255,0.255
0.820,-13.709,-29.967,0.160,0.160,0.255,0.255
0.821,-13.579,-29.948,0.180,0.180,0.261,0.261
0.823,-13.416,-29.930,0.179,0.179,0.269,0.269
0.825,-13.073,-29.896,0.189,0.189,0.304,0.304
0.826,-12.436,-29.880,0.185,0.185,0.278,0.278
0.826,-11.833,-29.881,0.197,0.197,0.264,0.264
0.827,-11.441,-29.872,0.175,0.175,0.270,0.270
0.826,-10.870,-29.884,0.201,0.201,0.278,0.278
0.830,-10.233,-29.841,0.182,0.182,0.273,0.273
0.835,-9.597,-29.793,0.200,0.200,0.273,0.273
0.837,-8.911,-29.777,0.191,0.191,0.284,0.284
0.840,-8.161,-29.746,0.206,0.206,0.273,0.273
0.840,-7.573,-29.749,0.192,0.192,0.255,0.255
0.840,-6.920,-29.750,0.198,0.198,0.261,0.261
0.843,-6.235,-29.731,0.188,0.188,0.261,0.261
0.843,-5.647,-29.728,0.203,0.203,0.259,0.259
0.846,-5.256,-29.713,0.175,0.175,0.252,0.252
0.848,-5.044,-29.703,0.198,0.198,0.261,0.261
0.848,-4.668,-29.700,0.182,0.182,0.253,0.253
0.848,-4.179,-29.702,0.208,0.208,0.252,0.252
0.848,-3.656,-29.701,0.180,0.180,0.255,0.255
0.852,-3.314,-29.690,0.221,0.221,0.250,0.250
0.857,-3.036,-29.673,0.191,0.191,0.250,0.250
0.860,-2.873,-29.665,0.214,0.214,0.249,0.249
0.860,-2.596,-29.664,0.206,0.206,0.244,0.244
0.861,-2.383,-29.662,0.221,0.221,0.247,0.247
0.863,-2.253,-29.657,0.203,0.203,0.247,0.247
0.863,-2.106,-29.656,0.221,0.221,0.250,0.250
0.866,-1.877,-29.651,0.212,0.212,0.255,0.255
0.867,-1.633,-29.648,0.223,0.223,0.247,0.247
0.868,-1.355,-29.647,0.215,0.215,0.256,0.256
0.870,-1.274,-29.644,0.226,0.226,0.255,0.255
0.870,-1.078,-29.645,0.223,0.223,0.253,0.253
0.869,-0.735,-29.646,0.221,0.221,0.258,0.258
0.873,-0.392,-29.644,0.229,0.229,0.262,0.262
0.877,-0.001,-29.643,0.226,0.226,0.259,0.259
0.880,0.195,-29.643,0.230,0.230,0.252,0.252
0.882,0.212,-29.643,0.224,0.224,0.250,0.250
0.883,0.163,-29.644,0.240,0.240,0.258,0.258
0.884,0.163,-29.644,0.226,0.226,0.252,0.252
0.885,0.146,-29.644,0.223,0.223,0.249,0.249
0.888,0.130,-29.644,0.220,0.220,0.247,0.247
0.889,0.146,-29.644,0.226,0.226,0.233,0.233
0.891,0.097,-29.645,0.206,0.206,0.233,0.233
0.893,-0.099,-29.645,0.214,0.214,0.229,0.229
0.893,-0.294,-29.645,0.208,0.208,0.226,0.226
0.892,-0.343,-29.645,0.218,0.218,0.230,0.230
0.894,-0.311,-29.644,0.208,0.208,0.238,0.238
0.895,-0.311,-29.644,0.230,0.230,0.233,0.233
0.903,-0.294,-29.642,0.215,0.215,0.241,0.241
0.905,-0.311,-29.641,0.235,0.235,0.237,0.237
0.905,-0.262,-29.641,0.212,0.212,0.232,0.232
0.907,-0.474,-29.640,0.237,0.237,0.218,0.218
0.907,-0.719,-29.640,0.218,0.218,0.241,0.241
0.909,-0.996,-29.639,0.240,0.240,0.253,0.253
0.911,-1.225,-29.637,0.220,0.220,0.249,0.249
0.913,-1.502,-29.634,0.244,0.244,0.249,0.249
0.914,-1.861,-29.632,0.226,0.226,0.241,0.241
0.915,-2.220,-29.629,0.233,0.233,0.252,0.252
0.915,-2.481,-29.630,0.237,0.237,0.249,0.249
0.916,-2.873,-29.627,0.233,0.233,0.255,0.255
0.918,-3.379,-29.622,0.230,0.230,0.259,0.259
0.923,-3.722,-29.602,0.226,0.226,0.258,0.258
0.926,-3.983,-29.591,0.232,0.232,0.256,0.256
0.927,-4.195,-29.587,0.223,0.223,0.264,0.264
0.928,-4.260,-29.584,0.221,0.221,0.253,0.253
0.929,-4.423,-29.581,0.227,0.227,0.255,0.255
0.930,-4.636,-29.572,0.230,0.230,0.255,0.255
0.933,-4.782,-29.561,0.223,0.223,0.250,0.250
0.934,-4.978,-29.557,0.227,0.227,0.253,0.253
0.936,-5.125,-29.547,0.224,0.224,0.253,0.253
0.938,-5.256,-29.537,0.243,0.243,0.270,0.270
0.937,-5.272,-29.542,0.232,0.232,0.252,0.252
0.937,-5.125,-29.539,0.258,0.258,0.241,0.241
0.939,-4.848,-29.531,0.244,0.244,0.243,0.243
0.944,-4.570,-29.508,0.262,0.262,0.250,0.250
0.948,-4.342,-29.490,0.266,0.266,0.246,0.246
0.949,-4.228,-29.484,0.281,0.281,0.253,0.253
0.950,-4.391,-29.479,0.261,0.261,0.258,0.258
0.951,-4.619,-29.475,0.290,0.290,0.255,0.255
0.953,-4.962,-29.468,0.270,0.270,0.253,0.253
0.954,-5.174,-29.463,0.288,0.288,0.253,0.253
0.956,-5.256,-29.453,0.270,0.270,0.276,0.276
0.958,-5.158,-29.442,0.293,0.293,0.276,0.276
0.959,-4.880,-29.437,0.264,0.264,0.279,0.279
0.960,-4.750,-29.430,0.284,0.284,0.252,0.252
0.959,-4.733,-29.434,0.264,0.264,0.270,0.270
0.960,-4.766,-29.431,0.285,0.285,0.278,0.278
0.963,-4.929,-29.414,0.259,0.259,0.270,0.270
0.969,-5.125,-29.387,0.267,0.267,0.262,0.262
0.970,-5.288,-29.379,0.246,0.246,0.259,0.259
0.972,-5.272,-29.369,0.253,0.253,0.270,0.270
0.973,-5.256,-29.365,0.226,0.226,0.261,0.261
0.973,-5.223,-29.363,0.244,0.244,0.264,0.264
0.976,-5.239,-29.349,0.215,0.215,0.266,0.266
0.977,-5.076,-29.344,0.227,0.227,0.258,0.258
0.979,-4.701,-29.336,0.217,0.217,0.253,0.253
0.981,-4.195,-29.327,0.220,0.220,0.267,0.267
0.982,-3.509,-29.321,0.209,0.209,0.253,0.253
0.982,-2.808,-29.323,0.211,0.211,0.246,0.246
0.982,-2.155,-29.322,0.201,0.201,0.253,0.253
0.985,-1.828,-29.315,0.203,0.203,0.253,0.253
0.990,-1.747,-29.307,0.197,0.197,0.256,0.256
0.992,-1.780,-29.303,0.208,0.208,0.252,0.252
0.993,-1.665,-29.302,0.211,0.211,0.273,0.273
0.994,-1.420,-29.300,0.197,0.197,0.252,0.252
0.996,-1.323,-29.298,0.218,0.218,0.249,0.249
0.998,-1.110,-29.295,0.201,0.201,0.253,0.253
0.998,-0.915,-29.295,0.218,0.218,0.256,0.256
1.001,-0.768,-29.293,0.200,0.200,0.258,0.258
1.003,-0.800,-29.291,0.218,0.218,0.250,0.250
1.003,-0.817,-29.291,0.203,0.203,0.246,0.246
1.002,-0.784,-29.291,0.220,0.220,0.250,0.250
1.004,-0.833,-29.290,0.214,0.214,0.258,0.258
1.006,-0.964,-29.288,0.230,0.230,0.256,0.256
1.012,-1.339,-29.282,0.217,0.217,0.252,0.252
1.013,-1.714,-29.279,0.230,0.230,0.249,0.249
1.014,-1.877,-29.277,0.221,0.221,0.252,0.252
1.016,-1.861,-29.274,0.230,0.230,0.246,0.246
1.017,-1.796,-29.272,0.200,0.200,0.252,0.252
1.018,-1.649,-29.271,0.230,0.230,0.246,0.246
1.021,-1.404,-29.266,0.200,0.200,0.243,0.243
1.022,-1.127,-29.264,0.208,0.208,0.226,0.226
1.025,-0.898,-29.262,0.192,0.192,0.221,0.221
1.025,-0.784,-29.262,0.212,0.212,0.227,0.227
1.026,-0.931,-29.261,0.179,0.179,0.218,0.218
1.027,-1.192,-29.260,0.194,0.194,0.226,0.226
1.027,-1.323,-29.259,0.179,0.179,0.235,0.235
1.032,-1.208,-29.253,0.191,0.191,0.233,0.233
1.035,-0.931,-29.250,0.183,0.183,0.233,0.233
1.037,-0.768,-29.249,0.186,0.186,0.255,0.255
1.038,-0.768,-29.247,0.192,0.192,0.237,0.237
1.039,-0.817,-29.247,0.200,0.200,0.230,0.230
1.040,-0.817,-29.246,0.203,0.203,0.241,0.241
1.042,-0.686,-29.244,0.212,0.212,0.244,0.244
1.043,-0.392,-29.244,0.233,0.233,0.247,0.247
1.046,-0.262,-29.243,0.226,0.226,0.249,0.249
1.047,-0.017,-29.243,0.232,0.232,0.270,0.270
1.047,0.130,-29.243,0.232,0.232,0.259,0.259
1.048,0.195,-29.243,0.246,0.246,0.243,0.243
1.051,0.309,-29.244,0.223,0.223,0.240,0.240
1.054,0.505,-29.245,0.249,0.249,0.250,0.250
1.057,0.636,-29.247,0.227,0.227,0.255,0.255
1.060,0.815,-29.249,0.237,0.237,0.247,0.247
1.059,1.174,-29.248,0.221,0.221,0.275,0.275
1.061,1.680,-29.250,0.240,0.240,0.249,0.249
1.062,2.056,-29.254,0.232,0.232,0.249,0.249
1.064,2.186,-29.256,0.230,0.230,0.246,0.246
1.065,1.990,-29.260,0.218,0.218,0.249,0.249
1.068,1.713,-29.265,0.241,0.241,0.249,0.249
1.068,1.419,-29.264,0.224,0.224,0.249,0.249
1.070,1.191,-29.267,0.238,0.238,0.255,0.255
1.068,1.093,-29.265,0.227,0.227,0.253,0.253
1.070,0.946,-29.267,0.246,0.246,0.249,0.249
1.074,0.734,-29.270,0.221,0.221,0.244,0.244
1.078,0.603,-29.273,0.258,0.258,0.243,0.243
1.081,0.620,-29.275,0.229,0.229,0.249,0.249
1.082,0.489,-29.275,0.250,0.250,0.247,0.247
1.083,0.244,-29.276,0.241,0.241,0.246,0.246
1.084,0.114,-29.276,0.258,0.258,0.250,0.250
1.086,0.097,-29.276,0.252,0.252,0.258,0.258
1.087,0.130,-29.276,0.262,0.262,0.258,0.258
1.089,0.293,-29.276,0.272,0.272,0.273,0.273
1.090,0.538,-29.277,0.267,0.267,0.262,0.262
1.091,0.685,-29.278,0.270,0.270,0.285,0.285
1.092,0.668,-29.278,0.276,0.276,0.266,0.266
1.092,0.685,-29.278,0.279,0.279,0.273,0.273
1.093,0.766,-29.279,0.272,0.272,0.272,0.272
1.099,1.011,-29.284,0.279,0.279,0.270,0.270
1.102,1.076,-29.288,0.259,0.259,0.269,0.269
1.103,1.011,-29.288,0.273,0.273,0.282,0.282
1.105,0.750,-29.290,0.246,0.246,0.264,0.264
1.106,0.456,-29.290,0.270,0.270,0.247,0.247
1.106,0.195,-29.290,0.249,0.249,0.258,0.258
1.108,0.277,-29.291,0.253,0.253,0.256,0.256
1.111,0.652,-29.292,0.243,0.243,0.253,0.253
1.112,1.011,-29.293,0.250,0.250,0.250,0.250
1.113,1.191,-29.295,0.221,0.221,0.273,0.273
1.114,1.158,-29.296,0.240,0.240,0.247,0.247
1.114,1.142,-29.296,0.218,0.218,0.246,0.246
1.115,1.093,-29.297,0.229,0.229,0.250,0.250
1.122,1.272,-29.305,0.201,0.201,0.253,0.253
1.124,1.664,-29.308,0.223,0.223,0.249,0.249
1.125,2.186,-29.311,0.201,0.201,0.253,0.253
1.127,2.725,-29.314,0.223,0.223,0.273,0.273
1.127,3.231,-29.315,0.206,0.206,0.244,0.244
1.129,3.688,-29.321,0.221,0.221,0.240,0.240
1.130,4.177,-29.328,0.195,0.195,0.250,0.250
1.132,4.536,-29.334,0.201,0.201,0.249,0.249
1.133,4.602,-29.341,0.201,0.201,0.255,0.255
1.136,4.602,-29.353,0.198,0.198,0.249,0.249
1.134,4.585,-29.345,0.195,0.195,0.273,0.273
1.135,4.716,-29.349,0.203,0.203,0.252,0.252
1.137,4.928,-29.359,0.200,0.200,0.246,0.246
1.141,5.075,-29.378,0.197,0.197,0.253,0.253
1.146,5.059,-29.405,0.200,0.200,0.252,0.252
1.147,4.944,-29.407,0.194,0.194,0.255,0.255
1.147,4.667,-29.407,0.206,0.206,0.253,0.253
1.149,4.569,-29.417,0.183,0.183,0.266,0.266
1.151,4.504,-29.425,0.194,0.194,0.250,0.250
1.152,4.406,-29.430,0.180,0.180,0.238,0.238
1.154,4.210,-29.439,0.194,0.194,0.241,0.241
1.156,4.210,-29.450,0.166,0.166,0.232,0.232
1.157,4.422,-29.453,0.197,0.197,0.230,0.230
1.157,4.732,-29.452,0.182,0.182,0.230,0.230
1.157,4.961,-29.453,0.206,0.206,0.209,0.209
1.158,5.254,-29.458,0.197,0.197,0.230,0.230
1.163,5.467,-29.482,0.218,0.218,0.241,0.241
1.167,5.711,-29.509,0.203,0.203,0.235,0.235
1.168,5.956,-29.515,0.221,0.221,0.226,0.226
1.169,6.054,-29.520,0.200,0.200,0.237,0.237
1.171,6.038,-29.531,0.221,0.221,0.233,0.233
1.172,6.070,-29.536,0.214,0.214,0.230,0.230
1.173,6.070,-29.545,0.214,0.214,0.247,0.247
1.176,6.168,-29.558,0.226,0.226,0.244,0.244
1.177,6.266,-29.565,0.217,0.217,0.237,0.237
1.179,6.283,-29.577,0.230,0.230,0.240,0.240
1.181,6.250,-29.590,0.237,0.237,0.237,0.237
1.180,6.168,-29.584,0.247,0.247,0.249,0.249
1.180,5.907,-29.587,0.240,0.240,0.253,0.253
1.186,5.793,-29.621,0.243,0.243,0.252,0.252
1.188,5.744,-29.635,0.238,0.238,0.252,0.252
1.189,5.646,-29.641,0.249,0.249,0.252,0.252
1.192,5.548,-29.654,0.246,0.246,0.250,0.250
1.192,5.711,-29.655,0.266,0.266,0.276,0.276
1.193,5.760,-29.663,0.266,0.266,0.249,0.249
1.195,5.858,-29.673,0.282,0.282,0.244,0.244
1.196,6.119,-29.680,0.259,0.259,0.249,0.249
1.199,6.560,-29.695,0.295,0.295,0.249,0.249
1.201,7.066,-29.712,0.267,0.267,0.247,0.247
1.201,7.458,-29.711,0.285,0.285,0.243,0.243
1.201,7.572,-29.710,0.270,0.270,0.252,0.252
1.202,7.539,-29.720,0.295,0.295,0.247,0.247
1.207,7.523,-29.755,0.259,0.259,0.249,0.249
1.210,7.474,-29.781,0.278,0.278,0.247,0.247
1.213,7.376,-29.800,0.267,0.267,0.249,0.249
1.212,7.294,-29.794,0.278,0.278,0.246,0.246
1.214,7.392,-29.810,0.258,0.258,0.250,0.250
1.216,7.637,-29.822,0.276,0.276,0.246,0.246
1.216,7.898,-29.827,0.259,0.259,0.252,0.252
1.218,8.061,-29.841,0.276,0.276,0.252,0.252
1.221,8.176,-29.863,0.259,0.259,0.259,0.259
1.222,8.372,-29.872,0.266,0.266,0.270,0.270
1.224,8.502,-29.887,0.246,0.246,0.270,0.270
1.224,8.535,-29.888,0.252,0.252,0.267,0.267
1.224,8.649,-29.886,0.232,0.232,0.266,0.266
1.225,9.008,-29.900,0.241,0.241,0.267,0.267
1.231,9.400,-29.951,0.203,0.203,0.275,0.275
1.234,9.661,-29.981,0.212,0.212,0.272,0.272
1.236,9.938,-30.002,0.197,0.197,0.273,0.273
1.237,10.297,-30.007,0.188,0.188,0.290,0.290
1.236,10.787,-30.003,0.185,0.185,0.279,0.279
1.239,11.146,-30.035,0.179,0.179,0.255,0.255
1.240,11.374,-30.047,0.179,0.179,0.264,0.264
1.241,11.472,-30.061,0.172,0.172,0.259,0.259
1.244,11.456,-30.089,0.177,0.177,0.262,0.262
1.245,11.440,-30.107,0.157,0.157,0.258,0.258
1.245,11.456,-30.106,0.165,0.165,0.276,0.276
1.245,11.423,-30.107,0.163,0.163,0.258,0.258
1.249,11.456,-30.149,0.180,0.180,0.249,0.249
1.253,11.440,-30.200,0.163,0.163,0.249,0.249
1.256,11.456,-30.223,0.191,0.191,0.253,0.253
1.257,11.440,-30.240,0.179,0.179,0.252,0.252
1.257,11.554,-30.242,0.204,0.204,0.255,0.255
1.259,11.848,-30.260,0.201,0.201,0.269,0.269
1.261,12.092,-30.286,0.227,0.227,0.250,0.250
1.262,12.484,-30.297,0.220,0.220,0.244,0.244
1.264,12.827,-30.327,0.235,0.235,0.249,0.249
1.266,13.104,-30.346,0.223,0.223,0.252,0.252
1.267,13.496,-30.359,0.243,0.243,0.255,0.255
1.266,13.806,-30.350,0.224,0.224,0.255,0.255
1.266,13.969,-30.356,0.241,0.241,0.261,0.261
1.269,13.937,-30.387,0.235,0.235,0.258,0.258
1.273,13.888,-30.452,0.253,0.253,0.256,0.256
1.277,13.904,-30.509,0.232,0.232,0.256,0.256
1.278,13.871,-30.517,0.261,0.261,0.256,0.256
1.279,13.741,-30.526,0.235,0.235,0.259,0.259
1.281,13.529,-30.556,0.243,0.243,0.255,0.255
1.282,13.365,-30.573,0.227,0.227,0.249,0.249
1.283,13.219,-30.589,0.237,0.237,0.252,0.252
1.286,12.990,-30.625,0.227,0.227,0.255,0.255
1.287,12.908,-30.632,0.218,0.218,0.246,0.246
1.289,13.055,-30.662,0.221,0.221,0.233,0.233
1.289,13.251,-30.668,0.211,0.211,0.230,0.230
1.290,13.414,-30.670,0.214,0.214,0.230,0.230
1.290,13.594,-30.677,0.197,0.197,0.215,0.215
1.292,13.790,-30.701,0.217,0.217,0.229,0.229
1.296,14.067,-30.765,0.206,0.206,0.249,0.249
1.301,14.459,-30.829,0.211,0.211,0.233,0.233
1.302,14.818,-30.845,0.198,0.198,0.227,0.227
1.302,14.900,-30.846,0.212,0.212,0.227,0.227
1.304,14.932,-30.871,0.197,0.197,0.232,0.232
1.306,14.851,-30.902,0.211,0.211,0.230,0.230
1.307,15.014,-30.919,0.200,0.200,0.246,0.246
1.308,15.079,-30.937,0.220,0.220,0.249,0.249
1.311,15.014,-30.977,0.208,0.208,0.249,0.249
1.312,14.867,-30.994,0.221,0.221,0.243,0.243
1.313,14.851,-31.005,0.217,0.217,0.238,0.238
1.312,14.867,-30.989,0.224,0.224,0.247,0.247
1.314,14.867,-31.019,0.211,0.211,0.247,0.247
1.317,14.883,-31.072,0.227,0.227,0.250,0.250
1.321,14.720,-31.136,0.211,0.211,0.261,0.261
1.322,14.508,-31.148,0.220,0.220,0.256,0.256
1.323,14.361,-31.166,0.208,0.208,0.249,0.249
1.325,14.214,-31.182,0.214,0.214,0.266,0.266
1.327,13.986,-31.211,0.212,0.212,0.252,0.252
1.328,13.757,-31.234,0.215,0.215,0.249,0.249
1.330,13.480,-31.252,0.224,0.224,0.253,0.253
1.332,13.219,-31.284,0.215,0.215,0.249,0.249
1.334,12.811,-31.306,0.215,0.215,0.247,0.247
1.334,12.337,-31.309,0.206,0.206,0.252,0.252
1.333,11.978,-31.299,0.218,0.218,0.258,0.258
1.335,11.717,-31.320,0.206,0.206,0.247,0.247
1.341,11.325,-31.393,0.212,0.212,0.246,0.246
1.343,10.868,-31.416,0.203,0.203,0.246,0.246
1.345,10.379,-31.429,0.218,0.218,0.249,0.249
1.346,9.987,-31.446,0.204,0.204,0.252,0.252
1.346,9.742,-31.444,0.230,0.230,0.250,0.250
1.348,9.367,-31.466,0.212,0.212,0.246,0.246
1.349,8.763,-31.474,0.232,0.232,0.249,0.249
1.352,7.996,-31.500,0.215,0.215,0.258,0.258
1.354,7.360,-31.511,0.243,0.243,0.256,0.256
1.355,6.837,-31.521,0.230,0.230,0.273,0.273
1.356,6.397,-31.524,0.244,0.244,0.264,0.264
1.356,6.054,-31.523,0.237,0.237,0.281,0.281
1.357,5.989,-31.532,0.249,0.249,0.270,0.270
1.359,5.875,-31.546,0.238,0.238,0.273,0.273
1.365,5.630,-31.581,0.230,0.230,0.272,0.272
1.365,5.352,-31.580,0.252,0.252,0.273,0.273
1.368,5.124,-31.596,0.246,0.246,0.270,0.270
1.369,5.010,-31.600,0.246,0.246,0.298,0.298
1.371,5.156,-31.607,0.243,0.243,0.275,0.275
1.372,5.564,-31.613,0.244,0.244,0.261,0.261
1.374,5.972,-31.625,0.226,0.226,0.262,0.262
1.376,6.250,-31.639,0.237,0.237,0.258,0.258
1.376,6.593,-31.642,0.221,0.221,0.253,0.253
1.378,6.935,-31.654,0.233,0.233,0.255,0.255
1.379,7.196,-31.656,0.220,0.220,0.246,0.246
1.378,7.425,-31.655,0.243,0.243,0.259,0.259
1.380,7.523,-31.670,0.224,0.224,0.264,0.264
1.387,7.523,-31.719,0.230,0.230,0.253,0.253
1.387,7.474,-31.723,0.223,0.223,0.252,0.252
1.389,7.343,-31.736,0.235,0.235,0.249,0.249
1.390,6.952,-31.745,0.221,0.221,0.256,0.256
1.391,6.560,-31.750,0.240,0.240,0.241,0.241
1.394,6.315,-31.765,0.229,0.229,0.255,0.255
1.395,6.103,-31.774,0.237,0.237,0.255,0.255
1.396,6.005,-31.782,0.224,0.224,0.258,0.258
1.399,6.021,-31.797,0.249,0.249,0.253,0.253
1.400,6.185,-31.802,0.233,0.233,0.247,0.247
1.399,6.413,-31.800,0.247,0.247,0.252,0.252
1.400,6.544,-31.806,0.230,0.230,0.261,0.261
1.402,6.560,-31.820,0.247,0.247,0.256,0.256
1.409,6.691,-31.862,0.243,0.243,0.261,0.261
1.409,7.033,-31.866,0.233,0.233,0.261,0.261
1.411,7.604,-31.878,0.244,0.244,0.262,0.262
1.411,8.094,-31.882,0.235,0.235,0.276,0.276
1.414,8.616,-31.902,0.241,0.241,0.255,0.255
1.414,9.073,-31.905,0.229,0.229,0.249,0.249
1.416,9.449,-31.923,0.241,0.241,0.253,0.253
1.418,9.530,-31.944,0.223,0.223,0.255,0.255
1.420,9.661,-31.961,0.230,0.230,0.258,0.258
1.422,9.857,-31.978,0.204,0.204,0.240,0.240
1.420,9.955,-31.965,0.224,0.224,0.229,0.229
1.421,9.857,-31.973,0.206,0.206,0.233,0.233
1.424,9.465,-31.995,0.217,0.217,0.238,0.238
1.427,9.041,-32.029,0.204,0.204,0.240,0.240
1.431,8.747,-32.060,0.230,0.230,0.235,0.235
1.434,8.388,-32.084,0.208,0.208,0.243,0.243
1.434,8.094,-32.085,0.224,0.224,0.240,0.240
1.434,7.784,-32.089,0.218,0.218,0.227,0.227
1.437,7.425,-32.109,0.233,0.233,0.233,0.233
1.438,6.935,-32.115,0.221,0.221,0.258,0.258
1.440,6.397,-32.129,0.232,0.232,0.246,0.246
1.443,5.760,-32.146,0.230,0.230,0.252,0.252
1.443,5.059,-32.150,0.227,0.227,0.238,0.238
1.443,4.422,-32.151,0.218,0.218,0.258,0.258
1.442,3.916,-32.147,0.224,0.224,0.246,0.246
1.444,3.476,-32.153,0.230,0.230,0.255,0.255
1.448,2.839,-32.166,0.215,0.215,0.250,0.250
1.452,2.088,-32.176,0.230,0.230,0.252,0.252
1.454,1.321,-32.179,0.218,0.218,0.256,0.256
1.455,0.603,-32.179,0.232,0.232,0.269,0.269
1.456,0.130,-32.180,0.212,0.212,0.256,0.256
1.457,-0.360,-32.180,0.237,0.237,0.256,0.256
1.458,-1.045,-32.179,0.220,0.220,0.255,0.255
1.461,-1.992,-32.175,0.227,0.227,0.252,0.252
1.462,-3.134,-32.171,0.215,0.215,0.252,0.252
1.464,-4.701,-32.165,0.235,0.235,0.255,0.255
1.463,-6.561,-32.167,0.217,0.217,0.270,0.270
1.463,-8.324,-32.167,0.230,0.230,0.255,0.255
1.465,-9.858,-32.149,0.220,0.220,0.258,0.258
1.471,-11.539,-32.092,0.230,0.230,0.258,0.258
1.474,-13.334,-32.051,0.215,0.215,0.253,0.253
1.474,-14.819,-32.057,0.240,0.240,0.253,0.253
1.475,-15.913,-32.039,0.217,0.217,0.255,0.255
1.475,-16.843,-32.027,0.232,0.232,0.278,0.278
1.477,-17.953,-31.998,0.214,0.214,0.261,0.261
1.479,-19.634,-31.963,0.229,0.229,0.255,0.255
1.481,-21.576,-31.924,0.221,0.221,0.269,0.269
1.482,-23.191,-31.895,0.224,0.224,0.262,0.262
1.484,-24.171,-31.852,0.238,0.238,0.269,0.269
1.483,-24.709,-31.871,0.238,0.238,0.281,0.281
1.484,-25.297,-31.856,0.244,0.244,0.301,0.301
1.485,-26.390,-31.831,0.233,0.233,0.284,0.284
1.488,-27.826,-31.746,0.235,0.235,0.278,0.278
1.493,-29.132,-31.604,0.230,0.230,0.278,0.278
1.495,-29.687,-31.544,0.237,0.237,0.284,0.284
1.495,-29.605,-31.557,0.237,0.237,0.275,0.275
1.496,-29.605,-31.510,0.237,0.237,0.276,0.276
1.497,-30.160,-31.486,0.214,0.214,0.249,0.249
1.499,-31.645,-31.425,0.230,0.230,0.279,0.279
1.499,-33.130,-31.409,0.224,0.224,0.282,0.282
1.501,-34.077,-31.346,0.230,0.230,0.272,0.272
1.503,-34.403,-31.302,0.227,0.227,0.270,0.270
1.504,-34.273,-31.264,0.226,0.226,0.267,0.267
1.504,-34.109,-31.259,0.200,0.200,0.269,0.269
1.504,-34.175,-31.250,0.214,0.214,0.253,0.253
1.505,-34.322,-31.201,0.209,0.209,0.258,0.258
1.511,-34.338,-31.015,0.240,0.240,0.261,0.261
1.514,-34.012,-30.921,0.212,0.212,0.262,0.262
1.515,-33.228,-30.882,0.240,0.240,0.253,0.253
1.515,-32.510,-30.883,0.206,0.206,0.256,0.256
1.517,-32.363,-30.826,0.230,0.230,0.267,0.267
1.518,-32.641,-30.785,0.208,0.208,0.249,0.249
1.519,-32.836,-30.753,0.244,0.244,0.252,0.252
1.521,-32.885,-30.672,0.218,0.218,0.255,0.255
1.522,-32.836,-30.655,0.237,0.237,0.267,0.267
1.523,-32.804,-30.601,0.218,0.218,0.261,0.261
1.524,-32.983,-30.596,0.240,0.240,0.272,0.272
1.522,-33.049,-30.634,0.218,0.218,0.258,0.258
1.524,-32.951,-30.592,0.246,0.246,0.253,0.253
1.529,-32.983,-30.428,0.247,0.247,0.262,0.262
1.532,-33.000,-30.324,0.252,0.252,0.258,0.258
1.534,-32.788,-30.267,0.224,0.224,0.262,0.262
1.535,-32.282,-30.205,0.238,0.238,0.256,0.256
1.535,-31.694,-30.211,0.224,0.224,0.269,0.269
1.535,-31.368,-30.213,0.230,0.230,0.259,0.259
1.538,-31.253,-30.123,0.241,0.241,0.262,0.262
1.539,-31.286,-30.099,0.235,0.235,0.252,0.252
1.541,-31.188,-30.039,0.221,0.221,0.253,0.253
1.542,-30.454,-30.002,0.217,0.217,0.250,0.250
1.541,-29.670,-30.019,0.203,0.203,0.243,0.243
1.542,-29.116,-29.997,0.203,0.203,0.220,0.220
1.541,-28.854,-30.033,0.203,0.203,0.230,0.230
1.546,-28.838,-29.895,0.215,0.215,0.243,0.243
1.549,-28.691,-29.789,0.211,0.211,0.237,0.237
1.551,-28.365,-29.733,0.195,0.195,0.233,0.233
1.554,-27.663,-29.671,0.200,0.200,0.233,0.233
1.554,-26.635,-29.662,0.200,0.200,0.241,0.241
1.554,-25.411,-29.671,0.218,0.218,0.240,0.240
1.556,-24.709,-29.611,0.206,0.206,0.240,0.240
1.556,-25.003,-29.600,0.227,0.227,0.255,0.255
1.559,-25.819,-29.539,0.206,0.206,0.253,0.253
1.560,-26.472,-29.499,0.224,0.224,0.243,0.243
1.561,-26.439,-29.483,0.206,0.206,0.246,0.246
1.560,-26.113,-29.501,0.232,0.232,0.255,0.255
1.561,-25.900,-29.487,0.217,0.217,0.255,0.255
1.562,-26.211,-29.453,0.237,0.237,0.255,0.255
1.566,-27.059,-29.339,0.203,0.203,0.256,0.256
1.569,-28.071,-29.261,0.237,0.237,0.258,0.258
1.570,-29.083,-29.243,0.221,0.221,0.264,0.264
1.570,-29.932,-29.223,0.232,0.232,0.273,0.273
1.571,-30.258,-29.205,0.226,0.226,0.262,0.262
1.573,-30.062,-29.157,0.229,0.229,0.256,0.256
1.573,-30.029,-29.132,0.212,0.212,0.264,0.264
1.576,-30.225,-29.056,0.227,0.227,0.259,0.259
1.577,-30.666,-29.029,0.221,0.221,0.264,0.264
1.577,-31.302,-29.021,0.226,0.226,0.255,0.255
1.578,-31.759,-28.992,0.217,0.217,0.264,0.264
1.578,-31.612,-29.008,0.233,0.233,0.252,0.252
1.579,-30.976,-28.974,0.218,0.218,0.262,0.262
1.582,-30.535,-28.864,0.214,0.214,0.256,0.256
1.587,-30.796,-28.729,0.221,0.221,0.259,0.259
1.587,-31.335,-28.728,0.211,0.211,0.255,0.255
1.588,-32.086,-28.681,0.215,0.215,0.259,0.259
1.588,-32.853,-28.670,0.209,0.209,0.275,0.275
1.589,-33.457,-28.640,0.218,0.218,0.259,0.259
1.590,-33.799,-28.605,0.209,0.209,0.253,0.253
1.591,-34.044,-28.575,0.215,0.215,0.259,0.259
1.594,-34.566,-28.495,0.215,0.215,0.261,0.261
1.595,-35.415,-28.462,0.246,0.246,0.267,0.267
1.596,-36.590,-28.424,0.224,0.224,0.279,0.279
1.594,-37.716,-28.470,0.243,0.243,0.285,0.285
1.595,-38.304,-28.461,0.217,0.217,0.276,0.276
1.598,-38.369,-28.339,0.238,0.238,0.278,0.278
1.601,-38.320,-28.231,0.226,0.226,0.278,0.278
1.604,-38.385,-28.090,0.247,0.247,0.281,0.281
1.606,-38.597,-28.034,0.227,0.227,0.278,0.278
1.606,-38.908,-28.041,0.235,0.235,0.278,0.278
1.606,-39.316,-28.010,0.226,0.226,0.255,0.255
1.606,-39.626,-28.019,0.238,0.238,0.282,0.282
1.609,-39.789,-27.919,0.211,0.211,0.279,0.279
1.610,-39.740,-27.872,0.241,0.241,0.282,0.282
1.611,-39.740,-27.827,0.221,0.221,0.266,0.266
1.611,-39.691,-27.811,0.238,0.238,0.269,0.269
1.611,-39.724,-27.820,0.218,0.218,0.270,0.270
1.611,-39.691,-27.823,0.235,0.235,0.250,0.250
1.612,-39.691,-27.786,0.212,0.212,0.267,0.267
1.616,-39.707,-27.628,0.241,0.241,0.262,0.262
1.620,-39.544,-27.486,0.224,0.224,0.258,0.258
1.622,-39.495,-27.393,0.243,0.243,0.249,0.249
1.621,-39.756,-27.429,0.217,0.217,0.256,0.256
1.621,-40.132,-27.431,0.237,0.237,0.267,0.267
1.623,-40.262,-27.370,0.217,0.217,0.250,0.250
1.623,-40.442,-27.338,0.237,0.237,0.261,0.261
1.625,-40.637,-27.290,0.221,0.221,0.262,0.262
1.627,-40.899,-27.195,0.243,0.243,0.258,0.258
1.627,-41.437,-27.168,0.235,0.235,0.264,0.264
1.627,-42.041,-27.179,0.226,0.226,0.246,0.246
1.626,-42.269,-27.209,0.235,0.235,0.261,0.261
1.627,-42.123,-27.198,0.230,0.230,0.273,0.273
1.630,-41.682,-27.081,0.233,0.233,0.264,0.264
1.636,-41.274,-26.831,0.221,0.221,0.262,0.262
1.636,-40.964,-26.797,0.237,0.237,0.262,0.262
1.637,-40.605,-26.758,0.232,0.232,0.261,0.261
1.637,-40.132,-26.766,0.230,0.230,0.273,0.273
1.638,-39.462,-26.750,0.235,0.235,0.266,0.266
1.638,-38.728,-26.724,0.230,0.230,0.261,0.261
1.640,-38.124,-26.666,0.218,0.218,0.262,0.262
1.642,-37.781,-26.566,0.229,0.229,0.255,0.255
1.642,-37.537,-26.562,0.208,0.208,0.252,0.252
1.643,-37.194,-26.531,0.217,0.217,0.240,0.240
1.642,-36.835,-26.579,0.195,0.195,0.269,0.269
1.642,-37.047,-26.596,0.215,0.215,0.233,0.233
1.643,-37.798,-26.537,0.195,0.195,0.232,0.232
1.648,-38.728,-26.336,0.221,0.221,0.243,0.243
1.651,-39.234,-26.223,0.200,0.200,0.246,0.246
1.651,-39.364,-26.241,0.237,0.237,0.241,0.241
1.652,-39.087,-26.200,0.208,0.208,0.240,0.240
1.653,-38.842,-26.153,0.221,0.221,0.240,0.240
1.654,-38.532,-26.124,0.215,0.215,0.243,0.243
1.655,-38.320,-26.093,0.227,0.227,0.253,0.253
1.656,-38.238,-26.058,0.209,0.209,0.256,0.256
1.657,-38.222,-25.995,0.230,0.230,0.252,0.252
1.658,-38.075,-25.967,0.227,0.227,0.255,0.255
1.657,-37.830,-26.007,0.229,0.229,0.255,0.255
1.656,-37.732,-26.029,0.215,0.215,0.247,0.247
1.657,-37.896,-26.005,0.224,0.224,0.259,0.259
1.664,-38.124,-25.733,0.229,0.229,0.267,0.267
1.666,-38.451,-25.664,0.229,0.229,0.258,0.258
1.666,-38.989,-25.667,0.227,0.227,0.267,0.267
1.667,-39.740,-25.630,0.223,0.223,0.264,0.264
1.667,-40.491,-25.639,0.215,0.215,0.258,0.258
1.668,-41.111,-25.587,0.209,0.209,0.237,0.237
1.669,-41.323,-25.547,0.227,0.227,0.258,0.258
1.670,-41.290,-25.500,0.221,0.221,0.261,0.261
1.671,-41.535,-25.461,0.230,0.230,0.261,0.261
1.672,-42.106,-25.433,0.218,0.218,0.261,0.261
1.671,-42.939,-25.472,0.223,0.223,0.256,0.256
1.670,-43.510,-25.510,0.209,0.209,0.258,0.258
1.672,-43.591,-25.406,0.217,0.217,0.252,0.252
1.677,-43.347,-25.205,0.212,0.212,0.258,0.258
1.679,-43.020,-25.122,0.226,0.226,0.256,0.256
1.679,-42.759,-25.098,0.201,0.201,0.258,0.258
1.679,-42.628,-25.091,0.224,0.224,0.258,0.258
1.679,-42.514,-25.109,0.206,0.206,0.258,0.258
1.681,-42.286,-25.022,0.221,0.221,0.259,0.259
1.682,-42.025,-24.980,0.211,0.211,0.250,0.250
1.682,-41.747,-24.969,0.238,0.238,0.255,0.255
1.684,-41.829,-24.914,0.217,0.217,0.262,0.262
1.685,-42.384,-24.859,0.233,0.233,0.266,0.266
1.685,-43.134,-24.873,0.224,0.224,0.279,0.279
1.684,-43.608,-24.918,0.249,0.249,0.278,0.278
1.684,-43.608,-24.902,0.227,0.227,0.282,0.282
1.688,-43.477,-24.724,0.258,0.258,0.266,0.266
1.691,-43.363,-24.576,0.240,0.240,0.284,0.284
1.693,-43.412,-24.506,0.249,0.249,0.288,0.288
1.693,-43.526,-24.508,0.224,0.224,0.276,0.276
1.693,-43.673,-24.519,0.243,0.243,0.273,0.273
1.694,-43.640,-24.471,0.230,0.230,0.264,0.264
1.694,-43.510,-24.472,0.240,0.240,0.284,0.284
1.696,-43.265,-24.376,0.232,0.232,0.273,0.273
1.697,-43.298,-24.344,0.230,0.230,0.273,0.273
1.697,-43.689,-24.343,0.214,0.214,0.276,0.276
1.698,-44.179,-24.289,0.246,0.246,0.267,0.267
1.697,-44.554,-24.346,0.226,0.226,0.273,0.273
1.697,-44.571,-24.315,0.237,0.237,0.276,0.276
1.700,-44.260,-24.221,0.226,0.226,0.270,0.270
1.704,-44.130,-24.039,0.224,0.224,0.269,0.269
1.706,-44.114,-23.918,0.218,0.218,0.270,0.270
1.706,-44.309,-23.956,0.215,0.215,0.264,0.264
1.707,-44.717,-23.904,0.235,0.235,0.273,0.273
1.707,-45.174,-23.898,0.227,0.227,0.264,0.264
1.707,-45.582,-23.871,0.233,0.233,0.288,0.288
1.708,-45.844,-23.835,0.220,0.220,0.264,0.264
1.709,-45.876,-23.800,0.230,0.230,0.258,0.258
1.710,-45.599,-23.741,0.215,0.215,0.270,0.270
1.711,-45.174,-23.729,0.229,0.229,0.264,0.264
1.708,-44.913,-23.850,0.227,0.227,0.258,0.258
1.710,-44.489,-23.771,0.243,0.243,0.259,0.259
1.709,-44.179,-23.781,0.218,0.218,0.285,0.285
1.716,-43.918,-23.482,0.240,0.240,0.269,0.269
1.718,-43.706,-23.404,0.221,0.221,0.256,0.256
1.718,-43.820,-23.411,0.243,0.243,0.261,0.261
1.719,-44.163,-23.364,0.233,0.233,0.264,0.264
1.718,-44.587,-23.414,0.246,0.246,0.264,0.264
1.718,-44.668,-23.405,0.230,0.230,0.267,0.267
1.720,-44.522,-23.325,0.235,0.235,0.272,0.272
1.721,-44.244,-23.284,0.215,0.215,0.261,0.261
1.722,-44.407,-23.221,0.227,0.227,0.255,0.255
1.723,-45.028,-23.200,0.211,0.211,0.258,0.258
1.722,-45.697,-23.209,0.233,0.233,0.246,0.246
1.721,-46.284,-23.250,0.215,0.215,0.240,0.240
1.721,-46.725,-23.277,0.224,0.224,0.235,0.235
1.723,-47.019,-23.180,0.197,0.197,0.224,0.224
1.727,-47.084,-22.977,0.221,0.221,0.246,0.246
1.730,-46.970,-22.826,0.209,0.209,0.256,0.256
1.730,-46.708,-22.839,0.221,0.221,0.249,0.249
1.730,-46.594,-22.846,0.215,0.215,0.241,0.241
1.731,-46.545,-22.822,0.226,0.226,0.249,0.249
1.731,-46.774,-22.823,0.212,0.212,0.241,0.241
1.732,-47.100,-22.766,0.209,0.209,0.227,0.227
1.733,-47.492,-22.693,0.217,0.217,0.253,0.253
1.734,-47.655,-22.643,0.212,0.212,0.264,0.264
1.734,-47.606,-22.678,0.237,0.237,0.253,0.253
1.732,-47.557,-22.735,0.217,0.217,0.255,0.255
1.731,-47.541,-22.820,0.224,0.224,0.249,0.249
1.735,-47.394,-22.621,0.206,0.206,0.256,0.256
1.740,-47.182,-22.399,0.212,0.212,0.252,0.252
1.741,-46.937,-22.338,0.209,0.209,0.259,0.259
1.741,-46.676,-22.324,0.227,0.227,0.272,0.272
1.741,-46.741,-22.325,0.211,0.211,0.261,0.261
1.740,-47.084,-22.370,0.227,0.227,0.259,0.259
1.742,-47.688,-22.298,0.217,0.217,0.285,0.285
1.743,-48.047,-22.236,0.226,0.226,0.259,0.259
1.743,-48.161,-22.212,0.209,0.209,0.255,0.255
1.744,-48.096,-22.171,0.238,0.238,0.259,0.259
1.744,-47.949,-22.208,0.215,0.215,0.259,0.259
1.743,-47.492,-22.238,0.227,0.227,0.256,0.256
1.742,-47.116,-22.294,0.206,0.206,0.264,0.264
1.745,-46.872,-22.127,0.230,0.230,0.261,0.261
1.749,-46.790,-21.943,0.209,0.209,0.262,0.262
1.751,-47.100,-21.849,0.229,0.229,0.255,0.255
1.752,-47.606,-21.821,0.218,0.218,0.253,0.253
1.751,-47.835,-21.876,0.223,0.223,0.255,0.255
1.752,-47.590,-21.826,0.209,0.209,0.255,0.255
1.751,-46.872,-21.843,0.220,0.220,0.258,0.258
1.753,-46.121,-21.766,0.212,0.212,0.258,0.258
1.754,-45.484,-21.725,0.227,0.227,0.262,0.262
1.755,-45.109,-21.689,0.223,0.223,0.267,0.267
1.753,-45.093,-21.750,0.238,0.238,0.266,0.266
1.753,-45.093,-21.763,0.240,0.240,0.276,0.276
1.753,-45.142,-21.757,0.227,0.227,0.270,0.270
1.756,-45.142,-21.636,0.247,0.247,0.284,0.284
1.758,-45.142,-21.527,0.230,0.230,0.279,0.279
1.761,-45.125,-21.401,0.235,0.235,0.285,0.285
1.761,-44.979,-21.394,0.226,0.226,0.282,0.282
1.760,-44.750,-21.441,0.240,0.240,0.278,0.278
1.760,-44.603,-21.432,0.226,0.226,0.276,0.276
1.761,-44.587,-21.395,0.233,0.233,0.301,0.301
1.762,-44.620,-21.356,0.224,0.224,0.287,0.287
1.763,-44.489,-21.326,0.238,0.238,0.259,0.259
1.764,-44.244,-21.280,0.221,0.221,0.275,0.275
1.765,-44.130,-21.222,0.238,0.238,0.270,0.270
1.764,-44.097,-21.273,0.217,0.217,0.269,0.269
1.762,-43.999,-21.349,0.223,0.223,0.267,0.267
1.763,-43.787,-21.299,0.215,0.215,0.259,0.259
1.767,-43.526,-21.132,0.229,0.229,0.262,0.262
1.770,-43.249,-21.014,0.218,0.218,0.262,0.262
1.770,-43.167,-21.012,0.238,0.238,0.259,0.259
1.770,-43.151,-20.996,0.215,0.215,0.258,0.258
1.769,-43.330,-21.032,0.232,0.232,0.261,0.261
1.770,-43.575,-21.002,0.212,0.212,0.258,0.258
1.772,-43.526,-20.934,0.244,0.244,0.237,0.237
1.772,-43.134,-20.937,0.227,0.227,0.253,0.253
1.773,-42.645,-20.876,0.243,0.243,0.262,0.262
1.773,-42.106,-20.865,0.218,0.218,0.258,0.258
1.771,-41.910,-20.963,0.238,0.238,0.259,0.259
1.771,-42.041,-20.975,0.227,0.227,0.247,0.247
1.773,-42.351,-20.875,0.240,0.240,0.259,0.259
1.775,-42.628,-20.813,0.240,0.240,0.269,0.269
1.779,-42.726,-20.615,0.247,0.247,0.262,0.262
1.778,-42.710,-20.658,0.233,0.233,0.266,0.266
1.778,-42.547,-20.652,0.246,0.246,0.264,0.264
1.778,-42.302,-20.672,0.233,0.233,0.269,0.269
1.778,-42.172,-20.648,0.243,0.243,0.287,0.287
1.780,-42.204,-20.600,0.232,0.232,0.267,0.267
1.780,-42.172,-20.560,0.238,0.238,0.250,0.250
1.781,-42.220,-20.548,0.230,0.230,0.259,0.259
1.782,-42.220,-20.490,0.220,0.220,0.258,0.258
1.781,-42.220,-20.551,0.224,0.224,0.261,0.261
1.779,-42.041,-20.611,0.212,0.212,0.244,0.244
1.780,-41.486,-20.567,0.215,0.215,0.230,0.230
1.782,-40.768,-20.478,0.200,0.200,0.235,0.235
1.785,-40.099,-20.360,0.215,0.215,0.247,0.247
1.788,-39.381,-20.244,0.198,0.198,0.243,0.243
1.787,-38.565,-20.312,0.203,0.203,0.240,0.240
1.786,-37.732,-20.326,0.200,0.200,0.249,0.249
1.787,-37.096,-20.287,0.215,0.215,0.243,0.243
1.787,-36.623,-20.304,0.201,0.201,0.229,0.229
1.787,-36.329,-20.282,0.224,0.224,0.244,0.244
1.788,-36.084,-20.249,0.212,0.212,0.256,0.256
1.790,-35.692,-20.196,0.227,0.227,0.247,0.247
1.789,-35.252,-20.209,0.206,0.206,0.247,0.247
1.789,-34.844,-20.240,0.229,0.229,0.243,0.243
1.788,-34.599,-20.259,0.214,0.214,0.259,0.259
1.790,-34.403,-20.204,0.230,0.230,0.250,0.250
1.793,-34.142,-20.077,0.212,0.212,0.258,0.258
1.795,-34.060,-20.035,0.233,0.233,0.255,0.255
1.795,-34.175,-20.025,0.215,0.215,0.259,0.259
1.793,-34.322,-20.076,0.227,0.227,0.258,0.258
1.795,-34.403,-20.013,0.224,0.224,0.284,0.284
1.794,-34.354,-20.041,0.230,0.230,0.255,0.255
1.796,-34.354,-19.979,0.221,0.221,0.253,0.253
1.796,-34.305,-19.984,0.217,0.217,0.261,0.261
1.797,-34.175,-19.934,0.224,0.224,0.262,0.262
1.795,-33.914,-20.007,0.215,0.215,0.258,0.258
1.795,-33.652,-20.022,0.214,0.214,0.255,0.255
1.793,-33.424,-20.074,0.227,0.227,0.273,0.273
1.796,-33.457,-19.971,0.220,0.220,0.258,0.258
1.800,-33.848,-19.834,0.215,0.215,0.252,0.252
1.801,-34.403,-19.812,0.211,0.211,0.255,0.255
1.801,-34.925,-19.803,0.201,0.201,0.258,0.258
1.802,-35.431,-19.794,0.217,0.217,0.256,0.256
1.802,-35.872,-19.791,0.195,0.195,0.255,0.255
1.802,-36.247,-19.791,0.221,0.221,0.256,0.256
1.803,-36.476,-19.753,0.206,0.206,0.253,0.253
1.802,-36.835,-19.767,0.218,0.218,0.262,0.262
1.804,-37.194,-19.707,0.208,0.208,0.259,0.259
1.804,-37.471,-19.718,0.230,0.230,0.266,0.266
1.803,-37.684,-19.728,0.218,0.218,0.270,0.270
1.802,-37.602,-19.784,0.246,0.246,0.282,0.282
1.802,-37.406,-19.794,0.224,0.224,0.261,0.261
1.805,-37.112,-19.666,0.244,0.244,0.276,0.276
1.807,-36.851,-19.601,0.217,0.217,0.291,0.291
1.809,-36.590,-19.540,0.247,0.247,0.273,0.273
1.808,-36.362,-19.562,0.230,0.230,0.276,0.276
1.808,-36.100,-19.577,0.243,0.243,0.273,0.273
1.807,-35.856,-19.579,0.229,0.229,0.278,0.278
1.808,-35.741,-19.547,0.243,0.243,0.252,0.252
1.808,-35.725,-19.552,0.224,0.224,0.279,0.279
1.810,-35.774,-19.503,0.246,0.246,0.282,0.282
1.810,-35.774,-19.488,0.226,0.226,0.276,0.276
1.811,-35.807,-19.452,0.240,0.240,0.266,0.266
1.809,-35.758,-19.512,0.220,0.220,0.264,0.264
1.807,-35.758,-19.586,0.247,0.247,0.272,0.272
1.809,-35.758,-19.523,0.223,0.223,0.259,0.259
1.810,-35.790,-19.475,0.238,0.238,0.255,0.255
1.814,-35.627,-19.344,0.224,0.224,0.255,0.255
1.814,-35.382,-19.339,0.243,0.243,0.258,0.258
1.814,-35.301,-19.363,0.226,0.226,0.252,0.252
1.814,-35.268,-19.337,0.241,0.241,0.272,0.272
1.813,-35.317,-19.364,0.224,0.224,0.261,0.261
1.815,-35.154,-19.307,0.240,0.240,0.252,0.252
1.814,-35.089,-19.329,0.221,0.221,0.259,0.259
1.816,-35.154,-19.277,0.244,0.244,0.258,0.258
1.815,-35.268,-19.307,0.238,0.238,0.261,0.261
1.814,-35.350,-19.363,0.237,0.237,0.261,0.261
1.814,-35.317,-19.351,0.244,0.244,0.281,0.281
1.814,-35.301,-19.356,0.238,0.238,0.259,0.259
1.818,-35.121,-19.206,0.238,0.238,0.258,0.258
1.819,-35.040,-19.174,0.230,0.230,0.266,0.266
1.818,-35.023,-19.214,0.246,0.246,0.261,0.261
1.818,-34.730,-19.188,0.227,0.227,0.261,0.261
1.819,-34.452,-19.178,0.240,0.240,0.264,0.264
1.820,-34.126,-19.147,0.238,0.238,0.275,0.275
1.820,-33.865,-19.150,0.243,0.243,0.262,0.262
1.820,-33.783,-19.137,0.233,0.233,0.259,0.259
1.820,-33.620,-19.129,0.238,0.238,0.261,0.261
1.821,-33.261,-19.110,0.218,0.218,0.261,0.261
1.819,-32.755,-19.179,0.233,0.233,0.255,0.255
1.819,-32.380,-19.164,0.203,0.203,0.240,0.240
1.818,-32.282,-19.196,0.229,0.229,0.215,0.215
1.821,-32.282,-19.111,0.214,0.214,0.238,0.238
1.824,-32.167,-19.006,0.227,0.227,0.253,0.253
1.824,-31.955,-19.010,0.211,0.211,0.243,0.243
1.825,-31.955,-18.988,0.243,0.243,0.235,0.235
1.823,-32.200,-19.032,0.212,0.212,0.246,0.246
1.824,-32.510,-19.003,0.240,0.240,0.244,0.244
1.824,-32.771,-19.016,0.230,0.230,0.226,0.226
1.824,-33.049,-18.991,0.255,0.255,0.240,0.240
1.824,-33.261,-19.002,0.244,0.244,0.258,0.258
1.825,-33.342,-18.964,0.249,0.249,0.250,0.250
1.825,-33.522,-18.990,0.250,0.250,0.250,0.250
1.823,-33.571,-19.028,0.255,0.255,0.253,0.253
1.823,-33.457,-19.043,0.246,0.246,0.256,0.256
1.824,-33.473,-19.009,0.250,0.250,0.243,0.243
1.827,-33.538,-18.908,0.253,0.253,0.264,0.264
1.829,-33.293,-18.839,0.243,0.243,0.261,0.261
1.829,-32.804,-18.832,0.243,0.243,0.270,0.270
1.828,-32.249,-18.876,0.238,0.238,0.262,0.262
1.828,-32.037,-18.884,0.237,0.237,0.261,0.261
1.828,-32.298,-18.867,0.227,0.227,0.258,0.258
1.829,-32.102,-18.855,0.240,0.240,0.237,0.237
1.828,-31.645,-18.870,0.224,0.224,0.261,0.261
1.829,-31.433,-18.857,0.233,0.233,0.264,0.264
1.829,-31.335,-18.834,0.218,0.218,0.261,0.261
1.828,-31.351,-18.883,0.229,0.229,0.262,0.262
1.825,-31.482,-18.961,0.204,0.204,0.259,0.259
1.830,-31.727,-18.805,0.217,0.217,0.258,0.258
1.831,-32.037,-18.769,0.200,0.200,0.256,0.256
1.832,-32.265,-18.730,0.214,0.214,0.258,0.258
1.831,-32.526,-18.762,0.191,0.191,0.252,0.252
1.832,-32.771,-18.749,0.212,0.212,0.258,0.258
1.831,-33.032,-18.788,0.192,0.192,0.264,0.264
1.831,-33.228,-18.763,0.232,0.232,0.258,0.258
1.832,-33.522,-18.759,0.230,0.230,0.256,0.256
1.832,-33.734,-18.734,0.276,0.276,0.255,0.255
1.833,-33.848,-18.708,0.278,0.278,0.262,0.262
1.833,-33.848,-18.708,0.298,0.298,0.262,0.262
1.831,-33.652,-18.792,0.296,0.296,0.267,0.267
1.831,-33.457,-18.790,0.322,0.322,0.279,0.279
1.830,-33.293,-18.801,0.311,0.311,0.273,0.273
1.834,-33.261,-18.663,0.328,0.328,0.288,0.288
1.836,-33.196,-18.615,0.325,0.325,0.264,0.264
1.834,-32.934,-18.678,0.339,0.339,0.279,0.279
1.836,-32.804,-18.611,0.322,0.322,0.291,0.291
1.835,-32.641,-18.660,0.351,0.351,0.275,0.275
1.835,-32.445,-18.649,0.340,0.340,0.282,0.282
1.834,-32.363,-18.682,0.360,0.360,0.276,0.276
1.834,-32.314,-18.664,0.374,0.374,0.288,0.288
1.836,-32.184,-18.611,0.382,0.382,0.252,0.252
1.836,-31.939,-18.626,0.385,0.385,0.273,0.273
1.835,-31.808,-18.646,0.392,0.392,0.279,0.279
1.832,-31.776,-18.736,0.394,0.394,0.275,0.275
1.832,-31.776,-18.747,0.398,0.398,0.269,0.269
1.836,-31.661,-18.625,0.385,0.385,0.267,0.267
1.838,-31.400,-18.566,0.385,0.385,0.267,0.267
1.838,-31.302,-18.557,0.385,0.385,0.247,0.247
1.837,-31.302,-18.586,0.368,0.368,0.266,0.266
1.837,-31.270,-18.590,0.375,0.375,0.278,0.278
1.836,-31.188,-18.611,0.363,0.363,0.264,0.264
1.837,-30.943,-18.574,0.378,0.378,0.262,0.262
1.837,-30.813,-18.574,0.365,0.365,0.264,0.264
1.837,-30.829,-18.567,0.392,0.392,0.269,0.269
1.838,-30.813,-18.556,0.371,0.371,0.266,0.266
1.837,-30.829,-18.581,0.383,0.383,0.261,0.261
1.835,-30.845,-18.634,0.398,0.398,0.264,0.264
1.834,-30.845,-18.662,0.421,0.421,0.262,0.262
1.836,-30.813,-18.605,0.420,0.420,0.270,0.270
1.840,-30.715,-18.494,0.459,0.459,0.246,0.246
1.841,-30.470,-18.470,0.467,0.467,0.267,0.267
1.840,-30.323,-18.498,0.499,0.499,0.275,0.275
1.838,-30.340,-18.560,0.499,0.499,0.273,0.273
1.839,-30.323,-18.525,0.523,0.523,0.267,0.267
1.838,-30.209,-18.537,0.517,0.517,0.270,0.270
1.839,-29.964,-18.509,0.523,0.523,0.270,0.270
1.840,-29.866,-18.505,0.517,0.517,0.258,0.258
1.840,-29.834,-18.495,0.531,0.531,0.270,0.270
1.839,-29.850,-18.532,0.517,0.517,0.281,0.281
1.837,-29.719,-18.588,0.493,0.493,0.264,0.264
1.836,-29.491,-18.607,0.479,0.479,0.250,0.250
1.836,-29.377,-18.602,0.459,0.459,0.240,0.240
1.841,-29.360,-18.459,0.449,0.449,0.241,0.241
1.842,-29.213,-18.438,0.410,0.410,0.264,0.264
1.841,-28.985,-18.471,0.401,0.401,0.249,0.249
1.841,-28.708,-18.460,0.380,0.380,0.247,0.247
1.841,-28.463,-18.473,0.368,0.368,0.258,0.258
1.840,-28.218,-18.500,0.337,0.337,0.253,0.253
1.841,-27.973,-18.471,0.345,0.345,0.258,0.258
1.840,-27.843,-18.481,0.316,0.316,0.255,0.255
1.841,-27.728,-18.470,0.313,0.313,0.284,0.284
1.841,-27.500,-18.476,0.299,0.299,0.267,0.267
1.839,-27.418,-18.510,0.317,0.317,0.261,0.261
1.837,-27.386,-18.565,0.296,0.296,0.267,0.267
1.837,-27.418,-18.571,0.316,0.316,0.264,0.264
1.841,-27.435,-18.462,0.291,0.291,0.261,0.261
1.842,-27.418,-18.447,0.299,0.299,0.264,0.264
1.841,-27.418,-18.457,0.266,0.266,0.291,0.291
1.842,-27.418,-18.438,0.288,0.288,0.272,0.272
1.841,-27.255,-18.476,0.269,0.269,0.267,0.267
1.841,-27.027,-18.473,0.282,0.282,0.267,0.267
1.841,-26.929,-18.476,0.269,0.269,0.275,0.275
1.840,-26.896,-18.483,0.287,0.287,0.269,0.269
1.841,-26.945,-18.468,0.267,0.267,0.272,0.272
1.841,-26.929,-18.476,0.261,0.261,0.284,0.284
1.841,-26.945,-18.471,0.256,0.256,0.267,0.267
1.839,-26.929,-18.519,0.233,0.233,0.259,0.259
1.837,-26.961,-18.577,0.220,0.220,0.266,0.266
1.841,-26.945,-18.475,0.203,0.203,0.267,0.267
1.844,-26.961,-18.392,0.191,0.191,0.266,0.266
1.844,-27.092,-18.376,0.163,0.163,0.259,0.259
1.843,-27.304,-18.411,0.148,0.148,0.259,0.259
1.843,-27.451,-18.422,0.133,0.133,0.258,0.258
1.841,-27.467,-18.454,0.111,0.111,0.264,0.264
1.842,-27.418,-18.448,0.081,0.081,0.261,0.261
1.841,-27.418,-18.456,0.076,0.076,0.258,0.258
1.842,-27.549,-18.447,0.035,0.035,0.258,0.258
1.841,-27.777,-18.472,0.023,0.023,0.258,0.258
1.840,-28.055,-18.489,-0.009,0.009,0.252,0.252
1.838,-28.332,-18.542,0.002,0.002,0.261,0.261
1.836,-28.430,-18.595,-0.017,0.017,0.285,0.285
1.836,-28.446,-18.603,-0.002,0.002,0.275,0.275
1.841,-28.430,-18.464,0.014,0.014,0.276,0.276
1.842,-28.397,-18.432,0.072,0.072,0.276,0.276
1.842,-28.512,-18.423,0.072,0.072,0.281,0.281
1.842,-28.610,-18.439,0.127,0.127,0.261,0.261
1.840,-28.528,-18.493,0.128,0.128,0.267,0.267
1.840,-28.414,-18.500,0.175,0.175,0.281,0.281
1.840,-28.348,-18.480,0.198,0.198,0.273,0.273
1.840,-28.381,-18.493,0.258,0.258,0.276,0.276
1.841,-28.397,-18.472,0.275,0.275,0.278,0.278
1.840,-28.414,-18.483,0.322,0.322,0.269,0.269
1.841,-28.430,-18.468,0.348,0.348,0.264,0.264
1.838,-28.610,-18.537,0.398,0.398,0.266,0.266
1.837,-28.822,-18.582,0.420,0.420,0.267,0.267
1.837,-28.969,-18.564,0.481,0.481,0.255,0.255
1.842,-28.871,-18.421,0.485,0.485,0.264,0.264
1.841,-29.001,-18.460,0.539,0.539,0.284,0.284
1.841,-29.213,-18.461,0.557,0.557,0.270,0.270
1.840,-29.377,-18.487,0.612,0.612,0.259,0.259
1.839,-29.377,-18.508,0.633,0.633,0.267,0.267
1.840,-29.409,-18.502,0.681,0.681,0.270,0.270
1.839,-29.377,-18.510,0.697,0.697,0.275,0.275
1.839,-29.393,-18.508,0.719,0.719,0.278,0.278
1.839,-29.393,-18.508,0.728,0.728,0.276,0.276
1.839,-29.409,-18.535,0.743,0.743,0.276,0.276
1.836,-29.393,-18.597,0.749,0.749,0.276,0.276
1.834,-29.295,-18.656,0.745,0.745,0.273,0.273
1.835,-29.148,-18.633,0.734,0.734,0.270,0.270
1.841,-28.920,-18.472,0.731,0.731,0.264,0.264
1.840,-28.659,-18.495,0.740,0.740,0.267,0.267
1.841,-28.397,-18.477,0.737,0.737,0.261,0.261
1.839,-28.300,-18.518,0.771,0.771,0.270,0.270
1.839,-28.332,-18.526,0.763,0.763,0.272,0.272
1.838,-28.365,-18.554,0.763,0.763,0.264,0.264
1.838,-28.463,-18.563,0.740,0.740,0.267,0.267
1.837,-28.430,-18.565,0.748,0.748,0.252,0.252
1.837,-28.218,-18.566,0.719,0.719,0.272,0.272
1.837,-27.973,-18.568,0.725,0.725,0.279,0.279
1.836,-27.875,-18.601,0.723,0.723,0.269,0.269
1.834,-27.843,-18.650,0.728,0.728,0.261,0.261
1.833,-27.859,-18.679,0.716,0.716,0.261,0.261
1.836,-27.924,-18.599,0.702,0.702,0.259,0.259
1.838,-28.104,-18.541,0.652,0.652,0.291,0.291
1.838,-28.136,-18.545,0.627,0.627,0.266,0.266
1.838,-28.218,-18.563,0.563,0.563,0.261,0.261
1.836,-28.332,-18.599,0.554,0.554,0.285,0.285
1.835,-28.414,-18.630,0.523,0.523,0.276,0.276
1.835,-28.446,-18.647,0.530,0.530,0.284,0.284
1.835,-28.234,-18.634,0.507,0.507,0.273,0.273
1.836,-27.989,-18.620,0.505,0.505,0.287,0.287
1.835,-27.712,-18.624,0.485,0.485,0.299,0.299
1.834,-27.484,-18.661,0.511,0.511,0.304,0.304
1.831,-27.369,-18.738,0.580,0.580,0.314,0.314
1.831,-27.386,-18.741,0.633,0.633,0.307,0.307
1.831,-27.549,-18.743,0.661,0.661,0.314,0.314
1.835,-27.794,-18.632,0.667,0.667,0.316,0.316
1.835,-27.892,-18.626,0.705,0.705,0.302,0.302
1.834,-27.940,-18.654,0.691,0.691,0.319,0.319
1.833,-28.055,-18.676,0.687,0.687,0.333,0.333
1.834,-28.300,-18.674,0.645,0.645,0.322,0.322
1.832,-28.414,-18.705,0.638,0.638,0.314,0.314
1.832,-28.446,-18.721,0.588,0.588,0.320,0.320
1.833,-28.381,-18.694,0.584,0.584,0.314,0.314
1.833,-28.414,-18.691,0.559,0.559,0.305,0.305
1.832,-28.397,-18.719,0.531,0.531,0.304,0.304
1.829,-28.397,-18.803,0.473,0.473,0.302,0.302
1.827,-28.414,-18.856,0.450,0.450,0.295,0.295
1.830,-28.414,-18.762,0.368,0.368,0.291,0.291
1.832,-28.397,-18.710,0.302,0.302,0.282,0.282
1.834,-28.365,-18.674,0.198,0.198,0.275,0.275
1.831,-28.381,-18.739,0.121,0.121,0.261,0.261
1.831,-28.251,-18.740,0.014,0.014,0.261,0.261
1.831,-28.006,-18.748,-0.058,0.058,0.259,0.259
1.829,-27.875,-18.793,-0.163,0.163,0.258,0.258
1.830,-27.843,-18.783,-0.208,0.208,0.261,0.261
1.830,-27.908,-18.787,-0.264,0.264,0.261,0.261
1.828,-28.055,-18.818,-0.276,0.276,0.267,0.267
1.829,-28.300,-18.810,-0.295,0.295,0.266,0.266
1.827,-28.430,-18.858,-0.285,0.285,0.256,0.256
1.825,-28.430,-18.913,-0.259,0.259,0.288,0.288
1.825,-28.414,-18.923,-0.188,0.188,0.278,0.278
1.825,-28.365,-18.905,-0.134,0.134,0.273,0.273
1.829,-28.414,-18.798,-0.060,0.060,0.267,0.267
1.829,-28.397,-18.813,0.041,0.041,0.276,0.276
1.827,-28.397,-18.853,0.127,0.127,0.262,0.262
1.826,-28.234,-18.877,0.212,0.212,0.264,0.264
1.827,-28.022,-18.869,0.298,0.298,0.279,0.279
1.826,-27.875,-18.889,0.401,0.401,0.266,0.266
1.826,-27.679,-18.900,0.482,0.482,0.273,0.273
1.825,-27.369,-18.904,0.533,0.533,0.264,0.264
1.824,-26.994,-18.929,0.591,0.591,0.272,0.272
1.824,-26.765,-18.946,0.682,0.682,0.266,0.266
1.822,-26.537,-19.005,0.752,0.752,0.261,0.261
1.820,-26.406,-19.054,0.845,0.845,0.264,0.264
1.823,-26.455,-18.974,0.865,0.865,0.261,0.261
1.825,-26.472,-18.925,0.919,0.919,0.261,0.261
1.824,-26.619,-18.941,0.943,0.943,0.250,0.250
1.823,-26.847,-18.971,0.931,0.931,0.252,0.252
1.822,-26.945,-18.984,0.899,0.899,0.233,0.233
1.821,-27.141,-19.022,0.894,0.894,0.237,0.237
1.822,-27.304,-19.000,0.838,0.838,0.237,0.237
1.820,-27.418,-19.038,0.807,0.807,0.233,0.233
1.820,-27.288,-19.040,0.736,0.736,0.224,0.224
1.820,-27.059,-19.041,0.656,0.656,0.232,0.232
1.818,-26.765,-19.095,0.557,0.557,0.227,0.227
1.816,-26.504,-19.150,0.490,0.490,0.227,0.227
1.817,-26.276,-19.136,0.389,0.389,0.240,0.240
1.817,-26.031,-19.128,0.356,0.356,0.240,0.240
1.821,-25.917,-19.033,0.295,0.295,0.249,0.249
1.819,-25.737,-19.078,0.299,0.299,0.255,0.255
1.818,-25.411,-19.112,0.279,0.279,0.276,0.276
1.818,-24.872,-19.103,0.319,0.319,0.267,0.267
1.816,-24.530,-19.165,0.319,0.319,0.259,0.259
1.817,-24.252,-19.136,0.345,0.345,0.261,0.261
1.816,-24.073,-19.145,0.382,0.382,0.262,0.262
1.815,-23.795,-19.172,0.443,0.443,0.258,0.258
1.816,-23.534,-19.148,0.514,0.514,0.255,0.255
1.814,-23.436,-19.209,0.638,0.638,0.246,0.246
1.812,-23.289,-19.247,0.676,0.676,0.241,0.241
1.810,-23.077,-19.286,0.697,0.697,0.230,0.230
1.811,-22.979,-19.279,0.700,0.700,0.218,0.218
1.815,-22.963,-19.188,0.682,0.682,0.223,0.223
1.814,-22.979,-19.203,0.644,0.644,0.227,0.227
1.814,-23.028,-19.201,0.618,0.618,0.243,0.243
1.812,-23.142,-19.237,0.630,0.630,0.227,0.227
1.812,-23.420,-19.256,0.591,0.591,0.270,0.270
1.810,-23.501,-19.296,0.595,0.595,0.284,0.284
1.811,-23.501,-19.281,0.577,0.577,0.284,0.284
1.810,-23.485,-19.291,0.522,0.522,0.287,0.287
1.810,-23.469,-19.300,0.432,0.432,0.298,0.298
1.810,-23.289,-19.306,0.369,0.369,0.307,0.307
1.808,-23.110,-19.349,0.278,0.278,0.296,0.296
1.805,-22.947,-19.420,0.177,0.177,0.308,0.308
1.803,-22.800,-19.454,0.096,0.096,0.316,0.316
1.808,-22.424,-19.334,0.024,0.024,0.302,0.302
1.809,-21.918,-19.320,-0.058,0.058,0.298,0.298
1.808,-21.396,-19.346,-0.095,0.095,0.288,0.288
1.806,-20.923,-19.378,-0.185,0.185,0.288,0.288
1.806,-20.401,-19.388,-0.188,0.188,0.267,0.267
1.804,-19.927,-19.424,-0.221,0.221,0.279,0.279
1.804,-19.421,-19.418,-0.214,0.214,0.291,0.291
1.804,-19.111,-19.427,-0.270,0.270,0.288,0.288
1.804,-18.981,-19.432,-0.229,0.229,0.282,0.282
1.803,-19.030,-19.451,-0.200,0.200,0.281,0.281
1.801,-19.062,-19.478,-0.145,0.145,0.298,0.298
1.797,-19.095,-19.551,-0.075,0.075,0.302,0.302
1.798,-19.193,-19.532,-0.034,0.034,0.305,0.305
1.800,-19.454,-19.499,-0.008,0.008,0.308,0.308
1.803,-19.585,-19.443,0.046,0.046,0.305,0.305
1.801,-19.568,-19.477,0.092,0.092,0.307,0.307
1.800,-19.389,-19.507,0.113,0.113,0.285,0.285
1.799,-18.997,-19.528,0.098,0.098,0.290,0.290
1.798,-18.442,-19.531,0.084,0.084,0.279,0.279
1.797,-17.920,-19.556,0.067,0.067,0.275,0.275
1.798,-17.300,-19.537,0.043,0.043,0.272,0.272
1.797,-16.549,-19.562,0.060,0.060,0.276,0.276
1.798,-15.962,-19.548,0.092,0.092,0.270,0.270
1.795,-15.292,-19.580,0.116,0.116,0.279,0.279
1.793,-14.623,-19.612,0.121,0.121,0.288,0.288
1.791,-14.117,-19.652,0.166,0.166,0.295,0.295
1.791,-13.889,-19.644,0.208,0.208,0.307,0.307
1.794,-13.807,-19.602,0.230,0.230,0.313,0.313
1.794,-14.020,-19.603,0.215,0.215,0.322,0.322
1.794,-14.117,-19.607,0.215,0.215,0.325,0.325
1.792,-14.134,-19.631,0.197,0.197,0.349,0.349
1.792,-14.264,-19.632,0.244,0.244,0.322,0.322
1.790,-14.476,-19.661,0.212,0.212,0.322,0.322
1.791,-14.476,-19.652,0.215,0.215,0.313,0.313
1.790,-14.232,-19.667,0.214,0.214,0.314,0.314
1.789,-13.922,-19.678,0.215,0.215,0.298,0.298
1.789,-13.677,-19.675,0.150,0.150,0.293,0.293
1.786,-13.416,-19.719,0.119,0.119,0.261,0.261
1.785,-13.204,-19.734,0.081,0.081,0.272,0.272
1.782,-12.926,-19.767,0.114,0.114,0.272,0.272
1.787,-12.714,-19.708,0.146,0.146,0.252,0.252
1.787,-12.600,-19.703,0.214,0.214,0.246,0.246
1.786,-12.469,-19.713,0.206,0.206,0.241,0.241
1.785,-12.404,-19.735,0.243,0.243,0.244,0.244
1.784,-12.355,-19.744,0.249,0.249,0.224,0.224
1.783,-12.388,-19.754,0.272,0.272,0.241,0.241
1.783,-12.534,-19.755,0.218,0.218,0.249,0.249
1.782,-12.632,-19.771,0.182,0.182,0.238,0.238
1.782,-12.698,-19.771,0.121,0.121,0.226,0.226
1.781,-12.632,-19.785,0.089,0.089,0.217,0.217
1.778,-12.632,-19.820,0.040,0.040,0.217,0.217
1.776,-12.469,-19.838,0.020,0.020,0.217,0.217
1.775,-12.077,-19.853,0.032,0.032,0.218,0.218
1.779,-11.588,-19.811,0.052,0.052,0.217,0.217
1.780,-10.870,-19.801,0.035,0.035,0.224,0.224
1.779,-10.168,-19.810,0.038,0.038,0.230,0.230
1.777,-9.401,-19.823,0.018,0.018,0.259,0.259
1.776,-8.487,-19.837,0.032,0.032,0.243,0.243
1.774,-7.834,-19.852,0.130,0.130,0.246,0.246
1.775,-7.443,-19.845,0.194,0.194,0.244,0.244
1.774,-7.247,-19.852,0.229,0.229,0.255,0.255
1.773,-7.230,-19.862,0.269,0.269,0.253,0.253
1.773,-7.361,-19.862,0.310,0.310,0.256,0.256
1.770,-7.589,-19.879,0.333,0.333,0.252,0.252
1.768,-7.769,-19.899,0.401,0.401,0.258,0.258
1.768,-7.753,-19.895,0.472,0.472,0.256,0.256
1.767,-7.736,-19.902,0.546,0.546,0.252,0.252
1.770,-7.540,-19.879,0.661,0.661,0.252,0.252
1.771,-7.181,-19.873,0.819,0.819,0.259,0.259
1.769,-6.855,-19.886,0.975,0.975,0.278,0.278
1.766,-6.512,-19.906,1.123,1.123,0.266,0.266
1.766,-6.153,-19.906,1.224,1.224,0.304,0.304
1.765,-5.647,-19.911,1.383,1.383,0.295,0.295
1.765,-5.174,-19.914,1.547,1.547,0.302,0.302
1.765,-4.782,-19.916,1.729,1.729,0.285,0.285
1.764,-4.538,-19.917,1.793,1.793,0.304,0.304
1.763,-4.325,-19.923,1.804,1.804,0.291,0.291
1.760,-4.081,-19.937,1.721,1.721,0.285,0.285
1.759,-3.852,-19.940,1.625,1.625,0.284,0.284
1.757,-3.917,-19.946,1.460,1.460,0.285,0.285
1.760,-4.130,-19.936,1.346,1.346,0.287,0.287
1.761,-4.130,-19.929,1.163,1.163,0.295,0.295
1.760,-3.901,-19.935,0.977,0.977,0.305,0.305
1.757,-3.738,-19.946,0.769,0.769,0.288,0.288
1.756,-3.607,-19.949,0.589,0.589,0.278,0.278
1.756,-3.363,-19.949,0.356,0.356,0.285,0.285
1.755,-3.134,-19.952,0.119,0.119,0.273,0.273
1.755,-2.726,-19.952,-0.148,0.148,0.267,0.267
1.754,-2.236,-19.955,-0.412,0.412,0.247,0.247
1.752,-1.845,-19.958,-0.649,0.649,0.237,0.237
1.749,-1.584,-19.965,-0.882,0.882,0.218,0.218
1.749,-1.355,-19.965,-1.059,1.059,0.208,0.208
1.749,-1.274,-19.964,-1.241,1.241,0.182,0.182
1.753,-1.274,-19.960,-1.364,1.364,0.165,0.165
1.751,-1.306,-19.961,-1.483,1.483,0.151,0.151
1.749,-1.159,-19.964,-1.495,1.495,0.146,0.146
1.747,-0.947,-19.966,-1.431,1.431,0.140,0.140
1.748,-0.784,-19.966,-1.256,1.256,0.143,0.143
1.746,-0.784,-19.967,-1.087,1.087,0.148,0.148
1.745,-0.947,-19.968,-0.942,0.942,0.151,0.151
1.745,-1.061,-19.968,-0.865,0.865,0.156,0.156
1.744,-0.931,-19.969,-0.821,0.821,0.151,0.151
1.743,-0.833,-19.970,-0.823,0.823,0.180,0.180
1.740,-0.784,-19.972,-0.761,0.761,0.194,0.194
1.739,-0.817,-19.973,-0.690,0.690,0.204,0.204
1.737,-0.637,-19.975,-0.548,0.548,0.223,0.223
1.740,-0.392,-19.973,-0.406,0.406,0.235,0.235
1.742,-0.033,-19.973,-0.233,0.233,0.229,0.229
1.740,0.163,-19.973,-0.114,0.114,0.247,0.247
1.738,0.228,-19.972,0.055,0.055,0.218,0.218
1.737,0.326,-19.972,0.258,0.258,0.204,0.204
1.736,0.538,-19.971,0.450,0.450,0.203,0.203
1.734,0.815,-19.970,0.565,0.565,0.217,0.217
1.735,1.223,-19.971,0.650,0.650,0.208,0.208
1.734,1.844,-19.969,0.674,0.674,0.206,0.206
1.733,2.300,-19.968,0.714,0.714,0.198,0.198
1.730,2.464,-19.960,0.696,0.696,0.197,0.197
1.727,2.725,-19.953,0.662,0.662,0.195,0.195
1.725,2.986,-19.947,0.569,0.569,0.195,0.195
1.730,3.263,-19.962,0.507,0.507,0.195,0.195
1.731,3.688,-19.965,0.450,0.450,0.191,0.191
1.730,4.161,-19.964,0.443,0.443,0.192,0.192
1.727,4.667,-19.950,0.363,0.363,0.180,0.180
1.726,5.010,-19.942,0.302,0.302,0.189,0.189
1.724,5.287,-19.934,0.172,0.172,0.191,0.191
1.724,5.630,-19.932,0.041,0.041,0.177,0.177
1.723,5.956,-19.926,-0.125,0.125,0.174,0.174
1.723,6.217,-19.927,-0.261,0.261,0.175,0.175
1.722,6.446,-19.920,-0.403,0.403,0.183,0.183
1.720,6.723,-19.907,-0.560,0.560,0.180,0.180
1.716,6.952,-19.883,-0.687,0.687,0.185,0.185
1.716,7.017,-19.879,-0.826,0.826,0.192,0.192
1.715,7.050,-19.872,-0.964,0.964,0.198,0.198
1.718,7.148,-19.899,-1.073,1.073,0.197,0.197
1.718,7.392,-19.898,-1.138,1.138,0.186,0.186
1.717,7.670,-19.886,-1.250,1.250,0.208,0.208
1.715,8.110,-19.875,-1.244,1.244,0.226,0.226
1.714,8.584,-19.861,-1.256,1.256,0.224,0.224
1.713,9.253,-19.857,-1.206,1.206,0.215,0.215
1.711,10.118,-19.840,-1.202,1.202,0.229,0.229
1.711,11.146,-19.837,-1.111,1.111,0.223,0.223
1.710,12.125,-19.824,-1.010,1.010,0.246,0.246
1.708,13.153,-19.801,-0.913,0.913,0.237,0.237
1.705,14.116,-19.756,-0.859,0.859,0.227,0.227
1.703,14.818,-19.729,-0.775,0.775,0.230,0.230
1.701,15.324,-19.701,-0.722,0.722,0.211,0.211
1.704,15.911,-19.751,-0.664,0.664,0.197,0.197
1.706,16.613,-19.786,-0.630,0.630,0.194,0.194
1.706,17.413,-19.771,-0.499,0.499,0.192,0.192
1.704,18.147,-19.738,-0.377,0.377,0.183,0.183
1.702,19.028,-19.713,-0.208,0.208,0.180,0.180
1.701,19.844,-19.676,-0.073,0.073,0.182,0.182
1.700,20.334,-19.660,0.018,0.018,0.169,0.169
1.698,20.579,-19.631,0.078,0.078,0.166,0.166
1.697,20.889,-19.611,0.124,0.124,0.153,0.153
1.697,21.346,-19.595,0.157,0.157,0.140,0.140
1.695,21.770,-19.570,0.237,0.237,0.163,0.163
1.693,22.015,-19.520,0.310,0.310,0.175,0.175
1.690,22.554,-19.452,0.420,0.420,0.175,0.175
1.692,23.402,-19.497,0.571,0.571,0.175,0.175
1.693,24.365,-19.526,0.703,0.703,0.175,0.175
1.692,25.410,-19.488,0.861,0.861,0.185,0.185
1.690,26.275,-19.451,0.964,0.964,0.180,0.180
1.689,27.042,-19.428,1.074,1.074,0.189,0.189
1.687,27.743,-19.366,1.122,1.122,0.191,0.191
1.687,28.461,-19.356,1.192,1.192,0.188,0.188
1.685,29.473,-19.303,1.189,1.189,0.191,0.191
1.684,30.730,-19.282,1.206,1.206,0.201,0.201
1.684,32.019,-19.273,1.166,1.166,0.197,0.197
1.683,33.619,-19.253,1.155,1.155,0.212,0.212
1.681,35.463,-19.155,1.106,1.106,0.215,0.215
1.678,37.274,-19.056,1.119,1.119,0.226,0.226
1.681,38.759,-19.179,1.073,1.073,0.240,0.240
1.680,39.983,-19.149,1.051,1.051,0.259,0.259
1.681,41.305,-19.172,0.987,0.987,0.291,0.291
1.679,42.595,-19.104,0.896,0.896,0.284,0.284
1.677,43.835,-19.011,0.751,0.751,0.298,0.298
1.675,45.157,-18.937,0.639,0.639,0.304,0.304
1.675,46.675,-18.898,0.479,0.479,0.322,0.322
1.673,48.192,-18.820,0.359,0.359,0.328,0.328
1.673,49.710,-18.807,0.195,0.195,0.340,0.340
1.672,51.016,-18.772,0.072,0.072,0.351,0.351
1.670,52.060,-18.678,-0.046,0.046,0.362,0.362
1.668,53.039,-18.553,-0.113,0.113,0.359,0.359
1.666,54.182,-18.432,-0.151,0.151,0.363,0.363
1.664,55.357,-18.356,-0.169,0.169,0.383,0.383
1.668,56.467,-18.547,-0.188,0.188,0.392,0.392
1.668,57.609,-18.577,-0.177,0.177,0.391,0.391
1.667,58.817,-18.486,-0.154,0.154,0.369,0.369
1.666,59.861,-18.449,-0.156,0.156,0.385,0.385
1.663,60.873,-18.283,-0.114,0.114,0.392,0.392
1.662,61.689,-18.230,0.018,0.018,0.371,0.371
1.661,62.244,-18.174,0.169,0.169,0.372,0.372
1.660,62.766,-18.110,0.206,0.206,0.356,0.356
1.660,63.256,-18.100,0.244,0.244,0.368,0.368
1.659,63.762,-17.994,0.288,0.288,0.346,0.346
1.657,64.202,-17.888,0.337,0.337,0.359,0.359
1.653,64.724,-17.657,0.388,0.388,0.365,0.365
1.652,65.051,-17.561,0.459,0.459,0.354,0.354
1.654,65.149,-17.697,0.464,0.464,0.346,0.346
1.656,65.165,-17.813,0.511,0.511,0.330,0.330
1.655,65.084,-17.759,0.569,0.569,0.328,0.328
1.653,65.100,-17.610,0.688,0.688,0.316,0.316
1.651,65.084,-17.515,0.780,0.780,0.288,0.288
1.649,65.067,-17.377,0.867,0.867,0.269,0.269
1.649,65.100,-17.377,0.914,0.914,0.255,0.255
1.648,64.937,-17.289,0.958,0.958,0.230,0.230
1.648,64.545,-17.282,0.946,0.946,0.233,0.233
1.647,64.023,-17.238,0.951,0.951,0.203,0.203
1.644,63.631,-17.085,0.879,0.879,0.206,0.206
1.642,63.386,-16.925,0.821,0.821,0.191,0.191
1.640,63.027,-16.787,0.707,0.707,0.189,0.189
1.642,62.538,-16.951,0.665,0.665,0.186,0.186
1.643,62.179,-17.003,0.581,0.581,0.188,0.188
1.642,61.917,-16.941,0.514,0.514,0.204,0.204
1.641,61.673,-16.888,0.374,0.374,0.194,0.194
1.638,61.444,-16.700,0.235,0.235,0.188,0.188
1.637,61.232,-16.647,0.066,0.066,0.201,0.201
1.637,60.987,-16.633,-0.087,0.087,0.200,0.200
1.636,60.742,-16.561,-0.197,0.197,0.214,0.214
1.635,60.596,-16.482,-0.314,0.314,0.217,0.217
1.633,60.612,-16.408,-0.453,0.453,0.244,0.244
1.632,60.628,-16.323,-0.591,0.591,0.224,0.224
1.630,60.628,-16.191,-0.723,0.723,0.227,0.227
1.628,60.677,-16.054,-0.823,0.823,0.238,0.238
1.627,60.775,-16.042,-0.877,0.877,0.230,0.230
1.631,61.199,-16.250,-0.943,0.943,0.218,0.218
1.630,61.542,-16.175,-0.963,0.963,0.215,0.215
1.628,61.852,-16.091,-0.996,0.996,0.227,0.227
1.626,62.048,-15.972,-0.984,0.984,0.200,0.200
1.626,62.309,-15.978,-1.027,1.027,0.194,0.194
1.625,62.733,-15.864,-1.053,1.053,0.227,0.227
1.623,63.207,-15.789,-1.099,1.099,0.232,0.232
1.623,63.582,-15.742,-1.064,1.064,0.256,0.256
1.621,63.811,-15.664,-1.033,1.033,0.266,0.266
1.621,64.365,-15.605,-0.917,0.917,0.307,0.307
1.618,65.051,-15.433,-0.789,0.789,0.302,0.302
1.616,65.573,-15.297,-0.548,0.548,0.308,0.308
1.613,65.834,-15.146,-0.345,0.345,0.313,0.313
1.616,66.193,-15.341,-0.098,0.098,0.308,0.308
1.618,66.618,-15.453,0.125,0.125,0.302,0.302
1.618,67.156,-15.418,0.377,0.377,0.295,0.295
1.615,67.646,-15.270,0.607,0.607,0.307,0.307
1.614,68.331,-15.151,0.845,0.845,0.278,0.278
1.613,69.000,-15.094,1.045,1.045,0.269,0.269
1.612,69.669,-15.018,1.213,1.213,0.269,0.269
1.611,70.143,-14.942,1.294,1.294,0.269,0.269
1.609,70.763,-14.858,1.405,1.405,0.256,0.256
1.609,71.514,-14.839,1.503,1.503,0.250,0.250
1.607,72.232,-14.660,1.601,1.601,0.255,0.255
1.604,73.162,-14.436,1.634,1.634,0.230,0.230
1.602,74.288,-14.340,1.671,1.671,0.221,0.221
1.604,75.675,-14.470,1.654,1.654,0.227,0.227
1.606,76.867,-14.601,1.567,1.567,0.227,0.227
1.605,77.732,-14.519,1.518,1.518,0.226,0.226
1.602,78.613,-14.278,1.453,1.453,0.235,0.235
1.601,79.347,-14.234,1.344,1.344,0.232,0.232
1.600,79.820,-14.149,1.180,1.180,0.243,0.243
1.599,80.131,-14.099,1.000,1.000,0.243,0.243
1.599,80.424,-14.040,0.780,0.780,0.246,0.246
1.598,80.751,-13.957,0.621,0.621,0.255,0.255
1.597,81.044,-13.922,0.462,0.462,0.267,0.267
1.593,81.420,-13.578,0.340,0.340,0.276,0.276
1.591,81.746,-13.432,0.172,0.172,0.285,0.285
1.591,82.007,-13.391,0.032,0.032,0.304,0.304
1.594,82.268,-13.650,-0.165,0.165,0.314,0.314
1.592,82.334,-13.532,-0.319,0.319,0.320,0.320
1.592,82.513,-13.521,-0.461,0.461,0.316,0.316
1.592,82.725,-13.480,-0.551,0.551,0.310,0.310
1.589,83.150,-13.216,-0.649,0.649,0.311,0.311
1.588,83.754,-13.158,-0.731,0.731,0.305,0.305
1.586,84.537,-13.041,-0.829,0.829,0.287,0.287
1.586,85.467,-12.990,-0.885,0.885,0.302,0.302
1.584,86.283,-12.862,-0.935,0.935,0.284,0.284
1.584,86.936,-12.830,-0.932,0.932,0.288,0.288
1.582,87.246,-12.643,-0.977,0.977,0.314,0.314
1.581,87.458,-12.559,-0.984,0.984,0.290,0.290
1.578,87.475,-12.330,-0.975,0.975,0.290,0.290
1.580,87.344,-12.469,-0.932,0.932,0.293,0.293
1.581,87.067,-12.576,-0.896,0.896,0.288,0.288
1.580,86.805,-12.475,-0.819,0.819,0.272,0.272
1.579,86.561,-12.366,-0.754,0.754,0.256,0.256
1.577,86.332,-12.211,-0.691,0.691,0.259,0.259
1.576,86.071,-12.145,-0.623,0.623,0.211,0.211
1.574,85.663,-11.943,-0.485,0.485,0.174,0.174
1.574,85.190,-11.926,-0.377,0.377,0.165,0.165
1.573,84.798,-11.841,-0.249,0.249,0.150,0.150
1.572,84.406,-11.751,-0.137,0.137,0.150,0.150
1.571,83.966,-11.712,-0.002,0.002,0.140,0.140
1.569,83.754,-11.507,0.069,0.069,0.163,0.163
1.566,83.721,-11.323,0.151,0.151,0.156,0.156
1.565,83.900,-11.179,0.272,0.272,0.166,0.166
1.566,84.162,-11.290,0.394,0.394,0.175,0.175
1.568,84.455,-11.486,0.484,0.484,0.188,0.188
1.567,84.863,-11.407,0.639,0.639,0.206,0.206
1.565,85.173,-11.196,0.783,0.783,0.211,0.211
1.564,85.484,-11.083,1.013,1.013,0.241,0.241
1.563,85.696,-11.000,1.253,1.253,0.233,0.233
1.561,86.120,-10.892,1.451,1.451,0.233,0.233
1.561,86.756,-10.838,1.622,1.622,0.246,0.246
1.560,87.360,-10.774,1.685,1.685,0.241,0.241
1.559,87.899,-10.707,1.836,1.836,0.233,0.233
1.556,88.176,-10.459,1.923,1.923,0.227,0.227
1.554,88.454,-10.251,1.969,1.969,0.230,0.230
1.552,88.796,-10.069,1.894,1.894,0.200,0.200
1.553,89.139,-10.113,1.808,1.808,0.194,0.194
1.555,89.400,-10.306,1.680,1.680,0.192,0.192
1.554,89.792,-10.252,1.521,1.521,0.203,0.203
1.552,90.428,-10.103,1.282,1.282,0.215,0.215
1.550,91.310,-9.916,1.036,1.036,0.221,0.221
1.550,92.354,-9.901,0.720,0.720,0.233,0.233
1.549,93.366,-9.824,0.447,0.447,0.252,0.252
1.548,94.362,-9.702,0.153,0.153,0.258,0.258
1.548,95.504,-9.680,-0.125,0.125,0.273,0.273
1.546,96.728,-9.486,-0.409,0.409,0.279,0.279
1.546,97.968,-9.547,-0.626,0.626,0.295,0.295
1.543,99.225,-9.227,-0.844,0.844,0.330,0.330
1.540,100.269,-8.906,-0.986,0.986,0.336,0.336
1.539,101.428,-8.769,-1.137,1.137,0.356,0.356
1.542,102.652,-9.087,-1.212,1.212,0.369,0.369
1.542,103.860,-9.131,-1.262,1.262,0.386,0.386
1.541,105.133,-9.045,-1.259,1.259,0.395,0.395
1.540,106.177,-8.863,-1.233,1.233,0.401,0.401
1.538,106.846,-8.647,-1.173,1.173,0.395,0.395
1.536,107.189,-8.527,-1.051,1.051,0.374,0.374
1.535,107.662,-8.377,-0.946,0.946,0.378,0.378
1.535,108.185,-8.359,-0.806,0.806,0.386,0.386
1.534,108.593,-8.262,-0.676,0.676,0.363,0.363
1.533,108.968,-8.107,-0.517,0.517,0.354,0.354
1.530,109.621,-7.857,-0.447,0.447,0.333,0.333
1.528,110.192,-7.576,-0.371,0.371,0.310,0.310
1.529,110.584,-7.664,-0.325,0.325,0.276,0.276
1.529,110.992,-7.730,-0.235,0.235,0.250,0.250
1.531,111.416,-7.911,-0.198,0.198,0.221,0.221
1.529,111.775,-7.733,-0.110,0.110,0.194,0.194
1.527,112.069,-7.496,-0.044,0.044,0.169,0.169
1.526,112.575,-7.403,0.053,0.053,0.148,0.148
1.524,113.293,-7.200,0.130,0.130,0.130,0.130
1.523,114.092,-7.091,0.290,0.290,0.113,0.113
1.522,114.843,-6.924,0.475,0.475,0.111,0.111
1.523,115.414,-6.985,0.678,0.678,0.116,0.116
1.520,115.904,-6.709,0.780,0.780,0.121,0.121
1.519,116.214,-6.555,0.906,0.906,0.121,0.121
1.516,116.492,-6.223,1.050,1.050,0.131,0.131
1.514,116.818,-6.003,1.216,1.216,0.136,0.136
1.513,117.177,-5.933,1.302,1.302,0.133,0.133
1.517,117.618,-6.307,1.408,1.408,0.159,0.159
1.519,118.221,-6.533,1.448,1.448,0.163,0.163
1.517,118.825,-6.321,1.550,1.550,0.151,0.151
1.514,119.217,-5.978,1.582,1.582,0.151,0.151
1.512,119.609,-5.764,1.657,1.657,0.168,0.168
1.512,120.180,-5.736,1.709,1.709,0.189,0.189
1.510,120.637,-5.548,1.744,1.744,0.200,0.200
1.510,120.800,-5.520,1.721,1.721,0.240,0.240
1.508,120.751,-5.324,1.672,1.672,0.279,0.279
1.508,120.849,-5.288,1.579,1.579,0.284,0.284
1.506,121.077,-4.983,1.477,1.477,0.288,0.288
1.502,121.061,-4.562,1.343,1.343,0.295,0.295
1.501,120.669,-4.429,1.152,1.152,0.305,0.305
1.503,120.147,-4.721,0.966,0.966,0.302,0.302
1.504,119.756,-4.788,0.739,0.739,0.302,0.302
1.504,119.658,-4.745,0.523,0.523,0.313,0.313
1.500,119.494,-4.336,0.258,0.258,0.325,0.325
1.500,119.331,-4.317,0.012,0.012,0.336,0.336
1.500,119.380,-4.269,-0.230,0.230,0.366,0.366
1.498,119.560,-4.123,-0.377,0.377,0.366,0.366
1.497,119.707,-3.980,-0.513,0.513,0.371,0.371
1.497,119.886,-3.908,-0.624,0.624,0.380,0.380
1.496,120.115,-3.781,-0.752,0.752,0.382,0.382
1.493,120.229,-3.518,-0.848,0.848,0.383,0.383
1.490,120.261,-3.131,-0.966,0.966,0.389,0.389
1.490,120.245,-3.047,-1.004,1.004,0.407,0.407
1.492,120.017,-3.322,-1.059,1.059,0.395,0.395
1.493,119.690,-3.426,-1.068,1.068,0.389,0.389
1.493,119.135,-3.414,-1.109,1.109,0.389,0.389
1.490,118.597,-3.063,-1.071,1.071,0.383,0.383
1.488,118.124,-2.835,-0.987,0.987,0.377,0.377
1.487,117.601,-2.784,-0.871,0.871,0.366,0.366
1.485,117.112,-2.539,-0.809,0.809,0.359,0.359
1.485,116.312,-2.477,-0.713,0.713,0.330,0.330
1.484,115.349,-2.374,-0.650,0.650,0.313,0.313
1.483,114.468,-2.316,-0.557,0.557,0.293,0.293
1.482,113.717,-2.165,-0.488,0.488,0.273,0.273
1.478,113.179,-1.755,-0.369,0.369,0.246,0.246
1.476,112.705,-1.545,-0.244,0.244,0.232,0.232
1.478,112.379,-1.721,-0.127,0.127,0.188,0.188
1.479,112.265,-1.847,-0.066,0.066,0.160,0.160
1.480,112.297,-1.948,0.046,0.046,0.142,0.142
1.479,112.346,-1.832,0.175,0.175,0.108,0.108
1.476,112.346,-1.493,0.316,0.316,0.087,0.087
1.475,112.216,-1.359,0.439,0.439,0.081,0.081
1.473,111.759,-1.166,0.568,0.568,0.084,0.084
1.473,111.269,-1.174,0.716,0.716,0.050,0.050
1.472,110.763,-1.026,0.784,0.784,0.073,0.073
1.470,110.241,-0.843,0.894,0.894,0.090,0.090
1.470,109.735,-0.821,0.920,0.920,0.093,0.093
1.467,109.229,-0.444,1.001,1.001,0.113,0.113
1.466,108.576,-0.346,1.090,1.090,0.121,0.121
1.464,107.875,-0.177,1.224,1.224,0.139,0.139
1.466,107.091,-0.377,1.311,1.311,0.143,0.143
1.468,106.226,-0.579,1.369,1.369,0.160,0.160
1.466,105.263,-0.435,1.369,1.369,0.174,0.174
1.465,104.398,-0.275,1.372,1.372,0.185,0.185
1.462,103.958,0.012,1.306,1.306,0.183,0.183
1.462,103.860,0.063,1.268,1.268,0.186,0.186
1.461,103.762,0.136,1.204,1.204,0.201,0.201
1.460,103.419,0.222,1.164,1.164,0.209,0.209
1.459,102.913,0.335,1.170,1.170,0.214,0.214
1.458,102.554,0.426,1.172,1.172,0.220,0.220
1.453,102.260,0.980,1.140,1.140,0.230,0.230
1.451,101.869,1.159,1.126,1.126,0.237,0.237
1.454,101.444,0.809,1.027,1.027,0.261,0.261
1.455,101.053,0.782,0.975,0.975,0.262,0.262
1.457,100.955,0.568,0.887,0.887,0.282,0.282
1.454,101.151,0.852,0.848,0.848,0.305,0.305
1.452,101.232,1.087,0.803,0.803,0.320,0.320
1.451,100.971,1.191,0.728,0.728,0.331,0.331
1.450,100.465,1.305,0.609,0.609,0.346,0.346
1.448,99.927,1.481,0.523,0.523,0.369,0.369
1.448,99.388,1.431,0.389,0.389,0.374,0.374
1.447,98.915,1.576,0.194,0.194,0.377,0.377
1.446,98.605,1.687,0.008,0.008,0.397,0.397
1.443,98.458,1.975,-0.208,0.208,0.398,0.398
1.440,98.376,2.243,-0.385,0.385,0.397,0.397
1.440,98.148,2.288,-0.530,0.530,0.395,0.395
1.440,97.887,2.262,-0.580,0.580,0.407,0.407
1.442,97.609,2.006,-0.678,0.678,0.406,0.406
1.441,97.397,2.119,-0.731,0.731,0.403,0.403
1.439,96.973,2.306,-0.780,0.780,0.394,0.394
1.438,96.516,2.409,-0.812,0.812,0.400,0.400
1.438,96.124,2.489,-0.813,0.813,0.385,0.385
1.436,95.879,2.622,-0.739,0.739,0.378,0.378
1.435,95.684,2.699,-0.716,0.716,0.356,0.356
1.434,95.749,2.803,-0.684,0.684,0.362,0.362
1.434,95.814,2.861,-0.670,0.670,0.362,0.362
1.432,95.716,3.016,-0.581,0.581,0.337,0.337
1.430,95.618,3.254,-0.560,0.560,0.305,0.305
1.428,95.390,3.444,-0.476,0.476,0.273,0.273
1.426,95.031,3.605,-0.407,0.407,0.246,0.246
1.430,94.541,3.212,-0.279,0.279,0.204,0.204
1.429,94.182,3.312,-0.201,0.201,0.188,0.188
1.428,94.035,3.440,-0.063,0.063,0.175,0.175
1.427,94.084,3.521,0.063,0.063,0.153,0.153
1.425,94.084,3.721,0.237,0.237,0.140,0.140
1.423,94.133,3.883,0.301,0.301,0.137,0.137
1.424,94.117,3.805,0.444,0.444,0.127,0.127
1.423,93.954,3.843,0.533,0.533,0.114,0.114
1.421,93.562,4.017,0.630,0.630,0.114,0.114
1.420,93.236,4.113,0.737,0.737,0.105,0.105
1.417,93.089,4.474,0.862,0.862,0.105,0.105
1.414,93.089,4.700,0.897,0.897,0.095,0.095
1.416,93.138,4.499,0.932,0.932,0.107,0.107
1.418,93.301,4.344,0.955,0.955,0.096,0.096
1.418,93.692,4.344,0.969,0.969,0.099,0.099
1.416,94.215,4.556,0.896,0.896,0.125,0.125
1.414,94.606,4.719,0.852,0.852,0.148,0.148
1.412,94.721,4.923,0.760,0.760,0.166,0.166
1.411,94.688,5.011,0.641,0.641,0.182,0.182
1.411,94.443,4.980,0.557,0.557,0.195,0.195
1.409,94.068,5.148,0.468,0.468,0.212,0.212
1.409,93.872,5.189,0.372,0.372,0.232,0.232
1.409,93.954,5.195,0.233,0.233,0.238,0.238
1.405,94.084,5.566,0.198,0.198,0.247,0.247
1.403,94.313,5.719,0.111,0.111,0.249,0.249
1.401,94.541,5.926,0.026,0.026,0.270,0.270
1.405,94.786,5.568,-0.099,0.099,0.282,0.282
1.406,94.900,5.483,-0.209,0.209,0.287,0.287
1.404,94.786,5.612,-0.325,0.325,0.304,0.304
1.403,94.623,5.719,-0.421,0.421,0.310,0.310
1.401,94.606,5.960,-0.508,0.508,0.311,0.311
1.401,94.590,5.973,-0.559,0.559,0.325,0.325
1.399,94.623,6.164,-0.655,0.655,0.314,0.314
1.398,94.623,6.246,-0.699,0.699,0.293,0.293
1.398,94.819,6.259,-0.758,0.758,0.298,0.298
1.396,95.308,6.454,-0.757,0.757,0.279,0.279
1.395,96.075,6.492,-0.731,0.731,0.272,0.272
1.391,96.744,6.866,-0.650,0.650,0.258,0.258
1.389,97.250,7.085,-0.511,0.511,0.267,0.267
1.390,97.691,7.033,-0.368,0.368,0.240,0.240
1.392,98.180,6.809,-0.266,0.266,0.232,0.232
1.393,98.670,6.669,-0.131,0.131,0.230,0.230
1.391,99.290,6.856,-0.122,0.122,0.223,0.223
1.389,99.976,7.084,-0.050,0.050,0.218,0.218
1.387,100.514,7.290,0.029,0.029,0.211,0.211
1.387,100.759,7.340,0.107,0.107,0.169,0.169
1.386,100.922,7.427,0.177,0.177,0.175,0.175
1.385,101.020,7.514,0.250,0.250,0.159,0.159
1.383,101.004,7.648,0.353,0.353,0.134,0.134
1.382,100.988,7.846,0.380,0.380,0.114,0.114
1.378,101.004,8.167,0.400,0.400,0.093,0.093
1.378,101.004,8.204,0.403,0.403,0.098,0.098
1.376,100.955,8.385,0.395,0.395,0.093,0.093
1.381,100.857,7.926,0.336,0.336,0.092,0.092
1.380,100.580,7.980,0.282,0.282,0.105,0.105
1.378,100.498,8.246,0.191,0.191,0.136,0.136
1.377,100.612,8.313,0.175,0.175,0.150,0.150
1.376,101.053,8.400,0.136,0.136,0.168,0.168
1.375,101.738,8.508,0.145,0.145,0.177,0.177
1.373,102.815,8.667,0.119,0.119,0.195,0.195
1.373,103.925,8.698,0.130,0.130,0.221,0.221
1.372,104.970,8.830,0.118,0.118,0.235,0.235
1.370,105.916,9.036,0.140,0.140,0.255,0.255
1.366,106.569,9.434,0.140,0.140,0.276,0.276
1.365,107.075,9.523,0.238,0.238,0.316,0.316
1.364,107.516,9.619,0.406,0.406,0.331,0.331
1.368,107.793,9.244,0.667,0.667,0.351,0.351
1.368,107.760,9.279,0.899,0.899,0.386,0.386
1.366,107.499,9.494,1.090,1.090,0.391,0.391
1.365,107.336,9.593,1.212,1.212,0.409,0.409
1.363,107.156,9.817,1.386,1.386,0.417,0.417
1.362,106.961,9.917,1.439,1.439,0.398,0.398
1.360,106.569,10.087,1.462,1.462,0.404,0.404
1.360,105.949,10.104,1.398,1.398,0.410,0.410
1.359,105.443,10.231,1.297,1.297,0.377,0.377
1.359,105.361,10.206,1.152,1.152,0.372,0.372
1.357,105.361,10.423,0.983,0.983,0.356,0.356
1.354,105.590,10.772,0.777,0.777,0.359,0.359
1.352,106.145,10.959,0.603,0.603,0.340,0.340
1.354,107.042,10.708,0.412,0.412,0.346,0.346
1.355,108.070,10.604,0.221,0.221,0.345,0.345
1.354,109.082,10.691,0.093,0.093,0.325,0.325
1.354,110.257,10.741,-0.035,0.035,0.311,0.311
1.351,111.318,11.102,-0.111,0.111,0.290,0.290
1.350,112.199,11.213,-0.252,0.252,0.272,0.272
1.349,112.917,11.317,-0.356,0.356,0.249,0.249
1.348,113.603,11.407,-0.505,0.505,0.238,0.238
1.347,114.468,11.487,-0.555,0.555,0.227,0.227
1.345,115.300,11.731,-0.620,0.620,0.217,0.217
1.342,116.084,12.072,-0.636,0.636,0.217,0.217
1.340,116.802,12.354,-0.668,0.668,0.240,0.240
1.342,117.193,12.078,-0.612,0.612,0.218,0.218
1.344,117.291,11.880,-0.572,0.572,0.212,0.212
1.344,117.095,11.849,-0.502,0.502,0.218,0.218
1.342,116.687,12.093,-0.400,0.400,0.226,0.226
1.340,116.492,12.352,-0.214,0.214,0.224,0.224
1.338,116.589,12.511,-0.151,0.151,0.229,0.229
1.338,116.867,12.573,-0.084,0.084,0.218,0.218
1.336,117.356,12.767,-0.049,0.049,0.212,0.212
1.336,117.830,12.786,0.015,0.015,0.201,0.201
1.335,118.483,12.884,0.037,0.037,0.197,0.197
1.334,119.217,13.007,0.087,0.087,0.191,0.191
1.331,120.000,13.352,0.081,0.081,0.183,0.183
1.328,120.604,13.703,0.060,0.060,0.183,0.183
1.326,120.931,13.923,0.038,0.038,0.182,0.182
1.329,121.159,13.598,-0.005,0.005,0.192,0.192
1.330,121.388,13.477,-0.075,0.075,0.200,0.200
1.330,121.747,13.517,-0.113,0.113,0.194,0.194
1.329,122.236,13.679,-0.180,0.180,0.203,0.203
1.326,122.742,13.947,-0.204,0.204,0.204,0.204
1.325,123.117,14.098,-0.237,0.237,0.226,0.226
1.324,123.183,14.192,-0.243,0.243,0.218,0.218
1.324,123.003,14.286,-0.171,0.171,0.233,0.233
1.323,122.612,14.404,-0.175,0.175,0.227,0.227
1.322,122.236,14.441,-0.154,0.154,0.230,0.230
1.320,121.959,14.773,-0.168,0.168,0.218,0.218
1.317,121.893,15.068,-0.099,0.099,0.243,0.243
1.315,122.057,15.286,-0.041,0.041,0.214,0.214
1.313,122.155,15.533,0.038,0.038,0.209,0.209
1.317,122.187,15.027,0.096,0.096,0.215,0.215
1.317,122.155,15.027,0.264,0.264,0.229,0.229
1.315,122.171,15.343,0.420,0.420,0.243,0.243
1.313,122.138,15.521,0.574,0.574,0.250,0.250
1.313,122.204,15.590,0.729,0.729,0.273,0.273
1.311,122.301,15.862,0.874,0.874,0.273,0.273
1.310,122.546,15.935,0.906,0.906,0.288,0.288
1.310,123.020,15.882,0.952,0.952,0.288,0.288
1.310,123.623,15.968,0.964,0.964,0.290,0.290
1.308,124.260,16.165,0.948,0.948,0.276,0.276
1.307,124.749,16.371,0.870,0.870,0.276,0.276
1.304,125.076,16.657,0.826,0.826,0.264,0.264
1.302,125.157,16.939,0.703,0.703,0.272,0.272
1.306,125.288,16.404,0.644,0.644,0.276,0.276
1.305,125.500,16.541,0.481,0.481,0.279,0.279
1.304,125.941,16.699,0.365,0.365,0.285,0.285
1.302,126.545,16.946,0.214,0.214,0.275,0.275
1.301,127.165,17.077,0.076,0.076,0.291,0.291
1.299,127.671,17.334,-0.044,0.044,0.305,0.305
1.298,128.177,17.415,-0.137,0.137,0.298,0.298
1.297,128.634,17.572,-0.197,0.197,0.310,0.310
1.296,129.123,17.692,-0.148,0.148,0.313,0.313
1.296,129.450,17.705,-0.075,0.075,0.316,0.316
1.294,129.711,17.950,0.014,0.014,0.322,0.322
1.291,129.923,18.359,0.089,0.089,0.299,0.299
1.290,130.135,18.475,0.125,0.125,0.282,0.282
1.290,130.543,18.428,0.159,0.159,0.287,0.287
1.293,131.049,18.042,0.146,0.146,0.269,0.269
1.293,131.424,18.146,0.177,0.177,0.275,0.275
1.291,131.669,18.338,0.162,0.162,0.269,0.269
1.289,131.898,18.666,0.255,0.255,0.264,0.264
1.288,132.093,18.806,0.299,0.299,0.266,0.266
1.286,132.387,18.968,0.327,0.327,0.273,0.273
1.286,132.485,19.082,0.302,0.302,0.255,0.255
1.285,132.632,19.148,0.281,0.281,0.258,0.258
1.284,132.975,19.285,0.211,0.211,0.241,0.241
1.283,133.644,19.440,0.197,0.197,0.235,0.235
1.281,134.411,19.680,0.114,0.114,0.200,0.200
1.278,135.178,20.073,0.046,0.046,0.195,0.195
1.276,135.994,20.383,-0.081,0.081,0.200,0.200
1.277,136.549,20.275,-0.127,0.127,0.191,0.191
1.279,137.022,19.903,-0.220,0.220,0.191,0.191
1.278,137.316,20.021,-0.208,0.208,0.191,0.191
1.277,137.446,20.267,-0.212,0.212,0.208,0.208
1.276,137.381,20.308,-0.131,0.131,0.221,0.221
1.275,137.528,20.568,-0.105,0.105,0.233,0.233
1.274,137.773,20.659,-0.099,0.099,0.243,0.243
1.272,137.871,20.888,-0.102,0.102,0.252,0.252
1.272,137.903,20.920,-0.047,0.047,0.258,0.258
1.271,137.854,21.080,-0.060,0.060,0.296,0.296
1.268,137.708,21.459,-0.029,0.029,0.278,0.278
1.267,137.316,21.655,0.000,0.000,0.275,0.275
1.264,136.826,22.032,0.104,0.104,0.281,0.281
1.266,136.435,21.770,0.182,0.182,0.284,0.284
1.267,136.484,21.607,0.264,0.264,0.284,0.284
1.266,136.728,21.779,0.372,0.372,0.287,0.287
1.265,137.071,21.933,0.456,0.456,0.293,0.293
1.263,137.316,22.192,0.566,0.566,0.282,0.282
1.262,137.414,22.297,0.780,0.780,0.281,0.281
1.260,137.414,22.525,0.917,0.917,0.285,0.285
1.261,137.414,22.479,1.021,1.021,0.285,0.285
1.259,137.381,22.639,1.077,1.077,0.285,0.285
1.259,137.348,22.762,1.120,1.120,0.288,0.288
1.256,137.348,23.131,1.193,1.193,0.273,0.273
1.254,137.381,23.345,1.164,1.164,0.266,0.266
1.252,137.218,23.723,1.132,1.132,0.256,0.256
1.253,137.153,23.536,1.035,1.035,0.241,0.241
1.256,137.218,23.145,0.963,0.963,0.230,0.230
1.253,137.348,23.496,0.844,0.844,0.204,0.204
1.252,137.218,23.605,0.789,0.789,0.191,0.191
1.252,136.859,23.732,0.685,0.685,0.185,0.185
1.250,136.435,23.999,0.584,0.584,0.194,0.194
1.248,136.157,24.189,0.406,0.406,0.197,0.197
1.248,135.945,24.243,0.258,0.258,0.195,0.195
1.246,135.880,24.464,0.102,0.102,0.191,0.191
1.246,135.847,24.509,-0.014,0.014,0.230,0.230
1.244,135.880,24.721,-0.153,0.153,0.214,0.214
1.243,135.716,24.888,-0.261,0.261,0.211,0.211
1.240,135.341,25.238,-0.371,0.371,0.229,0.229
1.240,134.819,25.238,-0.433,0.433,0.233,0.233
1.242,134.476,24.961,-0.438,0.438,0.244,0.244
1.243,134.329,24.957,-0.392,0.392,0.243,0.243
1.241,134.378,25.175,-0.298,0.298,0.255,0.255
1.239,134.558,25.443,-0.116,0.116,0.253,0.253
1.238,134.819,25.550,0.044,0.044,0.273,0.273
1.237,134.900,25.747,0.168,0.168,0.273,0.273
1.235,134.949,25.939,0.287,0.287,0.272,0.272
1.235,134.900,25.997,0.389,0.389,0.272,0.272
1.234,134.721,26.140,0.514,0.514,0.270,0.270
1.232,134.346,26.363,0.588,0.588,0.262,0.262
1.230,133.987,26.653,0.659,0.659,0.262,0.262
1.228,133.872,26.941,0.696,0.696,0.252,0.252
1.226,133.709,27.168,0.745,0.745,0.243,0.243
1.229,133.513,26.773,0.729,0.729,0.230,0.230
1.230,133.693,26.609,0.670,0.670,0.223,0.223
1.228,134.052,26.902,0.555,0.555,0.223,0.223
1.227,134.182,27.058,0.456,0.456,0.215,0.215
1.226,134.036,27.236,0.311,0.311,0.223,0.223
1.225,133.464,27.369,0.172,0.172,0.220,0.220
1.223,132.958,27.519,-0.014,0.014,0.217,0.217
1.223,132.714,27.603,-0.146,0.146,0.211,0.211
1.222,132.338,27.682,-0.305,0.305,0.195,0.195
1.221,132.044,27.879,-0.394,0.394,0.186,0.186
1.217,131.898,28.326,-0.528,0.528,0.185,0.185
1.215,131.767,28.584,-0.581,0.581,0.194,0.194
1.215,131.392,28.688,-0.664,0.664,0.201,0.201
1.217,131.033,28.410,-0.679,0.679,0.206,0.206
1.218,130.608,28.236,-0.717,0.717,0.214,0.214
1.215,130.135,28.578,-0.729,0.729,0.223,0.223
1.216,129.645,28.474,-0.707,0.707,0.230,0.230
1.214,129.613,28.793,-0.649,0.649,0.218,0.218
1.213,129.662,28.943,-0.589,0.589,0.223,0.223
1.211,129.303,29.102,-0.488,0.488,0.218,0.218
1.211,129.058,29.183,-0.435,0.435,0.203,0.203
1.210,128.944,29.312,-0.386,0.386,0.209,0.209
1.209,128.976,29.457,-0.369,0.369,0.227,0.227
1.207,128.862,29.679,-0.343,0.343,0.197,0.197
1.204,128.601,30.025,-0.316,0.316,0.197,0.197
1.203,128.389,30.208,-0.241,0.241,0.206,0.206
1.202,128.079,30.366,-0.182,0.182,0.218,0.218
1.206,128.030,29.843,-0.092,0.092,0.224,0.224
1.204,128.160,30.034,-0.046,0.046,0.230,0.230
1.202,128.258,30.247,-0.009,0.009,0.240,0.240
1.200,128.340,30.566,0.064,0.064,0.232,0.232
1.200,128.438,30.604,0.142,0.142,0.227,0.227
1.200,128.536,30.570,0.227,0.227,0.235,0.235
1.199,128.389,30.745,0.295,0.295,0.230,0.230
1.198,128.128,30.868,0.397,0.397,0.235,0.235
1.197,128.013,30.962,0.455,0.455,0.233,0.233
1.195,127.997,31.157,0.560,0.560,0.230,0.230
1.192,128.013,31.565,0.613,0.613,0.230,0.230
1.190,128.046,31.836,0.705,0.705,0.232,0.232
1.190,128.209,31.849,0.771,0.771,0.227,0.227
1.193,128.421,31.470,0.850,0.850,0.232,0.232
1.192,128.536,31.615,0.942,0.942,0.233,0.233
1.191,128.405,31.675,1.029,1.029,0.233,0.233
1.188,128.144,32.058,1.054,1.054,0.221,0.221
1.187,127.850,32.202,1.157,1.157,0.229,0.229
1.186,127.573,32.359,1.274,1.274,0.233,0.233
1.185,127.508,32.490,1.386,1.386,0.237,0.237
1.185,127.491,32.524,1.424,1.424,0.247,0.247
1.184,127.524,32.659,1.494,1.494,0.247,0.247
1.182,127.556,32.815,1.480,1.480,0.249,0.249
1.179,127.524,33.217,1.471,1.471,0.243,0.243
1.179,127.703,33.285,1.415,1.415,0.252,0.252
1.179,127.948,33.268,1.337,1.337,0.249,0.249
1.180,128.046,33.090,1.201,1.201,0.244,0.244
1.179,128.209,33.243,1.108,1.108,0.243,0.243
1.180,128.585,33.170,0.952,0.952,0.235,0.235
1.177,129.254,33.542,0.841,0.841,0.247,0.247
1.175,130.151,33.779,0.713,0.713,0.244,0.244
1.175,131.000,33.809,0.563,0.563,0.269,0.269
1.174,131.653,33.931,0.403,0.403,0.291,0.291
1.172,131.947,34.132,0.220,0.220,0.296,0.296
1.172,132.028,34.220,0.063,0.063,0.291,0.291
1.170,131.832,34.364,-0.121,0.121,0.311,0.311
1.169,131.539,34.591,-0.240,0.240,0.317,0.317
1.166,131.408,34.892,-0.392,0.392,0.324,0.324
1.164,131.408,35.153,-0.491,0.491,0.331,0.331
1.166,131.473,34.962,-0.612,0.612,0.334,0.334
1.168,131.441,34.687,-0.661,0.661,0.328,0.328
1.168,131.473,34.678,-0.679,0.679,0.327,0.327
1.165,131.310,35.136,-0.595,0.595,0.342,0.342
1.164,131.065,35.253,-0.523,0.523,0.328,0.328
1.162,130.951,35.423,-0.400,0.400,0.316,0.316
1.162,130.951,35.449,-0.331,0.331,0.328,0.328
1.161,131.114,35.644,-0.279,0.279,0.324,0.324
1.160,131.506,35.736,-0.243,0.243,0.324,0.324
1.159,132.191,35.915,-0.185,0.185,0.317,0.317
1.157,133.073,36.078,-0.113,0.113,0.293,0.293
1.154,133.954,36.476,-0.009,0.009,0.304,0.304
1.152,134.705,36.766,0.003,0.003,0.290,0.290
1.151,135.455,36.981,0.035,0.035,0.264,0.264
1.154,136.043,36.558,0.024,0.024,0.255,0.255
1.154,136.532,36.485,0.058,0.058,0.215,0.215
1.154,136.989,36.517,0.095,0.095,0.230,0.230
1.152,137.512,36.776,0.174,0.174,0.240,0.240
1.151,137.822,36.986,0.224,0.224,0.240,0.240
1.149,137.920,37.201,0.299,0.299,0.252,0.252
1.149,137.903,37.229,0.453,0.453,0.270,0.270
1.147,137.838,37.457,0.700,0.700,0.285,0.285
1.147,137.854,37.503,1.012,1.012,0.331,0.331
1.146,137.675,37.699,1.305,1.305,0.319,0.319
1.142,137.316,38.133,1.509,1.509,0.330,0.330
1.140,136.924,38.519,1.701,1.701,0.339,0.339
1.140,136.826,38.492,1.848,1.848,0.345,0.345
1.140,136.843,38.397,1.900,1.900,0.345,0.345
1.143,137.038,38.106,1.918,1.918,0.346,0.346
1.142,137.446,38.242,1.846,1.846,0.331,0.331
1.140,137.952,38.407,1.805,1.805,0.346,0.346
1.138,138.491,38.719,1.740,1.740,0.349,0.349
1.136,139.095,38.972,1.703,1.703,0.330,0.330
1.136,139.862,39.069,1.671,1.671,0.313,0.313
1.136,140.417,38.999,1.613,1.613,0.291,0.291
1.135,140.923,39.162,1.479,1.479,0.296,0.296
1.134,141.265,39.279,1.311,1.311,0.275,0.275
1.132,141.657,39.542,1.065,1.065,0.285,0.285
1.130,142.130,39.923,0.833,0.833,0.290,0.290
1.128,142.440,40.150,0.617,0.617,0.285,0.285
1.126,142.571,40.476,0.392,0.392,0.276,0.276
1.126,142.408,40.400,0.151,0.151,0.304,0.304
1.130,142.114,39.891,-0.032,0.032,0.284,0.284
1.127,141.543,40.257,-0.214,0.214,0.278,0.278
1.127,140.645,40.356,-0.353,0.353,0.299,0.299
1.125,139.764,40.611,-0.537,0.537,0.295,0.295
1.123,139.160,40.792,-0.650,0.650,0.287,0.287
1.123,138.817,40.829,-0.823,0.823,0.275,0.275
1.122,138.785,40.958,-0.943,0.943,0.256,0.256
1.121,138.964,41.169,-1.073,1.073,0.247,0.247
1.119,139.372,41.382,-1.129,1.129,0.238,0.238
1.115,139.813,41.905,-1.212,1.212,0.215,0.215
1.116,140.009,41.798,-1.241,1.241,0.208,0.208
1.114,140.417,42.142,-1.259,1.259,0.198,0.198
1.118,140.874,41.578,-1.231,1.231,0.188,0.188
1.117,141.412,41.695,-1.198,1.198,0.179,0.179
1.115,142.081,41.972,-1.184,1.184,0.174,0.174
1.114,142.930,42.048,-1.189,1.189,0.168,0.168
1.113,143.795,42.300,-1.201,1.201,0.148,0.148
1.111,144.431,42.481,-1.222,1.222,0.131,0.131
1.111,144.725,42.606,-1.235,1.235,0.082,0.082
1.109,144.986,42.765,-1.248,1.248,0.072,0.072
1.109,145.003,42.832,-1.302,1.302,0.050,0.050
1.108,144.709,43.005,-1.360,1.360,0.032,0.032
1.104,144.219,43.493,-1.433,1.433,0.017,0.017
1.103,143.648,43.727,-1.489,1.489,0.012,0.012
1.101,143.142,44.003,-1.515,1.515,0.009,0.009
1.104,142.669,43.553,-1.482,1.482,0.026,0.026
1.105,142.342,43.463,-1.434,1.434,0.006,0.006
1.104,142.212,43.529,-1.364,1.364,-0.014,0.014
1.102,142.114,43.798,-1.283,1.283,-0.002,0.002
1.101,141.902,43.958,-1.141,1.141,-0.002,0.002
1.100,141.657,44.099,-1.012,1.012,0.008,0.008
1.099,141.526,44.273,-0.786,0.786,0.021,0.021
1.097,141.836,44.512,-0.580,0.580,0.031,0.031
1.097,142.359,44.545,-0.337,0.337,0.043,0.043
1.096,142.865,44.711,-0.183,0.183,0.069,0.069
1.094,143.403,44.948,0.018,0.018,0.072,0.072
1.091,143.909,45.344,0.235,0.235,0.087,0.087
1.089,144.399,45.664,0.487,0.487,0.116,0.116
1.088,144.839,45.861,0.694,0.694,0.142,0.142
1.092,145.198,45.327,0.963,0.963,0.142,0.142
1.091,145.460,45.365,1.181,1.181,0.188,0.188
1.090,145.672,45.582,1.398,1.398,0.229,0.229
1.088,145.916,45.858,1.564,1.564,0.252,0.252
1.088,146.276,45.829,1.732,1.732,0.281,0.281
1.086,146.618,46.072,1.865,1.865,0.302,0.302
1.085,146.912,46.320,2.022,2.022,0.330,0.330
1.085,147.173,46.301,2.144,2.144,0.354,0.354
1.084,147.206,46.364,2.260,2.260,0.360,0.360
1.082,147.059,46.715,2.327,2.327,0.371,0.371
1.080,146.781,47.042,2.437,2.437,0.362,0.362
1.077,146.700,47.484,2.484,2.484,0.369,0.369
1.076,146.684,47.611,2.443,2.443,0.377,0.377
1.080,146.553,47.066,2.388,2.388,0.371,0.371
1.079,146.357,47.164,2.330,2.330,0.365,0.365
1.077,146.227,47.392,2.204,2.204,0.371,0.371
1.076,146.324,47.537,2.017,2.017,0.371,0.371
1.075,146.553,47.790,1.833,1.833,0.372,0.372
1.073,146.716,48.038,1.550,1.550,0.365,0.365
1.072,146.749,48.193,1.318,1.318,0.372,0.372
1.071,146.732,48.276,1.079,1.079,0.371,0.371
1.071,146.863,48.393,0.896,0.896,0.377,0.377
1.071,147.271,48.378,0.717,0.717,0.386,0.386
1.068,147.793,48.745,0.568,0.568,0.392,0.392
1.066,148.446,49.005,0.386,0.386,0.391,0.391
1.064,149.213,49.371,0.217,0.217,0.394,0.394
1.066,149.670,49.063,-0.024,0.024,0.388,0.388
1.067,149.948,48.860,-0.209,0.209,0.395,0.395
1.066,150.094,49.118,-0.414,0.414,0.420,0.420
1.065,150.192,49.228,-0.581,0.581,0.403,0.403
1.062,150.192,49.646,-0.739,0.739,0.395,0.395
1.062,150.176,49.731,-0.821,0.821,0.391,0.391
1.060,150.160,49.930,-0.873,0.873,0.385,0.385
1.059,150.160,50.070,-0.881,0.881,0.360,0.360
1.058,150.143,50.234,-0.928,0.928,0.353,0.353
1.057,150.176,50.368,-0.925,0.925,0.328,0.328
1.056,150.176,50.563,-0.929,0.929,0.314,0.314
1.054,149.996,50.931,-0.908,0.908,0.295,0.295
1.051,149.621,51.308,-0.861,0.861,0.296,0.296
1.052,149.083,51.115,-0.740,0.740,0.247,0.247
1.055,148.740,50.760,-0.600,0.600,0.209,0.209
1.053,148.462,50.967,-0.467,0.467,0.185,0.185
1.053,148.446,51.050,-0.391,0.391,0.166,0.166
1.050,148.609,51.444,-0.319,0.319,0.156,0.156
1.050,148.838,51.484,-0.302,0.302,0.154,0.154
1.049,149.295,51.642,-0.295,0.295,0.139,0.139
1.047,149.588,51.855,-0.298,0.298,0.154,0.154
1.046,149.752,52.019,-0.304,0.304,0.156,0.156
1.046,149.752,52.148,-0.301,0.301,0.154,0.154
1.044,149.556,52.411,-0.298,0.298,0.148,0.148
1.041,149.262,52.798,-0.295,0.295,0.143,0.143
1.040,149.164,53.010,-0.313,0.313,0.136,0.136
1.039,149.180,53.109,-0.226,0.226,0.131,0.131
1.042,149.148,52.709,-0.095,0.095,0.137,0.137
1.041,149.393,52.808,0.148,0.148,0.142,0.142
1.041,149.605,52.823,0.359,0.359,0.137,0.137
1.038,149.719,53.234,0.542,0.542,0.148,0.148
1.038,149.735,53.264,0.693,0.693,0.156,0.156
1.036,149.507,53.542,0.868,0.868,0.166,0.166
1.035,149.148,53.646,0.984,0.984,0.172,0.172
1.035,148.724,53.705,1.119,1.119,0.195,0.195
1.033,148.642,53.967,1.271,1.271,0.217,0.217
1.032,148.642,54.105,1.402,1.402,0.223,0.223
1.030,148.544,54.474,1.451,1.451,0.237,0.237
1.027,148.316,54.858,1.520,1.520,0.233,0.233
1.026,148.185,55.050,1.456,1.456,0.258,0.258
1.029,148.169,54.559,1.398,1.398,0.259,0.259
1.029,147.989,54.568,1.248,1.248,0.276,0.276
1.028,147.695,54.735,1.129,1.129,0.288,0.288
1.027,147.287,54.945,0.972,0.972,0.284,0.284
1.024,146.977,55.326,0.919,0.919,0.290,0.290
1.023,146.781,55.428,0.819,0.819,0.293,0.293
1.024,146.814,55.414,0.726,0.726,0.314,0.314
1.023,147.075,55.506,0.639,0.639,0.324,0.324
1.021,147.385,55.726,0.601,0.601,0.314,0.314
1.021,147.630,55.858,0.542,0.542,0.325,0.325
1.019,147.744,56.083,0.464,0.464,0.313,0.313
1.016,147.728,56.505,0.369,0.369,0.301,0.301
1.015,147.728,56.745,0.284,0.284,0.296,0.296
1.015,147.679,56.686,0.182,0.182,0.284,0.284
1.017,147.695,56.358,0.017,0.017,0.279,0.279
1.016,147.695,56.490,-0.166,0.166,0.278,0.278
1.015,147.728,56.725,-0.310,0.310,0.282,0.282
1.012,147.712,57.048,-0.353,0.353,0.276,0.276
1.011,147.695,57.279,-0.388,0.388,0.261,0.261
1.010,147.679,57.386,-0.378,0.378,0.264,0.264
1.010,147.516,57.455,-0.380,0.380,0.237,0.237
1.008,147.140,57.645,-0.365,0.365,0.211,0.211
1.009,146.618,57.567,-0.407,0.407,0.204,0.204
1.006,145.949,57.994,-0.391,0.391,0.200,0.200
1.005,145.378,58.217,-0.386,0.386,0.203,0.203
1.002,145.019,58.568,-0.378,0.378,0.188,0.188
1.005,144.774,58.203,-0.354,0.354,0.206,0.206
1.005,144.725,58.112,-0.327,0.327,0.183,0.183
1.004,144.578,58.313,-0.377,0.377,0.195,0.195
1.004,144.529,58.327,-0.395,0.395,0.203,0.203
1.001,144.611,58.725,-0.417,0.417,0.220,0.220
1.000,144.888,58.927,-0.385,0.385,0.229,0.229
0.999,145.182,58.999,-0.407,0.407,0.243,0.243
0.998,145.443,59.230,-0.375,0.375,0.230,0.230
0.997,145.786,59.288,-0.378,0.378,0.235,0.235
0.996,146.145,59.458,-0.363,0.363,0.238,0.238
0.995,146.243,59.642,-0.383,0.383,0.241,0.241
0.992,146.276,60.069,-0.368,0.368,0.238,0.238
0.990,146.373,60.399,-0.365,0.365,0.229,0.229
0.990,146.602,60.272,-0.337,0.337,0.246,0.246
0.992,146.700,59.990,-0.334,0.334,0.255,0.255
0.993,146.586,59.937,-0.308,0.308,0.250,0.250
0.991,146.324,60.253,-0.267,0.267,0.259,0.259
0.989,146.210,60.544,-0.253,0.253,0.246,0.246
0.988,146.341,60.631,-0.240,0.240,0.241,0.241
0.987,146.618,60.830,-0.281,0.281,0.262,0.262
0.985,146.700,61.059,-0.337,0.337,0.230,0.230
0.984,146.602,61.185,-0.377,0.377,0.209,0.209
0.984,146.308,61.214,-0.392,0.392,0.215,0.215
0.983,146.063,61.384,-0.417,0.417,0.197,0.197
0.982,145.949,61.558,-0.414,0.414,0.200,0.200
0.978,146.096,62.115,-0.459,0.459,0.203,0.203
0.976,146.357,62.333,-0.452,0.452,0.192,0.192
0.978,146.781,62.071,-0.472,0.472,0.200,0.200
0.978,147.304,62.042,-0.423,0.423,0.209,0.209
0.978,147.646,62.066,-0.407,0.407,0.218,0.218
0.977,147.761,62.237,-0.320,0.320,0.232,0.232
0.976,147.744,62.350,-0.227,0.227,0.259,0.259
0.975,147.695,62.600,-0.136,0.136,0.270,0.270
0.973,147.679,62.781,-0.099,0.099,0.267,0.267
0.973,147.728,62.840,-0.031,0.031,0.296,0.296
0.971,147.695,63.070,0.015,0.015,0.324,0.324
0.971,147.695,63.188,0.122,0.122,0.319,0.319
0.968,147.695,63.565,0.206,0.206,0.317,0.317
0.966,147.859,63.903,0.366,0.366,0.314,0.314
0.964,148.071,64.178,0.456,0.456,0.319,0.319
0.968,148.218,63.623,0.566,0.566,0.314,0.314
0.968,148.218,63.613,0.685,0.685,0.307,0.307
0.966,148.054,63.834,0.824,0.824,0.291,0.291
0.964,147.940,64.084,0.931,0.931,0.282,0.282
0.962,148.218,64.398,1.054,1.054,0.273,0.273
0.962,148.724,64.507,1.157,1.157,0.255,0.255
0.960,149.278,64.754,1.241,1.241,0.269,0.269
0.961,149.801,64.610,1.369,1.369,0.278,0.278
0.959,150.160,64.824,1.445,1.445,0.272,0.272
0.959,150.209,64.968,1.521,1.521,0.276,0.276
0.957,150.192,65.232,1.579,1.579,0.285,0.285
0.955,150.143,65.531,1.596,1.596,0.282,0.282
0.953,149.964,65.780,1.589,1.589,0.284,0.284
0.955,149.784,65.507,1.560,1.560,0.275,0.275
0.956,149.654,65.422,1.460,1.460,0.273,0.273
0.954,149.637,65.640,1.395,1.395,0.270,0.270
0.953,149.654,65.760,1.244,1.244,0.258,0.258
0.951,149.719,66.132,1.140,1.140,0.252,0.252
0.950,149.507,66.296,1.006,1.006,0.252,0.252
0.948,149.311,66.543,0.865,0.865,0.267,0.267
0.947,149.164,66.657,0.691,0.691,0.258,0.258
0.947,149.295,66.751,0.607,0.607,0.261,0.261
0.946,149.572,66.835,0.514,0.514,0.264,0.264
0.944,149.882,67.094,0.467,0.467,0.270,0.270
0.942,150.258,67.377,0.365,0.365,0.252,0.252
0.940,150.910,67.692,0.334,0.334,0.256,0.256
0.939,151.955,67.837,0.363,0.363,0.243,0.243
0.943,152.885,67.302,0.365,0.365,0.249,0.249
0.941,153.424,67.525,0.322,0.322,0.264,0.264
0.941,153.913,67.571,0.215,0.215,0.258,0.258
0.939,154.550,67.939,0.179,0.179,0.269,0.269
0.938,155.186,68.129,0.157,0.157,0.276,0.276
0.936,155.366,68.325,0.098,0.098,0.275,0.275
0.935,155.252,68.479,0.047,0.047,0.247,0.247
0.935,155.219,68.546,0.037,0.037,0.255,0.255
0.934,155.268,68.747,-0.009,0.009,0.267,0.267
0.931,155.186,69.138,0.009,0.009,0.244,0.244
0.928,155.072,69.550,0.020,0.020,0.238,0.238
0.928,154.713,69.642,0.038,0.038,0.230,0.230
0.931,154.289,69.212,0.060,0.060,0.241,0.241
0.930,153.897,69.335,0.104,0.104,0.244,0.244
0.930,153.473,69.314,0.108,0.108,0.246,0.246
0.929,153.032,69.487,0.128,0.128,0.237,0.237
0.926,152.657,69.877,0.081,0.081,0.250,0.250
0.926,152.575,69.923,0.070,0.070,0.255,0.255
0.924,152.575,70.221,0.020,0.020,0.255,0.255
0.924,152.787,70.292,-0.014,0.014,0.264,0.264
0.923,153.016,70.373,-0.079,0.079,0.276,0.276
0.921,153.146,70.627,-0.102,0.102,0.270,0.270
0.919,153.146,70.993,-0.188,0.188,0.273,0.273
0.917,153.277,71.354,-0.229,0.229,0.276,0.276
0.916,153.489,71.394,-0.238,0.238,0.282,0.282
0.917,153.799,71.241,-0.282,0.282,0.282,0.282
0.919,154.191,71.047,-0.269,0.269,0.282,0.282
0.917,154.484,71.252,-0.258,0.258,0.285,0.285
0.916,154.631,71.447,-0.226,0.226,0.269,0.269
0.914,154.615,71.755,-0.223,0.223,0.264,0.264
0.913,154.517,71.960,-0.221,0.221,0.255,0.255
0.912,154.240,72.093,-0.204,0.204,0.252,0.252
0.911,153.636,72.230,-0.226,0.226,0.275,0.275
0.911,153.016,72.251,-0.272,0.272,0.247,0.247
0.910,152.444,72.418,-0.270,0.270,0.233,0.233
0.909,152.004,72.524,-0.279,0.279,0.252,0.252
0.906,151.465,72.932,-0.261,0.261,0.253,0.253
0.904,151.188,73.293,-0.252,0.252,0.259,0.259
0.902,151.269,73.579,-0.183,0.183,0.261,0.261
0.903,151.547,73.363,-0.153,0.153,0.281,0.281
0.906,151.808,73.036,-0.092,0.092,0.264,0.264
0.904,152.069,73.298,-0.040,0.040,0.270,0.270
0.902,152.183,73.590,0.047,0.047,0.291,0.291
0.900,152.347,73.813,0.093,0.093,0.293,0.293
0.899,152.673,73.969,0.218,0.218,0.302,0.302
0.898,153.375,74.137,0.273,0.273,0.293,0.293
0.898,154.272,74.254,0.345,0.345,0.299,0.299
0.898,155.154,74.218,0.432,0.432,0.287,0.287
0.896,155.774,74.497,0.528,0.528,0.266,0.266
0.893,156.068,74.910,0.624,0.624,0.255,0.255
0.892,156.149,75.143,0.748,0.748,0.238,0.238
0.891,156.084,75.221,0.827,0.827,0.237,0.237
0.894,156.068,74.864,0.873,0.873,0.232,0.232
0.893,156.084,74.921,0.928,0.928,0.240,0.240
0.891,156.214,75.231,0.984,0.984,0.227,0.227
0.890,156.459,75.517,1.061,1.061,0.237,0.237
0.889,156.443,75.672,1.048,1.048,0.238,0.238
0.888,156.198,75.714,1.009,1.009,0.238,0.238
0.886,155.904,76.009,0.926,0.926,0.233,0.233
0.885,155.284,76.210,0.856,0.856,0.223,0.223
0.885,154.599,76.194,0.725,0.725,0.223,0.223
0.882,154.011,76.660,0.624,0.624,0.218,0.218
0.880,153.766,77.017,0.504,0.504,0.212,0.212
0.877,153.946,77.441,0.410,0.410,0.212,0.212
0.879,154.093,77.104,0.298,0.298,0.212,0.212
0.882,154.256,76.669,0.220,0.220,0.203,0.203
0.881,154.501,76.782,0.076,0.076,0.203,0.203
0.881,154.778,76.843,-0.044,0.044,0.197,0.197
0.879,154.990,77.192,-0.206,0.206,0.195,0.195
0.876,155.105,77.542,-0.343,0.343,0.185,0.185
0.875,155.137,77.707,-0.475,0.475,0.186,0.186
0.875,155.219,77.712,-0.588,0.588,0.191,0.191
0.873,155.643,78.047,-0.688,0.688,0.208,0.208
0.873,156.312,78.140,-0.740,0.740,0.215,0.215
0.872,157.079,78.208,-0.778,0.778,0.206,0.206
0.869,157.683,78.662,-0.736,0.736,0.233,0.233
0.866,158.059,79.154,-0.649,0.649,0.266,0.266
0.866,158.238,79.206,-0.470,0.470,0.261,0.261
0.866,158.271,79.227,-0.307,0.307,0.264,0.264
0.868,157.993,78.802,-0.174,0.174,0.279,0.279
0.867,157.324,79.027,-0.040,0.040,0.281,0.281
0.867,156.557,79.074,0.104,0.104,0.250,0.250
0.865,155.904,79.349,0.264,0.264,0.262,0.262
0.864,155.398,79.493,0.429,0.429,0.256,0.256
0.862,155.105,79.781,0.586,0.586,0.250,0.250
0.861,155.007,79.941,0.653,0.653,0.238,0.238
0.861,155.088,79.987,0.720,0.720,0.238,0.238
0.860,155.072,80.075,0.766,0.766,0.240,0.240
0.858,155.137,80.471,0.833,0.833,0.215,0.215
0.855,155.203,80.913,0.833,0.833,0.214,0.214
0.854,155.480,81.063,0.845,0.845,0.226,0.226
0.853,155.611,81.222,0.804,0.804,0.218,0.218
0.856,155.594,80.686,0.792,0.792,0.224,0.224
0.854,155.757,80.970,0.722,0.722,0.217,0.217
0.854,156.100,81.109,0.678,0.678,0.227,0.227
0.852,156.492,81.337,0.633,0.633,0.241,0.241
0.851,156.606,81.514,0.581,0.581,0.230,0.230
0.851,156.590,81.550,0.507,0.507,0.233,0.233
0.850,156.394,81.649,0.490,0.490,0.237,0.237
0.849,156.149,81.789,0.392,0.392,0.246,0.246
0.847,155.725,82.073,0.371,0.371,0.267,0.267
0.845,155.072,82.424,0.288,0.288,0.258,0.258
0.842,154.599,82.865,0.252,0.252,0.259,0.259
0.842,154.354,82.978,0.148,0.148,0.264,0.264
0.844,153.979,82.554,0.124,0.124,0.261,0.261
0.845,153.701,82.492,0.021,0.021,0.266,0.266
0.843,153.407,82.828,-0.038,0.038,0.266,0.266
0.841,153.179,83.098,-0.133,0.133,0.284,0.284
0.840,152.950,83.250,-0.241,0.241,0.266,0.266
0.839,152.852,83.407,-0.340,0.340,0.276,0.276
0.837,152.983,83.615,-0.395,0.395,0.275,0.275
0.837,153.277,83.615,-0.488,0.488,0.282,0.282
0.836,153.717,83.890,-0.545,0.545,0.282,0.282
0.834,154.207,84.125,-0.609,0.609,0.287,0.287
0.833,154.876,84.222,-0.667,0.667,0.287,0.287
0.831,155.431,84.649,-0.739,0.739,0.273,0.273
0.830,155.676,84.742,-0.806,0.806,0.246,0.246
0.828,155.823,85.140,-0.852,0.852,0.241,0.241
0.831,155.970,84.602,-0.896,0.896,0.240,0.240
0.832,156.247,84.473,-0.926,0.926,0.226,0.226
0.830,156.508,84.748,-0.945,0.945,0.223,0.223
0.828,156.573,85.080,-0.922,0.922,0.253,0.253
0.827,156.573,85.303,-0.876,0.876,0.224,0.224
0.826,156.704,85.386,-0.761,0.761,0.215,0.215
0.824,156.932,85.636,-0.600,0.600,0.215,0.215
0.824,157.030,85.740,-0.365,0.365,0.206,0.206
0.822,156.949,85.964,-0.174,0.174,0.206,0.206
0.822,156.622,85.985,0.038,0.038,0.212,0.212
0.819,156.378,86.431,0.232,0.232,0.221,0.221
0.817,156.100,86.851,0.481,0.481,0.237,0.237
0.815,156.051,87.094,0.723,0.723,0.253,0.253
0.817,156.182,86.830,0.954,0.954,0.255,0.255
0.820,156.296,86.322,1.195,1.195,0.259,0.259
0.818,156.165,86.674,1.518,1.518,0.259,0.259
0.816,156.068,86.876,1.781,1.781,0.259,0.259
0.815,155.888,87.078,2.001,2.001,0.256,0.256
0.813,155.660,87.357,2.117,2.117,0.264,0.264
0.813,155.382,87.491,2.240,2.240,0.273,0.273
0.812,155.154,87.615,2.315,2.315,0.279,0.279
0.811,154.860,87.789,2.480,2.480,0.278,0.278
0.810,154.664,87.933,2.571,2.571,0.282,0.282
0.806,154.517,88.451,2.669,2.669,0.288,0.288
0.804,154.370,88.804,2.667,2.667,0.295,0.295
0.807,154.060,88.405,2.680,2.680,0.307,0.307
0.806,153.652,88.477,2.640,2.640,0.327,0.327
0.805,153.407,88.711,2.538,2.538,0.328,0.328
0.804,153.342,88.803,2.356,2.356,0.339,0.339
0.803,153.505,88.894,2.158,2.158,0.328,0.328
0.803,153.766,88.904,1.920,1.920,0.356,0.356
0.802,154.028,89.185,1.692,1.692,0.328,0.328
0.801,154.256,89.257,1.415,1.415,0.340,0.340
0.800,154.680,89.497,1.112,1.112,0.343,0.343
0.798,155.023,89.662,0.823,0.823,0.359,0.359
0.798,155.072,89.759,0.536,0.536,0.354,0.354
0.795,155.137,90.145,0.258,0.258,0.382,0.382
0.794,155.088,90.366,-0.053,0.053,0.371,0.371
0.792,155.088,90.701,-0.324,0.324,0.377,0.377
0.792,155.268,90.603,-0.613,0.613,0.371,0.371
0.793,155.447,90.510,-0.844,0.844,0.354,0.354
0.794,155.578,90.412,-1.087,1.087,0.334,0.334
0.792,155.741,90.619,-1.265,1.265,0.319,0.319
0.790,155.823,90.949,-1.488,1.488,0.313,0.313
0.788,155.725,91.244,-1.628,1.628,0.270,0.270
0.787,155.562,91.378,-1.763,1.763,0.253,0.253
0.787,155.366,91.424,-1.795,1.795,0.237,0.237
0.786,155.023,91.548,-1.816,1.816,0.224,0.224
0.786,154.713,91.635,-1.804,1.804,0.208,0.208
0.784,154.550,91.855,-1.824,1.824,0.197,0.197
0.781,154.566,92.368,-1.732,1.732,0.198,0.198
0.779,154.599,92.752,-1.686,1.686,0.174,0.174
0.782,154.550,92.183,-1.578,1.578,0.162,0.162
0.782,154.582,92.271,-1.476,1.476,0.157,0.157
0.781,154.566,92.409,-1.383,1.383,0.153,0.153
0.779,154.566,92.635,-1.341,1.341,0.150,0.150
0.779,154.387,92.701,-1.294,1.294,0.153,0.153
0.777,154.044,92.998,-1.170,1.170,0.160,0.160
0.776,153.685,93.136,-1.009,1.009,0.151,0.151
0.775,153.375,93.334,-0.794,0.794,0.148,0.148
0.773,153.179,93.588,-0.598,0.598,0.145,0.145
0.773,153.081,93.558,-0.389,0.389,0.148,0.148
0.770,153.081,94.025,-0.154,0.154,0.145,0.145
0.768,153.114,94.314,0.157,0.157,0.157,0.157
0.767,152.918,94.461,0.465,0.465,0.179,0.179
0.771,152.559,93.909,0.697,0.697,0.180,0.180
0.770,151.857,94.040,0.841,0.841,0.182,0.182
0.769,151.139,94.191,0.902,0.902,0.191,0.191
0.767,150.519,94.441,0.971,0.971,0.194,0.194
0.766,150.176,94.691,1.012,1.012,0.200,0.200
0.765,150.094,94.815,0.995,0.995,0.206,0.206
0.764,150.143,95.034,1.021,1.021,0.233,0.233
0.763,150.143,95.109,0.996,0.996,0.243,0.243
0.762,150.339,95.278,1.021,1.021,0.262,0.262
0.761,150.404,95.458,0.995,0.995,0.264,0.264
0.760,150.274,95.637,0.954,0.954,0.278,0.278
0.757,149.996,95.981,0.859,0.859,0.266,0.266
0.755,149.752,96.309,0.754,0.754,0.275,0.275
0.754,149.637,96.433,0.635,0.635,0.241,0.241
0.753,149.784,96.562,0.580,0.580,0.259,0.259
0.757,150.176,95.955,0.574,0.574,0.276,0.276
0.757,150.600,95.995,0.598,0.598,0.266,0.266
0.755,150.666,96.255,0.569,0.569,0.258,0.258
0.753,150.829,96.640,0.559,0.559,0.256,0.256
0.751,151.057,96.860,0.481,0.481,0.259,0.259
0.751,151.286,96.925,0.400,0.400,0.244,0.244
0.749,151.596,97.226,0.249,0.249,0.270,0.270
0.748,151.857,97.347,0.179,0.179,0.278,0.278
0.748,152.069,97.387,0.049,0.049,0.282,0.282
0.745,152.314,97.852,-0.023,0.023,0.290,0.290
0.742,152.559,98.256,-0.124,0.124,0.295,0.295
0.740,152.624,98.610,-0.168,0.168,0.301,0.301
0.743,152.640,98.200,-0.282,0.282,0.287,0.287
0.744,152.657,97.962,-0.353,0.353,0.281,0.281
0.745,152.608,97.902,-0.435,0.435,0.267,0.267
0.741,152.461,98.367,-0.497,0.497,0.261,0.261
0.741,152.232,98.402,-0.597,0.597,0.258,0.258
0.739,152.102,98.710,-0.688,0.688,0.249,0.249
0.739,152.118,98.811,-0.813,0.813,0.237,0.237
0.737,151.971,98.993,-0.914,0.914,0.221,0.221
0.737,151.743,99.063,-0.981,0.981,0.201,0.201
0.736,151.482,99.164,-1.012,1.012,0.204,0.204
0.734,151.188,99.560,-1.044,1.044,0.204,0.204
0.730,150.927,100.101,-1.012,1.012,0.200,0.200
0.729,150.715,100.241,-0.998,0.998,0.220,0.220
0.731,150.633,99.886,-0.966,0.966,0.204,0.204
0.732,150.764,99.737,-0.937,0.937,0.195,0.195
0.731,151.204,99.907,-0.888,0.888,0.191,0.191
0.730,151.710,100.138,-0.787,0.787,0.189,0.189
0.728,152.281,100.339,-0.685,0.685,0.183,0.183
0.727,152.771,100.607,-0.559,0.559,0.185,0.185
0.725,153.407,100.877,-0.404,0.404,0.156,0.156
0.725,154.125,100.922,-0.261,0.261,0.172,0.172
0.724,154.566,100.968,-0.087,0.087,0.185,0.185
0.724,154.844,101.020,0.127,0.127,0.185,0.185
0.723,155.186,101.220,0.353,0.353,0.192,0.192
0.720,155.464,101.601,0.626,0.626,0.209,0.209
0.717,155.611,102.158,0.919,0.919,0.223,0.223
0.715,155.594,102.422,1.212,1.212,0.209,0.209
0.717,155.447,102.117,1.502,1.502,0.235,0.235
0.719,155.186,101.793,1.817,1.817,0.259,0.259
0.719,154.876,101.777,2.072,2.072,0.267,0.267
0.716,154.484,102.229,2.336,2.336,0.272,0.272
0.716,153.995,102.290,2.529,2.529,0.279,0.279
0.714,153.342,102.565,2.713,2.713,0.301,0.301
0.712,152.804,102.885,2.812,2.812,0.310,0.310
0.712,152.526,102.905,2.898,2.898,0.333,0.333
0.711,152.575,102.976,2.877,2.877,0.349,0.349
0.709,152.624,103.265,2.852,2.852,0.359,0.359
0.707,152.657,103.573,2.779,2.779,0.357,0.357
0.705,152.624,103.918,2.767,2.767,0.351,0.351
0.704,152.657,104.171,2.696,2.696,0.356,0.356
0.704,152.804,104.049,2.568,2.568,0.343,0.343
0.708,153.212,103.522,2.397,2.397,0.351,0.351
0.706,153.538,103.832,2.124,2.124,0.346,0.346
0.705,153.848,103.924,1.857,1.857,0.362,0.362
0.703,154.207,104.240,1.558,1.558,0.365,0.365
0.701,154.501,104.511,1.222,1.222,0.369,0.369
0.701,154.778,104.599,0.876,0.876,0.371,0.371
0.700,154.876,104.732,0.534,0.534,0.386,0.386
0.699,154.550,104.896,0.191,0.191,0.386,0.386
0.698,154.028,104.963,-0.125,0.125,0.389,0.389
0.696,153.522,105.386,-0.371,0.371,0.380,0.380
0.692,152.999,105.965,-0.537,0.537,0.374,0.374
0.691,152.510,106.173,-0.734,0.734,0.377,0.377
0.691,152.183,106.138,-0.943,0.943,0.333,0.333
0.694,151.939,105.628,-1.163,1.163,0.307,0.307
0.694,151.677,105.608,-1.366,1.366,0.293,0.293
0.693,151.612,105.774,-1.576,1.576,0.281,0.281
0.691,151.465,106.041,-1.676,1.676,0.261,0.261
0.690,151.253,106.211,-1.775,1.775,0.243,0.243
0.689,150.959,106.442,-1.817,1.817,0.214,0.214
0.688,150.568,106.577,-1.872,1.872,0.191,0.191
0.687,150.388,106.736,-1.840,1.840,0.169,0.169
0.686,150.649,106.796,-1.866,1.866,0.137,0.137
0.685,151.172,106.972,-1.851,1.851,0.119,0.119
0.682,151.775,107.489,-1.856,1.856,0.113,0.113
0.680,152.265,107.837,-1.811,1.811,0.121,0.121
0.677,152.771,108.160,-1.782,1.782,0.099,0.099
0.680,153.065,107.765,-1.647,1.647,0.121,0.121
0.681,153.179,107.557,-1.518,1.518,0.140,0.140
0.680,153.163,107.714,-1.361,1.361,0.136,0.136
0.679,153.114,107.958,-1.238,1.238,0.153,0.153
0.679,153.097,107.943,-1.030,1.030,0.175,0.175
0.676,153.146,108.329,-0.852,0.852,0.186,0.186
0.676,153.114,108.395,-0.645,0.645,0.200,0.200
0.675,153.130,108.588,-0.435,0.435,0.217,0.217
0.674,152.950,108.720,-0.188,0.188,0.221,0.221
0.674,152.722,108.760,-0.008,0.008,0.224,0.224
0.670,152.444,109.261,0.237,0.237,0.223,0.223
0.668,152.036,109.609,0.468,0.468,0.249,0.249
0.665,151.547,109.992,0.763,0.763,0.230,0.230
0.668,151.025,109.621,0.986,0.986,0.232,0.232
0.670,150.698,109.360,1.164,1.164,0.243,0.243
0.668,150.731,109.650,1.279,1.279,0.250,0.250
0.667,151.204,109.776,1.387,1.387,0.252,0.252
0.665,151.873,110.012,1.436,1.436,0.262,0.262
0.663,152.510,110.309,1.495,1.495,0.278,0.278
0.663,152.885,110.390,1.543,1.543,0.282,0.282
0.661,153.114,110.624,1.514,1.514,0.285,0.285
0.661,153.326,110.741,1.518,1.518,0.298,0.298
0.661,153.864,110.710,1.419,1.419,0.302,0.302
0.659,154.566,111.048,1.293,1.293,0.313,0.313
0.656,155.039,111.376,1.164,1.164,0.308,0.308
0.654,155.333,111.803,1.085,1.085,0.307,0.307
0.654,155.839,111.798,1.012,1.012,0.320,0.320
0.657,156.361,111.327,0.914,0.914,0.328,0.328
0.657,156.606,111.291,0.812,0.812,0.327,0.327
0.656,156.476,111.447,0.713,0.713,0.322,0.322
0.653,156.214,111.877,0.569,0.569,0.316,0.316
0.652,155.872,112.068,0.461,0.461,0.307,0.307
0.651,155.627,112.187,0.331,0.331,0.264,0.264
0.650,155.382,112.357,0.223,0.223,0.266,0.266
0.649,154.827,112.573,0.108,0.108,0.262,0.262
0.648,154.093,112.753,0.017,0.017,0.246,0.246
0.647,153.473,112.814,-0.087,0.087,0.241,0.241
0.644,153.097,113.251,-0.121,0.121,0.246,0.246
0.642,152.918,113.637,-0.186,0.186,0.240,0.240
0.641,152.836,113.692,-0.188,0.188,0.224,0.224
0.641,152.999,113.692,-0.258,0.258,0.250,0.250
0.644,153.130,113.261,-0.291,0.291,0.256,0.256
0.645,153.473,113.113,-0.336,0.336,0.249,0.249
0.641,153.930,113.766,-0.337,0.337,0.235,0.235
0.640,154.321,113.935,-0.378,0.378,0.240,0.240
0.639,154.713,114.042,-0.414,0.414,0.241,0.241
0.637,155.333,114.299,-0.475,0.475,0.224,0.224
0.637,156.068,114.397,-0.519,0.519,0.238,0.238
0.636,156.541,114.568,-0.551,0.551,0.243,0.243
0.635,156.818,114.740,-0.551,0.551,0.226,0.226
0.632,156.998,115.088,-0.511,0.511,0.215,0.215
0.629,157.063,115.646,-0.493,0.493,0.209,0.209
0.627,157.079,115.890,-0.456,0.456,0.217,0.217
0.631,157.030,115.297,-0.421,0.421,0.204,0.204
0.632,157.210,115.187,-0.371,0.371,0.220,0.220
0.632,157.422,115.161,-0.356,0.356,0.227,0.227
0.629,157.389,115.683,-0.317,0.317,0.229,0.229
0.628,157.014,115.746,-0.334,0.334,0.230,0.230
0.625,156.476,116.203,-0.284,0.284,0.223,0.223
0.626,156.084,116.167,-0.214,0.214,0.227,0.227
0.626,155.839,116.162,-0.139,0.139,0.230,0.230
0.624,155.660,116.451,-0.090,0.090,0.230,0.230
0.624,155.725,116.461,0.003,0.003,0.233,0.233
0.619,156.084,117.118,0.113,0.113,0.235,0.235
0.617,156.459,117.522,0.273,0.273,0.235,0.235
0.616,156.737,117.631,0.388,0.388,0.226,0.226
0.617,156.965,117.563,0.594,0.594,0.250,0.250
0.620,156.900,117.090,0.803,0.803,0.267,0.267
0.619,156.508,117.204,1.070,1.070,0.267,0.267
0.618,156.149,117.375,1.239,1.239,0.273,0.273
0.615,155.839,117.825,1.439,1.439,0.291,0.291
0.613,155.594,118.073,1.601,1.601,0.316,0.316
0.614,155.382,118.037,1.775,1.775,0.357,0.357
0.613,155.121,118.145,1.869,1.869,0.346,0.346
0.611,155.056,118.382,1.967,1.967,0.345,0.345
0.611,154.876,118.423,1.975,1.975,0.356,0.356
0.609,154.484,118.720,2.023,2.023,0.359,0.359
0.606,153.864,119.283,2.019,2.019,0.354,0.354
0.603,153.097,119.639,1.994,1.994,0.365,0.365
0.602,152.428,119.761,1.970,1.970,0.391,0.391
0.607,151.988,119.094,1.906,1.906,0.360,0.360
0.606,151.694,119.235,1.850,1.850,0.365,0.365
0.605,151.416,119.296,1.807,1.807,0.365,0.365
0.603,151.220,119.592,1.798,1.798,0.374,0.374
0.601,151.074,119.912,1.730,1.730,0.357,0.357
0.601,150.959,120.018,1.613,1.613,0.360,0.360
0.599,150.568,120.213,1.460,1.460,0.368,0.368
0.599,150.078,120.238,1.268,1.268,0.353,0.353
0.599,149.556,120.322,1.091,1.091,0.349,0.349
0.596,149.050,120.654,0.928,0.928,0.368,0.368
0.596,148.707,120.772,0.745,0.745,0.368,0.368
0.592,148.462,121.359,0.552,0.552,0.368,0.368
0.592,148.250,121.383,0.328,0.328,0.360,0.360
0.595,148.332,120.847,0.121,0.121,0.346,0.346
0.594,148.560,121.029,-0.146,0.146,0.307,0.307
0.594,148.675,121.039,-0.346,0.346,0.278,0.278
0.591,148.544,121.448,-0.472,0.472,0.250,0.250
0.590,148.136,121.611,-0.536,0.536,0.230,0.230
0.589,147.597,121.782,-0.694,0.694,0.215,0.215
0.588,147.255,121.914,-0.804,0.804,0.203,0.203
0.587,147.140,122.012,-0.945,0.945,0.198,0.198
0.586,147.304,122.271,-1.015,1.015,0.195,0.195
0.585,147.614,122.417,-1.140,1.140,0.200,0.200
0.582,147.908,122.809,-1.224,1.224,0.204,0.204
0.580,148.283,123.133,-1.312,1.312,0.214,0.214
0.579,148.593,123.276,-1.355,1.355,0.209,0.209
0.580,148.724,123.108,-1.383,1.383,0.198,0.198
0.583,148.511,122.645,-1.408,1.408,0.179,0.179
0.583,148.136,122.694,-1.383,1.383,0.169,0.169
0.579,147.777,123.205,-1.299,1.299,0.163,0.163
0.578,147.614,123.391,-1.195,1.195,0.160,0.160
0.577,147.663,123.533,-1.009,1.009,0.165,0.165
0.575,147.859,123.802,-0.818,0.818,0.160,0.160
0.575,148.087,123.807,-0.612,0.612,0.172,0.172
0.574,148.218,123.940,-0.409,0.409,0.150,0.150
0.573,148.218,124.063,-0.261,0.261,0.180,0.180
0.571,148.185,124.358,-0.110,0.110,0.195,0.195
0.568,148.022,124.805,0.012,0.012,0.192,0.192
0.566,147.761,125.187,0.145,0.145,0.183,0.183
0.566,147.679,125.167,0.295,0.295,0.177,0.177
0.569,147.646,124.683,0.441,0.441,0.186,0.186
0.570,147.695,124.541,0.559,0.559,0.166,0.166
0.569,147.859,124.746,0.661,0.661,0.195,0.195
0.567,148.103,125.041,0.697,0.697,0.217,0.217
0.564,148.218,125.385,0.745,0.745,0.212,0.212
0.564,148.218,125.483,0.725,0.725,0.220,0.220
0.562,148.022,125.689,0.736,0.736,0.230,0.230
0.562,147.826,125.822,0.717,0.717,0.252,0.252
0.561,147.663,125.944,0.783,0.783,0.240,0.240
0.559,147.826,126.238,0.807,0.807,0.249,0.249
0.555,148.250,126.729,0.877,0.877,0.262,0.262
0.554,148.593,126.867,0.887,0.887,0.256,0.256
0.558,148.903,126.408,0.899,0.899,0.262,0.262
0.557,148.936,126.532,0.865,0.865,0.276,0.276
0.557,148.642,126.502,0.832,0.832,0.285,0.285
0.554,148.103,126.930,0.746,0.746,0.299,0.299
0.553,147.565,127.097,0.678,0.678,0.301,0.301
0.552,147.238,127.288,0.580,0.580,0.308,0.308
0.552,147.108,127.224,0.497,0.497,0.299,0.299
0.550,147.157,127.453,0.354,0.354,0.296,0.296
0.550,147.189,127.483,0.299,0.299,0.276,0.276
0.548,147.369,127.790,0.261,0.261,0.282,0.282
0.546,147.434,128.177,0.252,0.252,0.282,0.282
0.543,147.304,128.519,0.282,0.282,0.279,0.279
0.543,147.026,128.606,0.310,0.310,0.273,0.273
0.544,146.618,128.407,0.330,0.330,0.281,0.281
0.545,146.276,128.198,0.342,0.342,0.279,0.279
0.544,146.145,128.440,0.345,0.345,0.267,0.267
0.542,146.178,128.692,0.389,0.389,0.276,0.276
0.540,146.406,128.959,0.389,0.389,0.284,0.284
0.540,146.732,129.061,0.417,0.417,0.270,0.270
0.539,147.140,129.169,0.420,0.420,0.279,0.279
0.538,147.238,129.266,0.380,0.380,0.287,0.287
0.536,147.287,129.559,0.333,0.333,0.285,0.285
0.537,147.189,129.481,0.290,0.290,0.304,0.304
0.535,147.336,129.750,0.345,0.345,0.273,0.273
0.532,147.402,130.155,0.339,0.339,0.264,0.264
0.530,147.304,130.400,0.302,0.302,0.266,0.266
0.532,147.173,130.126,0.230,0.230,0.281,0.281
0.534,147.140,129.887,0.130,0.130,0.273,0.273
0.532,146.994,130.126,-0.017,0.017,0.262,0.262
0.531,146.471,130.316,-0.127,0.127,0.284,0.284
0.529,145.753,130.587,-0.269,0.269,0.270,0.270
0.527,145.280,130.838,-0.380,0.380,0.267,0.267
0.526,144.823,130.973,-0.557,0.557,0.258,0.258
0.526,144.252,131.107,-0.736,0.736,0.241,0.241
0.525,143.828,131.169,-0.963,0.963,0.217,0.217
0.524,143.697,131.322,-1.114,1.114,0.191,0.191
0.521,143.730,131.770,-1.271,1.271,0.160,0.160
0.518,143.779,132.146,-1.338,1.338,0.169,0.169
0.517,143.583,132.375,-1.399,1.399,0.175,0.175
0.520,143.191,131.857,-1.383,1.383,0.163,0.163
0.521,142.832,131.781,-1.402,1.402,0.174,0.174
0.520,142.587,131.847,-1.367,1.367,0.175,0.175
0.520,142.522,131.965,-1.366,1.366,0.180,0.180
0.517,142.799,132.396,-1.305,1.305,0.166,0.166
0.516,143.175,132.462,-1.311,1.311,0.180,0.180
0.514,143.517,132.747,-1.236,1.236,0.179,0.179
0.513,143.876,132.843,-1.146,1.146,0.180,0.180
0.513,144.333,132.967,-1.019,1.019,0.182,0.182
0.512,144.692,133.034,-0.917,0.917,0.171,0.171
0.510,144.986,133.394,-0.804,0.804,0.180,0.180
0.507,145.182,133.837,-0.594,0.594,0.191,0.191
0.505,145.035,134.010,-0.417,0.417,0.185,0.185
0.507,144.709,133.789,-0.243,0.243,0.191,0.191
0.508,144.366,133.607,-0.037,0.037,0.209,0.209
0.507,144.154,133.712,0.169,0.169,0.211,0.211
0.506,144.056,133.870,0.342,0.342,0.243,0.243
0.504,143.876,134.209,0.545,0.545,0.240,0.240
0.504,143.550,134.275,0.682,0.682,0.237,0.237
0.502,143.338,134.494,0.826,0.826,0.243,0.243
0.501,142.995,134.641,0.913,0.913,0.243,0.243
0.501,142.669,134.651,1.033,1.033,0.229,0.229
0.500,142.179,134.788,1.154,1.154,0.223,0.223
0.499,141.885,134.920,1.251,1.251,0.203,0.203
0.497,141.739,135.225,1.268,1.268,0.220,0.220
0.493,141.788,135.719,1.312,1.312,0.221,0.221
0.492,141.788,135.968,1.347,1.347,0.224,0.224
0.494,141.804,135.667,1.375,1.375,0.221,0.221
0.494,141.608,135.569,1.331,1.331,0.243,0.243
0.495,141.363,135.498,1.302,1.302,0.249,0.249
0.494,141.216,135.695,1.283,1.283,0.233,0.233
0.492,141.086,135.943,1.268,1.268,0.266,0.266
0.490,140.874,136.247,1.212,1.212,0.288,0.288
0.490,140.759,136.228,1.151,1.151,0.288,0.288
0.489,140.727,136.359,1.062,1.062,0.290,0.290
0.488,140.759,136.462,1.000,1.000,0.291,0.291
0.486,140.825,136.770,0.870,0.870,0.319,0.319
0.486,140.939,136.831,0.774,0.774,0.328,0.328
0.482,141.167,137.289,0.656,0.656,0.343,0.343
0.481,141.298,137.523,0.595,0.595,0.346,0.346
0.481,141.298,137.434,0.526,0.526,0.346,0.346
0.483,141.151,137.195,0.516,0.516,0.343,0.343
0.483,140.874,137.191,0.530,0.530,0.368,0.368
0.481,140.629,137.443,0.566,0.566,0.322,0.322
0.479,140.351,137.741,0.638,0.638,0.307,0.307
0.477,140.237,138.001,0.665,0.665,0.307,0.307
0.477,140.417,138.048,0.719,0.719,0.307,0.307
0.476,140.857,138.132,0.742,0.742,0.302,0.302
0.475,141.102,138.309,0.783,0.783,0.293,0.293
0.474,140.923,138.454,0.850,0.850,0.291,0.291
0.473,140.612,138.534,0.891,0.891,0.273,0.273
0.470,140.335,139.055,0.932,0.932,0.269,0.269
0.468,140.253,139.242,0.990,0.990,0.270,0.270
0.468,140.302,139.251,0.993,0.993,0.267,0.267
0.471,140.482,138.813,0.983,0.983,0.275,0.275
0.471,140.710,138.934,0.900,0.900,0.278,0.278
0.468,140.841,139.238,0.848,0.848,0.278,0.278
0.467,140.825,139.392,0.728,0.728,0.301,0.301
0.466,140.808,139.569,0.647,0.647,0.308,0.308
0.464,140.776,139.794,0.516,0.516,0.316,0.316
0.463,140.612,139.938,0.432,0.432,0.322,0.322
0.463,140.384,139.985,0.302,0.302,0.336,0.336
0.461,140.270,140.245,0.230,0.230,0.337,0.337
0.460,140.384,140.352,0.150,0.150,0.314,0.314
0.458,140.710,140.758,0.110,0.110,0.293,0.293
0.456,140.841,141.024,0.027,0.027,0.279,0.279
0.456,140.629,140.949,-0.040,0.040,0.246,0.246
0.458,140.221,140.633,-0.180,0.180,0.247,0.247
0.458,139.715,140.753,-0.285,0.285,0.255,0.255
0.458,139.176,140.744,-0.394,0.394,0.255,0.255
0.456,138.866,140.984,-0.375,0.375,0.250,0.250
0.453,138.621,141.347,-0.353,0.353,0.255,0.255
0.453,138.426,141.435,-0.371,0.371,0.253,0.253
0.452,138.295,141.545,-0.353,0.353,0.249,0.249
0.451,138.311,141.650,-0.313,0.313,0.247,0.247
0.450,138.311,141.824,-0.276,0.276,0.273,0.273
0.449,138.181,141.976,-0.221,0.221,0.249,0.249
0.446,137.773,142.324,-0.169,0.169,0.240,0.240
0.443,137.283,142.716,-0.131,0.131,0.243,0.243
0.442,136.761,142.847,-0.121,0.121,0.246,0.246
0.445,136.435,142.549,-0.119,0.119,0.226,0.226
0.445,136.500,142.562,-0.073,0.073,0.235,0.235
0.446,136.728,142.431,-0.066,0.066,0.232,0.232
0.444,136.924,142.662,-0.018,0.018,0.240,0.240
0.443,136.957,142.812,-0.063,0.063,0.244,0.244
0.440,136.875,143.193,-0.035,0.035,0.250,0.250
0.440,136.696,143.189,-0.069,0.069,0.258,0.258
0.439,136.304,143.388,-0.079,0.079,0.266,0.266
0.438,135.798,143.402,-0.084,0.084,0.272,0.272
0.436,135.292,143.671,-0.040,0.040,0.267,0.267
0.434,134.770,143.980,-0.002,0.002,0.276,0.276
0.431,134.280,144.373,0.102,0.102,0.273,0.273
0.430,133.970,144.577,0.174,0.174,0.276,0.276
0.433,133.676,144.071,0.296,0.296,0.273,0.273
0.434,133.171,144.027,0.304,0.304,0.264,0.264
0.433,132.616,144.168,0.343,0.343,0.258,0.258
0.430,132.191,144.550,0.291,0.291,0.246,0.246
0.429,131.963,144.682,0.235,0.235,0.238,0.238
0.427,131.751,144.970,0.154,0.154,0.238,0.238
0.428,131.685,144.844,0.110,0.110,0.233,0.233
0.427,131.996,144.905,0.031,0.031,0.226,0.226
0.426,132.501,145.041,-0.023,0.023,0.200,0.200
0.425,133.056,145.221,-0.127,0.127,0.183,0.183
0.424,133.562,145.372,-0.211,0.211,0.153,0.153
0.420,134.036,145.811,-0.299,0.299,0.154,0.154
0.418,134.411,146.162,-0.365,0.365,0.150,0.150
0.420,134.476,145.859,-0.427,0.427,0.169,0.169
0.419,134.476,145.931,-0.487,0.487,0.175,0.175
0.421,134.395,145.757,-0.583,0.583,0.230,0.230
0.419,134.231,145.948,-0.674,0.674,0.223,0.223
0.418,133.856,146.162,-0.734,0.734,0.223,0.223
0.417,133.464,146.295,-0.781,0.781,0.246,0.246
0.415,133.203,146.578,-0.804,0.804,0.256,0.256
0.413,132.795,146.741,-0.794,0.794,0.258,0.258
0.413,132.338,146.789,-0.777,0.777,0.256,0.256
0.411,131.832,147.004,-0.729,0.729,0.261,0.261
0.412,131.180,146.982,-0.658,0.658,0.241,0.241
0.409,130.461,147.277,-0.632,0.632,0.230,0.230
0.407,129.678,147.596,-0.554,0.554,0.215,0.215
0.406,128.960,147.695,-0.493,0.493,0.211,0.211
0.408,128.699,147.400,-0.412,0.412,0.203,0.203
0.408,128.829,147.391,-0.356,0.356,0.212,0.212
0.408,129.025,147.434,-0.262,0.262,0.208,0.208
0.406,129.205,147.768,-0.186,0.186,0.221,0.221
0.404,129.450,148.000,-0.017,0.017,0.226,0.226
0.402,129.678,148.176,0.131,0.131,0.230,0.230
0.402,129.956,148.232,0.349,0.349,0.237,0.237
0.401,130.168,148.344,0.557,0.557,0.255,0.255
0.400,130.412,148.439,0.826,0.826,0.269,0.269
0.399,130.625,148.660,1.019,1.019,0.276,0.276
0.396,130.886,149.033,1.199,1.199,0.295,0.295
0.394,131.000,149.289,1.370,1.370,0.316,0.316
0.393,131.147,149.376,1.703,1.703,0.311,0.311
0.396,131.196,148.976,2.042,2.042,0.319,0.319
0.397,131.098,148.893,2.323,2.323,0.307,0.307
0.396,130.788,149.058,2.580,2.580,0.330,0.330
0.393,130.527,149.344,2.751,2.751,0.340,0.340
0.392,130.266,149.552,2.846,2.846,0.340,0.340
0.390,129.874,149.802,2.899,2.899,0.340,0.340
0.389,129.384,149.875,2.918,2.918,0.354,0.354
0.389,129.058,149.956,2.883,2.883,0.353,0.353
0.388,128.764,150.080,2.738,2.738,0.404,0.404
0.387,128.585,150.157,2.550,2.550,0.386,0.386
0.384,128.356,150.506,2.301,2.301,0.382,0.382
0.381,128.111,150.902,2.020,2.020,0.375,0.375
0.381,128.013,150.999,1.735,1.735,0.371,0.371
0.379,127.997,151.152,1.450,1.450,0.343,0.343
0.383,128.177,150.672,1.184,1.184,0.342,0.342
0.382,128.585,150.847,0.881,0.881,0.313,0.313
0.382,128.944,150.779,0.584,0.584,0.310,0.310
0.380,129.058,151.044,0.298,0.298,0.295,0.295
0.378,129.058,151.356,0.017,0.017,0.259,0.259
0.378,128.993,151.378,-0.284,0.284,0.230,0.230
0.377,128.829,151.476,-0.516,0.516,0.209,0.209
0.376,128.454,151.608,-0.778,0.778,0.197,0.197
0.375,127.948,151.753,-0.972,0.972,0.180,0.180
0.374,127.410,151.909,-1.213,1.213,0.185,0.185
0.370,126.871,152.382,-1.405,1.405,0.174,0.174
0.368,126.414,152.596,-1.605,1.605,0.169,0.169
0.368,126.104,152.566,-1.729,1.729,0.160,0.160
0.371,125.827,152.253,-1.868,1.868,0.174,0.174
0.371,125.827,152.216,-1.936,1.936,0.148,0.148
0.368,125.957,152.595,-2.008,2.008,0.130,0.130
0.367,126.088,152.779,-1.984,1.984,0.133,0.133
0.366,125.941,152.834,-1.967,1.967,0.133,0.133
0.366,125.533,152.842,-1.856,1.856,0.130,0.130
0.364,125.337,153.104,-1.755,1.755,0.133,0.133
0.364,125.419,153.112,-1.561,1.561,0.134,0.134
0.363,125.712,153.246,-1.331,1.331,0.151,0.151
0.362,125.876,153.425,-1.012,1.012,0.169,0.169
0.359,125.745,153.805,-0.798,0.798,0.185,0.185
0.355,125.614,154.201,-0.566,0.566,0.201,0.201
0.355,125.419,154.238,-0.368,0.368,0.215,0.215
0.358,125.011,153.860,-0.067,0.067,0.224,0.224
0.359,124.537,153.732,0.203,0.203,0.233,0.233
0.358,123.999,153.860,0.397,0.397,0.243,0.243
0.355,123.509,154.250,0.574,0.574,0.255,0.255
0.354,123.003,154.356,0.775,0.775,0.252,0.252
0.352,122.514,154.576,0.920,0.920,0.259,0.259
0.351,122.204,154.701,1.056,1.056,0.255,0.255
0.351,121.959,154.742,1.119,1.119,0.270,0.270
0.349,121.583,154.924,1.149,1.149,0.243,0.243
0.350,121.110,154.863,1.164,1.164,0.264,0.264
0.347,120.735,155.224,1.090,1.090,0.267,0.267
0.344,120.474,155.552,1.018,1.018,0.266,0.266
0.343,120.278,155.692,0.893,0.893,0.258,0.258
0.343,120.343,155.748,0.803,0.803,0.255,0.255
0.346,120.539,155.292,0.676,0.676,0.255,0.255
0.346,120.702,155.352,0.578,0.578,0.261,0.261
0.344,120.735,155.625,0.432,0.432,0.262,0.262
0.342,120.539,155.813,0.325,0.325,0.264,0.264
0.340,120.310,156.056,0.195,0.195,0.255,0.255
0.340,120.017,156.068,0.107,0.107,0.252,0.252
0.339,119.592,156.227,-0.031,0.031,0.267,0.267
0.338,119.266,156.279,-0.157,0.157,0.273,0.273
0.337,119.152,156.480,-0.298,0.298,0.278,0.278
0.335,119.201,156.646,-0.392,0.392,0.279,0.279
0.332,119.070,157.041,-0.494,0.494,0.278,0.278
0.330,118.874,157.227,-0.549,0.549,0.267,0.267
0.330,118.695,157.207,-0.621,0.621,0.261,0.261
0.335,118.352,156.680,-0.592,0.592,0.275,0.275
0.334,117.781,156.829,-0.624,0.624,0.237,0.237
0.332,117.144,156.993,-0.572,0.572,0.218,0.218
0.331,116.753,157.187,-0.565,0.565,0.218,0.218
0.329,116.524,157.357,-0.548,0.548,0.220,0.220
0.328,116.524,157.515,-0.563,0.563,0.221,0.221
0.327,116.818,157.604,-0.546,0.546,0.217,0.217
0.326,117.536,157.709,-0.513,0.513,0.227,0.227
0.326,118.434,157.776,-0.465,0.465,0.220,0.220
0.323,119.625,158.115,-0.375,0.375,0.229,0.229
0.320,121.061,158.442,-0.314,0.314,0.237,0.237
0.319,122.514,158.563,-0.270,0.270,0.247,0.247
0.318,124.031,158.690,-0.229,0.229,0.247,0.247
0.321,125.516,158.343,-0.171,0.171,0.249,0.249
0.323,127.295,158.095,-0.099,0.099,0.241,0.241
0.320,129.384,158.431,-0.014,0.014,0.247,0.247
0.318,131.424,158.717,0.034,0.034,0.240,0.240
0.317,133.301,158.884,0.145,0.145,0.243,0.243
0.317,134.835,158.875,0.209,0.209,0.247,0.247
0.316,136.141,159.014,0.269,0.269,0.249,0.249
0.315,137.169,159.141,0.293,0.293,0.256,0.256
0.314,137.952,159.182,0.330,0.330,0.258,0.258
0.313,138.507,159.407,0.398,0.398,0.275,0.275
0.310,138.980,159.752,0.511,0.511,0.298,0.298
0.307,139.454,160.153,0.617,0.617,0.284,0.284
0.307,140.090,160.260,0.760,0.760,0.295,0.295
0.306,140.808,160.311,0.855,0.855,0.291,0.291
0.311,141.624,159.698,1.013,1.013,0.319,0.319
0.309,142.506,159.905,1.106,1.106,0.313,0.313
0.309,143.485,159.881,1.259,1.259,0.319,0.319
0.306,144.366,160.411,1.355,1.355,0.330,0.330
0.306,145.247,160.382,1.450,1.450,0.314,0.314
0.304,146.373,160.605,1.488,1.488,0.317,0.317
0.304,147.402,160.649,1.560,1.560,0.324,0.324
0.303,148.609,160.752,1.630,1.630,0.330,0.330
0.302,150.029,160.974,1.732,1.732,0.327,0.327
0.300,151.286,161.264,1.709,1.709,0.334,0.334
0.298,152.428,161.531,1.720,1.720,0.328,0.328
0.296,153.407,161.876,1.712,1.712,0.340,0.340
0.295,154.158,161.973,1.730,1.730,0.336,0.336
0.298,154.746,161.507,1.662,1.662,0.366,0.366
0.298,155.203,161.538,1.633,1.633,0.342,0.342
0.298,155.382,161.532,1.535,1.535,0.333,0.333
0.297,155.398,161.769,1.427,1.427,0.340,0.340
0.295,155.480,162.048,1.241,1.241,0.336,0.336
0.294,155.545,162.182,1.054,1.054,0.322,0.322
0.294,155.447,162.110,0.801,0.801,0.310,0.310
0.293,155.170,162.362,0.584,0.584,0.305,0.305
0.292,155.039,162.413,0.354,0.354,0.290,0.290
0.290,154.876,162.717,0.189,0.189,0.281,0.281
0.287,154.811,163.246,0.011,0.011,0.288,0.288
0.287,155.137,163.225,-0.133,0.133,0.285,0.285
0.286,155.496,163.446,-0.284,0.284,0.282,0.282
0.288,155.611,163.158,-0.423,0.423,0.278,0.278
0.289,155.627,162.967,-0.542,0.542,0.273,0.273
0.288,155.757,163.049,-0.664,0.664,0.261,0.261
0.286,156.116,163.437,-0.761,0.761,0.252,0.252
0.285,156.606,163.515,-0.847,0.847,0.240,0.240
0.284,157.194,163.759,-0.896,0.896,0.232,0.232
0.284,157.683,163.765,-0.983,0.983,0.221,0.221
0.284,158.173,163.796,-1.009,1.009,0.211,0.211
0.282,158.646,164.043,-1.006,1.006,0.171,0.171
0.282,158.956,163.969,-0.984,0.984,0.172,0.172
0.279,159.054,164.581,-0.952,0.952,0.166,0.166
0.277,159.021,164.839,-0.853,0.853,0.166,0.166
0.277,159.005,164.913,-0.844,0.844,0.154,0.154
0.278,158.989,164.665,-0.809,0.809,0.166,0.166
0.280,158.826,164.381,-0.801,0.801,0.140,0.140
0.279,158.630,164.591,-0.740,0.740,0.124,0.124
0.279,158.499,164.581,-0.699,0.699,0.125,0.125
0.276,158.646,164.938,-0.629,0.629,0.125,0.125
0.275,158.907,165.165,-0.563,0.563,0.139,0.139
0.274,159.038,165.275,-0.394,0.394,0.151,0.151
0.274,159.070,165.344,-0.243,0.243,0.165,0.165
0.273,159.021,165.439,-0.085,0.085,0.194,0.194
0.273,158.989,165.539,0.034,0.034,0.221,0.221
0.271,158.662,165.839,0.133,0.133,0.223,0.223
0.268,158.075,166.291,0.235,0.235,0.233,0.233
0.267,157.455,166.443,0.304,0.304,0.240,0.240
0.269,157.030,166.172,0.371,0.371,0.258,0.258
0.270,156.949,165.942,0.418,0.418,0.247,0.247
0.271,157.014,165.771,0.467,0.467,0.262,0.262
0.269,157.194,166.104,0.499,0.499,0.269,0.269
0.267,157.471,166.495,0.501,0.501,0.259,0.259
0.267,157.553,166.386,0.490,0.490,0.261,0.261
0.266,157.602,166.605,0.478,0.478,0.252,0.252
0.265,157.553,166.736,0.449,0.449,0.261,0.261
0.264,157.716,166.840,0.508,0.508,0.270,0.270
0.264,157.944,166.887,0.475,0.475,0.264,0.264
0.262,158.059,167.239,0.479,0.479,0.272,0.272
0.259,158.059,167.668,0.478,0.478,0.284,0.284
0.258,158.205,167.889,0.533,0.533,0.279,0.279
0.261,158.238,167.427,0.540,0.540,0.302,0.302
0.263,158.140,167.123,0.563,0.563,0.285,0.285
0.262,158.042,167.170,0.519,0.519,0.290,0.290
0.262,158.010,167.196,0.516,0.516,0.301,0.301
0.259,157.863,167.641,0.502,0.502,0.308,0.308
0.258,157.667,167.877,0.523,0.523,0.314,0.314
0.258,157.520,167.835,0.487,0.487,0.322,0.322
0.256,157.357,168.101,0.494,0.494,0.324,0.324
0.257,156.981,167.955,0.491,0.491,0.320,0.320
0.256,156.639,168.220,0.545,0.545,0.319,0.319
0.255,156.524,168.386,0.510,0.510,0.304,0.304
0.254,156.688,168.501,0.510,0.510,0.287,0.287
0.250,156.916,169.151,0.459,0.459,0.267,0.267
0.249,156.916,169.302,0.392,0.392,0.259,0.259
0.253,156.655,168.584,0.328,0.328,0.217,0.217
0.254,156.573,168.459,0.307,0.307,0.240,0.240
0.254,156.508,168.433,0.279,0.279,0.244,0.244
0.252,156.541,168.750,0.229,0.229,0.238,0.238
0.252,156.557,168.838,0.148,0.148,0.238,0.238
0.250,156.720,169.041,0.058,0.058,0.230,0.230
0.250,156.932,169.129,-0.026,0.026,0.243,0.243
0.250,157.063,169.140,-0.125,0.125,0.241,0.241
0.248,157.079,169.359,-0.203,0.203,0.241,0.241
0.249,157.030,169.301,-0.281,0.281,0.238,0.238
0.248,156.851,169.489,-0.304,0.304,0.240,0.240
0.242,156.508,170.310,-0.336,0.336,0.232,0.232
0.242,155.953,170.351,-0.359,0.359,0.255,0.255
0.244,155.447,170.015,-0.383,0.383,0.226,0.226
0.247,154.925,169.568,-0.397,0.397,0.212,0.212
0.248,154.501,169.475,-0.374,0.374,0.212,0.212
0.244,154.305,170.003,-0.339,0.339,0.221,0.221
0.244,154.419,170.059,-0.313,0.313,0.221,0.221
0.243,154.615,170.187,-0.279,0.279,0.235,0.235
0.243,154.582,170.141,-0.285,0.285,0.258,0.258
0.242,154.778,170.285,-0.238,0.238,0.247,0.247
0.242,155.007,170.279,-0.217,0.217,0.246,0.246
0.241,155.088,170.439,-0.200,0.200,0.249,0.249
0.239,155.072,170.742,-0.211,0.211,0.252,0.252
0.236,154.909,171.266,-0.214,0.214,0.252,0.252
0.236,154.680,171.246,-0.243,0.243,0.255,0.255
0.238,154.403,170.903,-0.218,0.218,0.246,0.246
0.242,153.962,170.335,-0.197,0.197,0.261,0.261
0.240,153.342,170.692,-0.114,0.114,0.266,0.266
0.240,152.461,170.697,-0.078,0.078,0.267,0.267
0.237,151.645,171.191,0.017,0.017,0.267,0.267
0.236,150.894,171.256,0.038,0.038,0.249,0.249
0.236,150.535,171.296,0.102,0.102,0.259,0.259
0.236,150.062,171.321,0.124,0.124,0.269,0.269
0.235,149.719,171.411,0.215,0.215,0.264,0.264
0.235,149.654,171.351,0.253,0.253,0.262,0.262
0.234,149.621,171.559,0.305,0.305,0.256,0.256
0.231,149.686,171.976,0.353,0.353,0.258,0.258
0.230,149.817,172.185,0.424,0.424,0.266,0.266
0.229,150.013,172.309,0.441,0.441,0.266,0.266
0.232,150.094,171.861,0.452,0.452,0.266,0.266
0.234,150.160,171.548,0.484,0.484,0.264,0.264
0.234,150.045,171.523,0.481,0.481,0.267,0.267
0.231,149.556,171.965,0.478,0.478,0.267,0.267
0.231,149.001,171.999,0.449,0.449,0.264,0.264
0.232,148.397,171.911,0.420,0.420,0.285,0.285
0.230,147.614,172.195,0.362,0.362,0.261,0.261
0.230,146.896,172.147,0.319,0.319,0.258,0.258
0.229,145.998,172.326,0.267,0.267,0.269,0.269
0.229,144.986,172.336,0.232,0.232,0.275,0.275
0.226,143.860,172.671,0.192,0.192,0.273,0.273
0.223,142.783,173.180,0.171,0.171,0.275,0.275
0.226,141.902,172.769,0.148,0.148,0.272,0.272
0.228,141.167,172.478,0.145,0.145,0.276,0.276
0.229,140.792,172.300,0.092,0.092,0.281,0.281
0.228,140.580,172.394,0.093,0.093,0.269,0.269
0.227,140.335,172.645,0.058,0.058,0.264,0.264
0.226,140.286,172.682,0.082,0.082,0.255,0.255
0.225,140.188,172.915,0.073,0.073,0.259,0.259
0.225,139.894,172.901,0.111,0.111,0.253,0.253
0.225,139.813,172.864,0.108,0.108,0.255,0.255
0.224,139.796,173.035,0.159,0.159,0.252,0.252
0.224,139.633,173.073,0.154,0.154,0.249,0.249
0.221,139.242,173.415,0.185,0.185,0.247,0.247
0.219,138.752,173.700,0.179,0.179,0.237,0.237
0.218,138.213,173.801,0.208,0.208,0.249,0.249
0.222,137.887,173.275,0.203,0.203,0.259,0.259
0.223,137.626,173.138,0.230,0.230,0.250,0.250
0.224,137.283,173.092,0.227,0.227,0.256,0.256
0.221,136.794,173.438,0.264,0.264,0.258,0.258
0.221,136.288,173.438,0.279,0.279,0.264,0.264
0.220,135.961,173.555,0.310,0.310,0.261,0.261
0.219,135.798,173.726,0.351,0.351,0.272,0.272
0.220,135.700,173.605,0.374,0.374,0.273,0.273
0.219,135.472,173.722,0.409,0.409,0.282,0.282
0.219,135.553,173.704,0.427,0.427,0.295,0.295
0.218,135.945,173.812,0.458,0.458,0.291,0.291
0.215,136.337,174.191,0.450,0.450,0.288,0.288
0.213,136.467,174.467,0.453,0.453,0.313,0.313
0.214,136.435,174.372,0.436,0.436,0.291,0.291
0.218,136.386,173.911,0.423,0.423,0.279,0.279
0.219,136.369,173.684,0.398,0.398,0.291,0.291
0.218,136.369,173.820,0.400,0.400,0.287,0.287
0.217,136.386,173.956,0.362,0.362,0.282,0.282
0.216,136.206,174.100,0.357,0.357,0.288,0.288
0.216,135.684,174.182,0.342,0.342,0.275,0.275
0.216,134.917,174.123,0.343,0.343,0.278,0.278
0.215,134.280,174.306,0.328,0.328,0.287,0.287
0.214,133.758,174.333,0.336,0.336,0.282,0.282
0.215,133.285,174.280,0.325,0.325,0.282,0.282
0.211,132.828,174.725,0.340,0.340,0.275,0.275
0.211,132.485,174.853,0.307,0.307,0.270,0.270
0.211,132.387,174.849,0.333,0.333,0.252,0.252
0.215,132.404,174.282,0.310,0.310,0.273,0.273
0.215,132.599,174.256,0.327,0.327,0.282,0.282
0.213,132.844,174.476,0.308,0.308,0.273,0.273
0.213,132.926,174.502,0.337,0.337,0.267,0.267
0.213,133.154,174.564,0.307,0.307,0.261,0.261
0.211,133.513,174.772,0.325,0.325,0.272,0.272
0.212,133.856,174.634,0.319,0.319,0.279,0.279
0.211,134.117,174.803,0.319,0.319,0.267,0.267
0.212,134.346,174.661,0.305,0.305,0.272,0.272
0.211,134.460,174.803,0.320,0.320,0.266,0.266
0.208,134.264,175.213,0.304,0.304,0.273,0.273
0.207,134.036,175.329,0.311,0.311,0.272,0.272
0.207,133.905,175.342,0.298,0.298,0.272,0.272
0.211,133.889,174.805,0.313,0.313,0.261,0.261
0.212,133.954,174.650,0.310,0.310,0.259,0.259
0.212,133.921,174.672,0.308,0.308,0.266,0.266
0.211,133.758,174.787,0.307,0.307,0.269,0.269
0.209,133.513,175.058,0.295,0.295,0.264,0.264
0.209,133.383,175.084,0.298,0.298,0.287,0.287
0.209,133.383,175.111,0.285,0.285,0.264,0.264
0.209,133.562,175.080,0.284,0.284,0.256,0.256
0.208,133.840,175.133,0.264,0.264,0.256,0.256
0.208,134.117,175.186,0.261,0.261,0.244,0.244
0.206,134.346,175.507,0.256,0.256,0.241,0.241
0.204,134.607,175.712,0.266,0.266,0.241,0.241
0.203,134.803,175.832,0.252,0.252,0.229,0.229
0.208,134.900,175.130,0.270,0.270,0.249,0.249
0.209,135.096,175.104,0.244,0.244,0.259,0.259
0.208,135.292,175.157,0.264,0.264,0.233,0.233
0.208,135.406,175.225,0.246,0.246,0.237,0.237
0.207,135.406,175.364,0.272,0.272,0.235,0.235
0.206,135.357,175.418,0.250,0.250,0.241,0.241
0.206,135.374,175.485,0.272,0.272,0.235,0.235
0.206,135.406,175.449,0.252,0.252,0.252,0.252
0.206,135.374,175.503,0.276,0.276,0.261,0.261
0.206,135.390,175.418,0.264,0.264,0.255,0.255
0.204,135.553,175.728,0.272,0.272,0.255,0.255
0.203,135.765,175.926,0.261,0.261,0.250,0.250
0.201,135.929,176.097,0.269,0.269,0.261,0.261
0.205,135.961,175.651,0.249,0.249,0.253,0.253
0.207,136.076,175.357,0.253,0.253,0.262,0.262
0.205,136.271,175.592,0.255,0.255,0.276,0.276
0.205,136.402,175.570,0.250,0.250,0.261,0.261
0.206,136.418,175.493,0.252,0.252,0.255,0.255
0.205,136.549,175.601,0.247,0.247,0.249,0.249
0.204,136.794,175.687,0.249,0.249,0.262,0.262
0.205,136.892,175.642,0.240,0.240,0.272,0.272
0.203,136.908,175.810,0.240,0.240,0.264,0.264
0.203,136.712,175.878,0.227,0.227,0.261,0.261
0.201,136.484,176.123,0.244,0.244,0.262,0.262
0.200,136.353,176.331,0.224,0.224,0.264,0.264
0.202,136.353,175.946,0.240,0.240,0.275,0.275
0.206,136.369,175.490,0.223,0.223,0.258,0.258
0.206,136.402,175.508,0.233,0.233,0.252,0.252
0.205,136.386,175.657,0.214,0.214,0.247,0.247
0.203,136.386,175.897,0.240,0.240,0.258,0.258
0.202,136.418,175.946,0.218,0.218,0.264,0.264
0.203,136.369,175.933,0.235,0.235,0.255,0.255
0.203,136.565,175.933,0.226,0.226,0.272,0.272
0.203,136.761,175.933,0.243,0.243,0.253,0.253
0.203,136.908,175.824,0.232,0.232,0.266,0.266
0.203,136.892,175.851,0.258,0.258,0.267,0.267
0.202,136.892,176.037,0.235,0.235,0.285,0.285
0.200,137.022,176.324,0.259,0.259,0.282,0.282
0.198,137.267,176.505,0.233,0.233,0.285,0.285
0.202,137.381,176.068,0.261,0.261,0.255,0.255
0.202,137.414,175.941,0.244,0.244,0.282,0.282
0.204,137.397,175.676,0.255,0.255,0.282,0.282
0.203,137.202,175.808,0.238,0.238,0.279,0.279
0.203,137.153,175.904,0.253,0.253,0.273,0.273
0.202,137.218,176.022,0.235,0.235,0.273,0.273
0.201,137.381,176.109,0.246,0.246,0.276,0.276
0.202,137.577,176.013,0.235,0.235,0.261,0.261
0.202,137.642,175.949,0.243,0.243,0.264,0.264
0.202,137.822,175.967,0.233,0.233,0.273,0.273
0.202,138.164,176.036,0.247,0.247,0.264,0.264
0.200,138.377,176.325,0.233,0.233,0.262,0.262
0.199,138.540,176.449,0.233,0.233,0.256,0.256
0.198,138.932,176.509,0.237,0.237,0.262,0.262
0.201,139.078,176.094,0.233,0.233,0.261,0.261
0.204,139.127,175.660,0.229,0.229,0.262,0.262
0.203,138.948,175.918,0.232,0.232,0.267,0.267
0.202,138.670,176.010,0.241,0.241,0.262,0.262
0.202,138.409,176.061,0.224,0.224,0.252,0.252
0.202,138.328,175.951,0.243,0.243,0.246,0.246
0.202,138.589,176.006,0.232,0.232,0.256,0.256
0.202,138.654,175.965,0.241,0.241,0.267,0.267
0.202,138.491,176.057,0.224,0.224,0.261,0.261
0.201,138.344,176.135,0.249,0.249,0.253,0.253
0.199,138.654,176.461,0.227,0.227,0.253,0.253
0.197,139.258,176.668,0.241,0.241,0.255,0.255
0.201,139.617,176.192,0.224,0.224,0.246,0.246
0.203,139.682,175.812,0.249,0.249,0.262,0.262
0.203,139.780,175.821,0.235,0.235,0.272,0.272
0.203,139.813,175.886,0.246,0.246,0.259,0.259
0.202,139.829,175.942,0.240,0.240,0.256,0.256
0.203,139.813,175.923,0.252,0.252,0.259,0.259
0.202,139.650,175.960,0.230,0.230,0.258,0.258
0.201,139.421,176.113,0.244,0.244,0.249,0.249
0.202,139.127,175.970,0.223,0.223,0.255,0.255
0.202,138.703,175.974,0.238,0.238,0.259,0.259
0.201,138.393,176.085,0.211,0.211,0.253,0.253
0.199,138.116,0.000,0.232,0.232,0.243,0.243
0.198,137.756,0.128,0.212,0.212,0.235,0.235
0.200,137.251,-0.127,0.232,0.232,0.227,0.227
0.202,136.777,-0.391,0.212,0.212,0.252,0.252
0.204,136.255,-0.708,0.227,0.227,0.233,0.233
0.205,135.929,-0.789,0.223,0.223,0.243,0.243
0.203,135.635,-0.640,0.218,0.218,0.240,0.240
0.203,135.439,-0.586,0.220,0.220,0.252,0.252
0.202,135.357,-0.443,0.220,0.220,0.243,0.243
0.202,135.357,-0.492,0.224,0.224,0.241,0.241
0.203,135.390,-0.613,0.217,0.217,0.261,0.261
0.203,135.390,-0.604,0.232,0.232,0.247,0.247
0.203,135.243,-0.559,0.218,0.218,0.249,0.249
0.202,134.966,-0.389,0.233,0.233,0.253,0.253
0.200,134.868,-0.166,0.218,0.218,0.256,0.256
0.199,134.688,-0.112,0.240,0.240,0.252,0.252
0.202,134.509,-0.411,0.218,0.218,0.253,0.253
0.206,134.215,-0.937,0.230,0.230,0.270,0.270
0.207,133.856,-1.057,0.221,0.221,0.258,0.258
0.204,133.317,-0.738,0.240,0.240,0.247,0.247
0.204,132.812,-0.725,0.221,0.221,0.255,0.255
0.203,132.436,-0.641,0.235,0.235,0.255,0.255
0.204,132.208,-0.685,0.224,0.224,0.253,0.253
0.204,131.849,-0.685,0.233,0.233,0.255,0.255
0.204,131.359,-0.702,0.217,0.217,0.272,0.272
0.205,130.853,-0.824,0.240,0.240,0.252,0.252
0.204,130.494,-0.698,0.217,0.217,0.246,0.246
0.201,130.249,-0.378,0.232,0.232,0.252,0.252
0.202,130.053,-0.413,0.223,0.223,0.255,0.255
0.203,129.972,-0.624,0.235,0.235,0.256,0.256
0.207,129.972,-1.072,0.218,0.218,0.252,0.252
0.206,129.988,-1.038,0.237,0.237,0.255,0.255
0.207,129.825,-1.085,0.218,0.218,0.252,0.252
0.206,129.613,-0.943,0.233,0.233,0.250,0.250
0.206,129.319,-1.016,0.214,0.214,0.255,0.255
0.206,129.058,-0.948,0.235,0.235,0.258,0.258
0.205,128.797,-0.884,0.226,0.226,0.259,0.259
0.206,128.421,-1.003,0.226,0.226,0.261,0.261
0.207,127.948,-1.063,0.229,0.229,0.261,0.261
0.206,127.393,-0.986,0.247,0.247,0.261,0.261
0.203,127.051,-0.640,0.246,0.246,0.290,0.290
0.203,126.806,-0.611,0.243,0.243,0.273,0.273
0.206,126.447,-0.951,0.256,0.256,0.276,0.276
0.209,125.973,-1.382,0.237,0.237,0.275,0.275
0.209,125.353,-1.357,0.240,0.240,0.281,0.281
0.208,124.717,-1.245,0.240,0.240,0.250,0.250
0.208,124.374,-1.171,0.247,0.247,0.272,0.272
0.208,123.982,-1.278,0.233,0.233,0.276,0.276
0.208,123.705,-1.278,0.249,0.249,0.267,0.267
0.209,123.411,-1.335,0.227,0.227,0.272,0.272
0.209,123.036,-1.360,0.241,0.241,0.259,0.259
0.210,122.693,-1.425,0.233,0.233,0.262,0.262
0.208,122.448,-1.254,0.240,0.240,0.264,0.264
0.208,122.220,-1.177,0.221,0.221,0.261,0.261
0.206,121.975,-1.048,0.226,0.226,0.259,0.259
0.206,121.567,-1.040,0.221,0.221,0.258,0.258
0.209,121.094,-1.390,0.237,0.237,0.255,0.255
0.212,120.555,-1.734,0.220,0.220,0.276,0.276
0.214,120.066,-1.918,0.249,0.249,0.250,0.250
0.212,119.429,-1.707,0.226,0.226,0.246,0.246
0.211,118.825,-1.605,0.247,0.247,0.252,0.252
0.212,118.303,-1.695,0.220,0.220,0.250,0.250
0.212,117.683,-1.742,0.253,0.253,0.252,0.252
0.211,117.112,-1.641,0.230,0.230,0.249,0.249
0.212,116.606,-1.726,0.246,0.246,0.267,0.267
0.212,116.084,-1.772,0.230,0.230,0.253,0.253
0.211,115.627,-1.649,0.247,0.247,0.253,0.253
0.209,115.121,-1.339,0.235,0.235,0.258,0.258
0.211,114.647,-1.618,0.247,0.247,0.255,0.255
0.215,114.158,-2.020,0.247,0.247,0.256,0.256
0.215,113.701,-2.046,0.255,0.255,0.252,0.252
0.215,113.195,-2.103,0.243,0.243,0.249,0.249
0.216,112.526,-2.136,0.252,0.252,0.258,0.258
0.215,111.791,-2.073,0.246,0.246,0.261,0.261
0.215,110.992,-2.080,0.246,0.246,0.258,0.258
0.215,110.290,-2.011,0.243,0.243,0.258,0.258
0.216,109.670,-2.149,0.232,0.232,0.237,0.237
0.216,109.033,-2.146,0.247,0.247,0.252,0.252
0.215,108.364,-2.095,0.227,0.227,0.249,0.249
0.215,107.711,-2.077,0.240,0.240,0.250,0.250
0.214,107.222,-1.967,0.221,0.221,0.233,0.233
0.213,106.765,-1.839,0.226,0.226,0.233,0.233
0.216,106.308,-2.196,0.214,0.214,0.227,0.227
0.219,105.965,-2.527,0.226,0.226,0.249,0.249
0.220,105.704,-2.622,0.206,0.206,0.229,0.229
0.219,105.296,-2.454,0.224,0.224,0.230,0.230
0.219,104.676,-2.520,0.221,0.221,0.230,0.230
0.219,103.909,-2.482,0.237,0.237,0.233,0.233
0.219,103.468,-2.492,0.223,0.223,0.237,0.237
0.220,103.191,-2.574,0.241,0.241,0.235,0.235
0.220,102.881,-2.564,0.227,0.227,0.249,0.249
0.220,102.391,-2.598,0.252,0.252,0.238,0.238
0.220,101.869,-2.568,0.235,0.235,0.252,0.252
0.218,101.330,-2.392,0.261,0.261,0.247,0.247
0.219,100.857,-2.459,0.249,0.249,0.255,0.255
0.221,100.367,-2.636,0.262,0.262,0.249,0.249
0.223,99.894,-2.855,0.255,0.255,0.255,0.255
0.225,99.404,-3.107,0.285,0.285,0.238,0.238
0.224,98.899,-2.982,0.282,0.282,0.259,0.259
0.224,98.409,-2.962,0.291,0.291,0.269,0.269
0.224,98.083,-3.008,0.314,0.314,0.264,0.264
0.224,97.675,-3.011,0.348,0.348,0.255,0.255
0.224,97.234,-3.021,0.380,0.380,0.258,0.258
0.224,96.875,-2.985,0.391,0.391,0.262,0.262
0.225,96.287,-3.104,0.410,0.410,0.266,0.266
0.225,95.602,-3.104,0.401,0.401,0.261,0.261
0.223,94.786,-2.883,0.403,0.403,0.252,0.252
0.223,94.068,-2.851,0.403,0.403,0.252,0.252
0.223,93.268,-2.882,0.400,0.400,0.256,0.256
0.228,92.599,-3.342,0.383,0.383,0.252,0.252
0.230,91.979,-3.544,0.380,0.380,0.258,0.258
0.229,91.489,-3.419,0.362,0.362,0.261,0.261
0.229,91.049,-3.443,0.351,0.351,0.258,0.258
0.229,90.575,-3.431,0.313,0.313,0.256,0.256
0.230,90.216,-3.554,0.320,0.320,0.253,0.253
0.230,90.118,-3.551,0.282,0.282,0.261,0.261
0.230,90.118,-3.497,0.282,0.282,0.279,0.279
0.231,90.151,-3.620,0.261,0.261,0.259,0.259
0.231,90.037,-3.629,0.264,0.264,0.261,0.261
0.229,89.743,-3.450,0.240,0.240,0.261,0.261
0.229,89.498,-3.426,0.247,0.247,0.270,0.270
0.230,89.270,-3.548,0.215,0.215,0.264,0.264
0.233,89.172,-3.838,0.221,0.221,0.267,0.267
0.236,88.845,-4.056,0.185,0.185,0.240,0.240
0.237,88.225,-4.170,0.195,0.195,0.264,0.264
0.235,87.621,-3.984,0.157,0.157,0.273,0.273
0.235,87.083,-3.981,0.160,0.160,0.267,0.267
0.234,86.593,-3.920,0.140,0.140,0.262,0.262
0.236,86.104,-4.041,0.150,0.150,0.262,0.262
0.236,85.614,-4.069,0.131,0.131,0.279,0.279
0.237,85.141,-4.182,0.139,0.139,0.258,0.258
0.237,84.782,-4.174,0.121,0.121,0.269,0.269
0.238,84.553,-4.208,0.124,0.124,0.262,0.262
0.234,84.292,-3.931,0.118,0.118,0.258,0.258
0.235,84.080,-3.964,0.131,0.131,0.256,0.256
0.238,83.852,-4.276,0.127,0.127,0.264,0.264
0.242,83.721,-4.548,0.122,0.122,0.240,0.240
0.242,83.558,-4.598,0.121,0.121,0.238,0.238
0.242,83.362,-4.565,0.110,0.110,0.237,0.237
0.240,83.133,-4.449,0.116,0.116,0.243,0.243
0.242,82.709,-4.592,0.124,0.124,0.237,0.237
0.241,82.220,-4.488,0.140,0.140,0.232,0.232
0.243,81.665,-4.684,0.151,0.151,0.243,0.243
0.243,81.175,-4.684,0.163,0.163,0.235,0.235
0.244,80.522,-4.764,0.189,0.189,0.232,0.232
0.242,79.804,-4.573,0.206,0.206,0.240,0.240
0.241,79.053,-4.494,0.212,0.212,0.243,0.243
0.241,78.303,-4.509,0.246,0.246,0.244,0.244
0.245,77.895,-4.823,0.246,0.246,0.246,0.246
0.248,77.634,-5.068,0.269,0.269,0.244,0.244
0.248,77.454,-5.065,0.249,0.249,0.252,0.252
0.248,77.356,-5.019,0.267,0.267,0.249,0.249
0.248,77.389,-5.075,0.240,0.240,0.249,0.249
0.249,77.356,-5.157,0.253,0.253,0.243,0.243
0.249,77.405,-5.109,0.233,0.233,0.243,0.243
0.251,77.519,-5.242,0.255,0.255,0.250,0.250
0.251,77.780,-5.255,0.227,0.227,0.246,0.246
0.251,77.911,-5.247,0.240,0.240,0.246,0.246
0.251,77.748,-5.276,0.230,0.230,0.243,0.243
0.250,77.519,-5.206,0.243,0.243,0.241,0.241
0.248,77.226,-5.081,0.224,0.224,0.223,0.223
0.250,76.785,-5.206,0.238,0.238,0.224,0.224
0.252,76.246,-5.353,0.220,0.220,0.226,0.226
0.256,75.692,-5.653,0.229,0.229,0.224,0.224
0.258,74.827,-5.770,0.221,0.221,0.232,0.232
0.256,74.353,-5.683,0.243,0.243,0.233,0.233
0.256,73.962,-5.676,0.237,0.237,0.233,0.233
0.256,73.831,-5.651,0.244,0.244,0.227,0.227
0.258,74.060,-5.799,0.243,0.243,0.256,0.256
0.258,74.321,-5.804,0.252,0.252,0.230,0.230
0.257,74.598,-5.752,0.247,0.247,0.235,0.235
0.259,74.876,-5.851,0.241,0.241,0.238,0.238
0.259,75.120,-5.906,0.258,0.258,0.244,0.244
0.256,75.332,-5.679,0.240,0.240,0.240,0.240
0.257,75.577,-5.719,0.249,0.249,0.246,0.246
0.259,75.773,-5.897,0.235,0.235,0.235,0.235
0.263,75.724,-6.166,0.258,0.258,0.246,0.246
0.265,75.381,-6.346,0.247,0.247,0.258,0.258
0.264,74.843,-6.296,0.261,0.261,0.258,0.258
0.264,74.255,-6.247,0.243,0.243,0.249,0.249
0.264,73.782,-6.264,0.266,0.266,0.252,0.252
0.265,73.129,-6.313,0.237,0.237,0.247,0.247
0.266,72.411,-6.416,0.261,0.261,0.230,0.230
0.266,71.856,-6.392,0.243,0.243,0.249,0.249
0.267,71.497,-6.464,0.272,0.272,0.247,0.247
0.267,71.252,-6.492,0.244,0.244,0.246,0.246
0.264,71.073,-6.261,0.273,0.273,0.246,0.246
0.265,70.975,-6.336,0.249,0.249,0.233,0.233
0.268,70.828,-6.534,0.262,0.262,0.249,0.249
0.272,70.763,-6.841,0.256,0.256,0.256,0.256
0.273,70.714,-6.879,0.266,0.266,0.249,0.249
0.274,70.583,-6.947,0.252,0.252,0.244,0.244
0.273,70.485,-6.900,0.253,0.253,0.246,0.246
0.272,70.485,-6.856,0.246,0.246,0.252,0.252
0.274,70.436,-6.961,0.249,0.249,0.264,0.264
0.274,70.355,-6.979,0.240,0.240,0.252,0.252
0.275,70.094,-7.052,0.258,0.258,0.243,0.243
0.277,69.963,-7.156,0.249,0.249,0.252,0.252
0.275,69.947,-7.017,0.264,0.264,0.250,0.250
0.274,69.980,-6.998,0.253,0.253,0.256,0.256
0.274,69.996,-6.980,0.266,0.266,0.273,0.273
0.274,69.849,-6.966,0.262,0.262,0.258,0.258
0.280,69.457,-7.398,0.258,0.258,0.275,0.275
0.282,69.049,-7.506,0.262,0.262,0.284,0.284
0.282,68.935,-7.563,0.258,0.258,0.269,0.269
0.282,68.804,-7.519,0.252,0.252,0.269,0.269
0.282,68.609,-7.519,0.255,0.255,0.269,0.269
0.283,68.641,-7.585,0.261,0.261,0.270,0.270
0.282,68.902,-7.540,0.243,0.243,0.253,0.253
0.283,69.033,-7.615,0.262,0.262,0.266,0.266
0.285,69.229,-7.716,0.244,0.244,0.267,0.267
0.286,69.408,-7.771,0.247,0.247,0.262,0.262
0.284,69.555,-7.682,0.240,0.240,0.249,0.249
0.284,69.359,-7.638,0.252,0.252,0.270,0.270
0.284,69.131,-7.663,0.240,0.240,0.252,0.252
0.288,68.821,-7.917,0.247,0.247,0.249,0.249
0.291,68.527,-8.129,0.252,0.252,0.243,0.243
0.291,68.315,-8.163,0.252,0.252,0.249,0.249
0.291,67.923,-8.151,0.237,0.237,0.249,0.249
0.292,67.434,-8.221,0.252,0.252,0.250,0.250
0.292,66.748,-8.197,0.233,0.233,0.264,0.264
0.293,66.030,-8.256,0.250,0.250,0.244,0.244
0.294,65.606,-8.332,0.227,0.227,0.247,0.247
0.295,65.328,-8.391,0.258,0.258,0.249,0.249
0.294,65.165,-8.376,0.241,0.241,0.250,0.250
0.294,65.067,-8.363,0.253,0.253,0.252,0.252
0.293,65.067,-8.302,0.240,0.240,0.252,0.252
0.293,65.100,-8.277,0.269,0.269,0.253,0.253
0.299,65.263,-8.676,0.244,0.244,0.247,0.247
0.301,65.671,-8.800,0.256,0.256,0.249,0.249
0.302,65.981,-8.885,0.247,0.247,0.252,0.252
0.301,66.128,-8.815,0.255,0.255,0.256,0.256
0.302,65.948,-8.872,0.238,0.238,0.256,0.256
0.303,65.671,-8.925,0.259,0.259,0.256,0.256
0.303,65.394,-8.933,0.244,0.244,0.261,0.261
0.304,65.116,-8.996,0.252,0.252,0.249,0.249
0.304,64.888,-9.033,0.247,0.247,0.253,0.253
0.306,64.512,-9.127,0.244,0.244,0.249,0.249
0.306,64.170,-9.136,0.241,0.241,0.255,0.255
0.304,63.876,-9.034,0.223,0.223,0.249,0.249
0.303,63.484,-8.970,0.227,0.227,0.240,0.240
0.305,63.044,-9.042,0.218,0.218,0.230,0.230
0.311,62.489,-9.470,0.223,0.223,0.227,0.227
0.313,61.820,-9.549,0.211,0.211,0.233,0.233
0.314,61.265,-9.598,0.230,0.230,0.237,0.237
0.314,60.906,-9.602,0.212,0.212,0.233,0.233
0.312,60.481,-9.509,0.229,0.229,0.232,0.232
0.313,60.204,-9.591,0.220,0.220,0.237,0.237
0.314,60.090,-9.655,0.230,0.230,0.218,0.218
0.316,59.959,-9.743,0.218,0.218,0.230,0.230
0.317,59.763,-9.786,0.227,0.227,0.246,0.246
0.317,59.649,-9.802,0.227,0.227,0.238,0.238
0.317,59.633,-9.812,0.237,0.237,0.237,0.237
0.315,59.649,-9.674,0.221,0.221,0.247,0.247
0.315,59.502,-9.691,0.237,0.237,0.246,0.246
0.321,59.127,-10.055,0.226,0.226,0.238,0.238
0.324,58.751,-10.210,0.240,0.240,0.249,0.249
0.325,58.458,-10.260,0.221,0.221,0.255,0.255
0.325,58.229,-10.262,0.249,0.249,0.249,0.249
0.324,58.311,-10.212,0.230,0.230,0.249,0.249
0.325,58.556,-10.291,0.230,0.230,0.243,0.243
0.326,58.686,-10.324,0.229,0.229,0.258,0.258
0.327,58.719,-10.400,0.229,0.229,0.252,0.252
0.328,58.507,-10.443,0.230,0.230,0.255,0.255
0.329,58.115,-10.505,0.220,0.220,0.250,0.250
0.327,57.756,-10.407,0.240,0.240,0.252,0.252
0.327,57.315,-10.395,0.224,0.224,0.247,0.247
0.328,56.875,-10.430,0.232,0.232,0.229,0.229
0.334,56.826,-10.799,0.218,0.218,0.244,0.244
0.335,57.038,-10.848,0.227,0.227,0.255,0.255
0.336,57.217,-10.897,0.215,0.215,0.249,0.249
0.335,57.250,-10.871,0.220,0.220,0.243,0.243
0.336,57.266,-10.916,0.209,0.209,0.243,0.243
0.336,57.185,-10.928,0.220,0.220,0.241,0.241
0.338,57.038,-11.051,0.200,0.200,0.229,0.229
0.339,56.630,-11.083,0.230,0.230,0.249,0.249
0.340,56.287,-11.141,0.214,0.214,0.261,0.261
0.341,55.993,-11.193,0.233,0.233,0.253,0.253
0.340,55.781,-11.152,0.226,0.226,0.252,0.252
0.339,55.536,-11.099,0.246,0.246,0.259,0.259
0.339,55.324,-11.091,0.227,0.227,0.270,0.270
0.343,55.210,-11.310,0.240,0.240,0.267,0.267
0.347,55.210,-11.551,0.237,0.237,0.272,0.272
0.349,55.259,-11.613,0.252,0.252,0.262,0.262
0.349,55.259,-11.650,0.227,0.227,0.270,0.270
0.349,55.063,-11.661,0.247,0.247,0.266,0.266
0.349,54.835,-11.645,0.230,0.230,0.272,0.272
0.351,54.557,-11.748,0.249,0.249,0.255,0.255
0.352,54.149,-11.800,0.227,0.227,0.282,0.282
0.351,53.823,-11.763,0.246,0.246,0.273,0.273
0.354,53.562,-11.900,0.227,0.227,0.270,0.270
0.353,53.170,-11.879,0.243,0.243,0.276,0.276
0.352,52.860,-11.792,0.227,0.227,0.282,0.282
0.352,52.550,-11.799,0.241,0.241,0.279,0.279
0.353,52.174,-11.869,0.229,0.229,0.281,0.281
0.359,51.701,-12.167,0.243,0.243,0.307,0.307
0.362,51.391,-12.297,0.230,0.230,0.279,0.279
0.363,51.228,-12.355,0.230,0.230,0.264,0.264
0.361,51.293,-12.253,0.235,0.235,0.275,0.275
0.362,51.146,-12.333,0.224,0.224,0.276,0.276
0.363,50.934,-12.348,0.233,0.233,0.281,0.281
0.364,50.804,-12.420,0.218,0.218,0.275,0.275
0.366,50.804,-12.510,0.238,0.238,0.273,0.273
0.367,50.640,-12.560,0.221,0.221,0.270,0.270
0.367,50.428,-12.580,0.229,0.229,0.269,0.269
0.367,50.134,-12.552,0.224,0.224,0.273,0.273
0.365,49.939,-12.490,0.241,0.241,0.275,0.275
0.367,49.808,-12.566,0.227,0.227,0.273,0.273
0.371,49.824,-12.776,0.237,0.237,0.272,0.272
0.375,49.824,-12.953,0.229,0.229,0.266,0.266
0.375,49.677,-12.984,0.241,0.241,0.270,0.270
0.376,49.449,-12.996,0.223,0.223,0.273,0.273
0.376,49.155,-13.042,0.250,0.250,0.267,0.267
0.377,48.959,-13.047,0.230,0.230,0.269,0.269
0.378,48.812,-13.124,0.249,0.249,0.252,0.252
0.378,48.829,-13.097,0.224,0.224,0.269,0.269
0.379,48.666,-13.191,0.249,0.249,0.273,0.273
0.381,48.453,-13.265,0.223,0.223,0.266,0.266
0.380,48.323,-13.239,0.226,0.226,0.252,0.252
0.380,48.323,-13.220,0.214,0.214,0.255,0.255
0.378,48.323,-13.119,0.232,0.232,0.240,0.240
0.383,48.225,-13.373,0.208,0.208,0.266,0.266
0.389,47.980,-13.638,0.223,0.223,0.240,0.240
0.390,47.850,-13.683,0.212,0.212,0.237,0.237
0.390,47.670,-13.708,0.221,0.221,0.244,0.244
0.391,47.637,-13.729,0.211,0.211,0.249,0.249
0.392,47.735,-13.771,0.214,0.214,0.243,0.243
0.391,47.719,-13.765,0.223,0.223,0.249,0.249
0.393,47.507,-13.842,0.212,0.212,0.256,0.256
0.393,47.393,-13.847,0.223,0.223,0.246,0.246
0.394,47.360,-13.886,0.212,0.212,0.255,0.255
0.397,47.523,-14.017,0.223,0.223,0.255,0.255
0.396,47.948,-13.973,0.209,0.209,0.252,0.252
0.396,48.453,-13.968,0.221,0.221,0.252,0.252
0.396,48.976,-13.981,0.206,0.206,0.249,0.249
0.402,49.318,-14.259,0.224,0.224,0.232,0.232
0.404,49.253,-14.388,0.200,0.200,0.256,0.256
0.404,49.123,-14.380,0.233,0.233,0.264,0.264
0.404,49.204,-14.371,0.215,0.215,0.258,0.258
0.406,49.302,-14.465,0.223,0.223,0.250,0.250
0.406,49.367,-14.480,0.212,0.212,0.249,0.249
0.408,49.351,-14.590,0.229,0.229,0.258,0.258
0.409,49.384,-14.642,0.209,0.209,0.255,0.255
0.410,49.351,-14.680,0.218,0.218,0.253,0.253
0.408,49.318,-14.593,0.215,0.215,0.252,0.252
0.409,49.351,-14.609,0.224,0.224,0.255,0.255
0.412,49.335,-14.757,0.204,0.204,0.255,0.255
0.414,49.531,-14.865,0.227,0.227,0.238,0.238
0.417,49.890,-15.021,0.204,0.204,0.246,0.246
0.418,50.412,-15.080,0.220,0.220,0.249,0.249
0.418,50.771,-15.093,0.201,0.201,0.238,0.238
0.418,50.885,-15.093,0.203,0.203,0.233,0.233
0.421,50.852,-15.214,0.206,0.206,0.240,0.240
0.422,50.836,-15.290,0.200,0.200,0.237,0.237
0.424,50.820,-15.348,0.212,0.212,0.229,0.229
0.424,50.804,-15.378,0.206,0.206,0.237,0.237
0.425,50.804,-15.427,0.212,0.212,0.247,0.247
0.426,50.820,-15.499,0.206,0.206,0.237,0.237
0.425,50.787,-15.430,0.226,0.226,0.240,0.240
0.426,50.804,-15.479,0.223,0.223,0.247,0.247
0.427,50.624,-15.519,0.229,0.229,0.262,0.262
0.433,50.428,-15.804,0.224,0.224,0.287,0.287
0.436,50.281,-15.966,0.233,0.233,0.259,0.259
0.434,50.281,-15.901,0.211,0.211,0.244,0.244
0.435,50.314,-15.950,0.243,0.243,0.255,0.255
0.435,50.477,-15.943,0.220,0.220,0.256,0.256
0.438,50.722,-16.084,0.230,0.230,0.253,0.253
0.438,50.983,-16.080,0.218,0.218,0.249,0.249
0.441,51.260,-16.211,0.232,0.232,0.266,0.266
0.441,51.342,-16.235,0.217,0.217,0.253,0.253
0.442,51.326,-16.279,0.227,0.227,0.233,0.233
0.441,51.277,-16.216,0.215,0.215,0.237,0.237
0.443,51.309,-16.322,0.230,0.230,0.235,0.235
0.443,51.114,-16.318,0.208,0.208,0.235,0.235
0.446,50.738,-16.512,0.227,0.227,0.229,0.229
0.451,50.216,-16.718,0.218,0.218,0.241,0.241
0.450,49.710,-16.715,0.233,0.233,0.227,0.227
0.450,49.351,-16.712,0.212,0.212,0.221,0.221
0.452,49.090,-16.772,0.233,0.233,0.227,0.227
0.454,49.074,-16.883,0.215,0.215,0.226,0.226
0.455,49.220,-16.928,0.224,0.224,0.226,0.226
0.456,49.498,-16.971,0.220,0.220,0.233,0.233
0.458,49.759,-17.101,0.227,0.227,0.217,0.217
0.458,49.857,-17.065,0.215,0.215,0.233,0.233
0.456,49.873,-16.969,0.235,0.235,0.238,0.238
0.458,49.824,-17.063,0.227,0.227,0.240,0.240
0.463,49.645,-17.343,0.232,0.232,0.233,0.233
0.465,49.269,-17.440,0.229,0.229,0.243,0.243
0.467,48.927,-17.521,0.233,0.233,0.238,0.238
0.468,48.764,-17.580,0.233,0.233,0.238,0.238
0.467,48.617,-17.552,0.224,0.224,0.244,0.244
0.469,48.274,-17.621,0.246,0.246,0.249,0.249
0.470,47.931,-17.663,0.226,0.226,0.240,0.240
0.472,47.768,-17.757,0.238,0.238,0.240,0.240
0.473,47.670,-17.799,0.226,0.226,0.230,0.230
0.474,47.474,-17.866,0.238,0.238,0.244,0.244
0.475,47.376,-17.911,0.224,0.224,0.241,0.241
0.475,47.507,-17.903,0.232,0.232,0.240,0.240
0.474,47.915,-17.878,0.215,0.215,0.238,0.238
0.477,48.290,-17.994,0.223,0.223,0.232,0.232
0.481,48.535,-18.222,0.201,0.201,0.218,0.218
0.484,48.764,-18.345,0.211,0.211,0.221,0.221
0.486,48.861,-18.434,0.197,0.197,0.217,0.217
0.486,48.861,-18.473,0.215,0.215,0.212,0.212
0.486,48.666,-18.436,0.197,0.197,0.221,0.221
0.488,48.307,-18.556,0.229,0.229,0.224,0.224
0.489,47.931,-18.598,0.209,0.209,0.221,0.221
0.491,47.654,-18.672,0.233,0.233,0.217,0.217
0.492,47.425,-18.726,0.209,0.209,0.246,0.246
0.492,47.180,-18.757,0.230,0.230,0.218,0.218
0.495,46.919,-18.857,0.212,0.212,0.226,0.226
0.493,46.805,-18.778,0.224,0.224,0.230,0.230
0.494,46.985,-18.820,0.220,0.220,0.243,0.243
0.495,47.246,-18.892,0.227,0.227,0.233,0.233
0.502,47.572,-19.198,0.221,0.221,0.238,0.238
0.503,47.948,-19.257,0.215,0.215,0.252,0.252
0.503,48.111,-19.282,0.227,0.227,0.238,0.238
0.504,47.980,-19.303,0.214,0.214,0.241,0.241
0.506,47.899,-19.383,0.230,0.230,0.246,0.246
0.506,47.980,-19.402,0.212,0.212,0.244,0.244
0.507,48.258,-19.446,0.233,0.233,0.247,0.247
0.509,48.535,-19.562,0.212,0.212,0.243,0.243
0.511,48.796,-19.646,0.215,0.215,0.223,0.223
0.512,48.861,-19.696,0.206,0.206,0.247,0.247
0.511,48.894,-19.625,0.227,0.227,0.249,0.249
0.511,48.992,-19.621,0.212,0.212,0.247,0.247
0.516,49.253,-19.902,0.227,0.227,0.249,0.249
0.519,49.531,-20.057,0.214,0.214,0.230,0.230
0.522,49.759,-20.177,0.229,0.229,0.246,0.246
0.521,49.873,-20.148,0.209,0.209,0.252,0.252
0.523,49.677,-20.232,0.224,0.224,0.244,0.244
0.523,49.253,-20.260,0.206,0.206,0.249,0.249
0.525,48.910,-20.343,0.223,0.223,0.249,0.249
0.527,48.764,-20.427,0.209,0.209,0.253,0.253
0.527,48.796,-20.458,0.217,0.217,0.267,0.267
0.530,48.861,-20.584,0.215,0.215,0.255,0.255
0.529,49.008,-20.542,0.211,0.211,0.237,0.237
0.530,49.220,-20.589,0.227,0.227,0.238,0.238
0.531,49.531,-20.610,0.227,0.227,0.252,0.252
0.533,49.596,-20.719,0.238,0.238,0.261,0.261
0.537,49.645,-20.951,0.232,0.232,0.267,0.267
0.539,49.759,-21.036,0.237,0.237,0.287,0.287
0.540,49.841,-21.099,0.237,0.237,0.275,0.275
0.541,49.857,-21.124,0.238,0.238,0.261,0.261
0.543,49.841,-21.223,0.230,0.230,0.270,0.270
0.543,49.808,-21.230,0.241,0.241,0.267,0.267
0.546,49.808,-21.372,0.220,0.220,0.266,0.266
0.547,49.857,-21.408,0.243,0.243,0.262,0.262
0.549,49.988,-21.506,0.220,0.220,0.258,0.258
0.550,50.396,-21.579,0.238,0.238,0.264,0.264
0.550,50.755,-21.566,0.221,0.221,0.267,0.267
0.549,50.885,-21.529,0.249,0.249,0.253,0.253
0.551,50.852,-21.630,0.220,0.220,0.252,0.252
0.555,50.820,-21.841,0.232,0.232,0.253,0.253
0.560,50.624,-22.073,0.223,0.223,0.256,0.256
0.560,50.396,-22.081,0.233,0.233,0.243,0.243
0.561,50.118,-22.146,0.218,0.218,0.250,0.250
0.562,49.743,-22.182,0.240,0.240,0.247,0.247
0.563,49.400,-22.245,0.230,0.230,0.249,0.249
0.565,49.302,-22.335,0.235,0.235,0.249,0.249
0.566,49.155,-22.395,0.224,0.224,0.241,0.241
0.568,48.943,-22.499,0.227,0.227,0.243,0.243
0.570,48.666,-22.571,0.232,0.232,0.243,0.243
0.570,48.437,-22.587,0.215,0.215,0.243,0.243
0.570,48.502,-22.571,0.232,0.232,0.249,0.249
0.572,48.698,-22.656,0.217,0.217,0.247,0.247
0.573,48.845,-22.737,0.230,0.230,0.246,0.246
0.580,48.861,-23.067,0.211,0.211,0.243,0.243
0.580,48.698,-23.087,0.237,0.237,0.246,0.246
0.581,48.453,-23.135,0.221,0.221,0.261,0.261
0.582,48.143,-23.180,0.244,0.244,0.244,0.244
0.584,47.768,-23.240,0.229,0.229,0.243,0.243
0.586,47.458,-23.357,0.246,0.246,0.247,0.247
0.586,47.474,-23.376,0.229,0.229,0.250,0.250
0.589,47.915,-23.484,0.240,0.240,0.247,0.247
0.590,48.290,-23.520,0.232,0.232,0.249,0.249
0.591,48.584,-23.580,0.243,0.243,0.261,0.261
0.590,48.796,-23.528,0.221,0.221,0.247,0.247
0.592,48.878,-23.635,0.233,0.233,0.235,0.235
0.596,48.878,-23.859,0.214,0.214,0.246,0.246
0.599,49.025,-24.006,0.217,0.217,0.229,0.229
0.601,49.400,-24.096,0.211,0.211,0.226,0.226
0.602,49.922,-24.136,0.220,0.220,0.221,0.221
0.603,49.955,-24.175,0.212,0.212,0.252,0.252
0.604,49.449,-24.256,0.212,0.212,0.227,0.227
0.606,48.943,-24.338,0.211,0.211,0.221,0.221
0.608,48.551,-24.446,0.212,0.212,0.229,0.229
0.609,48.225,-24.454,0.223,0.223,0.232,0.232
0.611,47.752,-24.566,0.208,0.208,0.235,0.235
0.613,47.262,-24.665,0.226,0.226,0.224,0.224
0.611,46.675,-24.581,0.211,0.211,0.243,0.243
0.612,46.250,-24.604,0.224,0.224,0.238,0.238
0.615,45.924,-24.773,0.214,0.214,0.244,0.244
0.621,45.989,-25.039,0.237,0.237,0.243,0.243
0.622,46.120,-25.094,0.223,0.223,0.246,0.246
0.623,45.956,-25.127,0.240,0.240,0.233,0.233
0.625,45.581,-25.202,0.218,0.218,0.243,0.243
0.625,44.896,-25.217,0.241,0.241,0.232,0.232
0.626,44.292,-25.274,0.224,0.224,0.252,0.252
0.628,44.063,-25.356,0.226,0.226,0.255,0.255
0.631,44.063,-25.494,0.233,0.233,0.247,0.247
0.632,43.819,-25.537,0.220,0.220,0.246,0.246
0.633,43.215,-25.578,0.218,0.218,0.246,0.246
0.633,42.431,-25.578,0.214,0.214,0.249,0.249
0.633,41.811,-25.569,0.229,0.229,0.243,0.243
0.637,41.436,-25.741,0.221,0.221,0.249,0.249
0.641,41.224,-25.899,0.224,0.224,0.247,0.247
0.644,40.865,-26.017,0.214,0.214,0.246,0.246
0.646,40.424,-26.103,0.224,0.224,0.249,0.249
0.646,39.853,-26.111,0.201,0.201,0.238,0.238
0.647,39.428,-26.161,0.221,0.221,0.241,0.241
0.648,38.906,-26.201,0.206,0.206,0.243,0.243
0.651,38.547,-26.290,0.224,0.224,0.241,0.241
0.651,38.466,-26.291,0.194,0.194,0.243,0.243
0.653,38.629,-26.391,0.223,0.223,0.240,0.240
0.656,39.069,-26.477,0.203,0.203,0.246,0.246
0.655,39.461,-26.474,0.230,0.230,0.243,0.243
0.656,39.722,-26.487,0.217,0.217,0.247,0.247
0.658,39.755,-26.563,0.243,0.243,0.255,0.255
0.661,39.298,-26.696,0.227,0.227,0.255,0.255
0.664,38.515,-26.829,0.233,0.233,0.267,0.267
0.668,37.682,-26.973,0.235,0.235,0.269,0.269
0.668,36.605,-26.971,0.238,0.238,0.269,0.269
0.669,35.414,-26.996,0.233,0.233,0.296,0.296
0.670,34.108,-27.043,0.237,0.237,0.267,0.267
0.672,32.721,-27.106,0.237,0.237,0.267,0.267
0.673,31.236,-27.148,0.232,0.232,0.267,0.267
0.675,29.947,-27.209,0.224,0.224,0.267,0.267
0.678,29.000,-27.280,0.230,0.230,0.258,0.258
0.678,28.592,-27.295,0.237,0.237,0.270,0.270
0.679,28.559,-27.320,0.221,0.221,0.238,0.238
0.680,28.429,-27.341,0.226,0.226,0.258,0.258
0.680,28.135,-27.351,0.212,0.212,0.262,0.262
0.686,27.580,-27.519,0.218,0.218,0.255,0.255
0.690,26.895,-27.612,0.208,0.208,0.246,0.246
0.690,26.144,-27.617,0.221,0.221,0.244,0.244
0.692,25.573,-27.668,0.218,0.218,0.246,0.246
0.693,25.051,-27.686,0.227,0.227,0.252,0.252
0.694,24.577,-27.713,0.211,0.211,0.253,0.253
0.696,24.120,-27.762,0.230,0.230,0.255,0.255
0.698,23.794,-27.818,0.208,0.208,0.247,0.247
0.698,23.680,-27.824,0.246,0.246,0.241,0.241
0.700,23.533,-27.858,0.221,0.221,0.266,0.266
0.700,23.157,-27.855,0.237,0.237,0.247,0.247
0.701,22.505,-27.881,0.215,0.215,0.244,0.244
0.704,21.754,-27.959,0.237,0.237,0.247,0.247
0.710,21.101,-28.075,0.223,0.223,0.253,0.253
0.711,20.432,-28.101,0.238,0.238,0.246,0.246
0.712,19.779,-28.117,0.235,0.235,0.252,0.252
0.713,19.175,-28.140,0.235,0.235,0.258,0.258
0.713,18.539,-28.146,0.232,0.232,0.255,0.255
0.716,17.821,-28.194,0.224,0.224,0.250,0.250
0.717,17.201,-28.213,0.241,0.241,0.256,0.256
0.719,16.711,-28.247,0.232,0.232,0.253,0.253
0.720,16.385,-28.271,0.233,0.233,0.255,0.255
0.723,16.368,-28.307,0.233,0.233,0.244,0.244
0.721,16.352,-28.280,0.233,0.233,0.244,0.244
0.723,16.548,-28.307,0.215,0.215,0.249,0.249
0.727,16.793,-28.372,0.223,0.223,0.247,0.247
0.726,16.874,-28.367,0.214,0.214,0.243,0.243
0.732,16.891,-28.463,0.215,0.215,0.224,0.224
0.735,16.842,-28.513,0.201,0.201,0.227,0.227
0.735,16.711,-28.523,0.220,0.220,0.220,0.220
0.736,16.466,-28.528,0.203,0.203,0.221,0.221
0.738,16.352,-28.559,0.217,0.217,0.229,0.229
0.738,16.336,-28.570,0.197,0.197,0.237,0.237
0.741,16.205,-28.612,0.230,0.230,0.232,0.232
0.743,15.797,-28.641,0.212,0.212,0.240,0.240
0.744,15.422,-28.663,0.233,0.233,0.255,0.255
0.746,15.144,-28.691,0.206,0.206,0.226,0.226
0.745,14.769,-28.672,0.233,0.233,0.233,0.233
0.746,13.986,-28.691,0.217,0.217,0.238,0.238
0.748,12.843,-28.711,0.233,0.233,0.246,0.246
0.753,11.684,-28.779,0.226,0.226,0.246,0.246
0.757,10.689,-28.818,0.227,0.227,0.243,0.243
0.757,9.889,-28.827,0.226,0.226,0.230,0.230
0.758,9.269,-28.833,0.214,0.214,0.247,0.247
0.759,8.682,-28.838,0.227,0.227,0.256,0.256
0.760,7.947,-28.853,0.221,0.221,0.246,0.246
0.764,7.343,-28.877,0.227,0.227,0.240,0.240
0.764,6.837,-28.881,0.224,0.224,0.246,0.246
0.766,6.413,-28.895,0.230,0.230,0.252,0.252
0.767,6.054,-28.901,0.212,0.212,0.233,0.233
0.765,5.826,-28.891,0.221,0.221,0.243,0.243
0.767,5.254,-28.899,0.209,0.209,0.244,0.244
0.772,4.373,-28.922,0.232,0.232,0.240,0.240
0.775,3.345,-28.935,0.204,0.204,0.243,0.243
0.778,2.170,-28.943,0.233,0.233,0.224,0.224
0.778,0.979,-28.943,0.212,0.212,0.243,0.243
0.779,-0.066,-28.944,0.229,0.229,0.246,0.246
0.781,-0.849,-28.943,0.214,0.214,0.240,0.240
0.782,-1.828,-28.941,0.221,0.221,0.235,0.235
0.784,-2.922,-28.936,0.212,0.212,0.243,0.243
0.786,-4.195,-28.928,0.224,0.224,0.233,0.233
0.788,-5.288,-28.918,0.212,0.212,0.240,0.240
0.788,-6.121,-28.918,0.227,0.227,0.240,0.240
0.788,-7.214,-28.919,0.215,0.215,0.244,0.244
0.789,-8.520,-28.910,0.241,0.241,0.246,0.246
0.791,-9.727,-28.895,0.226,0.226,0.244,0.244
0.795,-10.772,-28.859,0.255,0.255,0.246,0.246
0.800,-11.669,-28.799,0.235,0.235,0.261,0.261
0.801,-12.339,-28.790,0.261,0.261,0.288,0.288
0.801,-12.796,-28.785,0.244,0.244,0.267,0.267
0.802,-13.432,-28.768,0.240,0.240,0.253,0.253
0.805,-14.134,-28.732,0.240,0.240,0.262,0.262
0.806,-14.574,-28.723,0.243,0.243,0.259,0.259
0.808,-14.884,-28.692,0.237,0.237,0.266,0.266
0.810,-15.178,-28.663,0.246,0.246,0.258,0.258
0.811,-15.684,-28.646,0.240,0.240,0.262,0.262
0.811,-16.011,-28.636,0.226,0.226,0.261,0.261
0.812,-15.978,-28.629,0.238,0.238,0.259,0.259
0.812,-15.749,-28.623,0.223,0.223,0.255,0.255
0.813,-15.521,-28.602,0.230,0.230,0.256,0.256
0.821,-15.390,-28.478,0.214,0.214,0.252,0.252
0.822,-15.178,-28.468,0.233,0.233,0.247,0.247
0.823,-14.901,-28.449,0.215,0.215,0.226,0.226
0.825,-14.525,-28.422,0.224,0.224,0.243,0.243
0.825,-14.020,-28.420,0.218,0.218,0.247,0.247
0.827,-13.481,-28.397,0.230,0.230,0.243,0.243
0.830,-13.138,-28.360,0.215,0.215,0.249,0.249
0.830,-12.910,-28.351,0.227,0.227,0.252,0.252
0.833,-12.388,-28.324,0.217,0.217,0.246,0.246
0.833,-11.653,-28.321,0.227,0.227,0.229,0.229
0.832,-11.017,-28.335,0.203,0.203,0.246,0.246
0.834,-10.348,-28.310,0.238,0.238,0.247,0.247
0.835,-9.662,-28.299,0.218,0.218,0.253,0.253
0.843,-9.042,-28.226,0.232,0.232,0.247,0.247
0.845,-8.552,-28.210,0.218,0.218,0.235,0.235
0.845,-8.063,-28.210,0.246,0.246,0.247,0.247
0.847,-7.606,-28.195,0.220,0.220,0.252,0.252
0.847,-7.230,-28.189,0.246,0.246,0.246,0.246
0.849,-7.002,-28.177,0.226,0.226,0.246,0.246
0.851,-6.610,-28.166,0.241,0.241,0.250,0.250
0.853,-6.333,-28.153,0.223,0.223,0.250,0.250
0.854,-5.990,-28.142,0.244,0.244,0.255,0.255
0.856,-5.794,-28.135,0.223,0.223,0.244,0.244
0.854,-5.549,-28.142,0.233,0.233,0.240,0.240
0.856,-5.321,-28.135,0.217,0.217,0.246,0.246
0.858,-5.190,-28.124,0.227,0.227,0.237,0.237
0.864,-5.060,-28.092,0.221,0.221,0.238,0.238
0.866,-4.848,-28.084,0.208,0.208,0.221,0.221
0.868,-4.750,-28.074,0.215,0.215,0.246,0.246
0.868,-4.733,-28.073,0.200,0.200,0.224,0.224
0.869,-4.766,-28.070,0.212,0.212,0.212,0.212
0.871,-4.750,-28.059,0.194,0.194,0.218,0.218
0.873,-4.766,-28.051,0.221,0.221,0.224,0.224
0.874,-4.750,-28.045,0.200,0.200,0.223,0.223
0.876,-4.570,-28.035,0.218,0.218,0.226,0.226
0.878,-4.325,-28.027,0.206,0.206,0.258,0.258
0.878,-4.048,-28.028,0.223,0.223,0.227,0.227
0.877,-3.820,-28.030,0.208,0.208,0.227,0.227
0.878,-3.885,-28.025,0.224,0.224,0.237,0.237
0.884,-4.130,-28.003,0.214,0.214,0.240,0.240
0.888,-4.293,-27.987,0.233,0.233,0.238,0.238
0.890,-4.456,-27.978,0.214,0.214,0.247,0.247
0.890,-4.505,-27.977,0.232,0.232,0.266,0.266
0.890,-4.554,-27.975,0.224,0.224,0.252,0.252
0.892,-4.668,-27.967,0.238,0.238,0.241,0.241
0.894,-4.782,-27.960,0.214,0.214,0.240,0.240
0.896,-4.929,-27.949,0.240,0.240,0.244,0.244
0.898,-5.174,-27.937,0.220,0.220,0.249,0.249
0.898,-5.272,-27.941,0.229,0.229,0.246,0.246
0.898,-5.435,-27.938,0.223,0.223,0.269,0.269
0.900,-5.647,-27.929,0.227,0.227,0.247,0.247
0.900,-5.778,-27.927,0.224,0.224,0.238,0.238
0.905,-5.941,-27.895,0.218,0.218,0.243,0.243
0.909,-6.316,-27.871,0.223,0.223,0.249,0.249
0.910,-6.692,-27.867,0.218,0.218,0.249,0.249
0.911,-6.953,-27.858,0.220,0.220,0.246,0.246
0.912,-7.198,-27.851,0.211,0.211,0.249,0.249
0.913,-7.247,-27.843,0.221,0.221,0.247,0.247
0.915,-7.263,-27.831,0.204,0.204,0.244,0.244
0.918,-7.377,-27.811,0.218,0.218,0.241,0.241
0.919,-7.638,-27.802,0.208,0.208,0.237,0.237
0.921,-7.883,-27.789,0.218,0.218,0.237,0.237
0.922,-8.161,-27.780,0.203,0.203,0.241,0.241
0.921,-8.454,-27.783,0.226,0.226,0.241,0.241
0.923,-8.813,-27.769,0.221,0.221,0.243,0.243
0.925,-9.319,-27.753,0.230,0.230,0.249,0.249
0.930,-9.678,-27.704,0.221,0.221,0.253,0.253
0.932,-9.760,-27.685,0.246,0.246,0.262,0.262
0.934,-9.532,-27.664,0.230,0.230,0.258,0.258
0.934,-9.287,-27.665,0.241,0.241,0.267,0.267
0.936,-9.156,-27.652,0.235,0.235,0.253,0.253
0.937,-9.189,-27.637,0.243,0.243,0.264,0.264
0.939,-9.352,-27.621,0.227,0.227,0.276,0.276
0.941,-9.613,-27.605,0.252,0.252,0.269,0.269
0.943,-9.744,-27.582,0.227,0.227,0.258,0.258
0.943,-9.907,-27.579,0.246,0.246,0.249,0.249
0.944,-10.119,-27.568,0.226,0.226,0.264,0.264
0.944,-10.217,-27.571,0.243,0.243,0.252,0.252
0.945,-10.217,-27.558,0.226,0.226,0.256,0.256
0.949,-10.201,-27.524,0.238,0.238,0.259,0.259
0.954,-10.184,-27.469,0.221,0.221,0.258,0.258
0.955,-10.184,-27.454,0.233,0.233,0.252,0.252
0.956,-10.184,-27.448,0.218,0.218,0.255,0.255
0.957,-9.988,-27.437,0.238,0.238,0.252,0.252
0.958,-9.629,-27.426,0.232,0.232,0.261,0.261
0.960,-9.287,-27.407,0.232,0.232,0.250,0.250
0.963,-8.960,-27.386,0.218,0.218,0.261,0.261
0.964,-8.748,-27.372,0.227,0.227,0.255,0.255
0.965,-8.683,-27.361,0.235,0.235,0.252,0.252
0.966,-8.846,-27.359,0.223,0.223,0.259,0.259
0.966,-8.944,-27.360,0.230,0.230,0.252,0.252
0.969,-8.813,-27.331,0.224,0.224,0.255,0.255
0.973,-8.748,-27.292,0.230,0.230,0.255,0.255
0.976,-8.487,-27.271,0.229,0.229,0.247,0.247
0.976,-8.275,-27.266,0.240,0.240,0.252,0.252
0.979,-8.144,-27.246,0.224,0.224,0.252,0.252
0.978,-8.014,-27.248,0.235,0.235,0.240,0.240
0.981,-7.769,-27.229,0.233,0.233,0.249,0.249
0.983,-7.475,-27.213,0.241,0.241,0.255,0.255
0.984,-7.116,-27.208,0.221,0.221,0.247,0.247
0.986,-6.627,-27.192,0.230,0.230,0.244,0.244
0.988,-6.284,-27.180,0.226,0.226,0.249,0.249
0.987,-6.202,-27.183,0.246,0.246,0.247,0.247
0.987,-6.365,-27.182,0.223,0.223,0.240,0.240
0.989,-6.692,-27.172,0.240,0.240,0.244,0.244
0.993,-6.790,-27.148,0.217,0.217,0.244,0.244
0.997,-6.627,-27.118,0.224,0.224,0.232,0.232
0.999,-6.170,-27.106,0.206,0.206,0.229,0.229
1.000,-5.843,-27.102,0.226,0.226,0.221,0.221
1.000,-5.713,-27.097,0.209,0.209,0.223,0.223
1.003,-5.680,-27.084,0.224,0.224,0.246,0.246
1.003,-5.745,-27.082,0.218,0.218,0.226,0.226
1.006,-5.582,-27.068,0.224,0.224,0.217,0.217
1.008,-5.370,-27.052,0.214,0.214,0.226,0.226
1.008,-5.403,-27.054,0.227,0.227,0.227,0.227
1.010,-5.615,-27.043,0.220,0.220,0.230,0.230
1.011,-5.729,-27.037,0.221,0.221,0.227,0.227
1.010,-5.778,-27.044,0.215,0.215,0.240,0.240
1.012,-5.762,-27.030,0.220,0.220,0.232,0.232
1.019,-5.745,-26.991,0.223,0.223,0.238,0.238
1.019,-5.566,-26.990,0.215,0.215,0.233,0.233
1.022,-5.386,-26.974,0.229,0.229,0.241,0.241
1.023,-5.060,-26.972,0.226,0.226,0.237,0.237
1.023,-4.978,-26.968,0.235,0.235,0.240,0.240
1.025,-5.125,-26.960,0.215,0.215,0.227,0.227
1.027,-5.256,-26.949,0.232,0.232,0.240,0.240
1.028,-5.125,-26.943,0.212,0.212,0.253,0.253
1.031,-5.044,-26.931,0.227,0.227,0.243,0.243
1.032,-5.141,-26.923,0.217,0.217,0.241,0.241
1.031,-5.256,-26.930,0.230,0.230,0.243,0.243
1.033,-5.223,-26.920,0.218,0.218,0.244,0.244
1.035,-5.272,-26.909,0.232,0.232,0.237,0.237
1.040,-5.092,-26.885,0.218,0.218,0.246,0.246
1.042,-4.668,-26.872,0.238,0.238,0.244,0.244
1.043,-4.309,-26.868,0.217,0.217,0.237,0.237
1.045,-4.032,-26.862,0.243,0.243,0.237,0.237
1.046,-3.656,-26.857,0.218,0.218,0.240,0.240
1.047,-3.330,-26.851,0.227,0.227,0.240,0.240
1.049,-3.069,-26.846,0.206,0.206,0.237,0.237
1.050,-2.710,-26.842,0.230,0.230,0.238,0.238
1.053,-2.367,-26.837,0.221,0.221,0.249,0.249
1.054,-2.090,-26.834,0.224,0.224,0.240,0.240
1.054,-1.877,-26.834,0.227,0.227,0.243,0.243
1.055,-1.633,-26.832,0.229,0.229,0.224,0.224
1.057,-1.225,-26.830,0.218,0.218,0.246,0.246
1.060,-0.898,-26.826,0.235,0.235,0.252,0.252
1.065,-0.621,-26.823,0.235,0.235,0.255,0.255
1.064,-0.343,-26.823,0.237,0.237,0.267,0.267
1.066,-0.458,-26.822,0.235,0.235,0.266,0.266
1.068,-0.702,-26.821,0.241,0.241,0.258,0.258
1.068,-0.702,-26.821,0.238,0.238,0.291,0.291
1.071,-0.621,-26.819,0.237,0.237,0.264,0.264
1.073,-0.702,-26.818,0.244,0.244,0.256,0.256
1.074,-0.817,-26.817,0.240,0.240,0.264,0.264
1.076,-0.980,-26.816,0.230,0.230,0.261,0.261
1.076,-1.241,-26.816,0.227,0.227,0.255,0.255
1.077,-1.469,-26.814,0.232,0.232,0.264,0.264
1.077,-1.600,-26.813,0.223,0.223,0.269,0.269
1.082,-1.420,-26.806,0.233,0.233,0.253,0.253
1.084,-1.355,-26.803,0.220,0.220,0.249,0.249
1.087,-1.274,-26.799,0.233,0.233,0.252,0.252
1.089,-1.094,-26.797,0.212,0.212,0.250,0.250
1.088,-0.931,-26.798,0.241,0.241,0.249,0.249
1.091,-0.784,-26.795,0.218,0.218,0.249,0.249
1.093,-0.800,-26.794,0.230,0.230,0.227,0.227
1.093,-0.800,-26.793,0.224,0.224,0.246,0.246
1.095,-0.817,-26.792,0.240,0.240,0.258,0.258
1.097,-0.637,-26.791,0.220,0.220,0.247,0.247
1.097,-0.392,-26.790,0.233,0.233,0.244,0.244
1.098,-0.278,-26.790,0.223,0.223,0.247,0.247
1.099,-0.262,-26.790,0.241,0.241,0.244,0.244
1.102,-0.294,-26.789,0.229,0.229,0.241,0.241
1.107,-0.294,-26.788,0.249,0.249,0.246,0.246
1.108,-0.458,-26.787,0.233,0.233,0.246,0.246
1.109,-0.523,-26.787,0.244,0.244,0.246,0.246
1.111,-0.196,-26.786,0.226,0.226,0.246,0.246
1.112,0.146,-26.786,0.247,0.247,0.246,0.246
1.113,0.228,-26.786,0.233,0.233,0.252,0.252
1.115,0.326,-26.787,0.241,0.241,0.247,0.247
1.117,0.571,-26.787,0.244,0.244,0.246,0.246
1.119,0.652,-26.789,0.255,0.255,0.244,0.244
1.120,0.652,-26.790,0.240,0.240,0.247,0.247
1.119,0.815,-26.789,0.243,0.243,0.247,0.247
1.120,1.207,-26.790,0.238,0.238,0.233,0.233
1.127,1.680,-26.799,0.229,0.229,0.246,0.246
1.128,2.088,-26.802,0.221,0.221,0.250,0.250
1.130,2.349,-26.807,0.220,0.220,0.238,0.238
1.132,2.725,-26.813,0.214,0.214,0.230,0.230
1.133,3.165,-26.813,0.204,0.204,0.226,0.226
1.133,3.524,-26.815,0.220,0.220,0.223,0.223
1.135,3.639,-26.823,0.203,0.203,0.244,0.244
1.137,3.639,-26.829,0.229,0.229,0.227,0.227
1.139,3.573,-26.835,0.203,0.203,0.218,0.218
1.141,3.590,-26.842,0.233,0.233,0.224,0.224
1.141,3.737,-26.844,0.208,0.208,0.227,0.227
1.142,3.981,-26.845,0.227,0.227,0.224,0.224
1.141,4.128,-26.843,0.209,0.209,0.221,0.221
1.145,3.949,-26.860,0.241,0.241,0.240,0.240
1.149,3.671,-26.876,0.214,0.214,0.237,0.237
1.152,3.541,-26.885,0.237,0.237,0.243,0.243
1.153,3.541,-26.890,0.224,0.224,0.243,0.243
1.155,3.590,-26.896,0.241,0.241,0.235,0.235
1.156,3.590,-26.898,0.230,0.230,0.240,0.240
1.156,3.769,-26.901,0.235,0.235,0.238,0.238
1.159,3.949,-26.910,0.230,0.230,0.227,0.227
1.160,4.259,-26.917,0.233,0.233,0.241,0.241
1.162,4.651,-26.924,0.220,0.220,0.261,0.261
1.162,5.156,-26.923,0.227,0.227,0.244,0.244
1.163,5.467,-26.929,0.224,0.224,0.240,0.240
1.164,5.450,-26.934,0.226,0.226,0.237,0.237
1.169,5.189,-26.959,0.224,0.224,0.247,0.247
1.172,5.042,-26.979,0.226,0.226,0.243,0.243
1.173,5.010,-26.982,0.226,0.226,0.249,0.249
1.173,5.059,-26.983,0.218,0.218,0.249,0.249
1.176,5.026,-26.997,0.227,0.227,0.246,0.246
1.176,4.928,-26.996,0.211,0.211,0.246,0.246
1.178,4.651,-27.005,0.221,0.221,0.229,0.229
1.181,4.536,-27.021,0.201,0.201,0.249,0.249
1.182,4.520,-27.024,0.221,0.221,0.252,0.252
1.184,4.536,-27.032,0.204,0.204,0.246,0.246
1.185,4.569,-27.038,0.220,0.220,0.241,0.241
1.184,4.406,-27.033,0.209,0.209,0.243,0.243
1.186,4.177,-27.040,0.235,0.235,0.247,0.247
1.191,4.047,-27.062,0.211,0.211,0.258,0.258
1.193,4.210,-27.070,0.240,0.240,0.244,0.244
1.195,4.487,-27.081,0.220,0.220,0.243,0.243
1.197,4.748,-27.088,0.247,0.247,0.252,0.252
1.197,5.173,-27.090,0.227,0.227,0.269,0.269
1.198,5.499,-27.096,0.258,0.258,0.270,0.270
1.200,5.597,-27.106,0.233,0.233,0.273,0.273
1.201,5.760,-27.114,0.249,0.249,0.282,0.282
1.204,5.940,-27.127,0.244,0.244,0.269,0.269
1.205,6.070,-27.136,0.252,0.252,0.269,0.269
1.207,6.038,-27.145,0.229,0.229,0.266,0.266
1.208,5.875,-27.150,0.249,0.249,0.266,0.266
1.208,5.630,-27.151,0.233,0.233,0.270,0.270
1.208,5.352,-27.151,0.246,0.246,0.270,0.270
1.214,5.271,-27.182,0.233,0.233,0.246,0.246
1.217,5.254,-27.201,0.240,0.240,0.256,0.256
1.218,5.124,-27.205,0.229,0.229,0.266,0.266
1.220,5.059,-27.214,0.237,0.237,0.258,0.258
1.221,4.993,-27.221,0.233,0.233,0.258,0.258
1.222,4.879,-27.224,0.233,0.233,0.249,0.249
1.223,4.651,-27.230,0.229,0.229,0.256,0.256
1.226,4.683,-27.244,0.229,0.229,0.252,0.252
1.227,4.912,-27.248,0.226,0.226,0.252,0.252
1.229,5.075,-27.258,0.230,0.230,0.261,0.261
1.230,5.271,-27.262,0.227,0.227,0.252,0.252
1.229,5.434,-27.256,0.223,0.223,0.246,0.246
1.230,5.548,-27.262,0.240,0.240,0.246,0.246
1.237,5.744,-27.304,0.218,0.218,0.253,0.253
1.238,5.956,-27.307,0.244,0.244,0.259,0.259
1.240,6.201,-27.323,0.220,0.220,0.255,0.255
1.240,6.283,-27.325,0.226,0.226,0.247,0.247
1.241,6.168,-27.331,0.221,0.221,0.249,0.249
1.243,6.054,-27.341,0.243,0.243,0.247,0.247
1.245,5.972,-27.354,0.226,0.226,0.272,0.272
1.247,6.038,-27.365,0.241,0.241,0.252,0.252
1.249,5.858,-27.375,0.233,0.233,0.249,0.249
1.251,5.662,-27.385,0.247,0.247,0.255,0.255
1.250,5.516,-27.380,0.237,0.237,0.252,0.252
1.250,5.499,-27.383,0.253,0.253,0.252,0.252
1.252,5.369,-27.396,0.235,0.235,0.253,0.253
1.257,5.156,-27.421,0.247,0.247,0.261,0.261
1.261,5.173,-27.438,0.217,0.217,0.249,0.249
1.262,5.434,-27.447,0.243,0.243,0.246,0.246
1.263,5.760,-27.450,0.218,0.218,0.247,0.247
1.264,6.136,-27.459,0.221,0.221,0.230,0.230
1.266,6.462,-27.467,0.212,0.212,0.229,0.229
1.267,6.756,-27.474,0.220,0.220,0.224,0.224
1.269,6.984,-27.487,0.218,0.218,0.209,0.209
1.271,7.196,-27.504,0.211,0.211,0.230,0.230
1.271,7.409,-27.506,0.223,0.223,0.249,0.249
1.273,7.719,-27.518,0.209,0.209,0.230,0.230
1.273,7.898,-27.519,0.224,0.224,0.232,0.232
1.275,8.061,-27.532,0.211,0.211,0.226,0.226
1.275,8.176,-27.535,0.226,0.226,0.230,0.230
1.280,8.420,-27.576,0.212,0.212,0.230,0.230
1.284,8.486,-27.609,0.227,0.227,0.237,0.237
1.285,8.388,-27.617,0.212,0.212,0.246,0.246
1.286,8.094,-27.629,0.238,0.238,0.244,0.244
1.287,7.980,-27.635,0.218,0.218,0.243,0.243
1.289,7.964,-27.650,0.233,0.233,0.250,0.250
1.291,7.996,-27.664,0.218,0.218,0.243,0.243
1.292,8.159,-27.673,0.233,0.233,0.241,0.241
1.295,8.420,-27.697,0.220,0.220,0.247,0.247
1.295,8.665,-27.700,0.237,0.237,0.250,0.250
1.295,9.090,-27.699,0.220,0.220,0.249,0.249
1.295,9.596,-27.698,0.238,0.238,0.246,0.246
1.299,10.118,-27.740,0.218,0.218,0.272,0.272
1.302,10.607,-27.772,0.240,0.240,0.247,0.247
1.306,10.950,-27.810,0.224,0.224,0.255,0.255
1.307,10.999,-27.827,0.230,0.230,0.247,0.247
1.307,10.999,-27.824,0.226,0.226,0.249,0.249
1.308,11.113,-27.839,0.227,0.227,0.250,0.250
1.310,11.195,-27.860,0.224,0.224,0.255,0.255
1.311,11.081,-27.874,0.221,0.221,0.273,0.273
1.314,10.966,-27.900,0.221,0.221,0.249,0.249
1.316,10.934,-27.924,0.217,0.217,0.238,0.238
1.316,11.097,-27.921,0.212,0.212,0.247,0.247
1.315,11.211,-27.914,0.224,0.224,0.244,0.244
1.317,11.064,-27.938,0.223,0.223,0.250,0.250
1.322,10.754,-27.988,0.206,0.206,0.249,0.249
1.325,10.363,-28.025,0.224,0.224,0.252,0.252
1.327,10.004,-28.041,0.221,0.221,0.249,0.249
1.328,9.922,-28.056,0.233,0.233,0.250,0.250
1.329,9.759,-28.061,0.220,0.220,0.253,0.253
1.330,9.416,-28.073,0.246,0.246,0.270,0.270
1.331,8.877,-28.083,0.227,0.227,0.270,0.270
1.334,8.339,-28.104,0.246,0.246,0.273,0.273
1.336,8.061,-28.121,0.233,0.233,0.250,0.250
1.337,7.915,-28.130,0.250,0.250,0.270,0.270
1.339,7.964,-28.143,0.227,0.227,0.272,0.272
1.338,7.800,-28.143,0.243,0.243,0.267,0.267
1.339,7.441,-28.147,0.224,0.224,0.262,0.262
1.339,7.082,-28.150,0.244,0.244,0.249,0.249
1.345,6.772,-28.188,0.221,0.221,0.273,0.273
1.348,6.397,-28.208,0.250,0.250,0.253,0.253
1.351,5.940,-28.225,0.227,0.227,0.262,0.262
1.351,5.254,-28.228,0.235,0.235,0.264,0.264
1.352,4.504,-28.230,0.230,0.230,0.258,0.258
1.353,3.916,-28.237,0.243,0.243,0.250,0.250
1.354,3.427,-28.241,0.224,0.224,0.252,0.252
1.357,3.116,-28.248,0.240,0.240,0.250,0.250
1.359,2.888,-28.256,0.227,0.227,0.266,0.266
1.360,2.839,-28.258,0.230,0.230,0.258,0.258
1.361,2.970,-28.261,0.215,0.215,0.259,0.259
1.361,2.921,-28.261,0.232,0.232,0.250,0.250
1.362,2.725,-28.265,0.232,0.232,0.252,0.252
1.365,2.643,-28.271,0.230,0.230,0.273,0.273
1.369,2.545,-28.283,0.235,0.235,0.259,0.259
1.373,2.774,-28.292,0.230,0.230,0.250,0.250
1.372,3.149,-28.290,0.237,0.237,0.246,0.246
1.374,3.704,-28.295,0.221,0.221,0.255,0.255
1.375,4.014,-28.301,0.238,0.238,0.258,0.258
1.377,4.145,-28.308,0.220,0.220,0.256,0.256
1.378,4.128,-28.312,0.233,0.233,0.267,0.267
1.380,4.259,-28.324,0.227,0.227,0.258,0.258
1.381,4.275,-28.325,0.243,0.243,0.255,0.255
1.382,4.210,-28.330,0.229,0.229,0.258,0.258
1.382,3.900,-28.332,0.247,0.247,0.262,0.262
1.383,3.786,-28.335,0.229,0.229,0.259,0.259
1.389,3.786,-28.358,0.255,0.255,0.252,0.252
1.391,3.639,-28.365,0.227,0.227,0.244,0.244
1.394,3.427,-28.376,0.247,0.247,0.249,0.249
1.394,3.019,-28.376,0.218,0.218,0.256,0.256
1.394,2.676,-28.377,0.232,0.232,0.247,0.247
1.397,2.545,-28.382,0.208,0.208,0.230,0.230
1.399,2.398,-28.388,0.227,0.227,0.224,0.224
1.399,2.235,-28.388,0.209,0.209,0.232,0.232
1.402,2.105,-28.394,0.214,0.214,0.229,0.229
1.403,2.252,-28.397,0.214,0.214,0.233,0.233
1.404,2.562,-28.399,0.209,0.209,0.235,0.235
1.404,2.823,-28.398,0.226,0.226,0.238,0.238
1.406,3.198,-28.406,0.206,0.206,0.237,0.237
1.408,3.524,-28.411,0.226,0.226,0.261,0.261
1.412,3.786,-28.426,0.204,0.204,0.237,0.237
1.416,4.210,-28.442,0.224,0.224,0.237,0.237
1.416,4.634,-28.442,0.201,0.201,0.244,0.244
1.417,5.026,-28.449,0.237,0.237,0.247,0.247
1.419,5.108,-28.456,0.212,0.212,0.249,0.249
1.419,5.238,-28.459,0.237,0.237,0.249,0.249
1.422,5.271,-28.473,0.215,0.215,0.270,0.270
1.424,4.993,-28.483,0.237,0.237,0.252,0.252
1.424,4.487,-28.485,0.229,0.229,0.250,0.250
1.427,4.112,-28.495,0.230,0.230,0.250,0.250
1.426,3.965,-28.494,0.232,0.232,0.253,0.253
1.426,3.884,-28.494,0.237,0.237,0.247,0.247
1.428,3.639,-28.502,0.226,0.226,0.250,0.250
1.435,3.410,-28.524,0.226,0.226,0.233,0.233
1.436,3.149,-28.528,0.230,0.230,0.250,0.250
1.438,3.068,-28.533,0.220,0.220,0.244,0.244
1.439,2.888,-28.536,0.227,0.227,0.243,0.243
1.439,2.545,-28.537,0.227,0.227,0.243,0.243
1.441,2.154,-28.542,0.229,0.229,0.244,0.244
1.443,1.909,-28.545,0.215,0.215,0.244,0.244
1.445,1.517,-28.550,0.223,0.223,0.246,0.246
1.446,1.174,-28.551,0.208,0.208,0.243,0.243
1.448,0.734,-28.553,0.229,0.229,0.243,0.243
1.447,0.048,-28.553,0.198,0.198,0.240,0.240
1.447,-0.964,-28.553,0.227,0.227,0.241,0.241
1.449,-2.057,-28.550,0.211,0.211,0.233,0.233
1.454,-3.265,-28.537,0.226,0.226,0.247,0.247
1.457,-4.636,-28.525,0.214,0.214,0.256,0.256
1.460,-6.137,-28.509,0.244,0.244,0.255,0.255
1.460,-7.622,-28.510,0.218,0.218,0.255,0.255
1.460,-9.303,-28.508,0.247,0.247,0.253,0.253
1.461,-11.327,-28.497,0.241,0.241,0.267,0.267
1.463,-13.530,-28.471,0.250,0.250,0.299,0.299
1.464,-15.472,-28.457,0.238,0.238,0.276,0.276
1.467,-16.908,-28.413,0.255,0.255,0.262,0.262
1.469,-18.100,-28.377,0.237,0.237,0.282,0.282
1.469,-19.438,-28.374,0.246,0.246,0.273,0.273
1.470,-21.021,-28.361,0.233,0.233,0.276,0.276
1.469,-22.571,-28.370,0.243,0.243,0.270,0.270
1.471,-23.632,-28.329,0.243,0.243,0.258,0.258
1.476,-24.236,-28.223,0.232,0.232,0.273,0.273
1.480,-24.970,-28.121,0.244,0.244,0.279,0.279
1.481,-26.162,-28.093,0.226,0.226,0.276,0.276
1.481,-27.516,-28.075,0.224,0.224,0.266,0.266
1.482,-28.512,-28.047,0.221,0.221,0.262,0.262
1.483,-29.116,-28.027,0.233,0.233,0.261,0.261
1.486,-29.556,-27.934,0.223,0.223,0.244,0.244
1.487,-30.323,-27.927,0.229,0.229,0.259,0.259
1.489,-31.596,-27.837,0.217,0.217,0.261,0.261
1.490,-32.967,-27.823,0.233,0.233,0.256,0.256
1.489,-33.979,-27.846,0.223,0.223,0.258,0.258
1.489,-34.224,-27.856,0.246,0.246,0.264,0.264
1.491,-34.012,-27.788,0.227,0.227,0.261,0.261
1.497,-33.979,-27.577,0.240,0.240,0.255,0.255
1.500,-34.501,-27.482,0.218,0.218,0.262,0.262
1.499,-35.480,-27.505,0.237,0.237,0.261,0.261
1.500,-36.345,-27.474,0.224,0.224,0.261,0.261
1.502,-36.819,-27.420,0.246,0.246,0.262,0.262
1.503,-36.721,-27.361,0.237,0.237,0.282,0.282
1.505,-36.215,-27.291,0.246,0.246,0.262,0.262
1.506,-35.823,-27.262,0.227,0.227,0.259,0.259
1.509,-35.888,-27.155,0.238,0.238,0.261,0.261
1.509,-36.100,-27.149,0.233,0.233,0.272,0.272
1.508,-36.313,-27.181,0.250,0.250,0.269,0.269
1.508,-36.052,-27.196,0.240,0.240,0.270,0.270
1.509,-35.284,-27.134,0.240,0.240,0.259,0.259
1.515,-34.893,-26.932,0.233,0.233,0.267,0.267
1.519,-34.697,-26.808,0.227,0.227,0.264,0.264
1.520,-34.942,-26.777,0.224,0.224,0.261,0.261
1.521,-35.268,-26.746,0.224,0.224,0.258,0.258
1.521,-35.350,-26.727,0.235,0.235,0.238,0.238
1.520,-35.382,-26.748,0.206,0.206,0.247,0.247
1.523,-35.301,-26.664,0.223,0.223,0.244,0.244
1.525,-35.480,-26.600,0.195,0.195,0.249,0.249
1.527,-35.513,-26.533,0.215,0.215,0.246,0.246
1.528,-35.252,-26.480,0.206,0.206,0.243,0.243
1.528,-34.909,-26.484,0.237,0.237,0.240,0.240
1.529,-34.550,-26.453,0.215,0.215,0.270,0.270
1.529,-34.175,-26.461,0.227,0.227,0.253,0.253
1.530,-33.555,-26.397,0.203,0.203,0.247,0.247
1.534,-32.804,-26.267,0.229,0.229,0.246,0.246
1.537,-32.510,-26.178,0.215,0.215,0.253,0.253
1.539,-32.820,-26.113,0.237,0.237,0.255,0.255
1.539,-33.228,-26.103,0.240,0.240,0.261,0.261
1.541,-33.391,-26.065,0.226,0.226,0.243,0.243
1.542,-33.228,-26.032,0.226,0.226,0.258,0.258
1.542,-32.771,-26.023,0.208,0.208,0.266,0.266
1.545,-32.412,-25.929,0.229,0.229,0.264,0.264
1.547,-32.282,-25.865,0.224,0.224,0.262,0.262
1.548,-32.477,-25.831,0.232,0.232,0.258,0.258
1.548,-32.755,-25.828,0.212,0.212,0.253,0.253
1.547,-32.690,-25.865,0.227,0.227,0.237,0.237
1.549,-32.118,-25.805,0.208,0.208,0.258,0.258
1.552,-31.221,-25.681,0.224,0.224,0.269,0.269
1.556,-30.258,-25.576,0.221,0.221,0.259,0.259
1.557,-30.013,-25.546,0.240,0.240,0.259,0.259
1.557,-30.486,-25.551,0.223,0.223,0.243,0.243
1.558,-31.466,-25.501,0.230,0.230,0.259,0.259
1.560,-32.233,-25.454,0.209,0.209,0.266,0.266
1.561,-32.510,-25.426,0.229,0.229,0.255,0.255
1.562,-32.412,-25.395,0.197,0.197,0.253,0.253
1.563,-32.363,-25.343,0.235,0.235,0.258,0.258
1.565,-32.477,-25.294,0.218,0.218,0.259,0.259
1.565,-33.261,-25.296,0.224,0.224,0.269,0.269
1.565,-34.403,-25.299,0.212,0.212,0.255,0.255
1.565,-35.366,-25.287,0.246,0.246,0.247,0.247
1.570,-35.839,-25.113,0.241,0.241,0.255,0.255
1.573,-35.725,-24.985,0.250,0.250,0.261,0.261
1.573,-35.431,-24.991,0.258,0.258,0.270,0.270
1.574,-35.399,-24.963,0.249,0.249,0.261,0.261
1.576,-35.970,-24.894,0.255,0.255,0.284,0.284
1.576,-36.900,-24.883,0.264,0.264,0.279,0.279
1.577,-37.471,-24.841,0.264,0.264,0.282,0.282
1.580,-37.471,-24.754,0.261,0.261,0.281,0.281
1.580,-37.178,-24.733,0.267,0.267,0.281,0.281
1.582,-36.835,-24.667,0.255,0.255,0.278,0.278
1.582,-36.884,-24.653,0.267,0.267,0.270,0.270
1.582,-37.308,-24.656,0.246,0.246,0.262,0.262
1.581,-37.847,-24.694,0.282,0.282,0.282,0.282
1.583,-38.385,-24.631,0.261,0.261,0.281,0.281
1.589,-38.875,-24.399,0.270,0.270,0.278,0.278
1.591,-39.185,-24.308,0.253,0.253,0.267,0.267
1.592,-39.250,-24.282,0.261,0.261,0.264,0.264
1.592,-39.250,-24.270,0.238,0.238,0.266,0.266
1.594,-39.381,-24.211,0.272,0.272,0.252,0.252
1.595,-39.952,-24.157,0.255,0.255,0.269,0.269
1.595,-40.850,-24.161,0.272,0.272,0.264,0.264
1.596,-41.764,-24.112,0.243,0.243,0.264,0.264
1.599,-42.041,-23.998,0.261,0.261,0.259,0.259
1.600,-41.910,-23.965,0.244,0.244,0.253,0.253
1.599,-41.731,-24.010,0.258,0.258,0.259,0.259
1.598,-41.861,-24.052,0.240,0.240,0.255,0.255
1.599,-42.384,-23.975,0.255,0.255,0.258,0.258
1.607,-43.053,-23.665,0.232,0.232,0.264,0.264
1.608,-43.444,-23.595,0.230,0.230,0.259,0.259
1.608,-43.477,-23.615,0.240,0.240,0.255,0.255
1.610,-43.444,-23.540,0.227,0.227,0.261,0.261
1.610,-43.330,-23.546,0.230,0.230,0.258,0.258
1.611,-43.069,-23.497,0.227,0.227,0.255,0.255
1.612,-42.743,-23.440,0.233,0.233,0.259,0.259
1.612,-42.465,-23.422,0.214,0.214,0.261,0.261
1.615,-42.204,-23.315,0.215,0.215,0.264,0.264
1.616,-41.976,-23.280,0.201,0.201,0.261,0.261
1.614,-41.764,-23.333,0.217,0.217,0.278,0.278
1.614,-41.682,-23.365,0.197,0.197,0.264,0.264
1.616,-41.698,-23.268,0.215,0.215,0.261,0.261
1.618,-41.698,-23.170,0.192,0.192,0.266,0.266
1.624,-41.715,-22.921,0.203,0.203,0.261,0.261
1.624,-41.715,-22.935,0.175,0.175,0.262,0.262
1.625,-41.715,-22.912,0.208,0.208,0.256,0.256
1.625,-41.878,-22.911,0.171,0.171,0.246,0.246
1.626,-42.269,-22.831,0.188,0.188,0.235,0.235
1.627,-42.922,-22.803,0.162,0.162,0.252,0.252
1.628,-43.689,-22.746,0.183,0.183,0.240,0.240
1.630,-44.114,-22.679,0.165,0.165,0.243,0.243
1.631,-44.048,-22.654,0.179,0.179,0.240,0.240
1.631,-43.444,-22.619,0.169,0.169,0.249,0.249
1.632,-42.841,-22.595,0.186,0.186,0.223,0.223
1.630,-42.400,-22.657,0.189,0.189,0.243,0.243
1.633,-42.008,-22.544,0.180,0.180,0.256,0.256
1.637,-41.421,-22.382,0.200,0.200,0.246,0.246
1.640,-40.540,-22.279,0.182,0.182,0.247,0.247
1.642,-39.642,-22.200,0.194,0.194,0.247,0.247
1.640,-39.005,-22.265,0.177,0.177,0.255,0.255
1.641,-38.679,-22.209,0.203,0.203,0.241,0.241
1.642,-38.500,-22.166,0.183,0.183,0.255,0.255
1.644,-38.320,-22.117,0.200,0.200,0.258,0.258
1.645,-38.238,-22.054,0.191,0.191,0.259,0.259
1.646,-38.402,-22.046,0.206,0.206,0.258,0.258
1.647,-38.973,-22.006,0.194,0.194,0.259,0.259
1.645,-39.724,-22.057,0.217,0.217,0.261,0.261
1.645,-40.180,-22.061,0.204,0.204,0.255,0.255
1.647,-40.327,-21.998,0.218,0.218,0.259,0.259
1.653,-40.083,-21.739,0.203,0.203,0.267,0.267
1.654,-39.985,-21.689,0.227,0.227,0.262,0.262
1.656,-40.050,-21.646,0.203,0.203,0.262,0.262
1.654,-40.229,-21.689,0.221,0.221,0.252,0.252
1.656,-40.246,-21.646,0.206,0.206,0.267,0.267
1.656,-40.050,-21.624,0.220,0.220,0.269,0.269
1.658,-39.805,-21.552,0.223,0.223,0.261,0.261
1.659,-39.658,-21.503,0.209,0.209,0.252,0.252
1.659,-39.691,-21.511,0.215,0.215,0.255,0.255
1.661,-39.887,-21.444,0.211,0.211,0.261,0.261
1.660,-40.148,-21.486,0.215,0.215,0.247,0.247
1.660,-40.246,-21.470,0.215,0.215,0.259,0.259
1.661,-40.442,-21.437,0.224,0.224,0.267,0.267
1.666,-40.948,-21.209,0.211,0.211,0.259,0.259
1.669,-41.715,-21.117,0.212,0.212,0.255,0.255
1.668,-42.367,-21.123,0.212,0.212,0.262,0.262
1.670,-42.726,-21.065,0.230,0.230,0.264,0.264
1.670,-42.743,-21.073,0.232,0.232,0.252,0.252
1.671,-43.069,-21.029,0.255,0.255,0.276,0.276
1.672,-43.771,-20.988,0.237,0.237,0.282,0.282
1.673,-44.799,-20.930,0.255,0.255,0.282,0.282
1.675,-45.533,-20.842,0.227,0.227,0.287,0.287
1.675,-45.582,-20.824,0.266,0.266,0.276,0.276
1.675,-45.109,-20.848,0.240,0.240,0.272,0.272
1.674,-44.701,-20.900,0.252,0.252,0.273,0.273
1.674,-44.391,-20.897,0.238,0.238,0.279,0.279
1.676,-44.505,-20.788,0.250,0.250,0.270,0.270
1.681,-44.913,-20.552,0.227,0.227,0.281,0.281
1.682,-44.979,-20.525,0.241,0.241,0.273,0.273
1.683,-44.620,-20.466,0.237,0.237,0.276,0.276
1.683,-44.228,-20.478,0.246,0.246,0.264,0.264
1.683,-44.244,-20.482,0.230,0.230,0.269,0.269
1.684,-44.668,-20.425,0.237,0.237,0.259,0.259
1.685,-45.354,-20.401,0.226,0.226,0.270,0.270
1.687,-45.795,-20.307,0.226,0.226,0.264,0.264
1.688,-45.648,-20.252,0.233,0.233,0.270,0.270
1.687,-45.109,-20.301,0.227,0.227,0.264,0.264
1.687,-44.636,-20.310,0.232,0.232,0.261,0.261
1.687,-44.522,-20.315,0.218,0.218,0.250,0.250
1.691,-44.587,-20.119,0.227,0.227,0.272,0.272
1.694,-44.620,-19.968,0.218,0.218,0.247,0.247
1.695,-44.473,-19.922,0.223,0.223,0.262,0.262
1.697,-44.260,-19.863,0.233,0.233,0.267,0.267
1.696,-44.097,-19.897,0.233,0.233,0.267,0.267
1.696,-44.130,-19.874,0.212,0.212,0.262,0.262
1.698,-44.309,-19.796,0.227,0.227,0.264,0.264
1.698,-44.717,-19.789,0.215,0.215,0.266,0.266
1.700,-45.223,-19.733,0.238,0.238,0.256,0.256
1.701,-45.582,-19.675,0.223,0.223,0.264,0.264
1.701,-45.697,-19.661,0.250,0.250,0.272,0.272
1.700,-45.631,-19.738,0.221,0.221,0.272,0.272
1.699,-45.631,-19.746,0.237,0.237,0.266,0.266
1.702,-45.762,-19.641,0.226,0.226,0.264,0.264
1.707,-46.186,-19.376,0.247,0.247,0.256,0.256
1.709,-46.529,-19.305,0.226,0.226,0.258,0.258
1.709,-46.643,-19.296,0.241,0.241,0.261,0.261
1.710,-46.447,-19.279,0.220,0.220,0.261,0.261
1.709,-46.023,-19.322,0.229,0.229,0.252,0.252
1.710,-45.517,-19.258,0.203,0.203,0.241,0.241
1.711,-44.979,-19.230,0.229,0.229,0.241,0.241
1.712,-44.668,-19.190,0.224,0.224,0.237,0.237
1.713,-44.375,-19.110,0.229,0.229,0.215,0.215
1.713,-44.065,-19.116,0.206,0.206,0.249,0.249
1.713,-43.738,-19.111,0.217,0.217,0.255,0.255
1.712,-43.608,-19.177,0.211,0.211,0.252,0.252
1.713,-43.804,-19.111,0.214,0.214,0.247,0.247
1.717,-44.375,-18.933,0.223,0.223,0.249,0.249
1.719,-44.979,-18.837,0.220,0.220,0.241,0.241
1.722,-45.207,-18.738,0.226,0.226,0.230,0.230
1.721,-45.044,-18.760,0.204,0.204,0.252,0.252
1.722,-44.766,-18.743,0.237,0.237,0.261,0.261
1.721,-44.783,-18.768,0.217,0.217,0.258,0.258
1.722,-45.142,-18.722,0.229,0.229,0.252,0.252
1.723,-45.729,-18.664,0.218,0.218,0.247,0.247
1.725,-46.219,-18.597,0.237,0.237,0.259,0.259
1.724,-46.741,-18.613,0.215,0.215,0.261,0.261
1.724,-47.035,-18.655,0.218,0.218,0.261,0.261
1.723,-46.970,-18.680,0.211,0.211,0.267,0.267
1.725,-46.562,-18.594,0.230,0.230,0.258,0.258
1.731,-46.007,-18.330,0.217,0.217,0.261,0.261
1.732,-45.664,-18.279,0.244,0.244,0.270,0.270
1.733,-45.566,-18.223,0.224,0.224,0.261,0.261
1.731,-45.778,-18.317,0.229,0.229,0.264,0.264
1.732,-46.203,-18.280,0.201,0.201,0.261,0.261
1.732,-46.708,-18.260,0.227,0.227,0.259,0.259
1.733,-47.051,-18.206,0.209,0.209,0.262,0.262
1.735,-47.182,-18.126,0.237,0.237,0.258,0.258
1.736,-47.263,-18.080,0.215,0.215,0.270,0.270
1.735,-47.312,-18.099,0.226,0.226,0.253,0.253
1.734,-47.002,-18.160,0.208,0.208,0.255,0.255
1.735,-46.545,-18.115,0.217,0.217,0.244,0.244
1.735,-46.154,-18.104,0.220,0.220,0.256,0.256
1.740,-45.876,-17.882,0.230,0.230,0.258,0.258
1.742,-45.680,-17.812,0.208,0.208,0.264,0.264
1.742,-45.582,-17.798,0.226,0.226,0.285,0.285
1.742,-45.582,-17.807,0.223,0.223,0.267,0.267
1.743,-45.599,-17.759,0.220,0.220,0.252,0.252
1.744,-45.631,-17.723,0.232,0.232,0.267,0.267
1.744,-45.631,-17.697,0.240,0.240,0.282,0.282
1.745,-45.599,-17.667,0.246,0.246,0.288,0.288
1.746,-45.436,-17.608,0.233,0.233,0.287,0.287
1.746,-45.240,-17.596,0.240,0.240,0.279,0.279
1.747,-45.109,-17.570,0.224,0.224,0.282,0.282
1.744,-45.256,-17.692,0.227,0.227,0.288,0.288
1.745,-45.501,-17.672,0.232,0.232,0.282,0.282
1.751,-45.827,-17.396,0.237,0.237,0.278,0.278
1.752,-46.056,-17.334,0.218,0.218,0.272,0.272
1.753,-45.990,-17.308,0.235,0.235,0.279,0.279
1.752,-45.566,-17.334,0.218,0.218,0.253,0.253
1.752,-44.864,-17.323,0.235,0.235,0.272,0.272
1.753,-44.097,-17.307,0.215,0.215,0.281,0.281
1.754,-43.493,-17.237,0.246,0.246,0.270,0.270
1.754,-43.167,-17.235,0.215,0.215,0.264,0.264
1.755,-42.939,-17.192,0.226,0.226,0.253,0.253
1.757,-42.792,-17.106,0.214,0.214,0.261,0.261
1.755,-42.677,-17.191,0.237,0.237,0.249,0.249
1.754,-42.514,-17.249,0.214,0.214,0.258,0.258
1.759,-42.106,-17.050,0.235,0.235,0.276,0.276
1.762,-41.649,-16.925,0.226,0.226,0.261,0.261
1.761,-41.258,-16.971,0.237,0.237,0.255,0.255
1.762,-41.143,-16.923,0.220,0.220,0.256,0.256
1.762,-41.356,-16.919,0.235,0.235,0.261,0.261
1.762,-41.617,-16.897,0.230,0.230,0.267,0.267
1.762,-41.584,-16.895,0.235,0.235,0.261,0.261
1.763,-41.356,-16.855,0.227,0.227,0.267,0.267
1.764,-41.225,-16.814,0.235,0.235,0.266,0.266
1.765,-41.160,-16.807,0.233,0.233,0.269,0.269
1.764,-41.176,-16.825,0.221,0.221,0.243,0.243
1.763,-41.078,-16.861,0.243,0.243,0.267,0.267
1.763,-40.637,-16.857,0.237,0.237,0.270,0.270
1.765,-40.327,-16.777,0.240,0.240,0.269,0.269
1.770,-40.180,-16.586,0.240,0.240,0.262,0.262
1.771,-40.376,-16.558,0.237,0.237,0.267,0.267
1.771,-40.768,-16.552,0.218,0.218,0.262,0.262
1.771,-41.176,-16.545,0.233,0.233,0.244,0.244
1.772,-41.274,-16.511,0.221,0.221,0.262,0.262
1.772,-41.094,-16.522,0.233,0.233,0.264,0.264
1.773,-40.637,-16.478,0.204,0.204,0.255,0.255
1.772,-40.278,-16.504,0.218,0.218,0.246,0.246
1.774,-40.164,-16.430,0.206,0.206,0.240,0.240
1.775,-40.376,-16.377,0.227,0.227,0.233,0.233
1.774,-40.605,-16.435,0.200,0.200,0.230,0.230
1.772,-40.768,-16.509,0.232,0.232,0.235,0.235
1.773,-40.752,-16.462,0.209,0.209,0.224,0.224
1.776,-40.768,-16.364,0.223,0.223,0.237,0.237
1.777,-40.703,-16.291,0.206,0.206,0.247,0.247
1.781,-40.523,-16.134,0.229,0.229,0.247,0.247
1.780,-40.148,-16.203,0.212,0.212,0.243,0.243
1.779,-39.756,-16.215,0.230,0.230,0.237,0.237
1.780,-39.658,-16.172,0.230,0.230,0.258,0.258
1.781,-39.626,-16.142,0.233,0.233,0.246,0.246
1.782,-39.724,-16.121,0.224,0.224,0.255,0.255
1.781,-39.707,-16.127,0.221,0.221,0.259,0.259
1.783,-39.707,-16.068,0.232,0.232,0.261,0.261
1.783,-39.691,-16.080,0.229,0.229,0.262,0.262
1.781,-39.528,-16.148,0.224,0.224,0.255,0.255
1.781,-39.120,-16.126,0.226,0.226,0.259,0.259
1.782,-38.646,-16.092,0.227,0.227,0.252,0.252
1.786,-38.092,-15.933,0.215,0.215,0.261,0.261
1.788,-37.618,-15.859,0.223,0.223,0.267,0.267
1.787,-37.112,-15.906,0.224,0.224,0.262,0.262
1.787,-36.639,-15.899,0.233,0.233,0.262,0.262
1.787,-36.296,-15.914,0.218,0.218,0.270,0.270
1.788,-36.231,-15.870,0.233,0.233,0.259,0.259
1.790,-36.231,-15.804,0.212,0.212,0.258,0.258
1.790,-36.280,-15.811,0.224,0.224,0.256,0.256
1.791,-36.296,-15.781,0.218,0.218,0.261,0.261
1.791,-36.296,-15.782,0.233,0.233,0.259,0.259
1.790,-36.280,-15.809,0.214,0.214,0.258,0.258
1.788,-36.443,-15.876,0.235,0.235,0.275,0.275
1.789,-36.688,-15.829,0.211,0.211,0.261,0.261
1.795,-37.112,-15.603,0.237,0.237,0.249,0.249
1.795,-37.602,-15.623,0.217,0.217,0.252,0.252
1.795,-37.994,-15.618,0.243,0.243,0.252,0.252
1.795,-38.222,-15.626,0.227,0.227,0.262,0.262
1.796,-38.140,-15.566,0.261,0.261,0.261,0.261
1.796,-37.716,-15.598,0.247,0.247,0.276,0.276
1.797,-37.341,-15.526,0.285,0.285,0.262,0.262
1.797,-36.998,-15.553,0.276,0.276,0.278,0.278
1.798,-36.688,-15.517,0.291,0.291,0.284,0.284
1.798,-36.149,-15.513,0.291,0.291,0.288,0.288
1.797,-35.660,-15.543,0.298,0.298,0.278,0.278
1.796,-35.317,-15.568,0.279,0.279,0.281,0.281
1.796,-35.252,-15.562,0.298,0.298,0.291,0.291
1.799,-35.284,-15.456,0.279,0.279,0.276,0.276
1.802,-35.301,-15.363,0.279,0.279,0.270,0.270
1.804,-35.480,-15.288,0.276,0.276,0.272,0.272
1.802,-35.709,-15.376,0.270,0.270,0.275,0.275
1.803,-35.774,-15.330,0.285,0.285,0.273,0.273
1.802,-35.970,-15.374,0.267,0.267,0.270,0.270
1.804,-36.182,-15.309,0.284,0.284,0.273,0.273
1.803,-36.460,-15.321,0.275,0.275,0.258,0.258
1.805,-36.688,-15.277,0.279,0.279,0.266,0.266
1.805,-36.606,-15.268,0.287,0.287,0.259,0.259
1.804,-36.394,-15.297,0.296,0.296,0.262,0.262
1.803,-36.100,-15.333,0.279,0.279,0.261,0.261
1.802,-35.660,-15.358,0.299,0.299,0.255,0.255
1.804,-35.154,-15.302,0.288,0.288,0.253,0.253
1.807,-34.697,-15.180,0.310,0.310,0.252,0.252
1.809,-34.338,-15.115,0.291,0.291,0.258,0.258
1.809,-34.256,-15.122,0.330,0.330,0.255,0.255
1.809,-34.273,-15.121,0.304,0.304,0.253,0.253
1.808,-34.142,-15.160,0.337,0.337,0.247,0.247
1.809,-33.946,-15.106,0.307,0.307,0.252,0.252
1.810,-33.783,-15.095,0.330,0.330,0.246,0.246
1.810,-33.620,-15.073,0.316,0.316,0.253,0.253
1.810,-33.391,-15.075,0.319,0.319,0.255,0.255
1.810,-33.293,-15.080,0.313,0.313,0.259,0.259
1.808,-33.277,-15.148,0.324,0.324,0.258,0.258
1.809,-33.342,-15.129,0.313,0.313,0.259,0.259
1.810,-33.359,-15.079,0.311,0.311,0.258,0.258
1.814,-33.326,-14.949,0.308,0.308,0.256,0.256
1.815,-33.342,-14.908,0.293,0.293,0.259,0.259
1.814,-33.489,-14.949,0.288,0.288,0.267,0.267
1.815,-33.718,-14.934,0.278,0.278,0.262,0.262
1.815,-33.816,-14.924,0.273,0.273,0.264,0.264
1.815,-33.881,-14.935,0.249,0.249,0.255,0.255
1.816,-33.832,-14.885,0.240,0.240,0.255,0.255
1.816,-33.799,-14.886,0.212,0.212,0.221,0.221
1.816,-33.783,-14.886,0.218,0.218,0.240,0.240
1.816,-33.783,-14.884,0.194,0.194,0.253,0.253
1.815,-33.799,-14.931,0.211,0.211,0.241,0.241
1.815,-33.848,-14.914,0.191,0.191,0.246,0.246
1.814,-34.028,-14.951,0.201,0.201,0.240,0.240
1.819,-34.044,-14.798,0.177,0.177,0.244,0.244
1.820,-33.979,-14.755,0.194,0.194,0.235,0.235
1.820,-33.816,-14.760,0.166,0.166,0.249,0.249
1.820,-33.587,-14.755,0.182,0.182,0.252,0.252
1.819,-33.424,-14.770,0.160,0.160,0.252,0.252
1.819,-33.147,-14.788,0.166,0.166,0.250,0.250
1.820,-32.706,-14.738,0.157,0.157,0.246,0.246
1.820,-32.412,-14.743,0.154,0.154,0.249,0.249
1.820,-32.118,-14.742,0.153,0.153,0.247,0.247
1.822,-31.743,-14.702,0.145,0.145,0.252,0.252
1.820,-31.319,-14.738,0.148,0.148,0.264,0.264
1.820,-31.172,-14.748,0.133,0.133,0.258,0.258
1.820,-30.911,-14.756,0.137,0.137,0.258,0.258
1.821,-30.878,-14.720,0.125,0.125,0.259,0.259
1.825,-30.943,-14.597,0.124,0.124,0.267,0.267
1.825,-31.302,-14.583,0.118,0.118,0.247,0.247
1.824,-31.515,-14.639,0.127,0.127,0.261,0.261
1.824,-31.939,-14.616,0.118,0.118,0.264,0.264
1.824,-32.461,-14.628,0.127,0.127,0.259,0.259
1.824,-32.967,-14.612,0.124,0.124,0.258,0.258
1.826,-33.293,-14.572,0.143,0.143,0.258,0.258
1.826,-33.538,-14.575,0.111,0.111,0.266,0.266
1.825,-33.604,-14.601,0.157,0.157,0.253,0.253
1.825,-33.440,-14.610,0.130,0.130,0.261,0.261
1.824,-33.293,-14.644,0.148,0.148,0.255,0.255
1.823,-33.081,-14.660,0.133,0.133,0.261,0.261
1.826,-32.690,-14.576,0.154,0.154,0.261,0.261
1.830,-32.363,-14.440,0.139,0.139,0.264,0.264
1.829,-32.102,-14.461,0.162,0.162,0.258,0.258
1.829,-31.727,-14.475,0.157,0.157,0.262,0.262
1.828,-31.221,-14.485,0.172,0.172,0.262,0.262
1.829,-30.715,-14.478,0.175,0.175,0.267,0.267
1.829,-30.421,-14.473,0.192,0.192,0.267,0.267
1.828,-30.111,-14.492,0.203,0.203,0.267,0.267
1.830,-29.932,-14.448,0.221,0.221,0.282,0.282
1.829,-29.834,-14.452,0.220,0.220,0.287,0.287
1.829,-29.866,-14.454,0.233,0.233,0.301,0.301
1.828,-30.013,-14.493,0.246,0.246,0.278,0.278
1.828,-30.307,-14.494,0.244,0.244,0.272,0.272
1.827,-30.552,-14.528,0.273,0.273,0.273,0.273
1.832,-30.943,-14.371,0.278,0.278,0.276,0.276
1.833,-31.253,-14.337,0.295,0.295,0.278,0.278
1.833,-31.531,-14.354,0.310,0.310,0.267,0.267
1.833,-31.776,-14.353,0.325,0.325,0.305,0.305
1.832,-32.020,-14.367,0.325,0.325,0.270,0.270
1.832,-32.265,-14.376,0.348,0.348,0.261,0.261
1.833,-32.363,-14.355,0.337,0.337,0.266,0.266
1.833,-32.363,-14.345,0.360,0.360,0.267,0.267
1.832,-32.314,-14.372,0.340,0.340,0.264,0.264
1.834,-32.151,-14.319,0.371,0.371,0.264,0.264
1.832,-31.923,-14.382,0.346,0.346,0.285,0.285
1.831,-31.792,-14.416,0.357,0.357,0.262,0.262
1.830,-31.776,-14.437,0.339,0.339,0.252,0.252
1.833,-31.498,-14.329,0.356,0.356,0.252,0.252
1.837,-31.041,-14.230,0.334,0.334,0.253,0.253
1.837,-30.617,-14.214,0.356,0.356,0.256,0.256
1.835,-30.372,-14.290,0.337,0.337,0.258,0.258
1.834,-30.323,-14.297,0.349,0.349,0.255,0.255
1.834,-30.340,-14.312,0.320,0.320,0.252,0.252
1.835,-30.356,-14.286,0.333,0.333,0.250,0.250
1.835,-30.372,-14.263,0.308,0.308,0.252,0.252
1.837,-30.552,-14.232,0.310,0.310,0.255,0.255
1.835,-30.715,-14.266,0.282,0.282,0.259,0.259
1.835,-30.878,-14.290,0.291,0.291,0.256,0.256
1.834,-30.878,-14.314,0.267,0.267,0.249,0.249
1.833,-31.009,-14.348,0.270,0.270,0.261,0.261
1.837,-31.204,-14.217,0.264,0.264,0.266,0.266
1.838,-31.368,-14.177,0.267,0.267,0.256,0.256
1.837,-31.335,-14.209,0.252,0.252,0.258,0.258
1.838,-31.368,-14.189,0.264,0.264,0.252,0.252
1.837,-31.139,-14.201,0.240,0.240,0.258,0.258
1.837,-30.943,-14.203,0.240,0.240,0.253,0.253
1.838,-30.796,-14.199,0.223,0.223,0.255,0.255
1.837,-30.650,-14.201,0.227,0.227,0.255,0.255
1.838,-30.421,-14.197,0.221,0.221,0.238,0.238
1.838,-30.356,-14.193,0.206,0.206,0.230,0.230
1.837,-30.176,-14.221,0.218,0.218,0.226,0.226
1.836,-29.964,-14.242,0.215,0.215,0.237,0.237
1.835,-29.834,-14.275,0.233,0.233,0.237,0.237
1.835,-29.817,-14.284,0.218,0.218,0.240,0.240
1.840,-29.850,-14.140,0.240,0.240,0.241,0.241
1.841,-29.883,-14.106,0.230,0.230,0.249,0.249
1.841,-29.899,-14.106,0.249,0.249,0.241,0.241
1.840,-29.866,-14.133,0.237,0.237,0.259,0.259
1.840,-29.866,-14.128,0.259,0.259,0.247,0.247
1.840,-29.834,-14.129,0.243,0.243,0.246,0.246
1.839,-29.883,-14.160,0.259,0.259,0.249,0.249
1.841,-29.834,-14.110,0.246,0.246,0.253,0.253
1.840,-30.029,-14.115,0.269,0.269,0.250,0.250
1.840,-30.095,-14.125,0.258,0.258,0.261,0.261
1.837,-29.834,-14.230,0.279,0.279,0.276,0.276
1.836,-29.442,-14.257,0.291,0.291,0.261,0.261
1.835,-29.328,-14.275,0.298,0.298,0.246,0.246
1.841,-29.148,-14.114,0.285,0.285,0.267,0.267
1.842,-28.969,-14.079,0.302,0.302,0.264,0.264
1.843,-28.838,-14.054,0.291,0.291,0.269,0.269
1.842,-28.691,-14.082,0.282,0.282,0.264,0.264
1.840,-28.495,-14.118,0.276,0.276,0.278,0.278
1.840,-28.365,-14.128,0.276,0.276,0.255,0.255
1.841,-28.202,-14.111,0.256,0.256,0.252,0.252
1.840,-27.973,-14.114,0.249,0.249,0.261,0.261
1.841,-27.712,-14.113,0.250,0.250,0.258,0.258
1.840,-27.467,-14.115,0.237,0.237,0.253,0.253
1.838,-27.386,-14.169,0.230,0.230,0.253,0.253
1.837,-27.549,-14.218,0.221,0.221,0.267,0.267
1.836,-27.810,-14.234,0.220,0.220,0.249,0.249
1.841,-27.908,-14.105,0.201,0.201,0.241,0.241
1.843,-27.908,-14.047,0.203,0.203,0.246,0.246
1.842,-27.859,-14.075,0.189,0.189,0.246,0.246
1.842,-27.712,-14.066,0.211,0.211,0.253,0.253
1.841,-27.647,-14.109,0.186,0.186,0.255,0.255
1.841,-27.777,-14.098,0.235,0.235,0.272,0.272
1.841,-27.875,-14.109,0.226,0.226,0.255,0.255
1.840,-28.071,-14.119,0.276,0.276,0.250,0.250
1.842,-28.300,-14.079,0.285,0.285,0.270,0.270
1.842,-28.430,-14.074,0.322,0.322,0.273,0.273
1.841,-28.430,-14.091,0.310,0.310,0.281,0.281
1.840,-28.414,-14.126,0.334,0.334,0.275,0.275
1.838,-28.414,-14.192,0.331,0.331,0.276,0.276
1.838,-28.397,-14.171,0.359,0.359,0.276,0.276
1.842,-28.365,-14.080,0.363,0.363,0.278,0.278
1.843,-28.381,-14.041,0.401,0.401,0.276,0.276
1.844,-28.397,-14.012,0.404,0.404,0.270,0.270
1.843,-28.397,-14.053,0.447,0.447,0.281,0.281
1.841,-28.414,-14.091,0.468,0.468,0.278,0.278
1.841,-28.544,-14.100,0.511,0.511,0.259,0.259
1.841,-28.610,-14.103,0.543,0.543,0.276,0.276
1.841,-28.675,-14.112,0.586,0.586,0.275,0.275
1.841,-28.773,-14.111,0.610,0.610,0.273,0.273
1.841,-28.854,-14.110,0.636,0.636,0.270,0.270
1.840,-29.067,-14.140,0.639,0.639,0.278,0.278
1.838,-29.132,-14.196,0.661,0.661,0.276,0.276
1.837,-29.181,-14.212,0.658,0.658,0.252,0.252
1.837,-29.262,-14.221,0.644,0.644,0.267,0.267
1.843,-29.213,-14.053,0.636,0.636,0.287,0.287
1.842,-29.148,-14.063,0.612,0.612,0.272,0.272
1.842,-29.067,-14.065,0.606,0.606,0.276,0.276
1.841,-28.969,-14.095,0.565,0.565,0.276,0.276
1.840,-28.854,-14.129,0.560,0.560,0.279,0.279
1.841,-28.854,-14.101,0.507,0.507,0.273,0.273
1.841,-28.854,-14.090,0.485,0.485,0.282,0.282
1.840,-28.871,-14.119,0.446,0.446,0.282,0.282
1.841,-28.871,-14.107,0.417,0.417,0.275,0.275
1.840,-28.854,-14.126,0.365,0.365,0.272,0.272
1.838,-29.034,-14.191,0.354,0.354,0.273,0.273
1.837,-29.246,-14.209,0.316,0.316,0.273,0.273
1.836,-29.377,-14.250,0.301,0.301,0.266,0.266
1.841,-29.393,-14.083,0.240,0.240,0.273,0.273
1.841,-29.377,-14.084,0.223,0.223,0.273,0.273
1.840,-29.344,-14.113,0.171,0.171,0.275,0.275
1.840,-29.377,-14.110,0.150,0.150,0.269,0.269
1.840,-29.360,-14.132,0.095,0.095,0.270,0.270
1.839,-29.377,-14.156,0.075,0.075,0.261,0.261
1.840,-29.377,-14.130,0.029,0.029,0.255,0.255
1.840,-29.197,-14.126,0.015,0.015,0.249,0.249
1.839,-29.148,-14.150,-0.003,0.003,0.264,0.264
1.839,-29.099,-14.164,-0.014,0.014,0.252,0.252
1.835,-28.952,-14.268,-0.021,0.021,0.246,0.246
1.835,-28.871,-14.281,-0.032,0.032,0.241,0.241
1.835,-28.838,-14.266,-0.037,0.037,0.259,0.259
1.839,-28.708,-14.163,-0.047,0.047,0.244,0.244
1.841,-28.659,-14.096,-0.043,0.043,0.258,0.258
1.841,-28.593,-14.111,-0.035,0.035,0.270,0.270
1.839,-28.479,-14.142,-0.017,0.017,0.253,0.253
1.837,-28.381,-14.200,-0.024,0.024,0.259,0.259
1.838,-28.365,-14.176,0.000,0.000,0.258,0.258
1.838,-28.365,-14.196,0.017,0.017,0.269,0.269
1.837,-28.397,-14.206,0.040,0.040,0.250,0.250
1.838,-28.397,-14.187,0.037,0.037,0.264,0.264
1.838,-28.397,-14.192,0.075,0.075,0.272,0.272
1.835,-28.397,-14.270,0.063,0.063,0.270,0.270
1.833,-28.202,-14.313,0.090,0.090,0.259,0.259
1.833,-27.989,-14.325,0.064,0.064,0.250,0.250
1.837,-27.859,-14.205,0.090,0.090,0.259,0.259
1.838,-27.859,-14.180,0.082,0.082,0.244,0.244
1.838,-27.875,-14.193,0.108,0.108,0.246,0.246
1.836,-27.908,-14.238,0.087,0.087,0.253,0.253
1.835,-28.071,-14.267,0.118,0.118,0.240,0.240
1.835,-28.283,-14.272,0.093,0.093,0.238,0.238
1.835,-28.414,-14.264,0.116,0.116,0.229,0.229
1.835,-28.446,-14.276,0.133,0.133,0.237,0.237
1.835,-28.577,-14.277,0.142,0.142,0.244,0.244
1.834,-28.773,-14.303,0.160,0.160,0.238,0.238
1.833,-28.920,-14.333,0.200,0.200,0.232,0.232
1.831,-28.903,-14.382,0.227,0.227,0.241,0.241
1.831,-28.854,-14.374,0.261,0.261,0.240,0.240
1.834,-28.724,-14.292,0.285,0.285,0.244,0.244
1.836,-28.495,-14.238,0.322,0.322,0.233,0.233
1.835,-28.365,-14.265,0.345,0.345,0.229,0.229
1.836,-28.348,-14.246,0.386,0.386,0.232,0.232
1.832,-28.414,-14.341,0.438,0.438,0.243,0.243
1.832,-28.397,-14.355,0.472,0.472,0.241,0.241
1.833,-28.381,-14.332,0.501,0.501,0.246,0.246
1.832,-28.397,-14.349,0.517,0.517,0.261,0.261
1.833,-28.234,-14.325,0.559,0.559,0.264,0.264
1.832,-28.153,-14.362,0.580,0.580,0.266,0.266
1.831,-28.267,-14.379,0.600,0.600,0.266,0.266
1.829,-28.397,-14.429,0.618,0.618,0.267,0.267
1.828,-28.397,-14.468,0.653,0.653,0.267,0.267
1.827,-28.414,-14.498,0.633,0.633,0.267,0.267
1.831,-28.397,-14.382,0.661,0.661,0.247,0.247
1.832,-28.414,-14.352,0.635,0.635,0.266,0.266
1.832,-28.414,-14.344,0.641,0.641,0.267,0.267
1.830,-28.381,-14.411,0.624,0.624,0.267,0.267
1.830,-28.397,-14.404,0.642,0.642,0.262,0.262
1.829,-28.397,-14.429,0.610,0.610,0.262,0.262
1.829,-28.397,-14.446,0.609,0.609,0.261,0.261
1.829,-28.381,-14.438,0.597,0.597,0.255,0.255
1.829,-28.397,-14.453,0.603,0.603,0.267,0.267
1.829,-28.397,-14.434,0.598,0.598,0.267,0.267
1.826,-28.414,-14.525,0.600,0.600,0.264,0.264
1.824,-28.218,-14.567,0.566,0.566,0.272,0.272
1.824,-27.989,-14.575,0.557,0.557,0.278,0.278
1.828,-27.843,-14.479,0.530,0.530,0.276,0.276
1.828,-27.843,-14.464,0.543,0.543,0.273,0.273
1.828,-27.875,-14.457,0.526,0.526,0.282,0.282
1.827,-27.908,-14.504,0.530,0.530,0.284,0.284
1.826,-27.712,-14.536,0.525,0.525,0.273,0.273
1.825,-27.516,-14.548,0.523,0.523,0.273,0.273
1.825,-27.386,-14.545,0.499,0.499,0.298,0.298
1.824,-27.353,-14.578,0.517,0.517,0.279,0.279
1.824,-27.255,-14.570,0.542,0.542,0.276,0.276
1.824,-27.027,-14.567,0.557,0.557,0.272,0.272
1.821,-27.092,-14.657,0.577,0.577,0.282,0.282
1.820,-27.255,-14.697,0.566,0.566,0.282,0.282
1.821,-27.255,-14.655,0.560,0.560,0.279,0.279
1.824,-27.059,-14.589,0.536,0.536,0.278,0.278
1.824,-27.092,-14.570,0.552,0.552,0.270,0.270
1.824,-27.288,-14.590,0.545,0.545,0.275,0.275
1.823,-27.435,-14.617,0.572,0.572,0.270,0.270
1.821,-27.598,-14.648,0.563,0.563,0.269,0.269
1.820,-27.826,-14.694,0.603,0.603,0.266,0.266
1.820,-28.055,-14.687,0.609,0.609,0.262,0.262
1.820,-28.169,-14.692,0.650,0.650,0.255,0.255
1.820,-28.006,-14.694,0.664,0.664,0.261,0.261
1.820,-27.892,-14.693,0.717,0.717,0.273,0.273
1.819,-27.875,-14.722,0.707,0.707,0.269,0.269
1.816,-27.712,-14.796,0.737,0.737,0.262,0.262
1.816,-27.500,-14.807,0.737,0.737,0.267,0.267
1.816,-27.386,-14.797,0.768,0.768,0.279,0.279
1.819,-27.222,-14.727,0.763,0.763,0.284,0.284
1.819,-26.863,-14.709,0.790,0.790,0.284,0.284
1.818,-26.341,-14.742,0.771,0.771,0.298,0.298
1.816,-25.819,-14.795,0.783,0.783,0.293,0.293
1.817,-25.313,-14.780,0.726,0.726,0.308,0.308
1.816,-24.987,-14.803,0.687,0.687,0.334,0.334
1.816,-24.938,-14.798,0.617,0.617,0.310,0.310
1.816,-24.905,-14.802,0.549,0.549,0.298,0.298
1.814,-24.970,-14.841,0.497,0.497,0.308,0.308
1.814,-24.970,-14.838,0.462,0.462,0.308,0.308
1.812,-25.133,-14.895,0.403,0.403,0.308,0.308
1.810,-25.362,-14.946,0.330,0.330,0.298,0.298
1.810,-25.509,-14.944,0.291,0.291,0.308,0.308
1.814,-25.656,-14.835,0.211,0.211,0.291,0.291
1.813,-25.868,-14.875,0.142,0.142,0.285,0.285
1.813,-26.145,-14.862,0.053,0.053,0.269,0.269
1.811,-26.406,-14.917,-0.018,0.018,0.267,0.267
1.811,-26.635,-14.932,-0.075,0.075,0.267,0.267
1.811,-26.733,-14.931,-0.108,0.108,0.259,0.259
1.810,-26.553,-14.951,-0.160,0.160,0.255,0.255
1.810,-26.455,-14.955,-0.154,0.154,0.262,0.262
1.809,-26.243,-14.976,-0.197,0.197,0.267,0.267
1.808,-25.884,-14.991,-0.160,0.160,0.264,0.264
1.806,-25.492,-15.052,-0.179,0.179,0.273,0.273
1.803,-25.231,-15.121,-0.139,0.139,0.264,0.264
1.803,-24.823,-15.128,-0.108,0.108,0.285,0.285
1.808,-24.383,-15.008,-0.041,0.041,0.291,0.291
1.808,-23.844,-15.016,-0.024,0.024,0.287,0.287
1.808,-23.501,-15.016,0.024,0.024,0.282,0.282
1.806,-23.240,-15.057,0.064,0.064,0.287,0.287
1.804,-23.028,-15.095,0.121,0.121,0.288,0.288
1.804,-22.930,-15.102,0.140,0.140,0.307,0.307
1.803,-22.963,-15.112,0.194,0.194,0.290,0.290
1.802,-22.979,-15.137,0.218,0.218,0.285,0.285
1.803,-22.996,-15.131,0.249,0.249,0.307,0.307
1.802,-23.142,-15.151,0.252,0.252,0.311,0.311
1.801,-23.387,-15.167,0.322,0.322,0.310,0.310
1.798,-23.485,-15.247,0.377,0.377,0.298,0.298
1.798,-23.501,-15.250,0.462,0.462,0.301,0.301
1.799,-23.469,-15.215,0.559,0.559,0.295,0.295
1.801,-23.289,-15.179,0.682,0.682,0.287,0.287
1.800,-22.914,-15.182,0.766,0.766,0.295,0.295
1.800,-22.392,-15.196,0.845,0.845,0.284,0.284
1.798,-21.869,-15.234,0.913,0.913,0.287,0.287
1.798,-21.364,-15.242,0.957,0.957,0.269,0.269
1.796,-20.711,-15.274,0.986,0.986,0.261,0.261
1.796,-19.846,-15.274,1.035,1.035,0.256,0.256
1.796,-18.964,-15.288,1.106,1.106,0.253,0.253
1.795,-18.377,-15.289,1.114,1.114,0.250,0.250
1.794,-18.100,-15.316,1.131,1.131,0.230,0.230
1.792,-18.165,-15.353,1.067,1.067,0.233,0.233
1.790,-18.475,-15.390,1.054,1.054,0.238,0.238
1.791,-18.769,-15.362,1.000,1.000,0.212,0.212
1.795,-19.013,-15.303,0.969,0.969,0.224,0.224
1.794,-19.111,-15.312,0.891,0.891,0.238,0.238
1.792,-19.193,-15.347,0.841,0.841,0.229,0.229
1.791,-19.454,-15.373,0.777,0.777,0.226,0.226
1.790,-19.552,-15.385,0.705,0.705,0.226,0.226
1.790,-19.585,-15.397,0.572,0.572,0.232,0.232
1.790,-19.536,-15.397,0.502,0.502,0.227,0.227
1.789,-19.552,-15.412,0.385,0.385,0.238,0.238
1.788,-19.372,-15.432,0.276,0.276,0.237,0.237
1.786,-19.095,-15.466,0.111,0.111,0.244,0.244
1.784,-18.867,-15.512,-0.015,0.015,0.250,0.250
1.783,-18.605,-15.520,-0.175,0.175,0.255,0.255
1.784,-18.540,-15.508,-0.288,0.288,0.258,0.258
1.786,-18.703,-15.466,-0.392,0.392,0.261,0.261
1.786,-18.916,-15.466,-0.443,0.443,0.267,0.267
1.786,-18.948,-15.477,-0.536,0.536,0.275,0.275
1.784,-18.703,-15.508,-0.565,0.565,0.275,0.275
1.782,-18.573,-15.535,-0.601,0.601,0.281,0.281
1.782,-18.524,-15.547,-0.569,0.569,0.285,0.285
1.782,-18.573,-15.550,-0.546,0.546,0.291,0.291
1.781,-18.605,-15.558,-0.429,0.429,0.282,0.282
1.781,-18.573,-15.569,-0.330,0.330,0.275,0.275
1.780,-18.393,-15.588,-0.188,0.188,0.287,0.287
1.776,-17.953,-15.651,-0.060,0.060,0.278,0.278
1.775,-17.496,-15.669,0.067,0.067,0.276,0.276
1.774,-16.892,-15.693,0.183,0.183,0.267,0.267
1.778,-16.516,-15.623,0.270,0.270,0.270,0.270
1.778,-16.011,-15.617,0.420,0.420,0.273,0.273
1.778,-15.390,-15.624,0.499,0.499,0.259,0.259
1.775,-15.113,-15.661,0.555,0.555,0.255,0.255
1.774,-14.852,-15.678,0.569,0.569,0.243,0.243
1.774,-14.672,-15.685,0.607,0.607,0.246,0.246
1.772,-14.591,-15.715,0.577,0.577,0.273,0.273
1.772,-14.623,-15.708,0.603,0.603,0.259,0.259
1.772,-14.787,-15.715,0.600,0.600,0.266,0.266
1.770,-15.015,-15.735,0.612,0.612,0.278,0.278
1.768,-15.260,-15.765,0.549,0.549,0.287,0.287
1.765,-15.505,-15.812,0.508,0.508,0.288,0.288
1.769,-15.603,-15.756,0.414,0.414,0.287,0.287
1.770,-15.619,-15.743,0.327,0.327,0.295,0.295
1.769,-15.407,-15.758,0.221,0.221,0.284,0.284
1.768,-15.195,-15.776,0.148,0.148,0.276,0.276
1.766,-14.884,-15.796,0.040,0.040,0.275,0.275
1.766,-14.493,-15.807,-0.021,0.021,0.270,0.270
1.765,-14.003,-15.820,-0.101,0.101,0.264,0.264
1.765,-13.497,-15.820,-0.143,0.143,0.264,0.264
1.763,-13.138,-15.841,-0.227,0.227,0.273,0.273
1.763,-12.910,-15.846,-0.270,0.270,0.267,0.267
1.761,-12.698,-15.873,-0.310,0.310,0.273,0.273
1.758,-12.616,-15.911,-0.304,0.304,0.272,0.272
1.757,-12.600,-15.917,-0.281,0.281,0.275,0.275
1.758,-12.632,-15.905,-0.249,0.249,0.270,0.270
1.761,-12.796,-15.868,-0.195,0.195,0.275,0.275
1.760,-12.828,-15.882,-0.139,0.139,0.276,0.276
1.759,-12.583,-15.895,-0.078,0.078,0.287,0.287
1.756,-12.045,-15.925,0.069,0.069,0.299,0.299
1.756,-11.392,-15.927,0.240,0.240,0.313,0.313
1.755,-10.641,-15.937,0.380,0.380,0.322,0.322
1.755,-10.054,-15.944,0.575,0.575,0.337,0.337
1.754,-9.711,-15.954,0.740,0.740,0.345,0.345
1.754,-9.678,-15.955,0.932,0.932,0.342,0.342
1.753,-9.646,-15.963,1.116,1.116,0.359,0.359
1.750,-9.695,-15.987,1.296,1.296,0.372,0.372
1.748,-9.515,-16.013,1.344,1.344,0.348,0.348
1.747,-9.140,-16.021,1.399,1.399,0.336,0.336
1.748,-8.552,-16.006,1.399,1.399,0.319,0.319
1.749,-8.242,-15.997,1.399,1.399,0.308,0.308
1.750,-8.161,-15.993,1.312,1.312,0.276,0.276
1.749,-8.144,-16.001,1.274,1.274,0.285,0.285
1.747,-8.193,-16.015,1.137,1.137,0.279,0.279
1.746,-8.226,-16.029,0.969,0.969,0.266,0.266
1.744,-8.210,-16.039,0.758,0.758,0.249,0.249
1.744,-8.193,-16.044,0.583,0.583,0.235,0.235
1.743,-8.226,-16.048,0.340,0.340,0.229,0.229
1.742,-8.177,-16.058,0.168,0.168,0.203,0.203
1.741,-8.210,-16.065,-0.089,0.089,0.201,0.201
1.739,-8.030,-16.081,-0.324,0.324,0.194,0.194
1.737,-7.492,-16.101,-0.574,0.574,0.185,0.185
1.736,-6.920,-16.105,-0.737,0.737,0.179,0.179
1.739,-6.496,-16.085,-0.923,0.923,0.166,0.166
1.740,-6.121,-16.078,-1.067,1.067,0.160,0.160
1.738,-5.615,-16.092,-1.239,1.239,0.140,0.140
1.736,-5.125,-16.102,-1.381,1.381,0.156,0.156
1.736,-4.799,-16.102,-1.540,1.540,0.168,0.168
1.735,-4.538,-16.106,-1.653,1.653,0.154,0.154
1.733,-4.309,-16.113,-1.727,1.727,0.171,0.171
1.733,-4.081,-16.116,-1.770,1.770,0.157,0.157
1.731,-3.689,-16.121,-1.796,1.796,0.186,0.186
1.730,-3.330,-16.125,-1.752,1.752,0.208,0.208
1.728,-3.248,-16.134,-1.714,1.714,0.215,0.215
1.725,-3.069,-16.141,-1.662,1.662,0.214,0.214
1.726,-2.889,-16.140,-1.558,1.558,0.221,0.221
1.729,-2.775,-16.130,-1.448,1.448,0.229,0.229
1.728,-2.775,-16.134,-1.347,1.347,0.241,0.241
1.727,-2.628,-16.137,-1.228,1.228,0.230,0.230
1.724,-2.416,-16.143,-1.085,1.085,0.223,0.223
1.724,-2.106,-16.144,-0.928,0.928,0.226,0.226
1.723,-1.861,-16.145,-0.745,0.745,0.221,0.221
1.722,-1.763,-16.147,-0.588,0.588,0.221,0.221
1.722,-1.780,-16.148,-0.407,0.407,0.212,0.212
1.721,-1.780,-16.150,-0.256,0.256,0.229,0.229
1.719,-1.845,-16.152,-0.044,0.044,0.186,0.186
1.717,-1.812,-16.156,0.165,0.165,0.186,0.186
1.715,-1.812,-16.160,0.433,0.433,0.198,0.198
1.713,-1.633,-16.164,0.717,0.717,0.209,0.209
1.715,-1.420,-16.160,1.061,1.061,0.206,0.206
1.717,-1.241,-16.158,1.355,1.355,0.206,0.206
1.717,-1.110,-16.158,1.645,1.645,0.197,0.197
1.715,-0.719,-16.160,1.814,1.814,0.220,0.220
1.713,-0.392,-16.161,1.990,1.990,0.238,0.238
1.712,-0.229,-16.161,2.081,2.081,0.235,0.235
1.711,-0.229,-16.162,2.176,2.176,0.240,0.240
1.709,-0.294,-16.162,2.245,2.245,0.247,0.247
1.709,-0.311,-16.162,2.355,2.355,0.258,0.258
1.708,-0.311,-16.162,2.419,2.419,0.240,0.240
1.706,-0.294,-16.163,2.477,2.477,0.256,0.256
1.704,-0.033,-16.163,2.460,2.460,0.266,0.266
1.702,0.130,-16.163,2.408,2.408,0.255,0.255
1.703,0.212,-16.163,2.309,2.309,0.264,0.264
1.705,0.130,-16.163,2.159,2.159,0.266,0.266
1.705,0.130,-16.164,2.001,2.001,0.276,0.276
1.703,0.114,-16.163,1.819,1.819,0.264,0.264
1.701,0.146,-16.163,1.624,1.624,0.285,0.285
1.699,0.130,-16.163,1.407,1.407,0.310,0.310
1.698,0.163,-16.163,1.199,1.199,0.310,0.310
1.698,0.146,-16.163,1.059,1.059,0.324,0.324
1.697,0.163,-16.162,0.903,0.903,0.325,0.325
1.696,0.163,-16.162,0.710,0.710,0.348,0.348
1.694,0.163,-16.162,0.519,0.519,0.354,0.354
1.691,0.309,-16.161,0.279,0.279,0.356,0.356
1.689,0.701,-16.160,0.102,0.102,0.359,0.359
1.692,1.076,-16.163,-0.130,0.130,0.354,0.354
1.692,1.338,-16.162,-0.313,0.313,0.348,0.348
1.691,1.729,-16.161,-0.494,0.494,0.342,0.342
1.689,2.219,-16.158,-0.610,0.610,0.354,0.354
1.688,2.774,-16.156,-0.751,0.751,0.360,0.360
1.687,3.231,-16.151,-0.768,0.768,0.356,0.356
1.686,3.916,-16.149,-0.797,0.797,0.368,0.368
1.686,4.602,-16.148,-0.722,0.722,0.377,0.377
1.685,5.222,-16.144,-0.626,0.626,0.383,0.383
1.683,5.891,-16.134,-0.481,0.481,0.378,0.378
1.682,6.576,-16.127,-0.389,0.389,0.397,0.397
1.680,7.148,-16.110,-0.307,0.307,0.369,0.369
1.678,7.866,-16.095,-0.261,0.261,0.368,0.368
1.677,8.567,-16.085,-0.159,0.159,0.356,0.356
1.678,9.318,-16.095,-0.099,0.099,0.320,0.320
1.680,10.085,-16.113,0.002,0.002,0.279,0.279
1.678,10.836,-16.101,0.058,0.058,0.244,0.244
1.676,11.880,-16.069,0.127,0.127,0.221,0.221
1.675,13.414,-16.056,0.137,0.137,0.179,0.179
1.674,14.997,-16.044,0.125,0.125,0.168,0.168
1.673,16.613,-16.032,0.055,0.055,0.151,0.151
1.671,18.376,-16.003,-0.029,0.029,0.125,0.125
1.671,20.155,-15.993,-0.139,0.139,0.121,0.121
1.669,21.950,-15.954,-0.253,0.253,0.107,0.107
1.668,23.973,-15.934,-0.356,0.356,0.110,0.110
1.666,26.356,-15.870,-0.444,0.444,0.110,0.110
1.664,29.016,-15.829,-0.543,0.543,0.099,0.099
1.665,32.084,-15.849,-0.624,0.624,0.101,0.101
1.668,35.120,-15.958,-0.685,0.685,0.105,0.105
1.666,38.009,-15.881,-0.714,0.714,0.101,0.101
1.665,40.848,-15.830,-0.725,0.725,0.145,0.145
1.663,43.623,-15.760,-0.725,0.725,0.125,0.125
1.661,46.299,-15.687,-0.726,0.726,0.125,0.125
1.661,48.845,-15.658,-0.746,0.746,0.139,0.139
1.661,51.342,-15.658,-0.789,0.789,0.148,0.148
1.659,53.888,-15.566,-0.890,0.890,0.157,0.157
1.657,56.434,-15.487,-0.929,0.929,0.168,0.168
1.656,58.915,-15.388,-1.000,1.000,0.201,0.201
1.652,61.379,-15.148,-1.009,1.009,0.195,0.195
1.651,63.647,-15.111,-1.036,1.036,0.203,0.203
1.653,65.540,-15.201,-0.996,0.996,0.217,0.217
1.655,67.091,-15.370,-0.967,0.967,0.230,0.230
1.653,68.478,-15.215,-0.859,0.859,0.240,0.240
1.651,69.931,-15.107,-0.734,0.734,0.250,0.250
1.649,71.057,-14.948,-0.581,0.581,0.262,0.262
1.648,71.905,-14.882,-0.444,0.444,0.264,0.264
1.648,72.591,-14.865,-0.218,0.218,0.261,0.261
1.648,73.097,-14.865,-0.002,0.002,0.269,0.269
1.647,73.407,-14.787,0.287,0.287,0.269,0.269
1.645,73.341,-14.661,0.530,0.530,0.270,0.270
1.643,72.852,-14.545,0.795,0.795,0.252,0.252
1.640,72.215,-14.309,1.045,1.045,0.243,0.243
1.639,71.416,-14.228,1.283,1.283,0.259,0.259
1.641,70.632,-14.332,1.441,1.441,0.284,0.284
1.641,69.751,-14.329,1.628,1.628,0.270,0.270
1.640,68.739,-14.318,1.764,1.764,0.272,0.272
1.640,67.580,-14.313,1.885,1.885,0.281,0.281
1.638,66.193,-14.180,1.993,1.993,0.279,0.279
1.637,64.724,-14.111,2.042,2.042,0.250,0.250
1.636,63.370,-14.019,2.127,2.127,0.250,0.250
1.634,62.293,-13.926,2.081,2.081,0.252,0.252
1.634,61.330,-13.889,2.008,2.008,0.233,0.233
1.633,60.188,-13.822,1.817,1.817,0.224,0.224
1.631,58.800,-13.741,1.630,1.630,0.217,0.217
1.629,57.315,-13.597,1.392,1.392,0.214,0.214
1.628,55.961,-13.565,1.274,1.274,0.191,0.191
1.626,54.704,-13.449,1.145,1.145,0.204,0.204
1.629,53.529,-13.623,0.966,0.966,0.215,0.215
1.629,52.484,-13.608,0.726,0.726,0.218,0.218
1.628,51.505,-13.537,0.519,0.519,0.218,0.218
1.626,50.347,-13.444,0.244,0.244,0.227,0.227
1.625,49.155,-13.383,0.034,0.034,0.227,0.227
1.623,48.045,-13.325,-0.221,0.221,0.212,0.212
1.622,47.229,-13.246,-0.410,0.410,0.252,0.252
1.622,46.495,-13.260,-0.630,0.630,0.270,0.270
1.620,45.826,-13.173,-0.771,0.771,0.276,0.276
1.620,45.418,-13.142,-0.923,0.923,0.285,0.285
1.616,45.124,-12.992,-1.038,1.038,0.296,0.296
1.615,44.781,-12.955,-1.143,1.143,0.307,0.307
1.615,44.488,-12.927,-1.189,1.189,0.305,0.305
1.617,44.504,-13.021,-1.215,1.215,0.313,0.313
1.617,44.781,-13.039,-1.149,1.149,0.320,0.320
1.617,45.092,-13.027,-0.992,0.992,0.334,0.334
1.614,45.516,-12.886,-0.749,0.749,0.339,0.339
1.613,45.989,-12.825,-0.583,0.583,0.340,0.340
1.612,46.511,-12.778,-0.417,0.417,0.354,0.354
1.610,47.213,-12.723,-0.272,0.272,0.365,0.365
1.610,48.078,-12.693,-0.162,0.162,0.372,0.372
1.609,49.106,-12.634,-0.084,0.084,0.368,0.368
1.607,50.265,-12.561,-0.043,0.043,0.359,0.359
1.606,51.685,-12.502,0.029,0.029,0.363,0.363
1.602,53.300,-12.297,0.105,0.105,0.356,0.356
1.601,55.194,-12.266,0.221,0.221,0.342,0.342
1.599,57.185,-12.151,0.298,0.298,0.317,0.317
1.603,59.306,-12.344,0.401,0.401,0.302,0.302
1.605,61.379,-12.488,0.430,0.430,0.281,0.281
1.604,63.288,-12.391,0.497,0.497,0.253,0.253
1.601,64.969,-12.235,0.508,0.508,0.255,0.255
1.600,66.667,-12.146,0.534,0.534,0.259,0.259
1.598,68.364,-12.050,0.494,0.494,0.240,0.240
1.597,70.143,-11.985,0.548,0.548,0.218,0.218
1.596,72.052,-11.903,0.542,0.542,0.217,0.217
1.596,73.815,-11.900,0.571,0.571,0.214,0.214
1.594,75.398,-11.772,0.542,0.542,0.203,0.203
1.591,76.867,-11.517,0.505,0.505,0.201,0.201
1.589,78.303,-11.339,0.424,0.424,0.215,0.215
1.588,79.641,-11.276,0.346,0.346,0.192,0.192
1.591,80.685,-11.513,0.224,0.224,0.197,0.197
1.592,81.665,-11.570,0.201,0.201,0.191,0.191
1.589,82.611,-11.376,0.107,0.107,0.203,0.203
1.588,83.737,-11.296,0.023,0.023,0.212,0.212
1.587,84.945,-11.151,-0.122,0.122,0.226,0.226
1.586,86.071,-11.066,-0.240,0.240,0.264,0.264
1.585,87.083,-10.988,-0.395,0.395,0.246,0.246
1.584,88.013,-10.916,-0.520,0.520,0.246,0.246
1.584,88.633,-10.930,-0.641,0.641,0.264,0.264
1.583,88.829,-10.815,-0.725,0.725,0.270,0.270
1.579,88.943,-10.488,-0.758,0.758,0.285,0.285
1.577,88.976,-10.314,-0.693,0.693,0.291,0.291
1.576,88.976,-10.252,-0.630,0.630,0.320,0.320
1.580,89.123,-10.545,-0.554,0.554,0.301,0.301
1.579,89.074,-10.515,-0.447,0.447,0.291,0.291
1.578,88.519,-10.388,-0.348,0.348,0.293,0.293
1.576,87.736,-10.242,-0.249,0.249,0.291,0.291
1.575,87.083,-10.161,-0.157,0.157,0.282,0.282
1.573,86.397,-9.983,-0.041,0.041,0.262,0.262
1.573,85.500,-9.934,0.069,0.069,0.249,0.249
1.572,84.537,-9.867,0.240,0.240,0.221,0.221
1.571,83.492,-9.794,0.307,0.307,0.209,0.209
1.570,82.709,-9.678,0.423,0.423,0.204,0.204
1.568,82.105,-9.545,0.496,0.496,0.195,0.195
1.565,81.681,-9.287,0.557,0.557,0.185,0.185
1.563,81.175,-9.162,0.612,0.612,0.206,0.206
1.563,80.718,-9.125,0.679,0.679,0.188,0.188
1.566,80.359,-9.392,0.670,0.670,0.215,0.215
1.566,80.098,-9.341,0.674,0.674,0.215,0.215
1.565,79.576,-9.291,0.645,0.645,0.206,0.206
1.563,78.858,-9.152,0.633,0.633,0.175,0.175
1.561,78.205,-8.983,0.584,0.584,0.165,0.165
1.561,77.699,-8.936,0.542,0.542,0.166,0.166
1.560,77.242,-8.859,0.444,0.444,0.156,0.156
1.559,76.916,-8.808,0.389,0.389,0.157,0.157
1.558,76.687,-8.742,0.313,0.313,0.172,0.172
1.556,76.410,-8.612,0.311,0.311,0.186,0.186
1.554,76.197,-8.463,0.267,0.267,0.206,0.206
1.551,75.953,-8.185,0.261,0.261,0.232,0.232
1.550,75.675,-8.125,0.195,0.195,0.237,0.237
1.554,75.447,-8.406,0.150,0.150,0.244,0.244
1.553,75.414,-8.331,0.056,0.056,0.255,0.255
1.554,75.528,-8.428,-0.055,0.055,0.261,0.261
1.551,76.002,-8.245,-0.148,0.148,0.264,0.264
1.549,76.475,-8.083,-0.276,0.276,0.269,0.269
1.548,77.193,-8.009,-0.371,0.371,0.296,0.296
1.547,77.944,-7.883,-0.473,0.473,0.270,0.270
1.547,78.743,-7.932,-0.526,0.526,0.278,0.278
1.546,79.429,-7.854,-0.554,0.554,0.285,0.285
1.545,80.196,-7.758,-0.546,0.546,0.296,0.296
1.542,81.110,-7.518,-0.534,0.534,0.305,0.305
1.539,82.073,-7.255,-0.507,0.507,0.320,0.320
1.537,83.084,-7.102,-0.473,0.473,0.348,0.348
1.541,84.211,-7.443,-0.342,0.342,0.339,0.339
1.541,85.304,-7.435,-0.200,0.200,0.328,0.328
1.541,86.348,-7.381,-0.034,0.034,0.322,0.322
1.540,87.262,-7.294,0.107,0.107,0.307,0.307
1.537,87.915,-7.068,0.336,0.336,0.282,0.282
1.536,88.584,-6.962,0.522,0.522,0.270,0.270
1.535,89.270,-6.924,0.765,0.765,0.279,0.279
1.535,89.988,-6.921,0.975,0.975,0.253,0.253
1.534,90.902,-6.792,1.167,1.167,0.253,0.253
1.533,91.718,-6.716,1.280,1.280,0.266,0.266
1.531,92.501,-6.548,1.375,1.375,0.281,0.281
1.528,93.203,-6.296,1.332,1.332,0.267,0.267
1.525,93.807,-6.008,1.296,1.296,0.255,0.255
1.527,94.264,-6.179,1.247,1.247,0.269,0.269
1.529,94.786,-6.351,1.264,1.264,0.229,0.229
1.528,95.455,-6.257,1.238,1.238,0.212,0.212
1.528,96.140,-6.241,1.170,1.170,0.192,0.192
1.525,96.908,-5.940,1.045,1.045,0.192,0.192
1.524,97.658,-5.827,0.909,0.909,0.177,0.177
1.523,98.409,-5.733,0.772,0.772,0.172,0.172
1.522,99.274,-5.651,0.645,0.645,0.159,0.159
1.521,100.106,-5.582,0.470,0.470,0.154,0.154
1.520,100.677,-5.475,0.319,0.319,0.148,0.148
1.519,101.200,-5.331,0.194,0.194,0.148,0.148
1.516,101.640,-5.065,0.078,0.078,0.153,0.153
1.514,102.326,-4.879,-0.032,0.032,0.148,0.148
1.514,103.174,-4.845,-0.166,0.166,0.150,0.150
1.516,104.219,-5.120,-0.266,0.266,0.130,0.130
1.516,105.214,-5.120,-0.360,0.360,0.154,0.154
1.515,106.210,-4.942,-0.447,0.447,0.175,0.175
1.513,107.173,-4.758,-0.543,0.543,0.186,0.186
1.512,108.168,-4.672,-0.594,0.594,0.206,0.206
1.511,108.919,-4.492,-0.649,0.649,0.226,0.226
1.510,109.392,-4.427,-0.668,0.668,0.247,0.247
1.509,109.425,-4.307,-0.691,0.691,0.262,0.262
1.508,109.539,-4.165,-0.716,0.716,0.278,0.278
1.507,109.751,-4.071,-0.774,0.774,0.298,0.298
1.503,109.996,-3.645,-0.801,0.801,0.307,0.307
1.502,110.306,-3.495,-0.859,0.859,0.316,0.316
1.500,110.388,-3.334,-0.905,0.905,0.301,0.301
1.504,110.420,-3.715,-0.995,0.995,0.324,0.324
1.504,110.323,-3.729,-0.992,0.992,0.327,0.327
1.501,110.388,-3.455,-1.076,1.076,0.314,0.314
1.500,110.502,-3.327,-1.090,1.090,0.308,0.308
1.500,110.975,-3.316,-1.119,1.119,0.308,0.308
1.498,111.481,-3.076,-1.094,1.094,0.302,0.302
1.498,111.987,-3.105,-1.070,1.070,0.285,0.285
1.497,112.673,-3.001,-0.989,0.989,0.298,0.298
1.496,113.358,-2.881,-0.942,0.942,0.290,0.290
1.495,113.962,-2.768,-0.861,0.861,0.264,0.264
1.492,114.321,-2.473,-0.795,0.795,0.244,0.244
1.490,114.500,-2.242,-0.679,0.679,0.212,0.212
1.489,114.549,-2.036,-0.574,0.574,0.188,0.188
1.487,114.386,-1.858,-0.459,0.459,0.166,0.166
1.492,114.288,-2.366,-0.311,0.311,0.166,0.166
1.490,114.239,-2.237,-0.096,0.096,0.151,0.151
1.489,114.239,-2.108,0.204,0.204,0.166,0.166
1.487,114.125,-1.896,0.485,0.485,0.160,0.160
1.486,113.880,-1.707,0.844,0.844,0.163,0.163
1.484,113.619,-1.557,1.135,1.135,0.159,0.159
1.484,113.195,-1.466,1.474,1.474,0.162,0.162
1.484,112.705,-1.470,1.796,1.796,0.171,0.171
1.483,112.183,-1.373,2.060,2.060,0.159,0.159
1.482,111.693,-1.239,2.278,2.278,0.163,0.163
1.479,111.318,-0.918,2.509,2.509,0.172,0.172
1.475,111.334,-0.545,2.663,2.663,0.175,0.175
1.476,111.481,-0.597,2.786,2.786,0.191,0.191
1.480,111.759,-1.007,2.844,2.844,0.206,0.206
1.478,111.889,-0.855,2.924,2.924,0.241,0.241
1.478,111.677,-0.841,2.912,2.912,0.256,0.256
1.474,111.285,-0.438,2.829,2.829,0.285,0.285
1.474,110.747,-0.390,2.666,2.666,0.308,0.308
1.473,110.225,-0.276,2.486,2.486,0.304,0.304
1.471,109.719,-0.108,2.291,2.291,0.311,0.311
1.472,109.376,-0.130,2.066,2.066,0.298,0.298
1.470,109.311,0.080,1.749,1.749,0.314,0.314
1.469,109.278,0.138,1.442,1.442,0.314,0.314
1.466,109.196,0.431,1.109,1.109,0.322,0.322
1.463,108.788,0.775,0.801,0.801,0.330,0.330
1.466,108.266,0.491,0.505,0.505,0.337,0.337
1.466,107.711,0.455,0.218,0.218,0.345,0.345
1.467,107.091,0.355,-0.038,0.038,0.357,0.357
1.466,106.357,0.535,-0.322,0.322,0.383,0.383
1.462,105.916,0.873,-0.496,0.496,0.401,0.401
1.462,105.688,0.915,-0.726,0.726,0.414,0.414
1.460,105.329,1.073,-0.879,0.879,0.430,0.430
1.460,104.872,1.167,-1.048,1.048,0.444,0.444
1.459,104.464,1.216,-1.122,1.122,0.464,0.464
1.458,104.252,1.340,-1.195,1.195,0.475,0.475
1.457,103.811,1.420,-1.206,1.206,0.505,0.505
1.454,103.338,1.701,-1.206,1.206,0.520,0.520
1.451,102.832,2.016,-1.154,1.154,0.531,0.531
1.450,102.358,2.169,-1.126,1.126,0.526,0.526
1.452,101.999,1.999,-0.984,0.984,0.510,0.510
1.455,101.738,1.662,-0.797,0.797,0.482,0.482
1.453,101.559,1.806,-0.621,0.621,0.459,0.459
1.452,101.298,1.944,-0.481,0.481,0.436,0.436
1.450,100.873,2.189,-0.328,0.328,0.417,0.417
1.448,100.400,2.343,-0.189,0.189,0.388,0.388
1.448,99.878,2.392,0.008,0.008,0.371,0.371
1.445,99.225,2.607,0.171,0.171,0.331,0.331
1.446,98.474,2.545,0.348,0.348,0.278,0.278
1.445,97.887,2.685,0.559,0.559,0.232,0.232
1.443,97.381,2.837,0.720,0.720,0.171,0.171
1.440,96.973,3.153,0.832,0.832,0.114,0.114
1.438,96.451,3.371,0.867,0.867,0.066,0.066
1.438,96.255,3.368,0.859,0.859,0.023,0.023
1.441,96.092,3.014,0.852,0.852,-0.005,0.005
1.441,95.569,3.033,0.902,0.902,-0.020,0.020
1.440,95.014,3.108,0.893,0.893,0.008,0.008
1.437,94.280,3.385,0.954,0.954,-0.008,0.008
1.437,93.578,3.431,0.945,0.945,0.009,0.009
1.436,93.138,3.558,0.926,0.926,0.038,0.038
1.435,92.860,3.611,0.935,0.935,0.069,0.069
1.434,92.697,3.709,1.025,1.025,0.092,0.092
1.433,92.289,3.798,1.038,1.038,0.122,0.122
1.431,91.652,3.990,1.042,1.042,0.137,0.137
1.428,91.000,4.236,0.897,0.897,0.154,0.154
1.426,90.494,4.449,0.812,0.812,0.175,0.175
1.426,89.841,4.458,0.699,0.699,0.201,0.201
1.429,89.188,4.164,0.600,0.600,0.226,0.226
1.429,88.552,4.176,0.517,0.517,0.249,0.249
1.428,88.062,4.270,0.473,0.473,0.262,0.262
1.425,87.768,4.483,0.417,0.417,0.285,0.285
1.424,87.654,4.608,0.400,0.400,0.305,0.305
1.424,87.377,4.622,0.310,0.310,0.322,0.322
1.423,87.099,4.715,0.182,0.182,0.322,0.322
1.422,87.116,4.813,0.043,0.043,0.337,0.337
1.420,87.050,4.929,-0.118,0.118,0.331,0.331
1.419,86.887,5.084,-0.288,0.288,0.346,0.346
1.416,86.756,5.263,-0.459,0.459,0.328,0.328
1.414,86.724,5.487,-0.600,0.600,0.334,0.334
1.414,86.561,5.435,-0.700,0.700,0.327,0.327
1.417,86.512,5.258,-0.703,0.703,0.308,0.308
1.417,86.805,5.237,-0.728,0.728,0.307,0.307
1.415,86.822,5.364,-0.693,0.693,0.314,0.314
1.413,86.283,5.579,-0.722,0.722,0.291,0.291
1.411,85.826,5.693,-0.703,0.703,0.261,0.261
1.410,85.500,5.793,-0.751,0.751,0.266,0.266
1.409,84.961,5.866,-0.769,0.769,0.247,0.247
1.410,84.439,5.799,-0.815,0.815,0.240,0.240
1.409,84.178,5.919,-0.839,0.839,0.223,0.223
1.408,84.227,6.028,-0.893,0.893,0.212,0.212
1.406,84.276,6.148,-0.903,0.903,0.182,0.182
1.403,84.276,6.425,-0.923,0.923,0.177,0.177
1.402,84.276,6.495,-0.919,0.919,0.142,0.142
1.402,84.292,6.489,-0.902,0.902,0.121,0.121
1.404,84.080,6.344,-0.874,0.874,0.098,0.098
1.404,83.868,6.336,-0.852,0.852,0.087,0.087
1.401,83.607,6.594,-0.862,0.862,0.055,0.055
1.399,83.378,6.721,-0.879,0.879,0.069,0.069
1.399,83.427,6.777,-0.905,0.905,0.063,0.063
1.398,83.656,6.843,-0.908,0.908,0.043,0.043
1.397,83.819,6.915,-0.903,0.903,0.029,0.029
1.396,83.982,7.027,-0.859,0.859,0.015,0.015
1.395,84.357,7.088,-0.774,0.774,0.018,0.018
1.391,84.880,7.413,-0.649,0.649,0.020,0.020
1.390,85.239,7.515,-0.566,0.566,0.035,0.035
1.389,85.516,7.566,-0.441,0.441,0.047,0.047
1.391,85.892,7.430,-0.296,0.296,0.067,0.067
1.393,86.528,7.281,-0.093,0.093,0.084,0.084
1.391,87.132,7.399,0.032,0.032,0.082,0.082
1.390,87.507,7.518,0.226,0.226,0.110,0.110
1.387,87.866,7.744,0.351,0.351,0.140,0.140
1.387,88.323,7.806,0.559,0.559,0.148,0.148
1.386,88.666,7.897,0.696,0.696,0.172,0.172
1.385,88.764,7.982,0.913,0.913,0.197,0.197
1.383,88.764,8.100,1.154,1.154,0.221,0.221
1.382,88.715,8.170,1.479,1.479,0.261,0.261
1.380,88.682,8.347,1.792,1.792,0.279,0.279
1.378,88.715,8.585,2.120,2.120,0.301,0.301
1.376,88.715,8.771,2.443,2.443,0.327,0.327
1.378,88.715,8.544,2.657,2.657,0.331,0.331
1.380,88.731,8.429,2.820,2.820,0.349,0.349
1.378,88.911,8.585,2.877,2.877,0.354,0.354
1.378,89.319,8.544,2.892,2.892,0.378,0.378
1.376,89.776,8.746,2.796,2.796,0.359,0.359
1.375,90.347,8.856,2.695,2.695,0.369,0.369
1.373,91.000,8.974,2.475,2.475,0.371,0.371
1.373,91.881,9.050,2.255,2.255,0.391,0.391
1.371,92.860,9.163,1.958,1.958,0.388,0.388
1.371,93.725,9.231,1.714,1.714,0.386,0.386
1.370,94.329,9.337,1.390,1.390,0.388,0.388
1.367,94.770,9.607,1.105,1.105,0.375,0.375
1.364,95.243,9.890,0.804,0.804,0.366,0.366
1.365,95.520,9.770,0.507,0.507,0.359,0.359
1.367,95.488,9.558,0.189,0.189,0.359,0.359
1.365,95.210,9.751,-0.081,0.081,0.348,0.348
1.365,95.080,9.779,-0.374,0.374,0.340,0.340
1.362,95.080,10.025,-0.606,0.606,0.314,0.314
1.361,95.112,10.126,-0.848,0.848,0.331,0.331
1.360,95.096,10.217,-1.009,1.009,0.328,0.328
1.361,95.112,10.173,-1.170,1.170,0.316,0.316
1.360,95.112,10.287,-1.308,1.308,0.307,0.307
1.359,95.112,10.321,-1.447,1.447,0.319,0.319
1.356,95.145,10.618,-1.579,1.579,0.337,0.337
1.353,95.112,10.908,-1.697,1.697,0.356,0.356
1.351,95.455,11.063,-1.784,1.784,0.362,0.362
1.355,96.124,10.764,-1.814,1.814,0.371,0.371
1.355,96.875,10.684,-1.799,1.799,0.363,0.363
1.355,97.675,10.752,-1.726,1.726,0.345,0.345
1.352,98.409,10.983,-1.627,1.627,0.310,0.310
1.351,99.111,11.065,-1.442,1.442,0.288,0.288
1.350,99.682,11.220,-1.212,1.212,0.258,0.258
1.348,100.335,11.412,-0.891,0.891,0.221,0.221
1.348,101.069,11.449,-0.581,0.581,0.194,0.194
1.347,101.657,11.556,-0.209,0.209,0.168,0.168
1.346,102.342,11.617,0.102,0.102,0.153,0.153
1.344,103.191,11.774,0.479,0.479,0.156,0.156
1.343,104.023,11.905,0.766,0.766,0.134,0.134
1.340,104.660,12.230,1.044,1.044,0.124,0.124
1.340,104.953,12.192,1.218,1.218,0.111,0.111
1.341,105.198,12.091,1.405,1.405,0.108,0.108
1.341,105.361,12.084,1.528,1.528,0.104,0.104
1.341,105.427,12.115,1.656,1.656,0.104,0.104
1.339,105.459,12.342,1.703,1.703,0.085,0.085
1.338,105.459,12.437,1.677,1.677,0.101,0.101
1.337,105.786,12.577,1.640,1.640,0.096,0.096
1.336,106.422,12.682,1.567,1.567,0.093,0.093
1.335,107.026,12.757,1.466,1.466,0.089,0.089
1.334,107.548,12.920,1.331,1.331,0.122,0.122
1.333,108.038,13.020,1.204,1.204,0.118,0.118
1.332,108.511,13.132,1.149,1.149,0.131,0.131
1.329,108.837,13.453,1.132,1.132,0.153,0.153
1.326,109.099,13.767,1.131,1.131,0.183,0.183
1.325,109.490,13.879,1.143,1.143,0.201,0.201
1.329,109.980,13.363,1.051,1.051,0.224,0.224
1.329,110.665,13.381,1.004,1.004,0.230,0.230
1.329,111.383,13.465,0.871,0.871,0.255,0.255
1.326,111.840,13.758,0.743,0.743,0.273,0.273
1.325,111.922,13.869,0.588,0.588,0.279,0.279
1.323,111.693,14.077,0.421,0.421,0.287,0.287
1.323,111.400,14.132,0.261,0.261,0.313,0.313
1.321,111.285,14.254,0.121,0.121,0.336,0.336
1.320,111.285,14.402,-0.087,0.087,0.371,0.371
1.320,111.302,14.450,-0.243,0.243,0.383,0.383
1.317,111.530,14.716,-0.412,0.412,0.397,0.397
1.314,111.922,15.134,-0.539,0.539,0.407,0.407
1.315,112.412,14.952,-0.702,0.702,0.421,0.421
1.318,112.771,14.683,-0.815,0.815,0.433,0.433
1.316,112.885,14.874,-0.914,0.914,0.420,0.420
1.315,112.868,15.028,-0.960,0.960,0.407,0.407
1.313,112.803,15.237,-0.964,0.964,0.401,0.401
1.312,112.803,15.361,-0.987,0.987,0.378,0.378
1.311,112.836,15.405,-0.935,0.935,0.354,0.354
1.310,112.999,15.488,-0.887,0.887,0.324,0.324
1.310,113.391,15.567,-0.765,0.765,0.302,0.302
1.309,114.060,15.695,-0.588,0.588,0.281,0.281
1.307,114.647,15.835,-0.295,0.295,0.269,0.269
1.305,114.876,16.136,-0.058,0.058,0.261,0.261
1.302,115.039,16.445,0.130,0.130,0.256,0.256
1.301,115.186,16.525,0.203,0.203,0.230,0.230
1.304,115.463,16.188,0.275,0.275,0.200,0.200
1.304,115.871,16.219,0.244,0.244,0.160,0.160
1.303,116.540,16.338,0.229,0.229,0.171,0.171
1.301,117.275,16.528,0.185,0.185,0.180,0.180
1.300,117.928,16.684,0.220,0.220,0.156,0.156
1.298,118.580,16.880,0.240,0.240,0.162,0.162
1.298,119.315,16.955,0.369,0.369,0.154,0.154
1.296,119.886,17.118,0.473,0.473,0.175,0.175
1.296,120.376,17.142,0.609,0.609,0.165,0.165
1.295,120.865,17.230,0.734,0.734,0.174,0.174
1.294,121.322,17.374,0.853,0.853,0.175,0.175
1.291,121.828,17.778,0.879,0.879,0.171,0.171
1.290,122.285,17.891,0.899,0.899,0.174,0.174
1.290,122.628,17.915,0.858,0.858,0.166,0.166
1.292,122.905,17.638,0.789,0.789,0.162,0.162
1.290,123.248,17.851,0.697,0.697,0.169,0.169
1.289,123.574,17.961,0.551,0.551,0.166,0.166
1.288,123.836,18.203,0.468,0.468,0.192,0.192
1.286,124.260,18.376,0.380,0.380,0.208,0.208
1.286,124.554,18.409,0.317,0.317,0.235,0.235
1.285,124.847,18.471,0.192,0.192,0.270,0.270
1.284,125.402,18.649,0.066,0.066,0.275,0.275
1.283,126.251,18.754,-0.092,0.092,0.295,0.295
1.282,127.100,18.897,-0.238,0.238,0.301,0.301
1.279,127.752,19.277,-0.351,0.351,0.316,0.316
1.277,128.421,19.574,-0.450,0.450,0.331,0.331
1.275,129.401,19.767,-0.606,0.606,0.343,0.343
1.280,130.429,19.099,-0.700,0.700,0.371,0.371
1.279,131.016,19.216,-0.833,0.833,0.368,0.368
1.277,131.261,19.499,-0.922,0.922,0.363,0.363
1.276,131.408,19.729,-1.000,1.000,0.368,0.368
1.275,131.636,19.852,-0.975,0.975,0.357,0.357
1.273,132.061,20.022,-0.972,0.972,0.346,0.346
1.272,132.420,20.202,-0.943,0.943,0.328,0.328
1.272,132.665,20.206,-0.928,0.928,0.322,0.322
1.271,132.860,20.382,-0.853,0.853,0.278,0.278
1.269,132.779,20.572,-0.743,0.743,0.253,0.253
1.267,132.567,20.888,-0.606,0.606,0.237,0.237
1.264,132.420,21.240,-0.464,0.464,0.198,0.198
1.263,132.567,21.328,-0.314,0.314,0.175,0.175
1.266,132.828,21.011,-0.180,0.180,0.163,0.163
1.266,132.942,20.936,-0.052,0.052,0.148,0.148
1.266,133.122,21.020,0.131,0.131,0.148,0.148
1.263,133.530,21.396,0.349,0.349,0.140,0.140
1.262,133.807,21.498,0.586,0.586,0.146,0.146
1.261,134.003,21.658,0.757,0.757,0.124,0.124
1.261,133.970,21.693,0.952,0.952,0.127,0.127
1.260,133.954,21.809,1.157,1.157,0.121,0.121
1.259,133.905,21.933,1.369,1.369,0.101,0.101
1.258,133.954,22.071,1.515,1.515,0.118,0.118
1.256,134.117,22.364,1.665,1.665,0.133,0.133
1.252,134.476,22.796,1.753,1.753,0.125,0.125
1.250,134.852,23.073,1.874,1.874,0.137,0.137
1.252,134.966,22.885,1.970,1.970,0.157,0.157
1.254,135.096,22.634,2.083,2.083,0.180,0.180
1.254,135.145,22.585,2.069,2.069,0.198,0.198
1.252,134.835,22.885,2.042,2.042,0.233,0.233
1.250,134.329,23.077,1.952,1.952,0.273,0.273
1.248,133.954,23.361,1.875,1.875,0.287,0.287
1.248,133.889,23.446,1.680,1.680,0.301,0.301
1.246,133.872,23.646,1.503,1.503,0.310,0.310
1.245,133.725,23.765,1.299,1.299,0.331,0.331
1.246,133.530,23.725,1.180,1.180,0.349,0.349
1.244,133.236,23.951,1.039,1.039,0.343,0.343
1.242,132.975,24.251,0.908,0.908,0.334,0.334
1.240,132.714,24.405,0.772,0.772,0.337,0.337
1.240,132.518,24.463,0.673,0.673,0.330,0.330
1.243,132.583,24.036,0.476,0.476,0.340,0.340
1.242,132.828,24.177,0.334,0.334,0.316,0.316
1.239,133.089,24.605,0.142,0.142,0.302,0.302
1.238,133.399,24.768,-0.072,0.072,0.298,0.298
1.237,133.611,24.932,-0.275,0.275,0.302,0.302
1.236,133.856,25.025,-0.493,0.493,0.298,0.298
1.234,134.117,25.212,-0.688,0.688,0.293,0.293
1.234,134.199,25.225,-0.890,0.890,0.273,0.273
1.233,134.036,25.452,-1.033,1.033,0.259,0.259
1.230,133.758,25.745,-1.221,1.221,0.249,0.249
1.227,133.513,26.193,-1.349,1.349,0.233,0.233
1.226,133.350,26.285,-1.448,1.448,0.235,0.235
1.226,133.203,26.299,-1.524,1.524,0.224,0.224
1.230,132.991,25.778,-1.621,1.621,0.215,0.215
1.230,132.746,25.857,-1.695,1.695,0.203,0.203
1.228,132.485,26.020,-1.738,1.738,0.180,0.180
1.226,132.257,26.340,-1.715,1.715,0.168,0.168
1.225,131.832,26.454,-1.676,1.676,0.133,0.133
1.224,131.310,26.637,-1.604,1.604,0.133,0.133
1.222,130.984,26.824,-1.607,1.607,0.142,0.142
1.222,130.771,26.859,-1.578,1.578,0.118,0.118
1.221,130.527,26.998,-1.537,1.537,0.114,0.114
1.220,130.494,27.141,-1.418,1.418,0.110,0.110
1.218,130.478,27.435,-1.343,1.343,0.107,0.107
1.214,130.478,27.963,-1.219,1.219,0.105,0.105
1.214,130.494,27.958,-1.132,1.132,0.102,0.102
1.217,130.429,27.517,-1.012,1.012,0.076,0.076
1.217,130.298,27.517,-0.905,0.905,0.090,0.090
1.216,129.907,27.685,-0.737,0.737,0.079,0.079
1.213,129.384,27.982,-0.568,0.568,0.081,0.081
1.213,129.058,28.089,-0.374,0.374,0.078,0.078
1.211,128.960,28.290,-0.160,0.160,0.084,0.084
1.211,128.829,28.337,0.055,0.055,0.104,0.104
1.210,128.601,28.397,0.316,0.316,0.110,0.110
1.210,128.340,28.465,0.650,0.650,0.130,0.130
1.208,127.916,28.729,0.977,0.977,0.150,0.150
1.205,127.426,29.089,1.322,1.322,0.177,0.177
1.203,126.887,29.363,1.616,1.616,0.201,0.201
1.200,126.414,29.636,1.894,1.894,0.230,0.230
1.204,125.957,29.230,2.144,2.144,0.229,0.229
1.204,125.663,29.159,2.234,2.234,0.241,0.241
1.204,125.614,29.163,2.326,2.326,0.267,0.267
1.201,125.598,29.517,2.329,2.329,0.285,0.285
1.201,125.794,29.605,2.295,2.295,0.302,0.302
1.200,126.022,29.726,2.226,2.226,0.319,0.319
1.198,126.137,29.960,2.175,2.175,0.331,0.331
1.198,126.088,29.989,2.045,2.045,0.351,0.351
1.197,126.039,30.098,1.967,1.967,0.362,0.362
1.196,126.071,30.227,1.863,1.863,0.371,0.371
1.194,126.088,30.449,1.775,1.775,0.377,0.377
1.191,126.235,30.813,1.621,1.621,0.386,0.386
1.189,126.610,31.060,1.451,1.451,0.382,0.382
1.190,126.953,30.926,1.155,1.155,0.359,0.359
1.192,127.100,30.723,0.899,0.899,0.380,0.380
1.192,126.904,30.686,0.624,0.624,0.401,0.401
1.190,126.496,30.933,0.421,0.421,0.394,0.394
1.189,126.006,31.093,0.221,0.221,0.391,0.391
1.186,125.484,31.401,0.121,0.121,0.391,0.391
1.186,124.994,31.488,-0.040,0.040,0.380,0.380
1.185,124.684,31.604,-0.136,0.136,0.356,0.356
1.184,124.586,31.728,-0.255,0.255,0.359,0.359
1.184,124.586,31.720,-0.360,0.360,0.357,0.357
1.183,124.652,31.865,-0.415,0.415,0.336,0.336
1.181,124.798,32.100,-0.478,0.478,0.322,0.322
1.179,125.027,32.386,-0.485,0.485,0.307,0.307
1.176,125.125,32.722,-0.420,0.420,0.310,0.310
1.177,125.157,32.519,-0.316,0.316,0.316,0.316
1.180,125.451,32.211,-0.241,0.241,0.299,0.299
1.178,126.071,32.474,-0.145,0.145,0.295,0.295
1.176,126.838,32.688,-0.087,0.087,0.285,0.285
1.175,127.638,32.886,-0.047,0.047,0.285,0.285
1.173,128.226,33.030,-0.056,0.056,0.298,0.298
1.173,128.519,33.145,-0.061,0.061,0.266,0.266
1.171,128.601,33.316,-0.095,0.095,0.250,0.250
1.170,128.389,33.431,-0.089,0.089,0.224,0.224
1.170,128.111,33.461,-0.092,0.092,0.195,0.195
1.167,127.785,33.843,-0.063,0.063,0.171,0.171
1.165,127.589,34.092,-0.076,0.076,0.165,0.165
1.164,127.328,34.262,-0.078,0.078,0.150,0.150
1.167,126.953,33.874,-0.107,0.107,0.157,0.157
1.168,126.594,33.769,-0.066,0.066,0.163,0.163
1.166,126.316,33.978,-0.079,0.079,0.177,0.177
1.164,125.973,34.204,-0.011,0.011,0.188,0.188
1.163,125.663,34.421,-0.017,0.017,0.189,0.189
1.161,125.565,34.625,0.014,0.014,0.197,0.197
1.161,125.729,34.596,0.006,0.006,0.206,0.206
1.159,126.186,34.813,0.096,0.096,0.215,0.215
1.159,126.855,34.897,0.188,0.188,0.223,0.223
1.158,127.752,35.007,0.359,0.359,0.226,0.226
1.156,128.634,35.249,0.485,0.485,0.233,0.233
1.154,129.401,35.472,0.600,0.600,0.229,0.229
1.151,130.086,35.889,0.630,0.630,0.261,0.261
1.150,130.494,36.083,0.731,0.731,0.281,0.281
1.153,130.706,35.577,0.819,0.819,0.295,0.295
1.154,130.902,35.460,0.923,0.923,0.307,0.307
1.154,130.951,35.572,0.998,0.998,0.308,0.308
1.152,130.984,35.751,1.096,1.096,0.316,0.316
1.150,130.788,36.098,1.152,1.152,0.331,0.331
1.148,130.559,36.241,1.231,1.231,0.314,0.314
1.148,130.625,36.349,1.332,1.332,0.301,0.301
1.147,130.837,36.453,1.444,1.444,0.314,0.314
1.146,130.804,36.557,1.433,1.433,0.325,0.325
1.145,130.412,36.644,1.343,1.343,0.325,0.325
1.143,130.053,36.963,1.241,1.241,0.337,0.337
1.139,129.776,37.467,1.087,1.087,0.363,0.363
1.138,129.727,37.609,0.913,0.913,0.348,0.348
1.140,130.021,37.308,0.731,0.731,0.349,0.349
1.141,130.559,37.178,0.574,0.574,0.365,0.365
1.141,130.951,37.239,0.401,0.401,0.369,0.369
1.139,131.392,37.457,0.281,0.281,0.366,0.366
1.137,131.963,37.723,0.119,0.119,0.372,0.372
1.136,132.436,37.832,-0.037,0.037,0.353,0.353
1.136,132.877,37.824,-0.212,0.212,0.363,0.363
1.135,133.268,37.965,-0.353,0.353,0.363,0.363
1.134,133.497,38.160,-0.490,0.490,0.337,0.337
1.133,133.644,38.239,-0.528,0.528,0.328,0.328
1.130,134.036,38.612,-0.565,0.565,0.302,0.302
1.129,134.346,38.866,-0.592,0.592,0.288,0.288
1.126,134.476,39.187,-0.653,0.653,0.272,0.272
1.127,134.444,39.097,-0.661,0.661,0.232,0.232
1.130,134.248,38.719,-0.684,0.684,0.198,0.198
1.129,133.840,38.839,-0.705,0.705,0.174,0.174
1.127,133.301,39.016,-0.731,0.731,0.157,0.157
1.125,132.812,39.298,-0.685,0.685,0.159,0.159
1.124,132.616,39.514,-0.690,0.690,0.143,0.143
1.122,132.452,39.734,-0.670,0.670,0.130,0.130
1.122,132.126,39.743,-0.691,0.691,0.136,0.136
1.121,131.979,39.913,-0.707,0.707,0.130,0.130
1.120,132.110,40.005,-0.771,0.771,0.124,0.124
1.119,132.518,40.168,-0.809,0.809,0.108,0.108
1.116,133.073,40.515,-0.868,0.868,0.102,0.102
1.114,133.595,40.816,-0.913,0.913,0.087,0.087
1.115,134.084,40.674,-0.951,0.951,0.099,0.099
1.117,134.395,40.452,-0.952,0.952,0.089,0.089
1.116,134.835,40.559,-0.891,0.891,0.084,0.084
1.116,135.586,40.532,-0.850,0.850,0.085,0.085
1.113,136.451,40.938,-0.786,0.786,0.098,0.098
1.111,137.071,41.178,-0.728,0.728,0.105,0.105
1.110,137.348,41.278,-0.615,0.615,0.099,0.099
1.109,137.430,41.415,-0.530,0.530,0.111,0.111
1.108,137.218,41.561,-0.353,0.353,0.111,0.111
1.108,136.810,41.665,-0.145,0.145,0.122,0.122
1.107,136.435,41.796,0.098,0.098,0.154,0.154
1.104,136.173,42.149,0.346,0.346,0.145,0.145
1.101,135.929,42.546,0.627,0.627,0.148,0.148
1.100,135.684,42.758,0.865,0.865,0.163,0.163
1.104,135.472,42.124,1.047,1.047,0.172,0.172
1.105,135.325,42.070,1.134,1.134,0.180,0.180
1.103,135.390,42.308,1.288,1.288,0.180,0.180
1.101,135.390,42.541,1.396,1.396,0.166,0.166
1.100,135.374,42.766,1.518,1.518,0.180,0.180
1.098,135.406,42.914,1.512,1.512,0.195,0.195
1.097,135.423,43.089,1.482,1.482,0.182,0.182
1.097,135.586,43.134,1.486,1.486,0.180,0.180
1.096,135.978,43.211,1.589,1.589,0.177,0.177
1.095,136.500,43.387,1.698,1.698,0.194,0.194
1.091,137.038,43.872,1.743,1.743,0.200,0.200
1.089,137.512,44.223,1.727,1.727,0.204,0.204
1.090,137.822,44.122,1.650,1.650,0.204,0.204
1.091,137.887,43.898,1.540,1.540,0.215,0.215
1.092,137.903,43.839,1.473,1.473,0.221,0.221
1.090,137.854,44.008,1.318,1.318,0.227,0.227
1.089,137.854,44.223,1.183,1.183,0.252,0.252
1.088,137.854,44.364,0.990,0.990,0.279,0.279
1.087,138.034,44.515,0.765,0.765,0.282,0.282
1.085,138.262,44.744,0.534,0.534,0.293,0.293
1.085,138.524,44.731,0.322,0.322,0.305,0.305
1.083,138.752,44.997,0.095,0.095,0.324,0.324
1.083,138.883,45.089,-0.124,0.124,0.349,0.349
1.080,138.687,45.398,-0.272,0.272,0.349,0.349
1.078,138.442,45.774,-0.406,0.406,0.362,0.362
1.076,138.132,45.985,-0.569,0.569,0.391,0.391
1.077,137.903,45.876,-0.740,0.740,0.420,0.420
1.078,137.838,45.684,-0.885,0.885,0.426,0.426
1.078,137.985,45.702,-1.039,1.039,0.438,0.438
1.077,138.262,45.903,-1.143,1.143,0.414,0.414
1.075,138.556,46.142,-1.288,1.288,0.430,0.430
1.073,138.785,46.418,-1.366,1.366,0.401,0.401
1.072,139.062,46.515,-1.451,1.451,0.369,0.369
1.072,139.274,46.612,-1.474,1.474,0.317,0.317
1.071,139.552,46.723,-1.497,1.497,0.285,0.285
1.070,140.107,46.806,-1.451,1.451,0.262,0.262
1.070,140.825,46.853,-1.408,1.408,0.230,0.230
1.067,141.494,47.255,-1.323,1.323,0.212,0.212
1.064,142.147,47.707,-1.277,1.277,0.200,0.200
1.064,142.669,47.641,-1.134,1.134,0.203,0.203
1.066,142.865,47.366,-1.067,1.067,0.200,0.200
1.066,142.832,47.375,-0.920,0.920,0.226,0.226
1.065,142.783,47.579,-0.792,0.792,0.198,0.198
1.063,142.783,47.835,-0.551,0.551,0.189,0.189
1.062,142.750,48.000,-0.383,0.383,0.195,0.195
1.060,142.799,48.195,-0.160,0.160,0.191,0.191
1.060,142.930,48.332,0.050,0.050,0.188,0.188
1.058,143.191,48.508,0.307,0.307,0.182,0.182
1.058,143.289,48.508,0.557,0.557,0.177,0.177
1.057,143.305,48.759,0.813,0.813,0.179,0.179
1.053,143.289,49.206,1.032,1.032,0.186,0.186
1.052,143.256,49.377,1.216,1.216,0.188,0.188
1.053,143.077,49.263,1.410,1.410,0.200,0.200
1.054,142.701,49.168,1.653,1.653,0.214,0.214
1.054,142.538,49.126,1.796,1.796,0.229,0.229
1.052,142.816,49.358,1.917,1.917,0.237,0.237
1.051,143.175,49.566,2.040,2.040,0.249,0.249
1.049,143.322,49.766,2.095,2.095,0.247,0.247
1.048,143.517,49.908,2.170,2.170,0.252,0.252
1.048,143.681,49.985,2.196,2.196,0.256,0.256
1.047,143.795,50.132,2.167,2.167,0.255,0.255
1.046,143.811,50.299,2.045,2.045,0.273,0.273
1.045,143.779,50.452,1.912,1.912,0.288,0.288
1.043,143.779,50.709,1.761,1.761,0.293,0.293
1.040,143.925,51.096,1.604,1.604,0.288,0.288
1.039,144.187,51.301,1.398,1.398,0.291,0.291
1.038,144.448,51.378,1.302,1.302,0.287,0.287
1.043,144.692,50.755,1.155,1.155,0.320,0.320
1.041,144.954,50.966,1.003,1.003,0.298,0.298
1.040,145.345,51.101,0.810,0.810,0.304,0.304
1.039,145.672,51.313,0.636,0.636,0.320,0.320
1.036,145.770,51.680,0.386,0.386,0.345,0.345
1.036,145.639,51.758,0.185,0.185,0.334,0.334
1.034,145.345,51.931,-0.078,0.078,0.363,0.363
1.033,145.215,52.119,-0.282,0.282,0.385,0.385
1.032,145.247,52.254,-0.504,0.504,0.372,0.372
1.032,145.231,52.317,-0.673,0.673,0.374,0.374
1.029,145.084,52.711,-0.830,0.830,0.380,0.380
1.026,144.692,53.096,-0.948,0.948,0.371,0.371
1.026,144.333,53.201,-1.083,1.083,0.357,0.357
1.028,144.040,52.895,-1.184,1.184,0.333,0.333
1.029,143.648,52.781,-1.280,1.280,0.304,0.304
1.027,143.191,53.056,-1.352,1.352,0.258,0.258
1.025,142.816,53.365,-1.412,1.412,0.230,0.230
1.025,142.538,53.336,-1.477,1.477,0.183,0.183
1.023,142.375,53.643,-1.456,1.456,0.157,0.157
1.023,142.424,53.591,-1.405,1.405,0.127,0.127
1.022,142.685,53.714,-1.262,1.262,0.111,0.111
1.020,142.816,54.013,-1.122,1.122,0.099,0.099
1.019,143.028,54.098,-0.943,0.943,0.105,0.105
1.017,143.191,54.501,-0.734,0.734,0.110,0.110
1.015,143.273,54.743,-0.537,0.537,0.102,0.102
1.013,143.109,54.957,-0.388,0.388,0.104,0.104
1.017,143.060,54.445,-0.143,0.143,0.081,0.081
1.017,143.158,54.516,0.063,0.063,0.093,0.093
1.015,143.256,54.744,0.281,0.281,0.092,0.092
1.013,143.322,55.010,0.473,0.473,0.084,0.084
1.011,143.273,55.309,0.746,0.746,0.084,0.084
1.011,143.273,55.357,0.945,0.945,0.101,0.101
1.010,143.273,55.438,1.128,1.128,0.118,0.118
1.009,143.256,55.542,1.283,1.283,0.154,0.154
1.009,143.093,55.656,1.447,1.447,0.145,0.145
1.007,142.848,55.860,1.552,1.552,0.154,0.154
1.005,142.587,56.153,1.701,1.701,0.177,0.177
1.003,142.179,56.498,1.795,1.795,0.206,0.206
1.003,141.673,56.470,1.914,1.914,0.224,0.224
1.003,141.298,56.451,1.917,1.917,0.256,0.256
1.004,141.184,56.268,1.882,1.882,0.241,0.241
1.004,141.265,56.320,1.796,1.796,0.281,0.281
1.001,141.282,56.685,1.680,1.680,0.295,0.295
1.000,141.331,56.873,1.572,1.572,0.307,0.307
0.999,141.477,57.079,1.451,1.451,0.301,0.301
0.997,141.885,57.239,1.308,1.308,0.324,0.324
0.996,142.375,57.404,1.219,1.219,0.328,0.328
0.996,142.750,57.385,1.064,1.064,0.337,0.337
0.995,143.028,57.636,0.873,0.873,0.360,0.360
0.993,143.403,57.845,0.684,0.684,0.366,0.366
0.992,143.681,58.083,0.435,0.435,0.356,0.356
0.990,143.795,58.250,0.249,0.249,0.353,0.353
0.989,143.811,58.417,0.081,0.081,0.365,0.365
0.991,143.762,58.212,-0.053,0.053,0.354,0.354
0.991,143.909,58.140,-0.192,0.192,0.354,0.354
0.989,144.154,58.431,-0.348,0.348,0.359,0.359
0.988,144.464,58.661,-0.514,0.514,0.362,0.362
0.987,144.709,58.791,-0.662,0.662,0.371,0.371
0.986,144.954,58.911,-0.824,0.824,0.385,0.385
0.985,145.198,59.089,-0.942,0.942,0.421,0.421
0.984,145.215,59.175,-1.064,1.064,0.403,0.403
0.983,145.264,59.320,-1.108,1.108,0.389,0.389
0.981,145.231,59.657,-1.173,1.173,0.389,0.389
0.978,145.247,60.023,-1.201,1.201,0.365,0.365
0.976,145.411,60.365,-1.260,1.260,0.334,0.334
0.979,145.639,59.965,-1.268,1.268,0.301,0.301
0.978,145.916,59.994,-1.309,1.309,0.284,0.284
0.978,146.145,60.008,-1.337,1.337,0.238,0.238
0.977,146.227,60.120,-1.378,1.378,0.203,0.203
0.976,146.227,60.348,-1.351,1.351,0.180,0.180
0.974,146.031,60.556,-1.338,1.338,0.154,0.154
0.974,145.770,60.638,-1.248,1.248,0.136,0.136
0.973,145.704,60.817,-1.189,1.189,0.127,0.127
0.971,145.688,61.049,-1.085,1.085,0.130,0.130
0.972,145.704,60.976,-1.027,1.027,0.116,0.116
0.969,145.721,61.315,-0.960,0.960,0.114,0.114
0.967,145.541,61.696,-0.925,0.925,0.114,0.114
0.964,145.329,62.043,-0.876,0.876,0.105,0.105
0.963,145.198,62.217,-0.804,0.804,0.105,0.105
0.965,145.215,61.904,-0.705,0.705,0.095,0.095
0.967,145.394,61.711,-0.600,0.600,0.085,0.085
0.964,145.655,62.054,-0.481,0.481,0.101,0.101
0.962,145.933,62.310,-0.349,0.349,0.125,0.125
0.962,146.178,62.334,-0.162,0.162,0.121,0.121
0.961,146.439,62.460,0.055,0.055,0.134,0.134
0.960,146.798,62.597,0.272,0.272,0.136,0.136
0.960,147.304,62.733,0.493,0.493,0.140,0.140
0.958,147.500,62.899,0.719,0.719,0.119,0.119
0.957,147.353,63.070,0.975,0.975,0.148,0.148
0.955,146.994,63.402,1.222,1.222,0.175,0.175
0.953,146.569,63.738,1.456,1.456,0.182,0.182
0.951,146.259,63.995,1.618,1.618,0.191,0.191
0.954,146.308,63.573,1.821,1.821,0.203,0.203
0.954,146.602,63.515,1.944,1.944,0.224,0.224
0.953,146.716,63.656,2.078,2.078,0.220,0.220
0.951,146.749,63.997,2.130,2.130,0.240,0.240
0.950,146.700,64.196,2.223,2.223,0.253,0.253
0.948,146.700,64.401,2.245,2.245,0.269,0.269
0.948,146.684,64.405,2.265,2.265,0.276,0.276
0.947,146.700,64.634,2.205,2.205,0.307,0.307
0.946,146.732,64.741,2.104,2.104,0.296,0.296
0.944,146.879,64.975,1.936,1.936,0.304,0.304
0.942,147.271,65.243,1.787,1.787,0.299,0.299
0.939,147.973,65.762,1.634,1.634,0.304,0.304
0.942,148.887,65.339,1.483,1.483,0.299,0.299
0.943,149.768,65.170,1.369,1.369,0.298,0.298
0.942,150.356,65.275,1.293,1.293,0.313,0.313
0.941,150.829,65.524,1.183,1.183,0.301,0.301
0.939,151.123,65.720,1.025,1.025,0.301,0.301
0.938,151.384,65.915,0.818,0.818,0.311,0.311
0.936,151.547,66.187,0.629,0.629,0.316,0.316
0.935,151.661,66.302,0.410,0.410,0.325,0.325
0.934,151.661,66.493,0.229,0.229,0.330,0.330
0.933,151.628,66.599,0.157,0.157,0.330,0.330
0.933,151.449,66.735,0.092,0.092,0.328,0.328
0.931,151.204,67.051,0.035,0.035,0.331,0.331
0.927,150.976,67.532,-0.056,0.056,0.343,0.343
0.927,150.519,67.592,-0.084,0.084,0.359,0.359
0.928,150.176,67.502,-0.108,0.108,0.368,0.368
0.930,149.931,67.089,-0.139,0.139,0.389,0.389
0.929,149.686,67.238,-0.198,0.198,0.363,0.363
0.928,149.670,67.496,-0.258,0.258,0.375,0.375
0.926,149.637,67.700,-0.330,0.330,0.368,0.368
0.924,149.866,67.958,-0.362,0.362,0.345,0.345
0.924,150.078,68.092,-0.473,0.473,0.320,0.320
0.922,150.225,68.256,-0.522,0.522,0.319,0.319
0.922,150.029,68.356,-0.604,0.604,0.308,0.308
0.921,149.784,68.515,-0.617,0.617,0.295,0.295
0.920,149.654,68.639,-0.656,0.656,0.287,0.287
0.918,149.654,68.996,-0.668,0.668,0.267,0.267
0.915,149.850,69.359,-0.732,0.732,0.252,0.252
0.913,150.094,69.657,-0.736,0.736,0.233,0.233
0.916,150.192,69.269,-0.784,0.784,0.241,0.241
0.915,150.339,69.329,-0.787,0.787,0.211,0.211
0.915,150.404,69.443,-0.824,0.824,0.215,0.215
0.915,150.094,69.443,-0.797,0.797,0.208,0.208
0.913,149.588,69.642,-0.823,0.823,0.221,0.221
0.911,149.034,69.964,-0.807,0.807,0.235,0.235
0.911,148.544,69.989,-0.777,0.777,0.252,0.252
0.910,148.022,70.171,-0.700,0.700,0.276,0.276
0.909,147.581,70.279,-0.588,0.588,0.269,0.269
0.908,147.255,70.435,-0.475,0.475,0.281,0.281
0.905,147.157,70.899,-0.353,0.353,0.302,0.302
0.903,147.173,71.206,-0.189,0.189,0.319,0.319
0.901,147.206,71.421,-0.035,0.035,0.325,0.325
0.905,147.206,70.786,0.175,0.175,0.330,0.330
0.904,147.189,71.006,0.439,0.439,0.346,0.346
0.903,147.353,71.094,0.639,0.639,0.331,0.331
0.902,147.777,71.373,0.876,0.876,0.317,0.317
0.900,148.283,71.653,1.116,1.116,0.308,0.308
0.898,148.805,71.933,1.395,1.395,0.301,0.301
0.897,149.556,72.008,1.550,1.550,0.287,0.287
0.898,150.241,71.953,1.686,1.686,0.281,0.281
0.896,150.812,72.123,1.735,1.735,0.284,0.284
0.896,151.172,72.223,1.772,1.772,0.252,0.252
0.893,151.188,72.624,1.763,1.763,0.226,0.226
0.890,151.188,73.060,1.772,1.772,0.218,0.218
0.890,151.318,73.110,1.779,1.779,0.215,0.215
0.891,151.531,72.904,1.801,1.801,0.212,0.212
0.892,151.677,72.779,1.703,1.703,0.208,0.208
0.891,151.645,72.945,1.695,1.695,0.218,0.218
0.889,151.498,73.266,1.596,1.596,0.233,0.233
0.888,151.204,73.387,1.470,1.470,0.252,0.252
0.887,150.927,73.622,1.282,1.282,0.262,0.262
0.886,150.502,73.762,1.149,1.149,0.275,0.275
0.884,150.094,73.966,0.908,0.908,0.269,0.269
0.884,149.556,73.971,0.676,0.676,0.299,0.299
0.883,149.066,74.194,0.424,0.424,0.302,0.302
0.881,149.083,74.461,0.218,0.218,0.325,0.325
0.879,149.605,74.753,0.020,0.020,0.342,0.342
0.877,150.094,75.007,-0.087,0.087,0.337,0.337
0.877,150.453,75.092,-0.220,0.220,0.343,0.343
0.880,150.764,74.637,-0.383,0.383,0.345,0.345
0.880,151.057,74.567,-0.534,0.534,0.346,0.346
0.877,150.992,75.028,-0.696,0.696,0.311,0.311
0.876,150.764,75.188,-0.826,0.826,0.311,0.311
0.874,150.633,75.438,-0.937,0.937,0.293,0.293
0.873,150.747,75.653,-0.969,0.969,0.273,0.273
0.873,151.204,75.718,-0.949,0.949,0.258,0.258
0.872,151.759,75.753,-0.908,0.908,0.238,0.238
0.871,152.281,75.995,-0.884,0.884,0.217,0.217
0.870,152.412,76.151,-0.812,0.812,0.174,0.174
0.866,152.102,76.656,-0.801,0.801,0.160,0.160
0.864,151.547,77.009,-0.723,0.723,0.139,0.139
0.864,150.959,76.994,-0.690,0.690,0.119,0.119
0.868,150.486,76.459,-0.606,0.606,0.102,0.102
0.867,150.176,76.554,-0.539,0.539,0.099,0.099
0.866,149.931,76.773,-0.450,0.450,0.102,0.102
0.864,149.752,76.991,-0.406,0.406,0.119,0.119
0.863,149.637,77.239,-0.307,0.307,0.130,0.130
0.861,149.637,77.478,-0.180,0.180,0.146,0.146
0.861,149.670,77.473,0.002,0.002,0.154,0.154
0.860,149.686,77.651,0.114,0.114,0.160,0.160
0.859,149.833,77.775,0.215,0.215,0.156,0.156
0.857,149.915,78.059,0.255,0.255,0.169,0.169
0.854,149.931,78.471,0.299,0.299,0.175,0.175
0.853,150.078,78.735,0.273,0.273,0.180,0.180
0.851,150.323,79.024,0.313,0.313,0.192,0.192
0.855,150.568,78.425,0.362,0.362,0.200,0.200
0.854,150.666,78.475,0.435,0.435,0.212,0.212
0.854,150.666,78.535,0.455,0.455,0.227,0.227
0.851,150.486,78.935,0.441,0.441,0.218,0.218
0.851,150.209,78.900,0.366,0.366,0.230,0.230
0.849,149.980,79.333,0.279,0.279,0.238,0.238
0.848,149.833,79.348,0.157,0.157,0.249,0.249
0.848,149.523,79.422,0.049,0.049,0.259,0.259
0.847,148.821,79.566,-0.060,0.060,0.264,0.264
0.846,148.218,79.679,-0.159,0.159,0.243,0.243
0.844,147.581,80.081,-0.241,0.241,0.272,0.272
0.840,147.271,80.580,-0.262,0.262,0.285,0.285
0.839,147.761,80.731,-0.227,0.227,0.288,0.288
0.840,148.103,80.633,-0.198,0.198,0.293,0.293
0.843,147.989,80.226,-0.186,0.186,0.304,0.304
0.842,147.744,80.319,-0.192,0.192,0.320,0.320
0.841,147.663,80.525,-0.142,0.142,0.336,0.336
0.838,147.695,80.921,-0.116,0.116,0.339,0.339
0.837,147.875,81.117,-0.087,0.087,0.353,0.353
0.835,148.462,81.329,-0.058,0.058,0.365,0.365
0.835,149.229,81.383,0.067,0.067,0.368,0.368
0.835,150.013,81.368,0.221,0.221,0.389,0.389
0.834,150.764,81.498,0.465,0.465,0.366,0.366
0.832,151.318,81.773,0.676,0.676,0.354,0.354
0.829,151.645,82.316,0.876,0.876,0.342,0.342
0.826,151.710,82.643,0.995,0.995,0.328,0.328
0.827,151.677,82.622,1.145,1.145,0.322,0.322
0.830,151.661,82.114,1.265,1.265,0.311,0.311
0.828,151.645,82.431,1.421,1.421,0.313,0.313
0.827,151.612,82.487,1.468,1.468,0.291,0.291
0.826,151.710,82.733,1.515,1.515,0.284,0.284
0.825,151.645,82.914,1.520,1.520,0.276,0.276
0.824,151.661,83.040,1.489,1.489,0.264,0.264
0.822,151.661,83.296,1.421,1.421,0.264,0.264
0.822,151.808,83.311,1.390,1.390,0.269,0.269
0.820,152.036,83.583,1.254,1.254,0.276,0.276
0.818,152.151,83.957,1.141,1.141,0.285,0.285
0.816,152.330,84.250,0.977,0.977,0.298,0.298
0.816,152.706,84.250,0.852,0.852,0.295,0.295
0.814,153.048,84.462,0.713,0.713,0.296,0.296
0.818,153.179,83.889,0.575,0.575,0.301,0.301
0.818,153.146,83.960,0.554,0.554,0.278,0.278
0.815,152.950,84.376,0.488,0.488,0.270,0.270
0.814,152.689,84.558,0.397,0.397,0.269,0.269
0.812,152.608,84.766,0.230,0.230,0.273,0.273
0.811,152.591,84.999,0.081,0.081,0.273,0.273
0.811,152.624,85.014,-0.125,0.125,0.279,0.279
0.810,152.591,85.196,-0.298,0.298,0.246,0.246
0.809,152.444,85.333,-0.487,0.487,0.272,0.272
0.808,152.216,85.474,-0.627,0.627,0.272,0.272
0.805,151.922,85.888,-0.815,0.815,0.252,0.252
0.803,151.514,86.265,-0.938,0.938,0.227,0.227
0.801,151.172,86.501,-1.080,1.080,0.198,0.198
0.803,151.090,86.205,-1.180,1.180,0.182,0.182
0.804,151.123,85.985,-1.274,1.274,0.148,0.148
0.804,151.286,86.070,-1.329,1.329,0.131,0.131
0.802,151.743,86.331,-1.390,1.390,0.110,0.110
0.801,152.232,86.523,-1.381,1.381,0.099,0.099
0.799,152.950,86.786,-1.384,1.384,0.096,0.096
0.798,153.636,86.893,-1.320,1.320,0.093,0.093
0.797,154.256,87.087,-1.257,1.257,0.098,0.098
0.797,154.582,87.174,-1.173,1.173,0.085,0.085
0.795,154.648,87.379,-0.992,0.992,0.105,0.105
0.793,154.778,87.712,-0.774,0.774,0.104,0.104
0.791,155.170,88.031,-0.537,0.537,0.127,0.127
0.791,155.496,88.113,-0.279,0.279,0.136,0.136
0.790,155.643,88.222,0.026,0.026,0.165,0.165
0.793,155.611,87.783,0.288,0.288,0.168,0.168
0.792,155.594,87.943,0.526,0.526,0.175,0.175
0.789,155.562,88.314,0.781,0.781,0.183,0.183
0.788,155.415,88.577,0.993,0.993,0.195,0.195
0.786,155.170,88.778,1.196,1.196,0.200,0.200
0.787,154.844,88.742,1.369,1.369,0.206,0.206
0.786,154.648,88.804,1.489,1.489,0.233,0.233
0.785,154.550,88.968,1.582,1.582,0.224,0.224
0.783,154.550,89.234,1.572,1.572,0.227,0.227
0.783,154.566,89.337,1.558,1.558,0.229,0.229
0.780,154.582,89.813,1.485,1.485,0.246,0.246
0.778,154.582,90.101,1.413,1.413,0.261,0.261
0.777,154.566,90.285,1.289,1.289,0.276,0.276
0.780,154.419,89.701,1.181,1.181,0.307,0.307
0.780,154.060,89.691,1.082,1.082,0.307,0.307
0.778,153.848,90.048,0.986,0.986,0.302,0.302
0.777,153.815,90.288,0.853,0.853,0.314,0.314
0.775,153.848,90.512,0.761,0.761,0.314,0.314
0.774,154.011,90.701,0.649,0.649,0.322,0.322
0.772,154.093,90.911,0.560,0.560,0.325,0.325
0.772,154.158,91.044,0.439,0.439,0.365,0.365
0.773,154.109,90.906,0.371,0.371,0.343,0.343
0.771,154.076,91.125,0.331,0.331,0.356,0.356
0.769,153.750,91.406,0.371,0.371,0.369,0.369
0.765,153.114,92.006,0.395,0.395,0.374,0.374
0.764,152.330,92.290,0.490,0.490,0.365,0.365
0.766,151.563,91.897,0.520,0.520,0.365,0.365
0.768,151.155,91.576,0.586,0.586,0.392,0.392
0.766,151.057,91.881,0.636,0.636,0.380,0.380
0.765,151.123,92.067,0.736,0.736,0.369,0.369
0.763,151.139,92.383,0.798,0.798,0.368,0.368
0.762,150.992,92.443,0.868,0.868,0.349,0.349
0.761,150.747,92.728,0.908,0.908,0.331,0.331
0.759,150.633,92.898,0.938,0.938,0.295,0.295
0.759,150.617,92.923,0.896,0.896,0.285,0.285
0.758,150.649,93.138,0.800,0.800,0.232,0.232
0.756,150.666,93.452,0.676,0.676,0.203,0.203
0.752,150.682,94.037,0.464,0.464,0.185,0.185
0.751,150.812,94.112,0.270,0.270,0.182,0.182
0.756,151.074,93.446,0.085,0.085,0.182,0.182
0.756,151.335,93.471,-0.122,0.122,0.175,0.175
0.755,151.563,93.587,-0.400,0.400,0.197,0.197
0.753,151.677,93.853,-0.618,0.618,0.195,0.195
0.751,151.677,94.251,-0.861,0.861,0.206,0.206
0.750,151.645,94.361,-1.019,1.019,0.218,0.218
0.748,151.841,94.578,-1.189,1.189,0.237,0.237
0.748,152.036,94.618,-1.308,1.308,0.243,0.243
0.747,152.183,94.784,-1.384,1.384,0.252,0.252
0.746,152.330,94.895,-1.404,1.404,0.261,0.261
0.745,152.559,95.108,-1.375,1.375,0.249,0.249
0.740,152.640,95.791,-1.303,1.303,0.238,0.238
0.739,152.640,96.029,-1.256,1.256,0.229,0.229
0.739,152.493,96.074,-1.187,1.187,0.211,0.211
0.740,152.232,95.852,-1.128,1.128,0.198,0.198
0.742,151.939,95.519,-1.012,1.012,0.169,0.169
0.742,151.710,95.564,-0.899,0.899,0.154,0.154
0.739,151.792,95.967,-0.813,0.813,0.153,0.153
0.738,152.020,96.098,-0.732,0.732,0.169,0.169
0.736,152.004,96.436,-0.612,0.612,0.159,0.159
0.735,151.906,96.592,-0.446,0.446,0.169,0.169
0.735,151.857,96.662,-0.291,0.291,0.160,0.160
0.733,151.710,96.849,-0.136,0.136,0.182,0.182
0.733,151.645,96.934,0.024,0.024,0.160,0.160
0.730,151.612,97.372,0.192,0.192,0.186,0.186
0.728,151.677,97.719,0.398,0.398,0.200,0.200
0.726,151.808,97.905,0.591,0.591,0.189,0.189
0.726,152.069,98.011,0.707,0.707,0.189,0.189
0.730,152.151,97.431,0.867,0.867,0.197,0.197
0.729,152.200,97.567,0.951,0.951,0.214,0.214
0.727,152.330,97.789,1.030,1.030,0.208,0.208
0.725,152.542,98.138,1.152,1.152,0.237,0.237
0.725,152.673,98.087,1.288,1.288,0.264,0.264
0.724,152.820,98.249,1.383,1.383,0.278,0.278
0.723,153.032,98.477,1.503,1.503,0.293,0.293
0.722,153.326,98.574,1.581,1.581,0.305,0.305
0.721,153.554,98.696,1.711,1.711,0.319,0.319
0.719,153.815,99.038,1.769,1.769,0.314,0.314
0.715,153.848,99.588,1.787,1.787,0.307,0.307
0.713,153.538,99.894,1.717,1.717,0.301,0.301
0.715,153.032,99.696,1.611,1.611,0.290,0.290
0.716,152.493,99.458,1.425,1.425,0.288,0.288
0.718,151.971,99.251,1.267,1.267,0.279,0.279
0.715,151.465,99.658,1.045,1.045,0.276,0.276
0.713,151.041,100.040,0.845,0.845,0.270,0.270
0.712,150.698,100.115,0.609,0.609,0.267,0.267
0.711,150.584,100.280,0.380,0.380,0.261,0.261
0.710,150.633,100.454,0.133,0.133,0.270,0.270
0.709,150.470,100.609,-0.127,0.127,0.285,0.285
0.709,150.274,100.564,-0.337,0.337,0.313,0.313
0.708,149.948,100.729,-0.551,0.551,0.302,0.302
0.704,149.719,101.310,-0.734,0.734,0.305,0.305
0.701,149.637,101.752,-0.911,0.911,0.304,0.304
0.704,149.654,101.365,-1.062,1.062,0.311,0.311
0.704,149.703,101.384,-1.164,1.164,0.301,0.301
0.706,149.866,101.017,-1.183,1.183,0.304,0.304
0.704,150.274,101.335,-1.167,1.167,0.266,0.266
0.701,150.780,101.725,-1.091,1.091,0.284,0.284
0.699,151.269,102.020,-1.058,1.058,0.285,0.285
0.698,151.628,102.151,-0.932,0.932,0.276,0.276
0.698,151.514,102.276,-0.836,0.836,0.258,0.258
0.697,150.927,102.397,-0.662,0.662,0.247,0.247
0.696,150.111,102.591,-0.484,0.484,0.238,0.238
0.695,149.491,102.740,-0.214,0.214,0.229,0.229
0.692,149.164,103.181,0.108,0.108,0.230,0.230
0.689,149.066,103.552,0.436,0.436,0.226,0.226
0.690,148.985,103.453,0.682,0.682,0.221,0.221
0.692,148.756,103.157,0.923,0.923,0.224,0.224
0.693,148.479,103.019,1.056,1.056,0.255,0.255
0.691,147.875,103.201,1.187,1.187,0.230,0.230
0.690,147.140,103.455,1.248,1.248,0.235,0.235
0.688,146.553,103.679,1.326,1.326,0.246,0.246
0.686,146.357,103.990,1.361,1.361,0.249,0.249
0.686,146.700,104.034,1.404,1.404,0.256,0.256
0.684,147.271,104.234,1.389,1.389,0.264,0.264
0.684,147.859,104.341,1.344,1.344,0.246,0.246
0.682,148.364,104.533,1.271,1.271,0.267,0.267
0.679,148.838,105.040,1.201,1.201,0.273,0.273
0.676,149.164,105.465,1.106,1.106,0.288,0.288
0.678,149.229,105.163,1.012,1.012,0.304,0.304
0.679,149.050,104.995,0.839,0.839,0.313,0.313
0.680,148.805,104.837,0.679,0.679,0.324,0.324
0.679,148.642,105.035,0.552,0.552,0.327,0.327
0.678,148.642,105.222,0.410,0.410,0.331,0.331
0.676,148.675,105.483,0.244,0.244,0.334,0.334
0.674,148.675,105.739,0.076,0.076,0.334,0.334
0.674,148.479,105.794,-0.037,0.037,0.342,0.342
0.672,148.071,106.015,-0.221,0.221,0.340,0.340
0.671,147.532,106.177,-0.420,0.420,0.346,0.346
0.671,147.043,106.177,-0.612,0.612,0.353,0.353
0.668,146.520,106.649,-0.766,0.766,0.334,0.334
0.666,146.276,106.998,-0.897,0.897,0.307,0.307
0.664,146.161,107.231,-0.981,0.981,0.281,0.281
0.666,146.194,106.926,-1.032,1.032,0.255,0.255
0.666,146.390,106.901,-1.068,1.068,0.243,0.243
0.666,146.814,106.984,-1.131,1.131,0.197,0.197
0.665,147.304,107.121,-1.137,1.137,0.203,0.203
0.663,147.826,107.360,-1.134,1.134,0.191,0.191
0.661,148.316,107.675,-1.033,1.033,0.194,0.194
0.661,148.805,107.689,-0.960,0.960,0.189,0.189
0.661,149.344,107.709,-0.841,0.841,0.185,0.185
0.660,149.850,107.878,-0.774,0.774,0.151,0.151
0.659,150.176,107.943,-0.649,0.649,0.172,0.172
0.658,150.404,108.087,-0.548,0.548,0.182,0.182
0.655,150.943,108.602,-0.398,0.398,0.175,0.175
0.652,151.465,109.038,-0.272,0.272,0.186,0.186
0.650,151.547,109.294,-0.089,0.089,0.183,0.183
0.654,151.106,108.767,0.037,0.037,0.203,0.203
0.655,150.551,108.622,0.142,0.142,0.206,0.206
0.655,149.996,108.677,0.255,0.255,0.224,0.224
0.651,149.327,109.193,0.385,0.385,0.232,0.232
0.650,148.609,109.381,0.543,0.543,0.237,0.237
0.648,148.038,109.588,0.615,0.615,0.238,0.238
0.648,147.532,109.583,0.707,0.707,0.261,0.261
0.647,147.075,109.763,0.772,0.772,0.250,0.250
0.646,146.765,109.963,0.842,0.842,0.267,0.267
0.646,146.520,109.992,0.835,0.835,0.276,0.276
0.642,146.292,110.488,0.821,0.821,0.287,0.287
0.638,146.422,111.070,0.774,0.774,0.287,0.287
0.641,146.618,110.652,0.746,0.746,0.282,0.282
0.642,146.912,110.487,0.667,0.667,0.264,0.264
0.642,147.500,110.467,0.662,0.662,0.255,0.255
0.641,148.185,110.648,0.650,0.650,0.249,0.249
0.640,148.870,110.836,0.656,0.656,0.247,0.247
0.638,149.523,111.152,0.673,0.673,0.250,0.250
0.637,150.274,111.326,0.678,0.678,0.244,0.244
0.635,150.829,111.606,0.591,0.591,0.259,0.259
0.636,151.139,111.486,0.493,0.493,0.270,0.270
0.634,151.384,111.696,0.383,0.383,0.267,0.267
0.633,151.726,111.887,0.304,0.304,0.270,0.270
0.630,152.069,112.265,0.214,0.214,0.270,0.270
0.627,152.330,112.815,0.194,0.194,0.269,0.269
0.626,152.591,112.911,0.148,0.148,0.285,0.285
0.629,152.673,112.461,0.136,0.136,0.272,0.272
0.630,152.510,112.299,0.101,0.101,0.276,0.276
0.629,152.069,112.471,0.053,0.053,0.295,0.295
0.629,151.677,112.536,0.021,0.021,0.287,0.287
0.626,151.596,112.873,0.009,0.009,0.288,0.288
0.625,151.449,113.079,0.008,0.008,0.279,0.279
0.623,151.416,113.395,0.024,0.024,0.252,0.252
0.623,151.563,113.436,0.014,0.014,0.270,0.270
0.622,151.857,113.506,0.037,0.037,0.279,0.279
0.621,152.053,113.687,0.023,0.023,0.262,0.262
0.620,152.183,113.829,0.031,0.031,0.262,0.262
0.616,152.167,114.384,0.081,0.081,0.273,0.273
0.615,152.004,114.681,0.136,0.136,0.267,0.267
0.613,151.726,114.973,0.270,0.270,0.259,0.259
0.616,151.449,114.400,0.429,0.429,0.256,0.256
0.617,151.188,114.285,0.606,0.606,0.258,0.258
0.616,151.090,114.480,0.774,0.774,0.259,0.259
0.615,151.123,114.646,0.969,0.969,0.267,0.267
0.613,151.123,114.891,1.093,1.093,0.279,0.279
0.611,151.155,115.197,1.170,1.170,0.253,0.253
0.611,151.155,115.252,1.160,1.160,0.259,0.259
0.610,150.959,115.407,1.190,1.190,0.267,0.267
0.609,150.568,115.482,1.193,1.193,0.273,0.273
0.608,150.078,115.702,1.235,1.235,0.273,0.273
0.604,149.719,116.239,1.259,1.259,0.275,0.275
0.602,149.409,116.606,1.357,1.357,0.267,0.267
0.602,149.246,116.591,1.410,1.410,0.276,0.276
0.605,149.164,116.096,1.537,1.537,0.281,0.281
0.604,149.132,116.215,1.561,1.561,0.285,0.285
0.604,149.017,116.333,1.590,1.590,0.295,0.295
0.601,148.772,116.674,1.561,1.561,0.299,0.299
0.601,148.626,116.778,1.563,1.563,0.313,0.313
0.599,148.316,117.058,1.521,1.521,0.331,0.331
0.599,147.663,117.063,1.515,1.515,0.343,0.343
0.598,147.075,117.102,1.453,1.453,0.356,0.356
0.597,146.700,117.341,1.436,1.436,0.371,0.371
0.596,146.781,117.385,1.380,1.380,0.377,0.377
0.593,147.075,117.960,1.341,1.341,0.366,0.366
0.590,147.238,118.340,1.238,1.238,0.377,0.377
0.589,147.418,118.458,1.096,1.096,0.377,0.377
0.592,147.467,118.037,0.929,0.929,0.377,0.377
0.592,147.304,118.003,0.765,0.765,0.371,0.371
0.591,147.206,118.184,0.618,0.618,0.360,0.360
0.590,146.977,118.335,0.462,0.462,0.356,0.356
0.588,146.586,118.578,0.296,0.296,0.357,0.357
0.587,146.292,118.797,0.169,0.169,0.333,0.333
0.585,146.161,119.088,0.089,0.089,0.320,0.320
0.585,146.324,119.063,0.006,0.006,0.298,0.298
0.584,146.618,119.233,-0.154,0.154,0.269,0.269
0.583,146.732,119.369,-0.365,0.365,0.246,0.246
0.582,146.896,119.491,-0.566,0.566,0.220,0.220
0.579,146.912,119.886,-0.807,0.807,0.169,0.169
0.578,146.814,120.149,-1.010,1.010,0.169,0.169
0.578,146.520,120.120,-1.221,1.221,0.160,0.160
0.579,146.259,119.969,-1.408,1.408,0.133,0.133
0.580,146.341,119.848,-1.599,1.599,0.130,0.130
0.579,146.586,119.984,-1.705,1.705,0.128,0.128
0.576,146.896,120.383,-1.807,1.807,0.148,0.148
0.575,147.157,120.524,-1.810,1.810,0.143,0.143
0.573,147.238,120.798,-1.802,1.802,0.160,0.160
0.572,147.402,120.939,-1.750,1.750,0.163,0.163
0.571,147.597,121.086,-1.752,1.752,0.171,0.171
0.570,147.875,121.208,-1.717,1.717,0.163,0.163
0.568,147.956,121.576,-1.721,1.721,0.179,0.179
0.565,147.826,121.979,-1.671,1.671,0.160,0.160
0.566,147.695,121.802,-1.631,1.631,0.154,0.154
0.569,147.663,121.454,-1.541,1.541,0.145,0.145
0.569,147.679,121.381,-1.486,1.486,0.137,0.137
0.567,147.663,121.704,-1.416,1.416,0.127,0.127
0.566,147.728,121.910,-1.378,1.378,0.125,0.125
0.563,147.500,122.238,-1.279,1.279,0.148,0.148
0.563,147.287,122.267,-1.202,1.202,0.139,0.139
0.562,147.173,122.516,-1.112,1.112,0.146,0.146
0.561,147.157,122.643,-1.000,1.000,0.169,0.169
0.559,147.189,122.843,-0.891,0.891,0.175,0.175
0.559,147.369,122.941,-0.749,0.749,0.189,0.189
0.557,147.630,123.259,-0.606,0.606,0.197,0.197
0.554,147.712,123.616,-0.420,0.420,0.201,0.201
0.553,147.728,123.827,-0.246,0.246,0.203,0.203
0.554,147.695,123.700,-0.050,0.050,0.217,0.217
0.555,147.320,123.494,0.159,0.159,0.226,0.226
0.554,146.716,123.655,0.366,0.366,0.243,0.243
0.553,146.602,123.830,0.594,0.594,0.256,0.256
0.551,146.896,124.059,0.925,0.925,0.278,0.278
0.551,147.222,124.137,1.242,1.242,0.282,0.282
0.550,147.238,124.288,1.621,1.621,0.298,0.298
0.549,147.238,124.391,1.993,1.993,0.310,0.310
0.547,147.010,124.586,2.437,2.437,0.319,0.319
0.547,146.586,124.678,2.848,2.848,0.339,0.339
0.545,146.259,124.994,3.176,3.176,0.366,0.366
0.542,145.965,125.352,3.409,3.409,0.353,0.353
0.541,145.606,125.551,3.565,3.565,0.348,0.348
0.540,145.296,125.642,3.600,3.600,0.356,0.356
0.542,145.166,125.363,3.641,3.641,0.348,0.348
0.542,145.052,125.334,3.617,3.617,0.354,0.354
0.541,144.986,125.594,3.548,3.548,0.354,0.354
0.539,145.133,125.868,3.389,3.389,0.349,0.349
0.537,145.427,126.056,3.180,3.180,0.362,0.362
0.536,145.476,126.239,2.828,2.828,0.360,0.360
0.537,145.557,126.080,2.510,2.510,0.356,0.356
0.536,145.639,126.302,2.168,2.168,0.346,0.346
0.535,145.721,126.413,1.828,1.828,0.336,0.336
0.533,145.737,126.722,1.430,1.430,0.339,0.339
0.531,145.737,127.008,1.056,1.056,0.308,0.308
0.528,145.721,127.389,0.600,0.600,0.324,0.324
0.527,145.688,127.587,0.172,0.172,0.319,0.319
0.531,145.541,126.974,-0.253,0.253,0.317,0.317
0.530,145.117,127.172,-0.615,0.615,0.311,0.311
0.530,144.448,127.186,-0.955,0.955,0.287,0.287
0.527,143.697,127.544,-1.224,1.224,0.293,0.293
0.526,142.897,127.773,-1.489,1.489,0.295,0.295
0.525,142.179,127.843,-1.738,1.738,0.279,0.279
0.524,141.788,127.999,-1.944,1.944,0.267,0.267
0.523,141.673,128.177,-2.135,2.135,0.259,0.259
0.522,141.575,128.295,-2.336,2.336,0.258,0.258
0.520,141.396,128.511,-2.471,2.471,0.258,0.258
0.518,141.102,128.787,-2.562,2.562,0.220,0.220
0.516,140.841,129.194,-2.640,2.640,0.185,0.185
0.516,140.596,129.119,-2.648,2.648,0.175,0.175
0.517,140.547,128.970,-2.634,2.634,0.160,0.160
0.519,140.841,128.699,-2.535,2.535,0.153,0.153
0.517,141.380,128.980,-2.394,2.394,0.148,0.148
0.516,141.951,129.159,-2.239,2.239,0.118,0.118
0.514,142.473,129.380,-2.144,2.144,0.111,0.111
0.512,142.914,129.683,-1.973,1.973,0.104,0.104
0.512,143.240,129.721,-1.767,1.767,0.108,0.108
0.511,143.468,129.849,-1.505,1.505,0.110,0.110
0.510,143.697,130.030,-1.274,1.274,0.128,0.128
0.509,143.583,130.116,-0.942,0.942,0.139,0.139
0.508,143.354,130.249,-0.525,0.525,0.145,0.145
0.504,143.060,130.776,-0.124,0.124,0.179,0.179
0.503,142.620,131.051,0.203,0.203,0.206,0.206
0.502,142.147,131.075,0.525,0.525,0.217,0.217
0.503,141.641,130.948,0.740,0.740,0.230,0.230
0.506,141.135,130.620,0.931,0.931,0.244,0.244
0.505,140.629,130.671,1.082,1.082,0.264,0.264
0.502,140.123,131.062,1.195,1.195,0.259,0.259
0.501,139.682,131.331,1.314,1.314,0.285,0.285
0.499,139.144,131.511,1.459,1.459,0.288,0.288
0.499,138.687,131.576,1.506,1.506,0.293,0.293
0.498,138.393,131.700,1.544,1.544,0.288,0.288
0.497,138.295,131.874,1.521,1.521,0.301,0.301
0.495,138.328,132.048,1.485,1.485,0.311,0.311
0.493,138.524,132.347,1.433,1.433,0.317,0.317
0.490,138.556,132.774,1.335,1.335,0.325,0.325
0.490,138.458,132.802,1.186,1.186,0.336,0.336
0.492,138.328,132.572,1.029,1.029,0.339,0.339
0.493,138.164,132.384,0.841,0.841,0.346,0.346
0.491,137.903,132.654,0.673,0.673,0.353,0.353
0.490,137.691,132.782,0.517,0.517,0.372,0.372
0.489,137.610,132.892,0.343,0.343,0.383,0.383
0.487,137.920,133.143,0.224,0.224,0.378,0.378
0.487,138.246,133.166,0.130,0.130,0.362,0.362
0.486,138.409,133.372,0.072,0.072,0.342,0.342
0.485,138.360,133.501,-0.026,0.026,0.314,0.314
0.483,138.360,133.772,-0.066,0.066,0.299,0.299
0.480,138.328,134.143,-0.111,0.111,0.253,0.253
0.477,138.148,134.560,-0.102,0.102,0.221,0.221
0.478,137.756,134.478,-0.073,0.073,0.214,0.214
0.480,137.414,134.241,-0.049,0.049,0.200,0.200
0.481,137.136,134.045,-0.056,0.056,0.212,0.212
0.479,136.940,134.281,-0.049,0.049,0.223,0.223
0.478,136.989,134.504,-0.075,0.075,0.240,0.240
0.476,137.251,134.777,-0.058,0.058,0.255,0.255
0.474,137.381,134.972,-0.072,0.072,0.270,0.270
0.475,137.397,134.904,0.078,0.078,0.246,0.246
0.474,137.348,135.050,0.166,0.166,0.243,0.243
0.473,137.348,135.118,0.295,0.295,0.227,0.227
0.472,137.365,135.332,0.409,0.409,0.241,0.241
0.470,137.544,135.578,0.569,0.569,0.220,0.220
0.467,137.756,135.930,0.684,0.684,0.227,0.227
0.466,137.871,136.163,0.815,0.815,0.240,0.240
0.464,137.887,136.364,0.925,0.925,0.243,0.243
0.468,137.871,135.774,1.042,1.042,0.243,0.243
0.468,137.854,135.866,1.120,1.120,0.276,0.276
0.465,137.838,136.190,1.231,1.231,0.261,0.261
0.465,137.871,136.241,1.283,1.283,0.267,0.267
0.463,137.838,136.547,1.338,1.338,0.270,0.270
0.462,137.871,136.675,1.399,1.399,0.285,0.285
0.461,137.871,136.794,1.476,1.476,0.295,0.295
0.459,137.854,137.009,1.509,1.509,0.310,0.310
0.459,137.708,137.018,1.540,1.540,0.333,0.333
0.458,137.446,137.182,1.563,1.563,0.331,0.331
0.455,137.153,137.569,1.631,1.631,0.337,0.337
0.453,136.761,137.842,1.651,1.651,0.331,0.331
0.452,136.271,138.009,1.662,1.662,0.322,0.322
0.456,135.929,137.472,1.572,1.572,0.319,0.319
0.456,135.847,137.517,1.425,1.425,0.310,0.310
0.454,135.863,137.742,1.274,1.274,0.302,0.302
0.452,135.912,137.986,1.090,1.090,0.298,0.298
0.450,135.896,138.243,0.920,0.920,0.291,0.291
0.449,135.782,138.387,0.696,0.696,0.273,0.273
0.448,135.308,138.499,0.504,0.504,0.261,0.261
0.448,134.786,138.517,0.264,0.264,0.229,0.229
0.447,134.411,138.633,0.031,0.031,0.237,0.237
0.446,134.150,138.887,-0.230,0.230,0.229,0.229
0.443,134.150,139.252,-0.462,0.462,0.209,0.209
0.441,134.280,139.496,-0.726,0.726,0.197,0.197
0.442,134.444,139.430,-0.929,0.929,0.192,0.192
0.443,134.444,139.216,-1.148,1.148,0.188,0.188
0.444,134.411,139.100,-1.317,1.317,0.162,0.162
0.443,134.411,139.300,-1.482,1.482,0.168,0.168
0.441,134.378,139.505,-1.566,1.566,0.136,0.136
0.439,134.231,139.746,-1.633,1.633,0.134,0.134
0.437,133.823,140.004,-1.625,1.625,0.131,0.131
0.437,133.334,140.079,-1.644,1.644,0.128,0.128
0.435,132.926,140.295,-1.607,1.607,0.118,0.118
0.435,132.697,140.348,-1.558,1.558,0.139,0.139
0.434,132.306,140.489,-1.492,1.492,0.124,0.124
0.431,131.849,140.800,-1.396,1.396,0.145,0.145
0.428,131.490,141.254,-1.280,1.280,0.146,0.146
0.427,131.228,141.310,-1.189,1.189,0.175,0.175
0.430,130.869,141.023,-1.091,1.091,0.185,0.185
0.430,130.527,141.006,-0.977,0.977,0.195,0.195
0.430,130.429,140.954,-0.821,0.821,0.218,0.218
0.428,130.445,141.196,-0.609,0.609,0.229,0.229
0.427,130.478,141.309,-0.410,0.410,0.244,0.244
0.426,130.690,141.521,-0.185,0.185,0.255,0.255
0.425,131.245,141.669,0.044,0.044,0.258,0.258
0.424,131.947,141.756,0.233,0.233,0.256,0.256
0.423,132.420,141.931,0.407,0.407,0.252,0.252
0.422,132.550,142.050,0.528,0.528,0.279,0.279
0.420,132.648,142.314,0.601,0.601,0.252,0.252
0.417,132.648,142.732,0.652,0.652,0.244,0.244
0.415,132.534,142.969,0.644,0.644,0.264,0.264
0.417,132.404,142.741,0.633,0.633,0.273,0.273
0.418,132.257,142.556,0.557,0.557,0.284,0.284
0.418,131.832,142.517,0.537,0.537,0.295,0.295
0.416,131.506,142.827,0.456,0.456,0.319,0.319
0.414,131.180,143.032,0.404,0.404,0.295,0.295
0.412,130.657,143.292,0.336,0.336,0.290,0.290
0.412,129.760,143.348,0.284,0.284,0.290,0.290
0.412,128.911,143.365,0.218,0.218,0.282,0.282
0.411,128.307,143.421,0.179,0.179,0.284,0.284
0.409,127.818,143.701,0.136,0.136,0.267,0.267
0.407,127.361,143.980,0.151,0.151,0.282,0.282
0.405,127.263,144.246,0.146,0.146,0.259,0.259
0.402,127.393,144.563,0.212,0.212,0.249,0.249
0.407,127.720,143.954,0.291,0.291,0.259,0.259
0.407,128.160,144.018,0.441,0.441,0.262,0.262
0.406,128.634,144.107,0.569,0.569,0.269,0.269
0.404,128.960,144.329,0.768,0.768,0.270,0.270
0.402,129.237,144.603,0.937,0.937,0.291,0.291
0.401,129.450,144.766,1.096,1.096,0.293,0.293
0.400,129.515,144.921,1.193,1.193,0.317,0.317
0.399,129.531,145.062,1.329,1.329,0.314,0.314
0.398,129.482,145.135,1.367,1.367,0.330,0.330
0.396,129.499,145.337,1.398,1.398,0.327,0.327
0.396,129.499,145.376,1.347,1.347,0.340,0.340
0.394,129.499,145.621,1.296,1.296,0.307,0.307
0.392,129.319,145.900,1.264,1.264,0.333,0.333
0.390,128.911,146.174,1.207,1.207,0.343,0.343
0.391,128.389,146.024,1.173,1.173,0.328,0.328
0.394,127.883,145.672,1.146,1.146,0.322,0.322
0.391,127.524,146.006,1.091,1.091,0.313,0.313
0.390,127.459,146.142,0.990,0.990,0.316,0.316
0.389,127.344,146.357,0.923,0.923,0.308,0.308
0.387,127.116,146.496,0.795,0.795,0.304,0.304
0.386,127.034,146.694,0.658,0.658,0.291,0.291
0.386,126.985,146.682,0.456,0.456,0.275,0.275
0.384,127.034,146.875,0.301,0.301,0.270,0.270
0.383,127.165,147.023,0.136,0.136,0.270,0.270
0.381,127.459,147.302,0.040,0.040,0.259,0.259
0.379,127.556,147.623,-0.058,0.058,0.249,0.249
0.377,127.556,147.767,-0.131,0.131,0.247,0.247
0.380,127.736,147.382,-0.246,0.246,0.237,0.237
0.381,127.916,147.352,-0.349,0.349,0.226,0.226
0.381,127.883,147.326,-0.455,0.455,0.215,0.215
0.380,127.459,147.487,-0.505,0.505,0.220,0.220
0.378,127.100,147.728,-0.589,0.589,0.189,0.189
0.376,126.806,147.959,-0.650,0.650,0.172,0.172
0.375,126.398,148.123,-0.734,0.734,0.180,0.180
0.374,125.990,148.232,-0.815,0.815,0.183,0.183
0.373,125.451,148.324,-0.925,0.925,0.191,0.191
0.372,125.108,148.394,-0.966,0.966,0.192,0.192
0.370,124.880,148.701,-1.027,1.027,0.194,0.194
0.365,124.684,149.330,-1.047,1.047,0.191,0.191
0.364,124.603,149.425,-1.058,1.058,0.188,0.188
0.366,124.586,149.256,-1.068,1.068,0.182,0.182
0.369,124.472,148.863,-0.996,0.996,0.185,0.185
0.368,124.407,148.966,-0.884,0.884,0.175,0.175
0.368,124.472,148.950,-0.800,0.800,0.188,0.188
0.365,124.619,149.268,-0.707,0.707,0.160,0.160
0.364,124.815,149.458,-0.598,0.598,0.186,0.186
0.362,125.174,149.665,-0.468,0.468,0.204,0.204
0.362,125.549,149.753,-0.359,0.359,0.208,0.208
0.360,125.680,149.911,-0.259,0.259,0.204,0.204
0.360,125.647,149.949,-0.169,0.169,0.215,0.215
0.359,125.402,150.086,-0.113,0.113,0.215,0.215
0.356,124.978,150.435,-0.024,0.024,0.218,0.218
0.353,124.325,150.782,0.024,0.024,0.218,0.218
0.352,123.509,150.991,0.166,0.166,0.223,0.223
0.351,122.742,151.114,0.258,0.258,0.238,0.238
0.355,122.073,150.598,0.353,0.353,0.250,0.250
0.355,121.518,150.607,0.400,0.400,0.284,0.284
0.353,121.224,150.844,0.549,0.549,0.264,0.264
0.351,120.996,151.049,0.694,0.694,0.269,0.269
0.350,120.408,151.193,0.838,0.838,0.282,0.282
0.350,119.625,151.249,0.922,0.922,0.293,0.293
0.349,119.396,151.340,1.051,1.051,0.295,0.295
0.348,119.380,151.486,1.163,1.163,0.310,0.310
0.347,119.266,151.550,1.291,1.291,0.301,0.301
0.345,119.413,151.779,1.389,1.389,0.331,0.331
0.342,119.804,152.168,1.511,1.511,0.351,0.351
0.340,120.278,152.391,1.579,1.579,0.342,0.342
0.340,120.669,152.407,1.686,1.686,0.346,0.346
0.344,120.751,151.922,1.782,1.782,0.351,0.351
0.342,120.702,152.090,1.843,1.843,0.362,0.362
0.341,120.506,152.286,1.846,1.846,0.363,0.363
0.339,120.115,152.466,1.874,1.874,0.353,0.353
0.337,119.576,152.740,1.827,1.827,0.348,0.348
0.337,119.070,152.748,1.787,1.787,0.340,0.340
0.336,118.744,152.827,1.744,1.744,0.339,0.339
0.335,118.483,153.035,1.662,1.662,0.316,0.316
0.335,118.254,152.973,1.523,1.523,0.328,0.328
0.333,118.189,153.200,1.357,1.357,0.325,0.325
0.331,117.846,153.474,1.184,1.184,0.316,0.316
0.328,117.242,153.817,0.954,0.954,0.317,0.317
0.328,116.606,153.829,0.777,0.777,0.320,0.320
0.331,115.871,153.482,0.581,0.581,0.313,0.313
0.331,115.398,153.451,0.406,0.406,0.308,0.308
0.330,115.382,153.531,0.261,0.261,0.301,0.301
0.329,115.806,153.742,0.116,0.116,0.295,0.295
0.326,116.524,154.089,-0.047,0.047,0.282,0.282
0.325,117.667,154.170,-0.162,0.162,0.269,0.269
0.324,119.103,154.308,-0.301,0.301,0.246,0.246
0.324,120.816,154.280,-0.382,0.382,0.227,0.227
0.323,122.399,154.441,-0.537,0.537,0.226,0.226
0.322,123.884,154.568,-0.682,0.682,0.208,0.208
0.320,125.484,154.725,-0.850,0.850,0.188,0.188
0.317,127.181,155.144,-0.961,0.961,0.186,0.186
0.314,129.058,155.475,-1.105,1.105,0.197,0.197
0.314,130.918,155.493,-1.167,1.167,0.188,0.188
0.318,132.452,155.069,-1.227,1.227,0.194,0.194
0.319,133.742,154.813,-1.238,1.238,0.179,0.179
0.318,134.754,155.004,-1.274,1.274,0.201,0.201
0.315,135.716,155.422,-1.279,1.279,0.206,0.206
0.314,136.532,155.525,-1.317,1.317,0.211,0.211
0.312,137.055,155.757,-1.296,1.296,0.204,0.204
0.313,137.512,155.738,-1.250,1.250,0.206,0.206
0.311,138.001,155.898,-1.122,1.122,0.209,0.209
0.312,138.670,155.843,-0.972,0.972,0.191,0.191
0.309,139.535,156.194,-0.845,0.845,0.206,0.206
0.306,140.564,156.649,-0.667,0.667,0.212,0.212
0.303,141.624,157.117,-0.545,0.545,0.194,0.194
0.305,142.587,156.815,-0.450,0.450,0.194,0.194
0.307,143.550,156.550,-0.385,0.385,0.185,0.185
0.308,144.546,156.392,-0.295,0.295,0.209,0.209
0.306,145.688,156.613,-0.233,0.233,0.230,0.230
0.304,146.928,156.929,-0.151,0.151,0.220,0.220
0.303,148.201,157.134,-0.134,0.134,0.220,0.220
0.301,149.442,157.342,-0.085,0.085,0.224,0.224
0.302,150.682,157.302,-0.081,0.081,0.232,0.232
0.302,151.890,157.317,-0.014,0.014,0.249,0.249
0.300,152.967,157.514,0.026,0.026,0.240,0.240
0.299,153.766,157.738,0.082,0.082,0.233,0.233
0.295,154.321,158.300,0.096,0.096,0.240,0.240
0.293,154.566,158.653,0.151,0.151,0.240,0.240
0.294,154.631,158.433,0.182,0.182,0.241,0.241
0.295,154.582,158.268,0.215,0.215,0.241,0.241
0.298,154.566,157.915,0.249,0.249,0.256,0.256
0.296,154.223,158.227,0.252,0.252,0.246,0.246
0.295,153.962,158.380,0.281,0.281,0.250,0.250
0.292,153.962,158.707,0.261,0.261,0.246,0.246
0.292,154.060,158.820,0.298,0.298,0.238,0.238
0.291,154.109,158.988,0.291,0.291,0.226,0.226
0.290,154.142,159.090,0.319,0.319,0.229,0.229
0.290,154.256,159.101,0.308,0.308,0.211,0.211
0.289,154.370,159.198,0.342,0.342,0.218,0.218
0.286,154.729,159.654,0.353,0.353,0.235,0.235
0.284,155.333,159.988,0.377,0.377,0.220,0.220
0.284,155.790,160.029,0.360,0.360,0.223,0.223
0.286,156.263,159.781,0.349,0.349,0.232,0.232
0.287,156.704,159.605,0.320,0.320,0.235,0.235
0.287,157.389,159.610,0.333,0.333,0.215,0.215
0.284,158.091,160.007,0.334,0.334,0.240,0.240
0.283,158.516,160.207,0.366,0.366,0.250,0.250
0.282,158.581,160.307,0.368,0.368,0.250,0.250
0.281,158.238,160.512,0.383,0.383,0.252,0.252
0.281,158.075,160.491,0.382,0.382,0.247,0.247
0.280,158.254,160.627,0.385,0.385,0.256,0.256
0.278,158.303,160.931,0.394,0.394,0.267,0.267
0.277,158.042,161.120,0.404,0.404,0.272,0.272
0.275,157.634,161.476,0.410,0.410,0.282,0.282
0.273,157.700,161.748,0.420,0.420,0.279,0.279
0.277,157.879,161.136,0.438,0.438,0.279,0.279
0.278,158.075,161.036,0.427,0.427,0.298,0.298
0.276,158.271,161.230,0.444,0.444,0.281,0.281
0.276,158.483,161.283,0.423,0.423,0.276,0.276
0.274,158.891,161.599,0.459,0.459,0.282,0.282
0.272,158.989,161.904,0.427,0.427,0.279,0.279
0.273,158.613,161.804,0.435,0.435,0.276,0.276
0.272,157.781,161.909,0.404,0.404,0.273,0.273
0.271,156.965,162.134,0.420,0.420,0.270,0.270
0.271,156.524,162.076,0.398,0.398,0.264,0.264
0.268,156.280,162.554,0.435,0.435,0.261,0.261
0.266,155.970,162.843,0.447,0.447,0.266,0.266
0.265,155.627,162.952,0.472,0.472,0.264,0.264
0.265,155.529,163.076,0.458,0.458,0.267,0.267
0.269,155.545,162.390,0.485,0.485,0.270,0.270
0.269,155.415,162.472,0.468,0.468,0.276,0.276
0.268,155.186,162.488,0.513,0.513,0.281,0.281
0.266,155.039,162.796,0.571,0.571,0.313,0.313
0.264,155.072,163.115,0.606,0.606,0.298,0.298
0.264,155.072,163.208,0.613,0.613,0.301,0.301
0.263,155.105,163.403,0.644,0.644,0.301,0.301
0.263,155.268,163.305,0.696,0.696,0.311,0.311
0.262,155.496,163.408,0.722,0.722,0.302,0.302
0.262,155.594,163.486,0.775,0.775,0.307,0.307
0.259,155.594,164.002,0.826,0.826,0.307,0.307
0.255,155.382,164.502,0.884,0.884,0.310,0.310
0.256,155.154,164.353,0.935,0.935,0.307,0.307
0.259,154.844,163.967,0.923,0.923,0.322,0.322
0.260,154.615,163.829,0.868,0.868,0.295,0.295
0.261,154.387,163.711,0.816,0.816,0.287,0.287
0.258,154.125,164.146,0.752,0.752,0.296,0.296
0.257,153.881,164.217,0.694,0.694,0.305,0.305
0.256,153.668,164.365,0.623,0.623,0.302,0.302
0.256,153.391,164.395,0.542,0.542,0.307,0.307
0.255,153.179,164.568,0.441,0.441,0.290,0.290
0.254,153.065,164.700,0.371,0.371,0.302,0.302
0.254,152.934,164.761,0.273,0.273,0.308,0.308
0.251,152.689,165.202,0.255,0.255,0.293,0.293
0.249,152.428,165.536,0.211,0.211,0.288,0.288
0.248,152.363,165.571,0.221,0.221,0.282,0.282
0.252,152.493,164.960,0.203,0.203,0.285,0.285
0.253,152.608,164.833,0.215,0.215,0.291,0.291
0.251,152.657,165.172,0.188,0.188,0.290,0.290
0.250,152.657,165.345,0.230,0.230,0.284,0.284
0.249,152.640,165.501,0.212,0.212,0.276,0.276
0.249,152.640,165.476,0.204,0.204,0.269,0.269
0.248,152.608,165.668,0.168,0.168,0.259,0.259
0.248,152.444,165.608,0.151,0.151,0.253,0.253
0.247,152.020,165.779,0.151,0.151,0.261,0.261
0.246,151.351,165.960,0.185,0.185,0.253,0.253
0.245,150.568,166.126,0.188,0.188,0.261,0.261
0.241,150.143,166.634,0.209,0.209,0.261,0.261
0.241,150.094,166.689,0.209,0.209,0.264,0.264
0.244,150.127,166.261,0.198,0.198,0.270,0.270
0.246,150.192,165.992,0.171,0.171,0.243,0.243
0.246,150.176,166.002,0.140,0.140,0.224,0.224
0.245,150.192,166.092,0.072,0.072,0.227,0.227
0.243,150.339,166.450,-0.009,0.009,0.215,0.215
0.242,150.747,166.540,-0.096,0.096,0.215,0.215
0.241,151.253,166.635,-0.186,0.186,0.206,0.206
0.241,151.465,166.721,-0.240,0.240,0.194,0.194
0.240,151.449,166.841,-0.307,0.307,0.201,0.201
0.240,151.400,166.771,-0.316,0.316,0.226,0.226
0.238,151.041,167.162,-0.288,0.288,0.209,0.209
0.237,150.535,167.357,-0.253,0.253,0.214,0.214
0.233,150.013,167.826,-0.246,0.246,0.223,0.223
0.235,149.327,167.617,-0.217,0.217,0.226,0.226
0.237,148.626,167.276,-0.240,0.240,0.218,0.218
0.238,148.005,167.079,-0.212,0.212,0.229,0.229
0.238,147.532,167.124,-0.188,0.188,0.246,0.246
0.236,147.043,167.465,-0.113,0.113,0.241,0.241
0.235,146.716,167.636,-0.081,0.081,0.252,0.252
0.234,146.439,167.685,-0.023,0.023,0.246,0.246
0.235,146.259,167.641,-0.011,0.011,0.258,0.258
0.235,146.194,167.631,0.038,0.038,0.258,0.258
0.235,146.210,167.646,0.073,0.073,0.264,0.264
0.232,146.194,168.053,0.133,0.133,0.273,0.273
0.231,146.194,168.252,0.165,0.165,0.273,0.273
0.228,146.227,168.688,0.233,0.233,0.272,0.272
0.229,146.194,168.421,0.287,0.287,0.302,0.302
0.233,146.031,167.913,0.359,0.359,0.284,0.284
0.233,145.606,167.830,0.359,0.359,0.282,0.282
0.234,145.117,167.806,0.374,0.374,0.284,0.284
0.231,144.578,168.162,0.369,0.369,0.285,0.285
0.230,143.909,168.267,0.388,0.388,0.295,0.295
0.229,143.012,168.500,0.383,0.383,0.295,0.295
0.229,142.000,168.477,0.391,0.391,0.304,0.304
0.227,140.825,168.706,0.374,0.374,0.295,0.295
0.228,139.568,168.544,0.346,0.346,0.285,0.285
0.228,138.524,168.668,0.325,0.325,0.278,0.278
0.225,137.708,168.989,0.288,0.288,0.276,0.276
0.223,137.153,169.362,0.276,0.276,0.272,0.272
0.222,136.712,169.403,0.221,0.221,0.266,0.266
0.227,136.435,168.787,0.188,0.188,0.264,0.264
0.228,136.516,168.620,0.107,0.107,0.269,0.269
0.226,136.581,168.855,0.076,0.076,0.267,0.267
0.225,136.484,169.046,0.023,0.023,0.267,0.267
0.225,136.206,168.991,0.015,0.015,0.276,0.276
0.224,135.782,169.118,-0.037,0.037,0.270,0.270
0.224,135.423,169.158,-0.035,0.035,0.278,0.278
0.222,135.129,169.387,-0.084,0.084,0.269,0.269
0.223,134.590,169.297,-0.078,0.078,0.276,0.276
0.223,133.676,169.284,-0.102,0.102,0.262,0.262
0.221,132.844,169.607,-0.072,0.072,0.276,0.276
0.219,132.061,169.835,-0.090,0.090,0.267,0.267
0.218,131.359,169.949,-0.092,0.092,0.295,0.295
0.220,130.771,169.705,-0.104,0.104,0.264,0.264
0.222,130.445,169.450,-0.089,0.089,0.247,0.247
0.222,130.266,169.428,-0.105,0.105,0.246,0.246
0.221,129.890,169.553,-0.070,0.070,0.233,0.233
0.221,129.580,169.592,-0.070,0.070,0.233,0.233
0.219,129.629,169.759,-0.020,0.020,0.224,0.224
0.219,129.874,169.858,0.000,0.000,0.221,0.221
0.219,130.200,169.807,0.076,0.076,0.218,0.218
0.219,130.429,169.798,0.105,0.105,0.221,0.221
0.217,130.690,170.049,0.157,0.157,0.230,0.230
0.216,130.902,170.266,0.186,0.186,0.232,0.232
0.214,130.984,170.513,0.223,0.223,0.233,0.233
0.213,130.984,170.613,0.237,0.237,0.244,0.244
0.218,130.788,170.001,0.267,0.267,0.232,0.232
0.218,130.380,169.967,0.258,0.258,0.253,0.253
0.218,129.858,169.980,0.259,0.259,0.252,0.252
0.217,129.352,170.096,0.246,0.246,0.252,0.252
0.216,128.878,170.263,0.244,0.244,0.256,0.256
0.214,128.372,170.438,0.255,0.255,0.243,0.243
0.215,128.062,170.302,0.243,0.243,0.259,0.259
0.215,127.785,170.382,0.276,0.276,0.267,0.267
0.215,127.410,170.344,0.276,0.276,0.258,0.258
0.214,126.920,170.492,0.299,0.299,0.261,0.261
0.212,126.757,170.723,0.304,0.304,0.262,0.262
0.209,126.904,171.114,0.322,0.322,0.261,0.261
0.210,126.822,170.946,0.308,0.308,0.262,0.262
0.211,126.675,170.845,0.311,0.311,0.261,0.261
0.214,126.708,170.442,0.302,0.302,0.256,0.256
0.214,127.100,170.513,0.313,0.313,0.261,0.261
0.213,127.442,170.615,0.291,0.291,0.259,0.259
0.212,127.605,170.678,0.301,0.301,0.253,0.253
0.212,127.556,170.741,0.276,0.276,0.238,0.238
0.212,127.508,170.788,0.291,0.291,0.264,0.264
0.211,127.524,170.894,0.273,0.273,0.243,0.243
0.211,127.524,170.898,0.304,0.304,0.233,0.233
0.210,127.344,170.974,0.282,0.282,0.247,0.247
0.211,127.132,170.890,0.304,0.304,0.249,0.249
0.207,127.002,171.370,0.284,0.284,0.241,0.241
0.206,126.838,171.534,0.302,0.302,0.244,0.244
0.207,126.773,171.328,0.288,0.288,0.258,0.258
0.212,126.740,170.668,0.293,0.293,0.238,0.238
0.211,126.643,170.912,0.291,0.291,0.249,0.249
0.210,126.708,170.945,0.295,0.295,0.247,0.247
0.209,126.904,171.055,0.291,0.291,0.252,0.252
0.209,127.051,171.139,0.281,0.281,0.249,0.249
0.209,127.067,171.168,0.298,0.298,0.252,0.252
0.208,127.230,171.261,0.284,0.284,0.246,0.246
0.208,127.442,171.206,0.288,0.288,0.258,0.258
0.209,127.752,171.164,0.282,0.282,0.259,0.259
0.208,127.981,171.244,0.287,0.287,0.264,0.264
0.205,128.079,171.584,0.272,0.272,0.253,0.253
0.203,128.046,171.928,0.282,0.282,0.252,0.252
0.202,128.030,171.958,0.273,0.273,0.258,0.258
0.208,128.013,171.219,0.281,0.281,0.244,0.244
0.208,128.013,171.198,0.262,0.262,0.261,0.261
0.209,127.997,171.164,0.284,0.284,0.261,0.261
0.208,128.030,171.270,0.267,0.267,0.258,0.258
0.206,128.013,171.508,0.275,0.275,0.258,0.258
0.205,128.030,171.635,0.256,0.256,0.258,0.258
0.206,127.834,171.529,0.273,0.273,0.258,0.258
0.206,127.622,171.538,0.255,0.255,0.252,0.252
0.205,127.491,171.555,0.267,0.267,0.258,0.258
0.206,127.459,171.504,0.255,0.255,0.258,0.258
0.204,127.508,171.800,0.267,0.267,0.256,0.256
0.202,127.524,172.062,0.246,0.246,0.262,0.262
0.203,127.377,171.872,0.282,0.282,0.241,0.241
0.205,127.279,171.627,0.249,0.249,0.258,0.258
0.206,127.393,171.475,0.272,0.272,0.261,0.261
0.207,127.344,171.382,0.255,0.255,0.266,0.266
0.205,127.165,171.568,0.279,0.279,0.264,0.264
0.204,127.002,171.728,0.275,0.275,0.270,0.270
0.203,127.002,171.900,0.279,0.279,0.276,0.276
0.204,127.002,171.808,0.278,0.278,0.287,0.287
0.203,127.034,171.837,0.288,0.288,0.285,0.285
0.204,127.034,171.745,0.273,0.273,0.282,0.282
0.203,126.838,171.816,0.279,0.279,0.279,0.279
0.204,126.626,171.745,0.269,0.269,0.276,0.276
0.202,126.528,171.967,0.272,0.272,0.282,0.282
0.199,126.512,172.353,0.270,0.270,0.273,0.273
0.200,126.381,172.290,0.264,0.264,0.307,0.307
0.201,126.186,172.156,0.269,0.269,0.282,0.282
0.205,126.055,171.679,0.255,0.255,0.255,0.255
0.205,126.039,171.654,0.264,0.264,0.269,0.269
0.203,126.071,171.847,0.261,0.261,0.266,0.266
0.203,126.088,171.826,0.255,0.255,0.269,0.269
0.203,126.071,171.872,0.256,0.256,0.266,0.266
0.203,126.071,171.888,0.262,0.262,0.278,0.278
0.203,126.055,171.905,0.244,0.244,0.256,0.256
0.203,126.071,171.893,0.259,0.259,0.259,0.259
0.203,126.055,171.847,0.244,0.244,0.255,0.255
0.201,126.055,172.173,0.256,0.256,0.259,0.259
0.199,126.071,172.394,0.244,0.244,0.255,0.255
0.198,126.055,172.507,0.264,0.264,0.258,0.258
0.201,126.055,172.081,0.244,0.244,0.246,0.246
0.204,126.022,171.792,0.262,0.262,0.258,0.258
0.203,125.892,171.813,0.246,0.246,0.258,0.258
0.203,125.663,171.863,0.261,0.261,0.256,0.256
0.202,125.598,172.005,0.241,0.241,0.253,0.253
0.202,125.582,172.001,0.267,0.267,0.241,0.241
0.201,125.614,172.072,0.246,0.246,0.256,0.256
0.202,125.647,171.980,0.267,0.267,0.261,0.261
0.201,125.631,172.080,0.249,0.249,0.258,0.258
0.201,125.631,172.076,0.270,0.270,0.256,0.256
0.199,125.761,172.313,0.258,0.258,0.262,0.262
0.197,125.843,172.622,0.269,0.269,0.252,0.252
0.198,125.892,172.522,0.253,0.253,0.252,0.252
0.204,125.990,171.766,0.261,0.261,0.255,0.255
0.204,126.055,171.691,0.244,0.244,0.262,0.262
0.203,126.088,171.845,0.246,0.246,0.256,0.256
0.203,126.071,171.866,0.238,0.238,0.256,0.256
0.202,126.055,171.971,0.240,0.240,0.243,0.243
0.202,126.055,172.029,0.229,0.229,0.229,0.229
0.202,126.039,172.017,0.238,0.238,0.252,0.252
0.202,125.908,171.954,0.224,0.224,0.235,0.235
0.202,125.696,172.017,0.230,0.230,0.232,0.232
0.202,125.565,172.050,0.224,0.224,0.230,0.230
0.201,125.565,172.183,0.229,0.229,0.247,0.247
0.198,125.598,172.462,0.235,0.235,0.237,0.237
0.198,125.614,172.533,0.224,0.224,0.238,0.238
0.199,125.614,172.396,0.235,0.235,0.267,0.267
0.204,125.435,171.780,0.227,0.227,0.240,0.240
0.204,125.174,171.775,0.240,0.240,0.241,0.241
0.203,125.027,171.863,0.224,0.224,0.247,0.247
0.203,124.945,171.887,0.258,0.258,0.252,0.252
0.201,124.700,172.061,0.233,0.233,0.247,0.247
0.201,124.407,172.070,0.243,0.243,0.246,0.246
0.202,123.999,171.946,0.227,0.227,0.259,0.259
0.202,123.656,172.024,0.252,0.252,0.249,0.249
0.202,123.362,171.979,0.230,0.230,0.253,0.253
0.201,123.020,172.159,0.246,0.246,0.252,0.252
0.200,122.709,0.000,0.238,0.238,0.256,0.256
0.199,122.595,0.159,0.252,0.252,0.252,0.252
0.199,122.579,0.163,0.237,0.237,0.253,0.253
0.203,122.709,-0.301,0.252,0.252,0.252,0.252
0.205,122.628,-0.557,0.238,0.238,0.255,0.255
0.204,122.693,-0.415,0.249,0.249,0.249,0.249
0.203,122.546,-0.358,0.229,0.229,0.255,0.255
0.203,122.252,-0.390,0.247,0.247,0.255,0.255
0.203,122.040,-0.322,0.235,0.235,0.258,0.258
0.203,122.008,-0.330,0.240,0.240,0.253,0.253
0.203,122.057,-0.338,0.238,0.238,0.256,0.256
0.203,121.959,-0.309,0.235,0.235,0.249,0.249
0.202,121.877,-0.261,0.233,0.233,0.253,0.253
0.201,121.730,-0.115,0.232,0.232,0.249,0.249
0.201,121.436,-0.075,0.230,0.230,0.256,0.256
0.203,121.126,-0.341,0.229,0.229,0.252,0.252
0.205,120.604,-0.613,0.230,0.230,0.253,0.253
0.206,120.033,-0.761,0.238,0.238,0.250,0.250
0.205,119.756,-0.558,0.243,0.243,0.255,0.255
0.204,119.429,-0.502,0.237,0.237,0.261,0.261
0.203,119.103,-0.328,0.256,0.256,0.261,0.261
0.204,118.776,-0.490,0.243,0.243,0.272,0.272
0.205,118.515,-0.549,0.259,0.259,0.266,0.266
0.204,118.303,-0.518,0.243,0.243,0.281,0.281
0.205,118.189,-0.557,0.259,0.259,0.275,0.275
0.205,118.189,-0.612,0.240,0.240,0.269,0.269
0.203,117.993,-0.349,0.237,0.237,0.261,0.261
0.203,117.830,-0.326,0.238,0.238,0.276,0.276
0.203,117.552,-0.310,0.253,0.253,0.262,0.262
0.204,117.291,-0.447,0.233,0.233,0.295,0.295
0.208,117.161,-0.944,0.258,0.258,0.272,0.272
0.207,117.014,-0.812,0.240,0.240,0.258,0.258
0.207,116.622,-0.832,0.243,0.243,0.261,0.261
0.207,115.986,-0.836,0.237,0.237,0.261,0.261
0.207,115.365,-0.836,0.250,0.250,0.259,0.259
0.206,114.957,-0.729,0.230,0.230,0.259,0.259
0.207,114.615,-0.850,0.243,0.243,0.255,0.255
0.207,113.978,-0.782,0.243,0.243,0.258,0.258
0.206,113.260,-0.729,0.247,0.247,0.261,0.261
0.207,112.640,-0.782,0.238,0.238,0.255,0.255
0.205,112.118,-0.607,0.261,0.261,0.249,0.249
0.204,111.824,-0.529,0.240,0.240,0.250,0.250
0.206,111.612,-0.729,0.252,0.252,0.247,0.247
0.209,111.171,-1.076,0.235,0.235,0.243,0.243
0.211,110.714,-1.286,0.259,0.259,0.252,0.252
0.210,110.192,-1.132,0.243,0.243,0.259,0.259
0.209,109.670,-0.990,0.243,0.243,0.255,0.255
0.209,109.213,-1.001,0.250,0.250,0.255,0.255
0.210,108.658,-1.127,0.253,0.253,0.240,0.240
0.211,108.054,-1.199,0.247,0.247,0.255,0.255
0.210,107.320,-1.131,0.250,0.250,0.258,0.258
0.211,106.716,-1.237,0.253,0.253,0.252,0.252
0.208,106.063,-0.920,0.247,0.247,0.249,0.249
0.207,105.361,-0.776,0.246,0.246,0.261,0.261
0.208,104.774,-0.919,0.246,0.246,0.258,0.258
0.212,104.284,-1.325,0.252,0.252,0.246,0.246
0.213,103.762,-1.418,0.237,0.237,0.249,0.249
0.213,103.289,-1.428,0.250,0.250,0.255,0.255
0.213,102.832,-1.414,0.235,0.235,0.250,0.250
0.212,102.326,-1.377,0.227,0.227,0.244,0.244
0.213,101.836,-1.495,0.220,0.220,0.243,0.243
0.212,101.167,-1.395,0.230,0.230,0.230,0.230
0.213,100.449,-1.448,0.212,0.212,0.243,0.243
0.213,99.829,-1.445,0.221,0.221,0.230,0.230
0.214,99.160,-1.580,0.218,0.218,0.227,0.227
0.213,98.425,-1.462,0.235,0.235,0.230,0.230
0.212,97.724,-1.312,0.221,0.221,0.243,0.243
0.210,96.973,-1.122,0.235,0.235,0.229,0.229
0.213,96.369,-1.449,0.220,0.220,0.238,0.238
0.215,95.569,-1.681,0.243,0.243,0.249,0.249
0.217,94.819,-1.808,0.221,0.221,0.226,0.226
0.218,94.329,-1.964,0.249,0.249,0.235,0.235
0.216,93.921,-1.774,0.233,0.233,0.238,0.238
0.216,93.448,-1.696,0.243,0.243,0.240,0.240
0.216,92.632,-1.783,0.227,0.227,0.252,0.252
0.217,91.652,-1.822,0.249,0.249,0.246,0.246
0.217,90.967,-1.801,0.237,0.237,0.261,0.261
0.217,90.771,-1.840,0.252,0.252,0.250,0.250
0.218,90.641,-1.885,0.241,0.241,0.247,0.247
0.216,90.363,-1.735,0.241,0.241,0.247,0.247
0.214,89.988,-1.556,0.246,0.246,0.256,0.256
0.217,89.564,-1.800,0.230,0.230,0.249,0.249
0.219,89.041,-2.007,0.246,0.246,0.252,0.252
0.221,88.731,-2.152,0.233,0.233,0.279,0.279
0.220,88.454,-2.111,0.241,0.241,0.253,0.253
0.220,88.078,-2.096,0.233,0.233,0.237,0.237
0.220,87.426,-2.125,0.244,0.244,0.244,0.244
0.221,86.675,-2.174,0.237,0.237,0.247,0.247
0.222,86.038,-2.229,0.237,0.237,0.244,0.244
0.222,85.369,-2.285,0.229,0.229,0.250,0.250
0.223,84.668,-2.336,0.237,0.237,0.261,0.261
0.222,84.113,-2.269,0.218,0.218,0.244,0.244
0.222,83.786,-2.238,0.241,0.241,0.240,0.240
0.220,83.525,-2.075,0.218,0.218,0.244,0.244
0.218,83.166,-1.937,0.232,0.232,0.243,0.243
0.223,82.709,-2.371,0.218,0.218,0.246,0.246
0.225,82.350,-2.522,0.243,0.243,0.246,0.246
0.226,82.040,-2.623,0.227,0.227,0.258,0.258
0.227,81.534,-2.669,0.252,0.252,0.249,0.249
0.225,80.816,-2.531,0.233,0.233,0.252,0.252
0.225,80.196,-2.558,0.261,0.261,0.250,0.250
0.225,79.641,-2.521,0.243,0.243,0.262,0.262
0.226,79.184,-2.592,0.270,0.270,0.264,0.264
0.227,78.727,-2.668,0.246,0.246,0.273,0.273
0.228,78.221,-2.720,0.270,0.270,0.243,0.243
0.228,77.732,-2.748,0.246,0.246,0.267,0.267
0.226,77.242,-2.620,0.267,0.267,0.266,0.266
0.224,76.752,-2.434,0.249,0.249,0.266,0.266
0.225,76.377,-2.545,0.261,0.261,0.259,0.259
0.226,76.312,-2.596,0.253,0.253,0.261,0.261
0.232,76.181,-3.038,0.256,0.256,0.267,0.267
0.233,75.969,-3.114,0.238,0.238,0.243,0.243
0.232,75.675,-3.046,0.253,0.253,0.258,0.258
0.231,75.463,-3.006,0.246,0.246,0.273,0.273
0.231,75.381,-2.954,0.247,0.247,0.253,0.253
0.233,75.349,-3.104,0.244,0.244,0.241,0.241
0.233,75.235,-3.111,0.253,0.253,0.244,0.244
0.233,75.006,-3.143,0.247,0.247,0.253,0.253
0.233,74.729,-3.119,0.244,0.244,0.249,0.249
0.233,74.321,-3.163,0.249,0.249,0.252,0.252
0.229,73.815,-2.866,0.252,0.252,0.258,0.258
0.231,73.276,-2.961,0.240,0.240,0.252,0.252
0.232,72.819,-3.034,0.249,0.249,0.244,0.244
0.237,72.330,-3.426,0.243,0.243,0.237,0.237
0.238,71.840,-3.493,0.250,0.250,0.249,0.249
0.237,71.334,-3.443,0.253,0.253,0.252,0.252
0.237,71.024,-3.403,0.244,0.244,0.249,0.249
0.236,70.779,-3.375,0.258,0.258,0.250,0.250
0.238,70.534,-3.499,0.241,0.241,0.253,0.253
0.238,70.290,-3.499,0.258,0.258,0.249,0.249
0.239,70.077,-3.583,0.246,0.246,0.240,0.240
0.240,69.980,-3.611,0.250,0.250,0.249,0.249
0.239,69.816,-3.536,0.246,0.246,0.256,0.256
0.236,69.392,-3.372,0.267,0.267,0.253,0.253
0.237,68.902,-3.407,0.246,0.246,0.249,0.249
0.238,68.364,-3.502,0.261,0.261,0.252,0.252
0.242,68.021,-3.772,0.253,0.253,0.252,0.252
0.245,67.776,-3.956,0.259,0.259,0.264,0.264
0.245,67.434,-3.970,0.230,0.230,0.247,0.247
0.244,66.911,-3.881,0.255,0.255,0.233,0.233
0.244,66.226,-3.896,0.227,0.227,0.235,0.235
0.243,65.524,-3.859,0.240,0.240,0.223,0.223
0.245,64.741,-3.939,0.220,0.220,0.227,0.227
0.245,64.006,-3.943,0.244,0.244,0.217,0.217
0.247,63.419,-4.059,0.227,0.227,0.204,0.204
0.246,62.962,-4.045,0.252,0.252,0.223,0.223
0.244,62.652,-3.926,0.232,0.232,0.250,0.250
0.244,62.603,-3.905,0.243,0.243,0.227,0.227
0.242,62.603,-3.797,0.235,0.235,0.230,0.230
0.248,62.636,-4.169,0.235,0.235,0.227,0.227
0.251,62.831,-4.341,0.240,0.240,0.230,0.230
0.251,63.044,-4.341,0.237,0.237,0.227,0.227
0.251,63.158,-4.348,0.238,0.238,0.237,0.237
0.252,63.190,-4.390,0.233,0.233,0.240,0.240
0.251,63.141,-4.323,0.252,0.252,0.240,0.240
0.252,62.929,-4.383,0.235,0.235,0.241,0.241
0.253,62.505,-4.466,0.247,0.247,0.258,0.258
0.253,62.048,-4.454,0.237,0.237,0.250,0.250
0.254,61.493,-4.526,0.252,0.252,0.238,0.238
0.253,60.987,-4.471,0.230,0.230,0.243,0.243
0.251,60.318,-4.336,0.249,0.249,0.246,0.246
0.250,59.567,-4.308,0.224,0.224,0.249,0.249
0.253,58.996,-4.442,0.241,0.241,0.246,0.246
0.259,58.686,-4.797,0.221,0.221,0.250,0.250
0.258,58.637,-4.776,0.241,0.241,0.247,0.247
0.259,58.817,-4.842,0.223,0.223,0.250,0.250
0.258,59.110,-4.754,0.235,0.235,0.247,0.247
0.259,59.372,-4.842,0.223,0.223,0.253,0.253
0.260,59.633,-4.850,0.237,0.237,0.241,0.241
0.260,59.861,-4.852,0.218,0.218,0.244,0.244
0.262,60.106,-4.970,0.238,0.238,0.243,0.243
0.260,60.155,-4.896,0.221,0.221,0.246,0.246
0.261,59.992,-4.954,0.233,0.233,0.243,0.243
0.260,59.551,-4.880,0.215,0.215,0.240,0.240
0.259,58.882,-4.819,0.247,0.247,0.233,0.233
0.259,58.099,-4.837,0.224,0.224,0.237,0.237
0.265,57.478,-5.155,0.238,0.238,0.241,0.241
0.268,57.021,-5.309,0.233,0.233,0.243,0.243
0.268,56.532,-5.350,0.240,0.240,0.246,0.246
0.266,55.928,-5.220,0.232,0.232,0.253,0.253
0.266,55.177,-5.242,0.250,0.250,0.252,0.252
0.267,54.769,-5.282,0.250,0.250,0.264,0.264
0.267,54.655,-5.304,0.247,0.247,0.262,0.262
0.269,54.541,-5.383,0.249,0.249,0.275,0.275
0.270,54.198,-5.446,0.250,0.250,0.250,0.250
0.270,53.823,-5.461,0.246,0.246,0.269,0.269
0.269,53.545,-5.389,0.238,0.238,0.262,0.262
0.269,53.496,-5.407,0.252,0.252,0.270,0.270
0.268,53.464,-5.331,0.233,0.233,0.259,0.259
0.270,53.186,-5.426,0.240,0.240,0.264,0.264
0.276,52.697,-5.741,0.232,0.232,0.262,0.262
0.276,52.321,-5.770,0.243,0.243,0.253,0.253
0.275,52.044,-5.725,0.233,0.233,0.255,0.255
0.276,51.864,-5.749,0.235,0.235,0.252,0.252
0.276,51.766,-5.753,0.233,0.233,0.253,0.253
0.276,51.783,-5.784,0.241,0.241,0.252,0.252
0.277,51.799,-5.827,0.215,0.215,0.278,0.278
0.279,51.636,-5.897,0.243,0.243,0.246,0.246
0.279,51.407,-5.902,0.223,0.223,0.240,0.240
0.278,51.081,-5.838,0.237,0.237,0.240,0.240
0.278,50.689,-5.856,0.224,0.224,0.247,0.247
0.277,50.379,-5.798,0.253,0.253,0.244,0.244
0.282,50.102,-6.046,0.223,0.223,0.249,0.249
0.284,49.890,-6.182,0.247,0.247,0.264,0.264
0.285,49.824,-6.192,0.230,0.230,0.243,0.243
0.285,49.808,-6.193,0.252,0.252,0.233,0.233
0.284,50.004,-6.182,0.224,0.224,0.240,0.240
0.285,50.249,-6.207,0.252,0.252,0.246,0.246
0.287,50.363,-6.297,0.230,0.230,0.252,0.252
0.287,50.363,-6.305,0.258,0.258,0.249,0.249
0.288,50.347,-6.342,0.232,0.232,0.261,0.261
0.288,50.298,-6.372,0.256,0.256,0.249,0.249
0.287,50.314,-6.320,0.249,0.249,0.250,0.250
0.286,50.330,-6.272,0.250,0.250,0.252,0.252
0.286,50.134,-6.287,0.250,0.250,0.252,0.252
0.289,49.743,-6.434,0.244,0.244,0.249,0.249
0.293,49.253,-6.618,0.243,0.243,0.253,0.253
0.295,48.698,-6.699,0.237,0.237,0.262,0.262
0.295,48.388,-6.694,0.238,0.238,0.252,0.252
0.294,48.274,-6.683,0.233,0.233,0.241,0.241
0.296,48.339,-6.781,0.220,0.220,0.241,0.241
0.296,48.535,-6.737,0.223,0.223,0.227,0.227
0.297,48.764,-6.794,0.220,0.220,0.227,0.227
0.298,49.074,-6.860,0.217,0.217,0.223,0.223
0.299,49.449,-6.906,0.223,0.223,0.209,0.209
0.299,49.775,-6.908,0.212,0.212,0.227,0.227
0.298,49.890,-6.837,0.224,0.224,0.241,0.241
0.297,49.857,-6.822,0.204,0.204,0.224,0.224
0.299,49.645,-6.922,0.227,0.227,0.221,0.221
0.303,49.416,-7.090,0.215,0.215,0.227,0.227
0.305,49.318,-7.201,0.233,0.233,0.230,0.230
0.307,49.302,-7.283,0.209,0.209,0.215,0.215
0.306,49.155,-7.241,0.246,0.246,0.238,0.238
0.306,48.894,-7.267,0.218,0.218,0.247,0.247
0.307,48.666,-7.297,0.240,0.240,0.230,0.230
0.308,48.388,-7.328,0.221,0.221,0.241,0.241
0.309,48.143,-7.373,0.243,0.243,0.243,0.243
0.308,47.915,-7.362,0.223,0.223,0.249,0.249
0.310,47.850,-7.446,0.235,0.235,0.229,0.229
0.308,47.996,-7.349,0.224,0.224,0.250,0.250
0.308,47.915,-7.343,0.233,0.233,0.261,0.261
0.309,47.572,-7.395,0.227,0.227,0.247,0.247
0.314,47.376,-7.618,0.233,0.233,0.243,0.243
0.316,47.327,-7.745,0.233,0.233,0.243,0.243
0.317,47.523,-7.782,0.229,0.229,0.249,0.249
0.316,47.964,-7.740,0.221,0.221,0.252,0.252
0.317,48.470,-7.771,0.224,0.224,0.249,0.249
0.318,48.812,-7.805,0.227,0.227,0.249,0.249
0.318,48.910,-7.813,0.212,0.212,0.243,0.243
0.319,48.878,-7.876,0.235,0.235,0.246,0.246
0.320,48.861,-7.904,0.215,0.215,0.230,0.230
0.321,48.861,-7.994,0.224,0.224,0.247,0.247
0.319,48.682,-7.889,0.218,0.218,0.253,0.253
0.319,48.617,-7.884,0.220,0.220,0.249,0.249
0.320,48.764,-7.909,0.209,0.209,0.243,0.243
0.325,48.845,-8.163,0.218,0.218,0.246,0.246
0.327,49.057,-8.254,0.215,0.215,0.249,0.249
0.328,49.269,-8.299,0.229,0.229,0.237,0.237
0.328,49.367,-8.293,0.217,0.217,0.252,0.252
0.328,49.172,-8.291,0.240,0.240,0.266,0.266
0.329,48.764,-8.353,0.229,0.229,0.262,0.262
0.330,48.388,-8.422,0.255,0.255,0.282,0.282
0.330,48.290,-8.414,0.230,0.230,0.270,0.270
0.332,48.323,-8.515,0.256,0.256,0.270,0.270
0.332,48.356,-8.518,0.235,0.235,0.295,0.295
0.333,48.388,-8.568,0.249,0.249,0.273,0.273
0.332,48.356,-8.486,0.232,0.232,0.261,0.261
0.331,48.356,-8.446,0.252,0.252,0.272,0.272
0.331,48.339,-8.480,0.229,0.229,0.270,0.270
0.337,48.339,-8.747,0.255,0.255,0.270,0.270
0.339,48.176,-8.848,0.232,0.232,0.276,0.276
0.340,47.948,-8.875,0.243,0.243,0.250,0.250
0.340,47.670,-8.894,0.232,0.232,0.267,0.267
0.341,47.229,-8.932,0.243,0.243,0.267,0.267
0.342,46.756,-9.001,0.227,0.227,0.261,0.261
0.343,46.413,-9.028,0.237,0.237,0.261,0.261
0.344,46.283,-9.091,0.229,0.229,0.261,0.261
0.344,46.348,-9.102,0.230,0.230,0.259,0.259
0.346,46.364,-9.151,0.220,0.220,0.252,0.252
0.344,46.511,-9.061,0.240,0.240,0.253,0.253
0.343,46.609,-9.044,0.227,0.227,0.270,0.270
0.348,46.479,-9.252,0.227,0.227,0.261,0.261
0.351,46.201,-9.419,0.230,0.230,0.258,0.258
0.353,45.956,-9.503,0.218,0.218,0.266,0.266
0.353,45.826,-9.511,0.224,0.224,0.258,0.258
0.353,45.663,-9.484,0.209,0.209,0.258,0.258
0.354,45.287,-9.552,0.227,0.227,0.261,0.261
0.355,44.765,-9.577,0.220,0.220,0.258,0.258
0.355,44.422,-9.605,0.227,0.227,0.261,0.261
0.357,44.161,-9.658,0.214,0.214,0.255,0.255
0.357,43.965,-9.667,0.233,0.233,0.275,0.275
0.357,43.704,-9.681,0.218,0.218,0.258,0.258
0.356,43.476,-9.649,0.233,0.233,0.250,0.250
0.356,43.198,-9.652,0.217,0.217,0.252,0.252
0.358,43.182,-9.735,0.240,0.240,0.250,0.250
0.364,43.296,-9.998,0.212,0.212,0.250,0.250
0.366,43.411,-10.045,0.243,0.243,0.250,0.250
0.366,43.427,-10.057,0.220,0.220,0.246,0.246
0.366,43.264,-10.077,0.235,0.235,0.252,0.252
0.367,43.019,-10.111,0.215,0.215,0.247,0.247
0.367,42.921,-10.110,0.229,0.229,0.241,0.241
0.369,42.888,-10.202,0.197,0.197,0.232,0.232
0.369,42.888,-10.209,0.215,0.215,0.229,0.229
0.370,42.921,-10.255,0.203,0.203,0.233,0.233
0.372,42.905,-10.303,0.214,0.214,0.223,0.223
0.371,42.921,-10.259,0.211,0.211,0.246,0.246
0.370,42.921,-10.246,0.221,0.221,0.256,0.256
0.371,42.741,-10.263,0.220,0.220,0.241,0.241
0.376,42.366,-10.484,0.218,0.218,0.240,0.240
0.379,42.023,-10.607,0.211,0.211,0.240,0.240
0.380,41.876,-10.679,0.221,0.221,0.243,0.243
0.381,41.909,-10.699,0.220,0.220,0.250,0.250
0.380,41.925,-10.654,0.218,0.218,0.244,0.244
0.380,41.925,-10.673,0.209,0.209,0.252,0.252
0.382,41.779,-10.764,0.217,0.217,0.252,0.252
0.383,41.534,-10.787,0.220,0.220,0.256,0.256
0.384,41.436,-10.831,0.212,0.212,0.275,0.275
0.386,41.403,-10.908,0.223,0.223,0.253,0.253
0.386,41.256,-10.914,0.212,0.212,0.252,0.252
0.384,41.012,-10.810,0.230,0.230,0.252,0.252
0.388,40.914,-10.973,0.203,0.203,0.261,0.261
0.392,40.897,-11.144,0.230,0.230,0.255,0.255
0.393,40.930,-11.190,0.209,0.209,0.252,0.252
0.393,40.946,-11.191,0.227,0.227,0.240,0.240
0.393,40.963,-11.180,0.211,0.211,0.255,0.255
0.393,40.963,-11.191,0.229,0.229,0.253,0.253
0.394,41.109,-11.255,0.209,0.209,0.253,0.253
0.397,41.322,-11.346,0.220,0.220,0.252,0.252
0.398,41.697,-11.395,0.215,0.215,0.253,0.253
0.399,41.909,-11.439,0.226,0.226,0.246,0.246
0.398,41.942,-11.414,0.206,0.206,0.249,0.249
0.397,41.991,-11.356,0.221,0.221,0.247,0.247
0.399,41.991,-11.440,0.209,0.209,0.250,0.250
0.401,41.925,-11.527,0.218,0.218,0.247,0.247
0.406,41.942,-11.733,0.206,0.206,0.252,0.252
0.407,41.942,-11.798,0.227,0.227,0.237,0.237
0.408,41.942,-11.805,0.214,0.214,0.252,0.252
0.409,41.991,-11.846,0.227,0.227,0.256,0.256
0.409,42.121,-11.850,0.221,0.221,0.241,0.241
0.410,42.529,-11.902,0.238,0.238,0.255,0.255
0.410,42.709,-11.907,0.226,0.226,0.259,0.259
0.413,42.578,-12.036,0.246,0.246,0.270,0.270
0.414,42.611,-12.062,0.233,0.233,0.299,0.299
0.414,42.823,-12.093,0.240,0.240,0.272,0.272
0.415,43.117,-12.101,0.240,0.240,0.261,0.261
0.414,43.508,-12.074,0.237,0.237,0.264,0.264
0.414,44.047,-12.059,0.238,0.238,0.264,0.264
0.418,44.373,-12.256,0.229,0.229,0.264,0.264
0.422,44.455,-12.452,0.241,0.241,0.261,0.261
0.423,44.602,-12.493,0.229,0.229,0.249,0.249
0.423,44.618,-12.487,0.226,0.226,0.273,0.273
0.424,44.520,-12.536,0.223,0.223,0.270,0.270
0.425,44.390,-12.563,0.232,0.232,0.258,0.258
0.426,44.373,-12.626,0.212,0.212,0.250,0.250
0.427,44.553,-12.663,0.230,0.230,0.253,0.253
0.429,44.618,-12.747,0.221,0.221,0.256,0.256
0.430,44.488,-12.782,0.232,0.232,0.253,0.253
0.430,44.194,-12.774,0.224,0.224,0.253,0.253
0.430,43.982,-12.772,0.227,0.227,0.258,0.258
0.430,43.851,-12.775,0.214,0.214,0.252,0.252
0.434,43.900,-12.963,0.226,0.226,0.250,0.250
0.438,44.112,-13.142,0.220,0.220,0.267,0.267
0.440,44.471,-13.213,0.227,0.227,0.253,0.253
0.439,44.830,-13.196,0.214,0.214,0.253,0.253
0.439,44.765,-13.192,0.233,0.233,0.253,0.253
0.441,44.716,-13.253,0.221,0.221,0.256,0.256
0.442,44.781,-13.337,0.243,0.243,0.252,0.252
0.444,44.879,-13.427,0.218,0.218,0.249,0.249
0.445,44.879,-13.464,0.244,0.244,0.252,0.252
0.446,44.732,-13.483,0.229,0.229,0.258,0.258
0.445,44.520,-13.440,0.241,0.241,0.258,0.258
0.445,44.373,-13.449,0.230,0.230,0.264,0.264
0.446,44.178,-13.515,0.240,0.240,0.261,0.261
0.450,43.819,-13.683,0.232,0.232,0.256,0.256
0.455,43.476,-13.904,0.240,0.240,0.258,0.258
0.457,43.378,-13.959,0.244,0.244,0.266,0.266
0.455,43.557,-13.894,0.240,0.240,0.258,0.258
0.455,43.835,-13.910,0.224,0.224,0.261,0.261
0.458,43.933,-14.022,0.232,0.232,0.255,0.255
0.458,43.965,-14.041,0.226,0.226,0.258,0.258
0.460,43.900,-14.096,0.214,0.214,0.269,0.269
0.461,43.868,-14.145,0.218,0.218,0.238,0.238
0.463,43.704,-14.249,0.208,0.208,0.229,0.229
0.462,43.492,-14.220,0.212,0.212,0.230,0.230
0.463,43.198,-14.239,0.208,0.208,0.238,0.238
0.463,42.954,-14.236,0.215,0.215,0.238,0.238
0.467,42.872,-14.414,0.211,0.211,0.244,0.244
0.469,42.709,-14.513,0.218,0.218,0.215,0.215
0.473,42.676,-14.653,0.204,0.204,0.243,0.243
0.473,42.627,-14.660,0.218,0.218,0.252,0.252
0.473,42.529,-14.649,0.208,0.208,0.235,0.235
0.475,42.236,-14.753,0.218,0.218,0.243,0.243
0.476,42.187,-14.801,0.212,0.212,0.233,0.233
0.477,42.301,-14.836,0.235,0.235,0.247,0.247
0.478,42.611,-14.898,0.214,0.214,0.247,0.247
0.480,43.068,-14.976,0.235,0.235,0.244,0.244
0.480,43.541,-14.977,0.209,0.209,0.244,0.244
0.480,43.851,-14.977,0.240,0.240,0.243,0.243
0.480,43.965,-14.982,0.220,0.220,0.252,0.252
0.482,43.737,-15.047,0.238,0.238,0.278,0.278
0.487,43.460,-15.271,0.227,0.227,0.252,0.252
0.490,43.182,-15.405,0.233,0.233,0.244,0.244
0.489,42.790,-15.359,0.209,0.209,0.252,0.252
0.491,42.480,-15.462,0.237,0.237,0.250,0.250
0.491,42.187,-15.448,0.224,0.224,0.252,0.252
0.492,42.007,-15.489,0.227,0.227,0.246,0.246
0.495,41.925,-15.611,0.229,0.229,0.243,0.243
0.495,41.925,-15.631,0.218,0.218,0.246,0.246
0.497,41.942,-15.706,0.217,0.217,0.255,0.255
0.499,42.121,-15.767,0.211,0.211,0.252,0.252
0.497,42.546,-15.717,0.220,0.220,0.250,0.250
0.497,43.052,-15.714,0.209,0.209,0.227,0.227
0.501,43.394,-15.880,0.211,0.211,0.243,0.243
0.504,43.296,-15.998,0.217,0.217,0.253,0.253
0.508,43.052,-16.151,0.212,0.212,0.246,0.246
0.509,43.100,-16.198,0.208,0.208,0.246,0.246
0.508,43.476,-16.191,0.221,0.221,0.246,0.246
0.509,44.014,-16.229,0.209,0.209,0.246,0.246
0.511,44.390,-16.289,0.226,0.226,0.264,0.264
0.512,44.308,-16.368,0.209,0.209,0.247,0.247
0.514,44.031,-16.418,0.238,0.238,0.246,0.246
0.516,44.047,-16.536,0.227,0.227,0.261,0.261
0.517,44.422,-16.573,0.243,0.243,0.258,0.258
0.517,44.798,-16.560,0.237,0.237,0.261,0.261
0.517,45.124,-16.579,0.246,0.246,0.256,0.256
0.518,45.336,-16.621,0.221,0.221,0.235,0.235
0.520,45.418,-16.707,0.243,0.243,0.246,0.246
0.525,45.255,-16.911,0.230,0.230,0.270,0.270
0.528,45.173,-17.057,0.244,0.244,0.255,0.255
0.528,45.255,-17.082,0.224,0.224,0.252,0.252
0.528,45.369,-17.049,0.249,0.249,0.256,0.256
0.530,45.418,-17.138,0.220,0.220,0.252,0.252
0.530,45.565,-17.155,0.235,0.235,0.247,0.247
0.533,45.630,-17.279,0.227,0.227,0.244,0.244
0.533,45.646,-17.297,0.246,0.246,0.244,0.244
0.535,45.826,-17.397,0.229,0.229,0.241,0.241
0.536,46.071,-17.436,0.247,0.247,0.233,0.233
0.538,46.462,-17.502,0.223,0.223,0.250,0.250
0.538,46.805,-17.504,0.233,0.233,0.224,0.224
0.538,46.919,-17.546,0.224,0.224,0.224,0.224
0.543,46.887,-17.750,0.238,0.238,0.220,0.220
0.545,46.887,-17.868,0.233,0.233,0.215,0.215
0.547,47.017,-17.969,0.233,0.233,0.208,0.208
0.546,47.295,-17.914,0.230,0.230,0.208,0.208
0.549,47.588,-18.042,0.233,0.233,0.197,0.197
0.550,47.833,-18.077,0.230,0.230,0.211,0.211
0.552,47.882,-18.170,0.227,0.227,0.212,0.212
0.552,47.915,-18.181,0.240,0.240,0.212,0.212
0.555,48.062,-18.320,0.227,0.227,0.215,0.215
0.555,48.258,-18.318,0.226,0.226,0.215,0.215
0.554,48.372,-18.301,0.224,0.224,0.214,0.214
0.555,48.209,-18.325,0.230,0.230,0.218,0.218
0.560,47.801,-18.589,0.227,0.227,0.215,0.215
0.563,47.229,-18.691,0.249,0.249,0.218,0.218
0.566,46.870,-18.850,0.237,0.237,0.217,0.217
0.567,46.626,-18.878,0.238,0.238,0.218,0.218
0.568,46.430,-18.926,0.218,0.218,0.197,0.197
0.568,46.169,-18.938,0.233,0.233,0.206,0.206
0.569,45.956,-19.003,0.215,0.215,0.215,0.215
0.572,45.842,-19.123,0.227,0.227,0.206,0.206
0.573,46.054,-19.156,0.203,0.203,0.203,0.203
0.575,46.462,-19.262,0.226,0.226,0.192,0.192
0.575,46.805,-19.284,0.201,0.201,0.191,0.191
0.577,46.919,-19.340,0.217,0.217,0.204,0.204
0.575,46.903,-19.290,0.212,0.212,0.191,0.191
0.579,46.870,-19.453,0.226,0.226,0.182,0.182
0.578,46.838,-19.428,0.206,0.206,0.195,0.195
0.585,46.658,-19.740,0.230,0.230,0.186,0.186
0.588,46.299,-19.860,0.215,0.215,0.198,0.198
0.588,46.103,-19.888,0.220,0.220,0.194,0.194
0.590,46.381,-19.952,0.212,0.212,0.206,0.206
0.590,46.936,-19.955,0.227,0.227,0.194,0.194
0.591,47.344,-20.038,0.226,0.226,0.192,0.192
0.592,47.621,-20.084,0.230,0.230,0.194,0.194
0.595,47.817,-20.199,0.221,0.221,0.200,0.200
0.596,47.899,-20.274,0.220,0.220,0.198,0.198
0.596,47.866,-20.264,0.221,0.221,0.194,0.194
0.597,48.029,-20.295,0.206,0.206,0.189,0.189
0.598,48.274,-20.355,0.235,0.235,0.201,0.201
0.600,48.388,-20.440,0.214,0.214,0.208,0.208
0.605,48.372,-20.710,0.221,0.221,0.197,0.197
0.608,48.192,-20.849,0.212,0.212,0.194,0.194
0.609,47.882,-20.875,0.230,0.230,0.198,0.198
0.609,47.458,-20.875,0.212,0.212,0.209,0.209
0.610,47.001,-20.923,0.230,0.230,0.206,0.206
0.613,46.626,-21.053,0.209,0.209,0.212,0.212
0.614,46.218,-21.097,0.233,0.233,0.214,0.214
0.616,45.924,-21.197,0.204,0.204,0.218,0.218
0.617,45.973,-21.268,0.230,0.230,0.221,0.221
0.618,46.430,-21.295,0.208,0.208,0.214,0.214
0.617,46.756,-21.270,0.229,0.229,0.235,0.235
0.618,46.724,-21.294,0.203,0.203,0.246,0.246
0.624,46.120,-21.597,0.224,0.224,0.243,0.243
0.626,45.336,-21.686,0.209,0.209,0.243,0.243
0.628,44.684,-21.765,0.221,0.221,0.262,0.262
0.630,44.390,-21.863,0.208,0.208,0.273,0.273
0.632,44.308,-21.923,0.227,0.227,0.287,0.287
0.631,43.998,-21.912,0.208,0.208,0.288,0.288
0.633,43.427,-21.998,0.227,0.227,0.285,0.285
0.635,42.774,-22.081,0.224,0.224,0.301,0.301
0.637,42.415,-22.148,0.249,0.249,0.305,0.305
0.639,42.333,-22.248,0.233,0.233,0.336,0.336
0.641,42.203,-22.337,0.250,0.250,0.343,0.343
0.639,41.844,-22.237,0.233,0.233,0.349,0.349
0.640,41.354,-22.293,0.232,0.232,0.366,0.366
0.642,40.767,-22.381,0.233,0.233,0.389,0.389
0.645,40.440,-22.469,0.237,0.237,0.359,0.359
0.650,40.228,-22.697,0.233,0.233,0.375,0.375
0.653,40.049,-22.787,0.235,0.235,0.368,0.368
0.653,40.179,-22.822,0.233,0.233,0.383,0.383
0.655,40.538,-22.866,0.221,0.221,0.377,0.377
0.656,40.897,-22.917,0.227,0.227,0.398,0.398
0.658,41.207,-23.011,0.223,0.223,0.404,0.404
0.659,41.566,-23.051,0.232,0.232,0.395,0.395
0.660,41.697,-23.106,0.214,0.214,0.380,0.380
0.663,41.354,-23.226,0.227,0.227,0.372,0.372
0.663,40.652,-23.229,0.209,0.209,0.362,0.362
0.663,39.543,-23.213,0.220,0.220,0.359,0.359
0.663,38.074,-23.221,0.217,0.217,0.340,0.340
0.669,36.719,-23.450,0.224,0.224,0.327,0.327
0.672,35.512,-23.535,0.220,0.220,0.310,0.310
0.673,34.271,-23.594,0.232,0.232,0.302,0.302
0.675,33.080,-23.663,0.218,0.218,0.322,0.322
0.676,32.052,-23.696,0.230,0.230,0.293,0.293
0.679,31.220,-23.768,0.215,0.215,0.288,0.288
0.678,30.681,-23.762,0.246,0.246,0.285,0.285
0.681,30.371,-23.855,0.224,0.224,0.282,0.282
0.683,30.175,-23.894,0.238,0.238,0.273,0.273
0.683,29.930,-23.905,0.221,0.221,0.281,0.281
0.684,29.359,-23.940,0.243,0.243,0.299,0.299
0.685,28.625,-23.955,0.229,0.229,0.279,0.279
0.685,28.004,-23.956,0.258,0.258,0.269,0.269
0.688,27.499,-24.044,0.244,0.244,0.276,0.276
0.695,27.058,-24.230,0.250,0.250,0.272,0.272
0.695,26.568,-24.235,0.230,0.230,0.279,0.279
0.698,26.079,-24.312,0.244,0.244,0.273,0.273
0.699,25.752,-24.339,0.227,0.227,0.285,0.285
0.699,25.491,-24.332,0.246,0.246,0.267,0.267
0.701,25.116,-24.385,0.227,0.227,0.272,0.272
0.702,24.610,-24.424,0.238,0.238,0.261,0.261
0.704,24.120,-24.469,0.218,0.218,0.261,0.261
0.706,23.582,-24.508,0.206,0.206,0.240,0.240
0.707,22.929,-24.538,0.218,0.218,0.249,0.249
0.708,22.162,-24.547,0.206,0.206,0.226,0.226
0.708,21.428,-24.547,0.221,0.221,0.247,0.247
0.709,20.677,-24.570,0.203,0.203,0.249,0.249
0.709,19.942,-24.581,0.221,0.221,0.244,0.244
0.717,19.241,-24.730,0.203,0.203,0.241,0.241
0.720,18.686,-24.785,0.218,0.218,0.240,0.240
0.720,18.180,-24.787,0.215,0.215,0.252,0.252
0.722,17.690,-24.828,0.230,0.230,0.240,0.240
0.722,17.396,-24.835,0.220,0.220,0.253,0.253
0.724,17.282,-24.854,0.224,0.224,0.247,0.247
0.727,17.331,-24.909,0.212,0.212,0.252,0.252
0.728,17.364,-24.929,0.237,0.237,0.252,0.252
0.730,17.364,-24.957,0.221,0.221,0.275,0.275
0.730,17.217,-24.965,0.240,0.240,0.253,0.253
0.730,16.972,-24.968,0.229,0.229,0.261,0.261
0.729,16.842,-24.950,0.237,0.237,0.258,0.258
0.733,16.825,-25.022,0.215,0.215,0.255,0.255
0.740,16.858,-25.132,0.240,0.240,0.249,0.249
0.741,16.907,-25.151,0.223,0.223,0.250,0.250
0.742,16.891,-25.161,0.240,0.240,0.227,0.227
0.743,16.695,-25.191,0.223,0.223,0.253,0.253
0.744,16.499,-25.204,0.238,0.238,0.249,0.249
0.746,16.385,-25.227,0.221,0.221,0.249,0.249
0.747,16.352,-25.254,0.215,0.215,0.246,0.246
0.749,16.368,-25.283,0.223,0.223,0.243,0.243
0.751,16.189,-25.318,0.215,0.215,0.243,0.243
0.752,15.781,-25.331,0.229,0.229,0.238,0.238
0.751,15.063,-25.311,0.221,0.221,0.240,0.240
0.751,14.345,-25.321,0.227,0.227,0.237,0.237
0.755,13.512,-25.367,0.209,0.209,0.240,0.240
0.759,12.631,-25.421,0.209,0.209,0.240,0.240
0.762,11.815,-25.466,0.206,0.206,0.241,0.241
0.764,11.244,-25.484,0.223,0.223,0.233,0.233
0.764,10.934,-25.488,0.200,0.200,0.237,0.237
0.766,10.705,-25.511,0.230,0.230,0.240,0.240
0.767,10.346,-25.515,0.211,0.211,0.244,0.244
0.768,10.020,-25.530,0.226,0.226,0.243,0.243
0.771,9.742,-25.557,0.224,0.224,0.258,0.258
0.772,9.514,-25.565,0.243,0.243,0.255,0.255
0.774,9.236,-25.585,0.229,0.229,0.272,0.272
0.773,8.682,-25.579,0.233,0.233,0.278,0.278
0.775,8.110,-25.589,0.224,0.224,0.272,0.272
0.775,7.360,-25.591,0.240,0.240,0.267,0.267
0.780,6.315,-25.624,0.220,0.220,0.293,0.293
0.785,5.108,-25.654,0.249,0.249,0.266,0.266
0.785,3.835,-25.655,0.227,0.227,0.264,0.264
0.787,2.725,-25.662,0.244,0.244,0.261,0.261
0.789,1.762,-25.665,0.224,0.224,0.266,0.266
0.788,0.848,-25.665,0.244,0.244,0.252,0.252
0.791,-0.050,-25.666,0.223,0.223,0.250,0.250
0.793,-1.045,-25.664,0.230,0.230,0.232,0.232
0.793,-2.285,-25.664,0.218,0.218,0.249,0.249
0.796,-3.689,-25.656,0.241,0.241,0.247,0.247
0.797,-5.044,-25.650,0.215,0.215,0.238,0.238
0.797,-6.153,-25.653,0.240,0.240,0.237,0.237
0.797,-7.279,-25.651,0.224,0.224,0.255,0.255
0.799,-8.454,-25.636,0.232,0.232,0.235,0.235
0.806,-9.532,-25.578,0.230,0.230,0.226,0.226
0.807,-10.511,-25.560,0.232,0.232,0.229,0.229
0.810,-11.294,-25.530,0.230,0.230,0.233,0.233
0.809,-12.045,-25.548,0.220,0.220,0.229,0.229
0.810,-12.714,-25.530,0.233,0.233,0.227,0.227
0.812,-13.301,-25.501,0.221,0.221,0.212,0.212
0.814,-13.791,-25.474,0.229,0.229,0.224,0.224
0.816,-14.101,-25.448,0.235,0.235,0.227,0.227
0.818,-14.150,-25.421,0.244,0.244,0.230,0.230
0.819,-14.313,-25.402,0.226,0.226,0.229,0.229
0.818,-14.509,-25.418,0.235,0.235,0.220,0.220
0.820,-14.607,-25.391,0.227,0.227,0.235,0.235
0.821,-14.607,-25.373,0.240,0.240,0.238,0.238
0.826,-14.444,-25.304,0.221,0.221,0.240,0.240
0.830,-14.199,-25.253,0.241,0.241,0.235,0.235
0.831,-14.052,-25.232,0.224,0.224,0.241,0.241
0.832,-13.905,-25.218,0.238,0.238,0.243,0.243
0.833,-13.481,-25.199,0.218,0.218,0.255,0.255
0.834,-12.828,-25.187,0.240,0.240,0.246,0.246
0.836,-12.224,-25.169,0.218,0.218,0.235,0.235
0.837,-11.686,-25.153,0.224,0.224,0.232,0.232
0.840,-11.082,-25.118,0.206,0.206,0.223,0.223
0.841,-10.527,-25.110,0.218,0.218,0.227,0.227
0.842,-10.005,-25.104,0.194,0.194,0.227,0.227
0.840,-9.711,-25.120,0.221,0.221,0.230,0.230
0.841,-9.434,-25.107,0.212,0.212,0.233,0.233
0.844,-9.075,-25.079,0.221,0.221,0.238,0.238
0.850,-8.552,-25.025,0.215,0.215,0.232,0.232
0.853,-8.259,-25.004,0.226,0.226,0.233,0.233
0.853,-7.948,-25.001,0.218,0.218,0.235,0.235
0.854,-7.606,-24.993,0.218,0.218,0.233,0.233
0.855,-7.279,-24.985,0.215,0.215,0.221,0.221
0.858,-7.181,-24.968,0.223,0.223,0.243,0.243
0.859,-7.181,-24.961,0.232,0.232,0.255,0.255
0.861,-7.067,-24.947,0.212,0.212,0.244,0.244
0.863,-6.659,-24.933,0.227,0.227,0.249,0.249
0.863,-6.121,-24.931,0.215,0.215,0.240,0.240
0.863,-5.745,-24.930,0.232,0.232,0.258,0.258
0.864,-5.664,-24.927,0.220,0.220,0.262,0.262
0.865,-5.713,-24.918,0.237,0.237,0.256,0.256
0.872,-5.566,-24.878,0.215,0.215,0.267,0.267
0.874,-5.337,-24.869,0.224,0.224,0.258,0.258
0.875,-5.386,-24.862,0.217,0.217,0.264,0.264
0.875,-5.452,-24.864,0.230,0.230,0.288,0.288
0.877,-5.321,-24.853,0.215,0.215,0.267,0.267
0.878,-5.076,-24.846,0.229,0.229,0.255,0.255
0.880,-4.848,-24.838,0.217,0.217,0.264,0.264
0.883,-4.717,-24.822,0.240,0.240,0.261,0.261
0.883,-4.733,-24.822,0.208,0.208,0.262,0.262
0.885,-4.733,-24.816,0.246,0.246,0.252,0.252
0.884,-4.570,-24.819,0.214,0.214,0.249,0.249
0.885,-4.374,-24.813,0.229,0.229,0.252,0.252
0.888,-4.244,-24.800,0.214,0.214,0.252,0.252
0.894,-4.244,-24.776,0.224,0.224,0.246,0.246
0.897,-4.244,-24.766,0.208,0.208,0.249,0.249
0.898,-4.276,-24.760,0.221,0.221,0.235,0.235
0.898,-4.244,-24.757,0.223,0.223,0.244,0.244
0.899,-4.276,-24.755,0.227,0.227,0.246,0.246
0.901,-4.244,-24.748,0.230,0.230,0.244,0.244
0.903,-4.276,-24.737,0.230,0.230,0.240,0.240
0.904,-4.293,-24.735,0.238,0.238,0.249,0.249
0.906,-4.423,-24.724,0.237,0.237,0.259,0.259
0.907,-4.684,-24.719,0.240,0.240,0.290,0.290
0.907,-4.962,-24.719,0.232,0.232,0.270,0.270
0.908,-5.403,-24.716,0.244,0.244,0.253,0.253
0.909,-5.876,-24.710,0.223,0.223,0.261,0.261
0.911,-6.235,-24.700,0.246,0.246,0.262,0.262
0.918,-6.333,-24.654,0.229,0.229,0.266,0.266
0.919,-6.480,-24.647,0.230,0.230,0.261,0.261
0.919,-6.822,-24.644,0.227,0.227,0.258,0.258
0.921,-7.312,-24.636,0.235,0.235,0.262,0.262
0.923,-7.867,-24.620,0.220,0.220,0.255,0.255
0.924,-8.210,-24.612,0.227,0.227,0.253,0.253
0.926,-8.454,-24.596,0.212,0.212,0.241,0.241
0.928,-8.683,-24.575,0.229,0.229,0.244,0.244
0.929,-8.732,-24.568,0.206,0.206,0.237,0.237
0.930,-8.732,-24.561,0.238,0.238,0.218,0.218
0.930,-8.716,-24.561,0.214,0.214,0.240,0.240
0.930,-8.683,-24.561,0.238,0.238,0.240,0.240
0.935,-8.716,-24.511,0.218,0.218,0.229,0.229
0.940,-8.716,-24.474,0.235,0.235,0.221,0.221
0.940,-8.716,-24.467,0.221,0.221,0.227,0.227
0.941,-8.699,-24.459,0.233,0.233,0.226,0.226
0.942,-8.716,-24.453,0.217,0.217,0.230,0.230
0.943,-8.732,-24.442,0.237,0.237,0.224,0.224
0.946,-8.895,-24.419,0.221,0.221,0.229,0.229
0.948,-9.124,-24.403,0.243,0.243,0.226,0.226
0.949,-9.417,-24.391,0.226,0.226,0.227,0.227
0.950,-9.646,-24.380,0.243,0.243,0.237,0.237
0.952,-9.564,-24.364,0.229,0.229,0.226,0.226
0.951,-9.303,-24.371,0.243,0.243,0.220,0.220
0.952,-9.336,-24.362,0.229,0.229,0.227,0.227
0.955,-9.564,-24.336,0.229,0.229,0.226,0.226
0.960,-9.695,-24.286,0.241,0.241,0.227,0.227
0.962,-9.564,-24.264,0.240,0.240,0.215,0.215
0.964,-9.287,-24.249,0.238,0.238,0.214,0.214
0.965,-9.172,-24.239,0.238,0.238,0.220,0.220
0.965,-9.172,-24.237,0.237,0.237,0.227,0.227
0.968,-9.189,-24.216,0.227,0.227,0.221,0.221
0.969,-9.205,-24.206,0.223,0.223,0.224,0.224
0.971,-9.238,-24.185,0.212,0.212,0.212,0.212
0.973,-9.238,-24.167,0.224,0.224,0.209,0.209
0.974,-9.368,-24.160,0.203,0.203,0.197,0.197
0.973,-9.238,-24.163,0.217,0.217,0.203,0.203
0.974,-8.781,-24.160,0.194,0.194,0.215,0.215
0.976,-8.095,-24.139,0.223,0.223,0.212,0.212
0.980,-7.704,-24.104,0.204,0.204,0.214,0.214
0.985,-7.459,-24.073,0.238,0.238,0.221,0.221
0.985,-6.937,-24.068,0.204,0.204,0.218,0.218
0.987,-6.365,-24.058,0.233,0.233,0.203,0.203
0.988,-6.186,-24.052,0.209,0.209,0.201,0.201
0.989,-6.153,-24.047,0.237,0.237,0.218,0.218
0.990,-6.202,-24.038,0.221,0.221,0.220,0.220
0.993,-6.268,-24.022,0.235,0.235,0.224,0.224
0.994,-6.235,-24.013,0.224,0.224,0.227,0.227
0.997,-6.235,-23.997,0.237,0.237,0.227,0.227
0.997,-6.072,-23.994,0.226,0.226,0.238,0.238
0.995,-5.843,-24.007,0.227,0.227,0.230,0.230
0.999,-5.517,-23.985,0.240,0.240,0.229,0.229
1.003,-5.174,-23.962,0.232,0.232,0.235,0.235
1.006,-4.995,-23.947,0.224,0.224,0.238,0.238
1.008,-5.125,-23.937,0.224,0.224,0.223,0.223
1.008,-5.403,-23.938,0.226,0.226,0.241,0.241
1.009,-5.680,-23.932,0.220,0.220,0.237,0.237
1.010,-5.778,-23.923,0.224,0.224,0.237,0.237
1.013,-5.811,-23.906,0.221,0.221,0.238,0.238
1.014,-5.925,-23.902,0.230,0.230,0.232,0.232
1.016,-6.137,-23.892,0.214,0.214,0.244,0.244
1.017,-6.235,-23.881,0.230,0.230,0.247,0.247
1.017,-6.284,-23.883,0.215,0.215,0.246,0.246
1.018,-6.072,-23.878,0.226,0.226,0.246,0.246
1.020,-5.664,-23.868,0.206,0.206,0.255,0.255
1.024,-5.305,-23.846,0.224,0.224,0.249,0.249
1.028,-5.190,-23.825,0.211,0.211,0.269,0.269
1.029,-5.207,-23.820,0.220,0.220,0.252,0.252
1.029,-5.060,-23.816,0.211,0.211,0.250,0.250
1.030,-4.864,-23.813,0.233,0.233,0.258,0.258
1.032,-4.733,-23.803,0.217,0.217,0.261,0.261
1.034,-4.750,-23.795,0.246,0.246,0.253,0.253
1.036,-4.766,-23.785,0.224,0.224,0.256,0.256
1.038,-4.782,-23.775,0.240,0.240,0.249,0.249
1.039,-4.766,-23.771,0.229,0.229,0.275,0.275
1.040,-4.554,-23.764,0.258,0.258,0.284,0.284
1.041,-4.179,-23.763,0.240,0.240,0.276,0.276
1.041,-3.820,-23.760,0.252,0.252,0.262,0.262
1.043,-3.575,-23.754,0.244,0.244,0.264,0.264
1.048,-3.330,-23.736,0.250,0.250,0.261,0.261
1.050,-3.248,-23.730,0.240,0.240,0.259,0.259
1.051,-3.052,-23.728,0.244,0.244,0.258,0.258
1.052,-2.873,-23.723,0.230,0.230,0.258,0.258
1.053,-2.742,-23.721,0.240,0.240,0.264,0.264
1.056,-2.579,-23.714,0.235,0.235,0.262,0.262
1.057,-2.367,-23.710,0.235,0.235,0.285,0.285
1.058,-2.073,-23.709,0.229,0.229,0.252,0.252
1.061,-1.665,-23.703,0.226,0.226,0.243,0.243
1.063,-1.159,-23.700,0.237,0.237,0.252,0.252
1.062,-1.029,-23.702,0.233,0.233,0.246,0.246
1.062,-1.143,-23.701,0.229,0.229,0.246,0.246
1.066,-1.323,-23.696,0.227,0.227,0.246,0.246
1.069,-1.339,-23.692,0.230,0.230,0.237,0.237
1.072,-1.339,-23.689,0.221,0.221,0.241,0.241
1.073,-1.306,-23.687,0.226,0.226,0.247,0.247
1.074,-1.453,-23.686,0.224,0.224,0.237,0.237
1.075,-1.535,-23.683,0.232,0.232,0.232,0.232
1.076,-1.616,-23.683,0.214,0.214,0.226,0.226
1.079,-1.698,-23.678,0.238,0.238,0.224,0.224
1.081,-1.796,-23.674,0.220,0.220,0.218,0.218
1.082,-1.796,-23.672,0.240,0.240,0.221,0.221
1.082,-1.828,-23.673,0.224,0.224,0.215,0.215
1.083,-1.780,-23.670,0.249,0.249,0.218,0.218
1.085,-1.584,-23.667,0.223,0.223,0.221,0.221
1.089,-1.339,-23.661,0.240,0.240,0.214,0.214
1.093,-1.306,-23.656,0.227,0.227,0.221,0.221
1.094,-1.437,-23.655,0.252,0.252,0.226,0.226
1.095,-1.535,-23.654,0.233,0.233,0.215,0.215
1.095,-1.420,-23.653,0.249,0.249,0.232,0.232
1.097,-1.290,-23.651,0.244,0.244,0.246,0.246
1.098,-1.274,-23.649,0.237,0.237,0.240,0.240
1.101,-1.257,-23.645,0.221,0.221,0.270,0.270
1.102,-1.159,-23.644,0.238,0.238,0.261,0.261
1.104,-1.094,-23.642,0.220,0.220,0.261,0.261
1.105,-1.208,-23.641,0.220,0.220,0.255,0.255
1.105,-1.469,-23.641,0.212,0.212,0.261,0.261
1.106,-1.535,-23.639,0.211,0.211,0.249,0.249
1.107,-1.241,-23.638,0.215,0.215,0.241,0.241
1.112,-0.702,-23.633,0.209,0.209,0.221,0.221
1.115,-0.327,-23.632,0.227,0.227,0.238,0.238
1.117,0.065,-23.631,0.212,0.212,0.250,0.250
1.117,0.195,-23.631,0.224,0.224,0.252,0.252
1.118,0.212,-23.632,0.203,0.203,0.252,0.252
1.121,0.309,-23.632,0.232,0.232,0.244,0.244
1.121,0.554,-23.632,0.209,0.209,0.252,0.252
1.124,0.848,-23.634,0.226,0.226,0.223,0.223
1.126,1.256,-23.636,0.217,0.217,0.246,0.246
1.126,1.746,-23.637,0.235,0.235,0.255,0.255
1.127,2.268,-23.639,0.220,0.220,0.247,0.247
1.127,2.790,-23.639,0.243,0.243,0.243,0.243
1.129,3.247,-23.644,0.220,0.220,0.237,0.237
1.134,3.557,-23.661,0.244,0.244,0.238,0.238
1.138,3.639,-23.675,0.220,0.220,0.224,0.224
1.138,3.606,-23.676,0.240,0.240,0.244,0.244
1.140,3.557,-23.682,0.223,0.223,0.258,0.258
1.140,3.541,-23.684,0.237,0.237,0.246,0.246
1.143,3.590,-23.692,0.217,0.217,0.247,0.247
1.143,3.427,-23.695,0.243,0.243,0.235,0.235
1.145,3.361,-23.701,0.229,0.229,0.247,0.247
1.146,3.263,-23.705,0.233,0.233,0.243,0.243
1.147,3.165,-23.709,0.235,0.235,0.243,0.243
1.147,3.100,-23.708,0.229,0.229,0.244,0.244
1.148,3.084,-23.709,0.230,0.230,0.247,0.247
1.153,3.084,-23.726,0.212,0.212,0.246,0.246
1.157,3.100,-23.738,0.233,0.233,0.227,0.227
1.159,3.296,-23.743,0.214,0.214,0.243,0.243
1.160,3.524,-23.749,0.220,0.220,0.244,0.244
1.161,3.786,-23.750,0.212,0.212,0.237,0.237
1.161,4.210,-23.753,0.227,0.227,0.235,0.235
1.164,4.504,-23.763,0.212,0.212,0.238,0.238
1.165,4.634,-23.770,0.229,0.229,0.237,0.237
1.167,4.585,-23.777,0.226,0.226,0.227,0.227
1.169,4.553,-23.787,0.240,0.240,0.241,0.241
1.170,4.553,-23.794,0.226,0.226,0.253,0.253
1.170,4.389,-23.791,0.253,0.253,0.258,0.258
1.170,4.340,-23.794,0.224,0.224,0.267,0.267
1.172,4.406,-23.802,0.250,0.250,0.261,0.261
1.175,4.553,-23.816,0.238,0.238,0.259,0.259
1.180,4.585,-23.836,0.249,0.249,0.282,0.282
1.181,4.602,-23.842,0.238,0.238,0.266,0.266
1.182,4.536,-23.847,0.250,0.250,0.256,0.256
1.184,4.373,-23.853,0.241,0.241,0.258,0.258
1.186,3.981,-23.863,0.247,0.247,0.253,0.253
1.187,3.263,-23.866,0.227,0.227,0.267,0.267
1.188,2.545,-23.871,0.250,0.250,0.258,0.258
1.190,2.284,-23.876,0.237,0.237,0.284,0.284
1.192,2.627,-23.880,0.232,0.232,0.255,0.255
1.193,3.165,-23.881,0.229,0.229,0.252,0.252
1.193,3.753,-23.882,0.233,0.233,0.255,0.255
1.194,4.243,-23.886,0.232,0.232,0.258,0.258
1.196,4.536,-23.898,0.221,0.221,0.255,0.255
1.202,4.797,-23.923,0.246,0.246,0.255,0.255
1.204,4.977,-23.934,0.218,0.218,0.255,0.255
1.205,5.091,-23.936,0.237,0.237,0.256,0.256
1.206,5.042,-23.943,0.220,0.220,0.261,0.261
1.206,5.042,-23.944,0.238,0.238,0.249,0.249
1.209,5.042,-23.957,0.220,0.220,0.249,0.249
1.210,5.026,-23.964,0.237,0.237,0.253,0.253
1.212,5.075,-23.971,0.226,0.226,0.255,0.255
1.214,5.042,-23.982,0.244,0.244,0.252,0.252
1.215,5.026,-23.989,0.221,0.221,0.261,0.261
1.214,4.846,-23.984,0.255,0.255,0.258,0.258
1.216,4.455,-23.991,0.238,0.238,0.259,0.259
1.220,4.308,-24.009,0.250,0.250,0.261,0.261
1.223,4.243,-24.025,0.233,0.233,0.240,0.240
1.226,4.112,-24.038,0.255,0.255,0.258,0.258
1.226,4.079,-24.038,0.240,0.240,0.267,0.267
1.227,4.063,-24.040,0.246,0.246,0.259,0.259
1.229,4.030,-24.046,0.243,0.243,0.261,0.261
1.230,4.063,-24.054,0.240,0.240,0.259,0.259
1.232,4.079,-24.060,0.238,0.238,0.252,0.252
1.234,4.047,-24.070,0.227,0.227,0.261,0.261
1.235,4.063,-24.073,0.237,0.237,0.240,0.240
1.235,4.063,-24.074,0.220,0.220,0.237,0.237
1.236,4.079,-24.075,0.220,0.220,0.220,0.220
1.238,4.243,-24.084,0.215,0.215,0.208,0.208
1.239,4.471,-24.089,0.224,0.224,0.195,0.195
1.245,4.406,-24.116,0.214,0.214,0.206,0.206
1.247,4.177,-24.123,0.218,0.218,0.175,0.175
1.249,4.063,-24.132,0.206,0.206,0.200,0.200
1.248,4.014,-24.131,0.230,0.230,0.204,0.204
1.250,3.867,-24.137,0.212,0.212,0.198,0.198
1.252,3.655,-24.143,0.229,0.229,0.197,0.197
1.253,3.394,-24.149,0.224,0.224,0.195,0.195
1.256,3.149,-24.156,0.238,0.238,0.200,0.200
1.256,3.051,-24.159,0.223,0.223,0.194,0.194
1.259,3.280,-24.165,0.238,0.238,0.200,0.200
1.259,3.671,-24.166,0.232,0.232,0.203,0.203
1.258,4.030,-24.162,0.233,0.233,0.200,0.200
1.260,4.308,-24.171,0.230,0.230,0.208,0.208
1.267,4.357,-24.201,0.235,0.235,0.224,0.224
1.268,4.357,-24.208,0.232,0.232,0.209,0.209
1.271,4.455,-24.218,0.227,0.227,0.206,0.206
1.271,4.536,-24.221,0.226,0.226,0.215,0.215
1.272,4.569,-24.225,0.230,0.230,0.212,0.212
1.274,4.569,-24.234,0.238,0.238,0.218,0.218
1.276,4.569,-24.241,0.221,0.221,0.221,0.221
1.277,4.569,-24.245,0.243,0.243,0.215,0.215
1.278,4.553,-24.254,0.223,0.223,0.230,0.230
1.281,4.373,-24.265,0.238,0.238,0.224,0.224
1.280,4.145,-24.262,0.217,0.217,0.223,0.223
1.281,4.047,-24.263,0.241,0.241,0.224,0.224
1.282,3.998,-24.268,0.221,0.221,0.229,0.229
1.286,4.079,-24.286,0.235,0.235,0.233,0.233
1.290,4.079,-24.303,0.215,0.215,0.233,0.233
1.293,4.096,-24.312,0.233,0.233,0.237,0.237
1.292,4.243,-24.311,0.223,0.223,0.246,0.246
1.294,4.471,-24.318,0.227,0.227,0.247,0.247
1.296,4.585,-24.327,0.230,0.230,0.250,0.250
1.297,4.602,-24.330,0.235,0.235,0.235,0.235
1.299,4.748,-24.341,0.227,0.227,0.258,0.258
1.301,5.156,-24.350,0.237,0.237,0.264,0.264
1.302,5.662,-24.357,0.232,0.232,0.264,0.264
1.302,5.826,-24.357,0.238,0.238,0.264,0.264
1.303,5.875,-24.362,0.238,0.238,0.279,0.279
1.304,5.989,-24.369,0.241,0.241,0.270,0.270
1.308,6.054,-24.392,0.250,0.250,0.285,0.285
1.312,6.038,-24.419,0.233,0.233,0.279,0.279
1.313,5.907,-24.420,0.255,0.255,0.276,0.276
1.315,5.613,-24.436,0.238,0.238,0.270,0.270
1.317,5.532,-24.443,0.246,0.246,0.281,0.281
1.317,5.516,-24.443,0.232,0.232,0.273,0.273
1.319,5.532,-24.456,0.247,0.247,0.270,0.270
1.320,5.516,-24.461,0.224,0.224,0.310,0.310
1.322,5.369,-24.470,0.246,0.246,0.272,0.272
1.324,4.977,-24.483,0.224,0.224,0.266,0.266
1.325,4.602,-24.489,0.240,0.240,0.264,0.264
1.324,4.536,-24.484,0.223,0.223,0.270,0.270
1.324,4.536,-24.485,0.250,0.250,0.264,0.264
1.329,4.569,-24.505,0.224,0.224,0.261,0.261
1.333,4.373,-24.524,0.252,0.252,0.262,0.262
1.335,3.965,-24.534,0.223,0.223,0.252,0.252
1.337,3.459,-24.541,0.244,0.244,0.253,0.253
1.337,3.263,-24.540,0.230,0.230,0.259,0.259
1.339,3.263,-24.546,0.232,0.232,0.253,0.253
1.340,2.970,-24.550,0.235,0.235,0.258,0.258
1.341,2.545,-24.553,0.227,0.227,0.253,0.253
1.344,2.137,-24.559,0.229,0.229,0.255,0.255
1.346,1.860,-24.563,0.223,0.223,0.252,0.252
1.346,1.664,-24.564,0.241,0.241,0.258,0.258
1.346,1.599,-24.563,0.226,0.226,0.255,0.255
1.348,1.566,-24.567,0.230,0.230,0.255,0.255
1.348,1.599,-24.566,0.218,0.218,0.258,0.258
1.355,1.452,-24.577,0.240,0.240,0.256,0.256
1.357,1.174,-24.580,0.221,0.221,0.247,0.247
1.359,0.930,-24.582,0.241,0.241,0.246,0.246
1.358,0.685,-24.582,0.224,0.224,0.249,0.249
1.361,0.587,-24.583,0.243,0.243,0.249,0.249
1.361,0.620,-24.583,0.217,0.217,0.252,0.252
1.364,0.620,-24.585,0.249,0.249,0.247,0.247
1.366,0.668,-24.586,0.223,0.223,0.246,0.246
1.367,0.832,-24.587,0.237,0.237,0.240,0.240
1.369,1.044,-24.589,0.224,0.224,0.246,0.246
1.369,1.125,-24.589,0.237,0.237,0.243,0.243
1.369,1.174,-24.588,0.209,0.209,0.227,0.227
1.372,1.109,-24.592,0.214,0.214,0.220,0.220
1.375,1.125,-24.596,0.212,0.212,0.218,0.218
1.378,1.240,-24.599,0.214,0.214,0.223,0.223
1.381,1.533,-24.603,0.218,0.218,0.221,0.221
1.382,1.648,-24.605,0.204,0.204,0.227,0.227
1.382,1.860,-24.605,0.221,0.221,0.226,0.226
1.383,2.056,-24.608,0.206,0.206,0.224,0.224
1.385,2.154,-24.612,0.218,0.218,0.230,0.230
1.387,2.154,-24.615,0.214,0.214,0.230,0.230
1.389,2.088,-24.619,0.227,0.227,0.229,0.229
1.391,1.958,-24.624,0.212,0.212,0.221,0.221
1.392,1.501,-24.625,0.221,0.221,0.227,0.227
1.391,1.011,-24.625,0.214,0.214,0.229,0.229
1.391,0.652,-24.624,0.230,0.230,0.233,0.233
1.397,0.554,-24.628,0.217,0.217,0.232,0.232
1.398,0.587,-24.629,0.233,0.233,0.255,0.255
1.402,0.636,-24.631,0.224,0.224,0.241,0.241
1.403,0.636,-24.631,0.230,0.230,0.237,0.237
1.404,0.652,-24.632,0.214,0.214,0.240,0.240
1.406,0.668,-24.633,0.237,0.237,0.232,0.232
1.407,0.815,-24.634,0.224,0.224,0.240,0.240
1.408,1.223,-24.636,0.233,0.233,0.235,0.235
1.411,1.729,-24.639,0.217,0.217,0.238,0.238
1.412,2.284,-24.642,0.233,0.233,0.246,0.246
1.413,2.806,-24.645,0.218,0.218,0.269,0.269
1.412,3.247,-24.640,0.212,0.212,0.291,0.291
1.412,3.541,-24.642,0.224,0.224,0.328,0.328
1.417,3.671,-24.659,0.215,0.215,0.345,0.345
1.422,3.622,-24.678,0.223,0.223,0.382,0.382
1.424,3.606,-24.684,0.203,0.203,0.385,0.385
1.426,3.394,-24.691,0.223,0.223,0.356,0.356
1.426,3.019,-24.690,0.204,0.204,0.353,0.353
1.427,2.660,-24.694,0.218,0.218,0.343,0.343
1.429,2.186,-24.699,0.209,0.209,0.330,0.330
1.430,1.762,-24.701,0.223,0.223,0.328,0.328
1.432,1.533,-24.704,0.206,0.206,0.307,0.307
1.434,1.387,-24.708,0.230,0.230,0.305,0.305
1.435,1.028,-24.708,0.218,0.218,0.308,0.308
1.436,0.717,-24.709,0.244,0.244,0.311,0.311
1.436,0.587,-24.709,0.227,0.227,0.314,0.314
1.436,0.358,-24.709,0.253,0.253,0.314,0.314
1.438,-0.425,-24.709,0.237,0.237,0.298,0.298
1.443,-1.502,-24.705,0.246,0.246,0.313,0.313
1.446,-2.449,-24.697,0.241,0.241,0.330,0.330
1.449,-3.248,-24.690,0.246,0.246,0.314,0.314
1.448,-4.276,-24.692,0.237,0.237,0.311,0.311
1.450,-5.647,-24.684,0.240,0.240,0.325,0.325
1.451,-7.165,-24.678,0.233,0.233,0.319,0.319
1.453,-8.683,-24.663,0.230,0.230,0.307,0.307
1.455,-10.005,-24.643,0.229,0.229,0.301,0.301
1.456,-11.261,-24.628,0.238,0.238,0.298,0.298
1.457,-12.600,-24.615,0.232,0.232,0.293,0.293
1.457,-14.052,-24.618,0.226,0.226,0.290,0.290
1.457,-15.766,-24.622,0.230,0.230,0.291,0.291
1.458,-17.659,-24.605,0.221,0.221,0.285,0.285
1.462,-19.470,-24.527,0.230,0.230,0.291,0.291
1.468,-20.907,-24.412,0.218,0.218,0.281,0.281
1.469,-21.918,-24.385,0.237,0.237,0.275,0.275
1.469,-23.044,-24.376,0.221,0.221,0.279,0.279
1.470,-24.546,-24.360,0.223,0.223,0.276,0.276
1.472,-26.064,-24.316,0.217,0.217,0.259,0.259
1.473,-27.124,-24.290,0.246,0.246,0.272,0.272
1.475,-27.532,-24.236,0.224,0.224,0.267,0.267
1.476,-27.908,-24.211,0.243,0.243,0.269,0.269
1.478,-28.626,-24.154,0.224,0.224,0.270,0.270
1.477,-29.768,-24.176,0.250,0.250,0.276,0.276
1.477,-31.041,-24.178,0.224,0.224,0.266,0.266
1.479,-31.792,-24.126,0.249,0.249,0.262,0.262
1.483,-32.004,-23.978,0.237,0.237,0.269,0.269
1.487,-32.298,-23.843,0.253,0.253,0.266,0.266
1.488,-33.000,-23.816,0.226,0.226,0.270,0.270
1.490,-34.207,-23.771,0.252,0.252,0.264,0.264
1.489,-35.333,-23.787,0.237,0.237,0.264,0.264
1.491,-35.823,-23.709,0.244,0.244,0.261,0.261
1.492,-35.741,-23.668,0.255,0.255,0.266,0.266
1.495,-35.399,-23.576,0.247,0.247,0.261,0.261
1.496,-35.448,-23.542,0.235,0.235,0.261,0.261
1.498,-36.182,-23.479,0.211,0.211,0.249,0.249
1.498,-37.341,-23.467,0.221,0.221,0.258,0.258
1.497,-38.238,-23.501,0.208,0.208,0.229,0.229
1.499,-38.418,-23.432,0.227,0.227,0.233,0.233
1.502,-38.320,-23.324,0.209,0.209,0.240,0.240
1.506,-38.222,-23.156,0.221,0.221,0.240,0.240
1.508,-38.238,-23.079,0.200,0.200,0.238,0.238
1.510,-38.222,-22.995,0.220,0.220,0.256,0.256
1.510,-38.075,-23.005,0.212,0.212,0.238,0.238
1.510,-37.635,-23.016,0.244,0.244,0.232,0.232
1.512,-36.949,-22.950,0.226,0.226,0.243,0.243
1.514,-36.198,-22.853,0.233,0.233,0.240,0.240
1.514,-35.611,-22.847,0.215,0.215,0.246,0.246
1.517,-35.480,-22.760,0.227,0.227,0.244,0.244
1.517,-35.611,-22.740,0.215,0.215,0.258,0.258
1.517,-35.790,-22.753,0.237,0.237,0.246,0.246
1.517,-35.807,-22.758,0.235,0.235,0.264,0.264
1.518,-35.823,-22.718,0.229,0.229,0.250,0.250
1.525,-35.970,-22.482,0.218,0.218,0.255,0.255
1.527,-36.182,-22.399,0.226,0.226,0.249,0.249
1.528,-36.117,-22.374,0.221,0.221,0.261,0.261
1.528,-35.872,-22.357,0.229,0.229,0.227,0.227
1.529,-35.774,-22.327,0.232,0.232,0.252,0.252
1.531,-35.905,-22.268,0.224,0.224,0.270,0.270
1.532,-35.986,-22.222,0.226,0.226,0.255,0.255
1.534,-35.692,-22.148,0.200,0.200,0.258,0.258
1.535,-35.399,-22.095,0.226,0.226,0.237,0.237
1.535,-35.268,-22.092,0.218,0.218,0.255,0.255
1.536,-35.448,-22.086,0.238,0.238,0.258,0.258
1.535,-35.856,-22.107,0.218,0.218,0.256,0.256
1.539,-36.052,-21.979,0.223,0.223,0.255,0.255
1.541,-35.921,-21.907,0.209,0.209,0.256,0.256
1.545,-35.595,-21.736,0.227,0.227,0.250,0.250
1.546,-35.333,-21.714,0.211,0.211,0.266,0.266
1.546,-35.252,-21.704,0.237,0.237,0.250,0.250
1.548,-35.480,-21.644,0.218,0.218,0.249,0.249
1.549,-35.872,-21.621,0.230,0.230,0.255,0.255
1.549,-36.019,-21.600,0.209,0.209,0.258,0.258
1.551,-35.546,-21.521,0.227,0.227,0.258,0.258
1.553,-34.615,-21.469,0.218,0.218,0.258,0.258
1.554,-33.881,-21.431,0.243,0.243,0.278,0.278
1.555,-33.669,-21.403,0.243,0.243,0.264,0.264
1.555,-34.142,-21.397,0.238,0.238,0.275,0.275
1.554,-34.974,-21.427,0.247,0.247,0.279,0.279
1.559,-35.676,-21.273,0.235,0.235,0.284,0.284
1.561,-35.888,-21.174,0.241,0.241,0.281,0.281
1.563,-35.839,-21.100,0.235,0.235,0.278,0.278
1.565,-35.937,-21.035,0.246,0.246,0.276,0.276
1.565,-36.362,-21.049,0.224,0.224,0.270,0.270
1.565,-37.080,-21.032,0.233,0.233,0.275,0.275
1.568,-38.173,-20.942,0.221,0.221,0.270,0.270
1.569,-39.462,-20.900,0.235,0.235,0.275,0.275
1.570,-40.180,-20.858,0.221,0.221,0.272,0.272
1.572,-40.034,-20.779,0.238,0.238,0.264,0.264
1.573,-39.462,-20.732,0.217,0.217,0.246,0.246
1.572,-39.152,-20.779,0.237,0.237,0.262,0.262
1.573,-39.299,-20.745,0.214,0.214,0.270,0.270
1.574,-39.789,-20.696,0.237,0.237,0.258,0.258
1.579,-40.148,-20.483,0.221,0.221,0.258,0.258
1.581,-40.083,-20.391,0.240,0.240,0.261,0.261
1.582,-39.675,-20.356,0.220,0.220,0.264,0.264
1.582,-39.071,-20.372,0.235,0.235,0.246,0.246
1.584,-38.777,-20.296,0.218,0.218,0.259,0.259
1.585,-38.826,-20.260,0.240,0.240,0.269,0.269
1.585,-39.283,-20.237,0.230,0.230,0.259,0.259
1.587,-39.854,-20.185,0.243,0.243,0.256,0.256
1.589,-40.376,-20.091,0.230,0.230,0.253,0.253
1.590,-40.735,-20.071,0.237,0.237,0.261,0.261
1.588,-40.768,-20.137,0.227,0.227,0.264,0.264
1.588,-40.735,-20.143,0.221,0.221,0.259,0.259
1.590,-40.915,-20.051,0.230,0.230,0.262,0.262
1.596,-41.666,-19.810,0.237,0.237,0.259,0.259
1.597,-42.628,-19.746,0.244,0.244,0.261,0.261
1.598,-43.200,-19.726,0.221,0.221,0.247,0.247
1.599,-43.134,-19.671,0.243,0.243,0.266,0.266
1.600,-42.808,-19.630,0.223,0.223,0.270,0.270
1.601,-42.628,-19.604,0.244,0.244,0.264,0.264
1.601,-42.645,-19.575,0.224,0.224,0.256,0.256
1.604,-42.824,-19.478,0.246,0.246,0.258,0.258
1.604,-43.085,-19.443,0.224,0.224,0.256,0.256
1.606,-43.036,-19.354,0.230,0.230,0.249,0.249
1.606,-42.792,-19.391,0.206,0.206,0.253,0.253
1.605,-42.465,-19.427,0.227,0.227,0.238,0.238
1.605,-42.286,-19.408,0.203,0.203,0.243,0.243
1.608,-42.139,-19.309,0.221,0.221,0.240,0.240
1.613,-42.008,-19.093,0.218,0.218,0.246,0.246
1.614,-41.780,-19.030,0.221,0.221,0.244,0.244
1.616,-41.682,-18.958,0.215,0.215,0.255,0.255
1.616,-41.470,-18.939,0.211,0.211,0.240,0.240
1.617,-41.094,-18.932,0.221,0.221,0.255,0.255
1.618,-40.784,-18.878,0.214,0.214,0.256,0.256
1.619,-40.637,-18.822,0.220,0.220,0.249,0.249
1.621,-40.654,-18.760,0.209,0.209,0.247,0.247
1.622,-40.703,-18.704,0.227,0.227,0.247,0.247
1.623,-40.735,-18.687,0.209,0.209,0.229,0.229
1.622,-40.899,-18.719,0.218,0.218,0.252,0.252
1.621,-41.307,-18.751,0.220,0.220,0.267,0.267
1.625,-41.812,-18.600,0.232,0.232,0.256,0.256
1.628,-42.384,-18.455,0.218,0.218,0.261,0.261
1.631,-42.857,-18.340,0.233,0.233,0.249,0.249
1.631,-43.151,-18.323,0.221,0.221,0.261,0.261
1.631,-43.036,-18.327,0.235,0.235,0.244,0.244
1.632,-42.612,-18.287,0.215,0.215,0.258,0.258
1.633,-42.074,-18.237,0.235,0.235,0.262,0.262
1.635,-41.535,-18.150,0.218,0.218,0.266,0.266
1.636,-41.045,-18.133,0.229,0.229,0.261,0.261
1.637,-40.523,-18.066,0.218,0.218,0.270,0.270
1.637,-39.919,-18.074,0.233,0.233,0.256,0.256
1.636,-39.136,-18.118,0.218,0.218,0.255,0.255
1.635,-38.532,-18.158,0.227,0.227,0.258,0.258
1.640,-38.206,-17.968,0.223,0.223,0.264,0.264
1.644,-38.157,-17.828,0.221,0.221,0.261,0.261
1.646,-38.026,-17.752,0.220,0.220,0.259,0.259
1.646,-37.732,-17.721,0.215,0.215,0.267,0.267
1.646,-37.700,-17.719,0.215,0.215,0.256,0.256
1.646,-38.402,-17.726,0.206,0.206,0.258,0.258
1.648,-39.250,-17.664,0.211,0.211,0.259,0.259
1.648,-39.789,-17.659,0.212,0.212,0.261,0.261
1.649,-40.017,-17.611,0.230,0.230,0.256,0.256
1.652,-40.197,-17.495,0.211,0.211,0.262,0.262
1.652,-40.246,-17.482,0.237,0.237,0.267,0.267
1.652,-40.425,-17.481,0.224,0.224,0.272,0.272
1.650,-40.784,-17.566,0.238,0.238,0.282,0.282
1.651,-41.160,-17.525,0.227,0.227,0.278,0.278
1.658,-41.307,-17.272,0.250,0.250,0.279,0.279
1.659,-41.078,-17.225,0.235,0.235,0.284,0.284
1.661,-40.801,-17.130,0.244,0.244,0.279,0.279
1.660,-40.491,-17.173,0.229,0.229,0.258,0.258
1.660,-40.262,-17.159,0.243,0.243,0.281,0.281
1.663,-40.360,-17.066,0.230,0.230,0.287,0.287
1.663,-40.605,-17.053,0.256,0.256,0.273,0.273
1.665,-40.915,-16.977,0.240,0.240,0.279,0.279
1.665,-41.339,-16.958,0.240,0.240,0.269,0.269
1.667,-41.878,-16.899,0.217,0.217,0.276,0.276
1.667,-42.335,-16.882,0.230,0.230,0.250,0.250
1.666,-42.677,-16.910,0.224,0.224,0.278,0.278
1.666,-42.759,-16.929,0.230,0.230,0.278,0.278
1.667,-43.085,-16.889,0.238,0.238,0.266,0.266
1.672,-43.869,-16.648,0.229,0.229,0.259,0.259
1.675,-44.848,-16.533,0.221,0.221,0.266,0.266
1.674,-45.550,-16.584,0.226,0.226,0.264,0.264
1.675,-45.762,-16.553,0.227,0.227,0.253,0.253
1.676,-45.680,-16.509,0.224,0.224,0.266,0.266
1.676,-45.599,-16.471,0.229,0.229,0.281,0.281
1.678,-45.795,-16.394,0.224,0.224,0.264,0.264
1.679,-45.990,-16.366,0.227,0.227,0.264,0.264
1.680,-46.154,-16.317,0.212,0.212,0.262,0.262
1.680,-45.974,-16.325,0.230,0.230,0.261,0.261
1.679,-45.517,-16.361,0.218,0.218,0.259,0.259
1.678,-44.995,-16.373,0.243,0.243,0.266,0.266
1.683,-44.815,-16.184,0.221,0.221,0.272,0.272
1.686,-45.142,-16.028,0.243,0.243,0.269,0.269
1.687,-45.697,-15.981,0.218,0.218,0.267,0.267
1.688,-45.892,-15.943,0.235,0.235,0.252,0.252
1.688,-45.436,-15.949,0.227,0.227,0.261,0.261
1.689,-44.636,-15.915,0.249,0.249,0.269,0.269
1.689,-44.163,-15.912,0.227,0.227,0.269,0.269
1.691,-44.228,-15.831,0.246,0.246,0.269,0.269
1.691,-44.489,-15.793,0.224,0.224,0.264,0.264
1.692,-44.668,-15.756,0.241,0.241,0.261,0.261
1.694,-44.505,-15.698,0.223,0.223,0.244,0.244
1.693,-44.244,-15.728,0.241,0.241,0.256,0.256
1.692,-44.146,-15.745,0.209,0.209,0.243,0.243
1.695,-44.326,-15.643,0.220,0.220,0.241,0.241
1.697,-44.734,-15.552,0.197,0.197,0.246,0.246
1.700,-45.272,-15.414,0.218,0.218,0.243,0.243
1.701,-45.811,-15.350,0.217,0.217,0.243,0.243
1.701,-46.105,-15.355,0.220,0.220,0.259,0.259
1.702,-46.203,-15.312,0.217,0.217,0.249,0.249
1.702,-46.154,-15.329,0.220,0.220,0.241,0.241
1.703,-46.284,-15.255,0.215,0.215,0.256,0.256
1.704,-46.676,-15.218,0.215,0.215,0.244,0.244
1.705,-47.198,-15.162,0.230,0.230,0.256,0.256
1.707,-47.524,-15.088,0.218,0.218,0.250,0.250
1.706,-47.443,-15.134,0.226,0.226,0.269,0.269
1.706,-47.019,-15.123,0.212,0.212,0.256,0.256
1.706,-46.447,-15.120,0.220,0.220,0.258,0.258
1.708,-45.925,-15.016,0.211,0.211,0.258,0.258
1.713,-45.452,-14.825,0.227,0.227,0.259,0.259
1.714,-45.158,-14.784,0.221,0.221,0.264,0.264
1.712,-45.076,-14.835,0.241,0.241,0.264,0.264
1.714,-44.750,-14.771,0.204,0.204,0.238,0.238
1.715,-44.326,-14.719,0.237,0.237,0.258,0.258
1.716,-44.130,-14.687,0.209,0.209,0.267,0.267
1.716,-44.277,-14.661,0.233,0.233,0.262,0.262
1.718,-44.734,-14.593,0.217,0.217,0.264,0.264
1.717,-45.240,-14.647,0.250,0.250,0.262,0.262
1.716,-45.452,-14.684,0.214,0.214,0.262,0.262
1.716,-45.305,-14.684,0.226,0.226,0.252,0.252
1.720,-45.142,-14.495,0.217,0.217,0.262,0.262
1.723,-45.109,-14.352,0.230,0.230,0.259,0.259
1.724,-45.305,-14.323,0.218,0.218,0.262,0.262
1.724,-45.697,-14.326,0.235,0.235,0.255,0.255
1.724,-46.105,-14.308,0.220,0.220,0.249,0.249
1.724,-46.349,-14.305,0.224,0.224,0.258,0.258
1.726,-46.382,-14.229,0.200,0.200,0.266,0.266
1.727,-46.219,-14.191,0.224,0.224,0.253,0.253
1.728,-45.941,-14.153,0.218,0.218,0.255,0.255
1.729,-45.631,-14.072,0.233,0.233,0.258,0.258
1.731,-45.419,-14.017,0.229,0.229,0.261,0.261
1.729,-45.207,-14.090,0.237,0.237,0.252,0.252
1.727,-45.305,-14.174,0.233,0.233,0.273,0.273
1.728,-45.713,-14.146,0.227,0.227,0.278,0.278
1.730,-46.252,-14.019,0.238,0.238,0.282,0.282
1.736,-46.611,-13.773,0.238,0.238,0.290,0.290
1.737,-46.431,-13.714,0.240,0.240,0.282,0.282
1.737,-46.203,-13.712,0.240,0.240,0.273,0.273
1.736,-45.892,-13.749,0.244,0.244,0.282,0.282
1.737,-45.484,-13.695,0.217,0.217,0.279,0.279
1.737,-44.946,-13.711,0.249,0.249,0.276,0.276
1.739,-44.734,-13.640,0.223,0.223,0.278,0.278
1.739,-44.571,-13.612,0.230,0.230,0.284,0.284
1.741,-44.603,-13.554,0.226,0.226,0.267,0.267
1.740,-44.864,-13.570,0.230,0.230,0.267,0.267
1.739,-45.028,-13.622,0.211,0.211,0.284,0.284
1.739,-45.174,-13.610,0.226,0.226,0.267,0.267
1.743,-44.979,-13.451,0.218,0.218,0.267,0.267
1.746,-44.717,-13.297,0.241,0.241,0.266,0.266
1.746,-44.391,-13.312,0.224,0.224,0.262,0.262
1.748,-44.016,-13.224,0.233,0.233,0.261,0.261
1.746,-43.706,-13.306,0.221,0.221,0.259,0.259
1.748,-43.444,-13.242,0.230,0.230,0.290,0.290
1.748,-43.412,-13.228,0.215,0.215,0.266,0.266
1.749,-43.722,-13.186,0.237,0.237,0.250,0.250
1.750,-44.065,-13.133,0.224,0.224,0.261,0.261
1.751,-44.195,-13.085,0.240,0.240,0.264,0.264
1.749,-43.999,-13.182,0.229,0.229,0.264,0.264
1.748,-43.396,-13.242,0.238,0.238,0.261,0.261
1.750,-42.465,-13.119,0.221,0.221,0.279,0.279
1.754,-41.584,-12.955,0.249,0.249,0.261,0.261
1.755,-40.996,-12.927,0.227,0.227,0.262,0.262
1.756,-40.866,-12.871,0.240,0.240,0.262,0.262
1.756,-40.899,-12.889,0.221,0.221,0.272,0.272
1.756,-40.833,-12.901,0.243,0.243,0.267,0.267
1.756,-40.719,-12.877,0.226,0.226,0.270,0.270
1.757,-40.686,-12.828,0.233,0.233,0.273,0.273
1.758,-40.507,-12.786,0.243,0.243,0.272,0.272
1.760,-40.360,-12.735,0.229,0.229,0.267,0.267
1.760,-40.180,-12.714,0.233,0.233,0.264,0.264
1.759,-40.229,-12.774,0.215,0.215,0.264,0.264
1.758,-40.034,-12.806,0.226,0.226,0.264,0.264
1.759,-39.805,-12.777,0.211,0.211,0.258,0.258
1.763,-39.495,-12.601,0.211,0.211,0.220,0.220
1.765,-39.087,-12.509,0.206,0.206,0.244,0.244
1.766,-38.451,-12.472,0.215,0.215,0.252,0.252
1.766,-38.222,-12.484,0.198,0.198,0.246,0.246
1.766,-38.483,-12.485,0.214,0.214,0.240,0.240
1.767,-38.695,-12.449,0.209,0.209,0.237,0.237
1.766,-38.418,-12.486,0.223,0.223,0.247,0.247
1.768,-37.928,-12.413,0.204,0.204,0.241,0.241
1.768,-37.553,-12.398,0.227,0.227,0.252,0.252
1.769,-37.455,-12.374,0.209,0.209,0.244,0.244
1.770,-37.847,-12.351,0.227,0.227,0.247,0.247
1.770,-38.532,-12.350,0.211,0.211,0.253,0.253
1.766,-39.136,-12.479,0.238,0.238,0.278,0.278
1.769,-39.136,-12.384,0.221,0.221,0.259,0.259
1.774,-38.712,-12.188,0.238,0.238,0.252,0.252
1.775,-38.140,-12.159,0.215,0.215,0.255,0.255
1.775,-37.928,-12.136,0.240,0.240,0.255,0.255
1.776,-38.075,-12.091,0.221,0.221,0.259,0.259
1.775,-38.255,-12.132,0.227,0.227,0.262,0.262
1.775,-38.287,-12.125,0.230,0.230,0.255,0.255
1.777,-38.271,-12.073,0.227,0.227,0.264,0.264
1.777,-38.059,-12.077,0.220,0.220,0.273,0.273
1.778,-37.684,-12.015,0.226,0.226,0.264,0.264
1.779,-37.324,-11.996,0.223,0.223,0.264,0.264
1.777,-37.210,-12.056,0.227,0.227,0.258,0.258
1.775,-37.227,-12.137,0.224,0.224,0.262,0.262
1.778,-37.259,-12.032,0.220,0.220,0.261,0.261
1.782,-37.292,-11.893,0.223,0.223,0.266,0.266
1.783,-37.488,-11.829,0.212,0.212,0.264,0.264
1.783,-37.651,-11.842,0.227,0.227,0.262,0.262
1.784,-37.781,-11.817,0.211,0.211,0.255,0.255
1.784,-37.749,-11.812,0.230,0.230,0.244,0.244
1.783,-37.569,-11.847,0.206,0.206,0.258,0.258
1.785,-37.161,-11.783,0.229,0.229,0.266,0.266
1.785,-36.655,-11.781,0.214,0.214,0.256,0.256
1.786,-36.100,-11.736,0.230,0.230,0.258,0.258
1.786,-35.611,-11.722,0.230,0.230,0.261,0.261
1.785,-35.333,-11.781,0.249,0.249,0.264,0.264
1.784,-35.072,-11.798,0.230,0.230,0.279,0.279
1.784,-35.040,-11.793,0.261,0.261,0.267,0.267
1.788,-35.007,-11.646,0.244,0.244,0.273,0.273
1.791,-34.893,-11.556,0.264,0.264,0.281,0.281
1.791,-34.762,-11.547,0.246,0.246,0.285,0.285
1.792,-34.648,-11.512,0.281,0.281,0.284,0.284
1.791,-34.566,-11.542,0.255,0.255,0.281,0.281
1.791,-34.893,-11.544,0.282,0.282,0.258,0.258
1.792,-35.399,-11.533,0.255,0.255,0.276,0.276
1.792,-35.937,-11.509,0.273,0.273,0.284,0.284
1.794,-36.443,-11.432,0.246,0.246,0.273,0.273
1.794,-36.753,-11.463,0.287,0.287,0.275,0.275
1.794,-36.835,-11.432,0.255,0.255,0.273,0.273
1.792,-36.965,-11.508,0.278,0.278,0.267,0.267
1.792,-36.982,-11.508,0.264,0.264,0.255,0.255
1.793,-36.688,-11.479,0.279,0.279,0.262,0.262
1.797,-36.149,-11.324,0.264,0.264,0.264,0.264
1.798,-35.627,-11.291,0.279,0.279,0.259,0.259
1.799,-35.284,-11.254,0.275,0.275,0.261,0.261
1.798,-35.056,-11.301,0.285,0.285,0.253,0.253
1.799,-34.860,-11.272,0.270,0.270,0.259,0.259
1.799,-34.811,-11.283,0.285,0.285,0.258,0.258
1.800,-34.795,-11.226,0.278,0.278,0.253,0.253
1.800,-34.779,-11.248,0.285,0.285,0.253,0.253
1.800,-34.828,-11.229,0.291,0.291,0.250,0.250
1.802,-34.974,-11.169,0.316,0.316,0.250,0.250
1.799,-35.040,-11.261,0.327,0.327,0.275,0.275
1.800,-35.105,-11.240,0.322,0.322,0.252,0.252
1.799,-35.219,-11.258,0.340,0.340,0.247,0.247
1.806,-35.317,-11.033,0.336,0.336,0.253,0.253
1.804,-35.317,-11.078,0.339,0.339,0.253,0.253
1.805,-35.284,-11.071,0.334,0.334,0.252,0.252
1.805,-35.138,-11.054,0.349,0.349,0.253,0.253
1.805,-34.697,-11.065,0.345,0.345,0.276,0.276
1.806,-34.207,-11.032,0.368,0.368,0.264,0.264
1.806,-33.848,-11.027,0.371,0.371,0.252,0.252
1.806,-33.555,-11.010,0.414,0.414,0.261,0.261
1.806,-33.212,-11.005,0.410,0.410,0.256,0.256
1.807,-32.885,-10.984,0.456,0.456,0.252,0.252
1.804,-32.788,-11.088,0.452,0.452,0.252,0.252
1.806,-32.804,-11.029,0.478,0.478,0.261,0.261
1.807,-32.804,-11.003,0.462,0.462,0.247,0.247
1.811,-32.836,-10.852,0.481,0.481,0.240,0.240
1.811,-32.836,-10.867,0.453,0.453,0.227,0.227
1.812,-32.820,-10.830,0.464,0.464,0.229,0.229
1.811,-32.853,-10.841,0.439,0.439,0.230,0.230
1.811,-32.820,-10.866,0.447,0.447,0.235,0.235
1.812,-32.820,-10.836,0.420,0.420,0.226,0.226
1.811,-32.836,-10.844,0.418,0.418,0.230,0.230
1.813,-33.016,-10.790,0.403,0.403,0.244,0.244
1.812,-33.391,-10.823,0.385,0.385,0.241,0.241
1.814,-33.604,-10.758,0.363,0.363,0.226,0.226
1.813,-33.636,-10.805,0.345,0.345,0.233,0.233
1.811,-33.767,-10.859,0.328,0.328,0.233,0.233
1.811,-33.783,-10.851,0.314,0.314,0.224,0.224
1.815,-33.832,-10.740,0.287,0.287,0.240,0.240
1.817,-33.816,-10.644,0.272,0.272,0.253,0.253
1.817,-33.799,-10.667,0.252,0.252,0.246,0.246
1.817,-33.816,-10.664,0.215,0.215,0.252,0.252
1.816,-33.799,-10.674,0.206,0.206,0.249,0.249
1.816,-33.832,-10.675,0.174,0.174,0.255,0.255
1.818,-33.783,-10.639,0.166,0.166,0.227,0.227
1.817,-33.816,-10.659,0.124,0.124,0.261,0.261
1.818,-33.799,-10.630,0.136,0.136,0.270,0.270
1.818,-33.816,-10.610,0.093,0.093,0.261,0.261
1.817,-33.783,-10.647,0.096,0.096,0.264,0.264
1.818,-33.620,-10.630,0.064,0.064,0.258,0.258
1.817,-33.244,-10.659,0.075,0.075,0.262,0.262
1.819,-32.690,-10.580,0.053,0.053,0.258,0.258
1.822,-32.184,-10.507,0.066,0.066,0.261,0.261
1.821,-31.661,-10.530,0.061,0.061,0.267,0.267
1.821,-31.335,-10.540,0.070,0.070,0.262,0.262
1.821,-31.074,-10.511,0.047,0.047,0.261,0.261
1.821,-30.911,-10.515,0.063,0.063,0.244,0.244
1.822,-30.813,-10.487,0.047,0.047,0.264,0.264
1.823,-30.829,-10.473,0.055,0.055,0.269,0.269
1.822,-30.829,-10.488,0.032,0.032,0.262,0.262
1.823,-30.845,-10.450,0.049,0.049,0.261,0.261
1.822,-30.845,-10.506,0.035,0.035,0.264,0.264
1.821,-31.025,-10.524,0.050,0.050,0.267,0.267
1.822,-31.433,-10.508,0.050,0.050,0.262,0.262
1.825,-31.792,-10.398,0.066,0.066,0.273,0.273
1.824,-32.118,-10.417,0.058,0.058,0.279,0.279
1.826,-32.298,-10.351,0.079,0.079,0.282,0.282
1.827,-32.380,-10.348,0.061,0.061,0.291,0.291
1.826,-32.526,-10.360,0.084,0.084,0.288,0.288
1.825,-32.575,-10.388,0.079,0.079,0.290,0.290
1.826,-32.249,-10.366,0.089,0.089,0.305,0.305
1.827,-31.923,-10.344,0.093,0.093,0.291,0.291
1.826,-31.580,-10.352,0.096,0.096,0.279,0.279
1.828,-31.351,-10.318,0.114,0.114,0.287,0.287
1.827,-31.270,-10.327,0.124,0.124,0.296,0.296
1.826,-31.123,-10.374,0.128,0.128,0.287,0.287
1.825,-30.764,-10.398,0.148,0.148,0.282,0.282
1.825,-30.388,-10.382,0.175,0.175,0.293,0.293
1.829,-30.127,-10.265,0.169,0.169,0.279,0.279
1.830,-29.883,-10.236,0.203,0.203,0.275,0.275
1.831,-29.654,-10.206,0.221,0.221,0.262,0.262
1.830,-29.426,-10.231,0.253,0.253,0.255,0.255
1.830,-29.360,-10.253,0.258,0.258,0.262,0.262
1.830,-29.507,-10.248,0.304,0.304,0.262,0.262
1.831,-29.801,-10.219,0.299,0.299,0.282,0.282
1.830,-29.915,-10.250,0.316,0.316,0.267,0.267
1.831,-30.078,-10.212,0.319,0.319,0.258,0.258
1.832,-30.454,-10.196,0.343,0.343,0.258,0.258
1.830,-30.748,-10.250,0.337,0.337,0.261,0.261
1.827,-30.894,-10.338,0.374,0.374,0.262,0.262
1.830,-31.025,-10.246,0.368,0.368,0.269,0.269
1.834,-31.253,-10.117,0.395,0.395,0.262,0.262
1.834,-31.335,-10.134,0.386,0.386,0.269,0.269
1.834,-31.368,-10.129,0.415,0.415,0.273,0.273
1.833,-31.319,-10.147,0.395,0.395,0.270,0.270
1.833,-31.335,-10.159,0.407,0.407,0.261,0.261
1.833,-31.286,-10.149,0.385,0.385,0.264,0.264
1.834,-31.319,-10.136,0.414,0.414,0.261,0.261
1.834,-31.286,-10.133,0.391,0.391,0.259,0.259
1.834,-31.319,-10.112,0.389,0.389,0.259,0.259
1.835,-31.319,-10.102,0.369,0.369,0.269,0.269
1.833,-31.156,-10.158,0.348,0.348,0.256,0.256
1.831,-30.911,-10.217,0.314,0.314,0.256,0.256
1.831,-30.813,-10.228,0.311,0.311,0.255,0.255
1.836,-30.780,-10.069,0.295,0.295,0.255,0.255
1.838,-30.650,-10.011,0.269,0.269,0.258,0.258
1.838,-30.437,-9.996,0.249,0.249,0.237,0.237
1.837,-30.323,-10.041,0.232,0.232,0.230,0.230
1.836,-30.323,-10.057,0.230,0.230,0.238,0.238
1.835,-30.340,-10.089,0.204,0.204,0.235,0.235
1.837,-30.340,-10.041,0.212,0.212,0.230,0.230
1.836,-30.388,-10.059,0.206,0.206,0.235,0.235
1.837,-30.160,-10.033,0.237,0.237,0.266,0.266
1.837,-29.948,-10.043,0.223,0.223,0.250,0.250
1.836,-29.817,-10.060,0.262,0.262,0.230,0.230
1.834,-29.834,-10.108,0.255,0.255,0.250,0.250
1.834,-29.834,-10.117,0.281,0.281,0.252,0.252
1.834,-29.834,-10.130,0.267,0.267,0.259,0.259
1.837,-29.834,-10.044,0.307,0.307,0.258,0.258
1.839,-29.834,-9.966,0.316,0.316,0.278,0.278
1.839,-29.687,-9.984,0.374,0.374,0.266,0.266
1.838,-29.605,-10.000,0.400,0.400,0.278,0.278
1.837,-29.736,-10.022,0.482,0.482,0.270,0.270
1.838,-29.866,-9.990,0.520,0.520,0.279,0.279
1.838,-29.866,-10.006,0.577,0.577,0.272,0.272
1.839,-29.883,-9.974,0.595,0.595,0.272,0.272
1.839,-29.866,-9.963,0.632,0.632,0.255,0.255
1.838,-29.866,-9.988,0.639,0.639,0.278,0.278
1.836,-29.834,-10.049,0.685,0.685,0.278,0.278
1.835,-29.703,-10.095,0.690,0.690,0.281,0.281
1.836,-29.442,-10.074,0.699,0.699,0.272,0.272
1.841,-29.360,-9.915,0.705,0.705,0.279,0.279
1.842,-29.507,-9.891,0.707,0.707,0.276,0.276
1.841,-29.589,-9.912,0.719,0.719,0.275,0.275
1.841,-29.475,-9.915,0.714,0.714,0.278,0.278
1.839,-29.377,-9.960,0.757,0.757,0.279,0.279
1.840,-29.181,-9.939,0.737,0.737,0.279,0.279
1.838,-28.952,-9.994,0.749,0.749,0.278,0.278
1.839,-28.854,-9.958,0.739,0.739,0.269,0.269
1.840,-28.659,-9.933,0.742,0.742,0.279,0.279
1.839,-28.479,-9.966,0.719,0.719,0.276,0.276
1.839,-28.381,-9.966,0.713,0.713,0.275,0.275
1.837,-28.365,-10.037,0.676,0.676,0.273,0.273
1.837,-28.365,-10.013,0.665,0.665,0.275,0.275
1.841,-28.218,-9.910,0.612,0.612,0.278,0.278
1.843,-27.973,-9.868,0.591,0.591,0.285,0.285
1.843,-27.843,-9.865,0.519,0.519,0.288,0.288
1.841,-27.712,-9.913,0.478,0.478,0.281,0.281
1.842,-27.500,-9.881,0.407,0.407,0.285,0.285
1.841,-27.418,-9.918,0.360,0.360,0.285,0.285
1.840,-27.402,-9.933,0.282,0.282,0.282,0.282
1.840,-27.418,-9.931,0.237,0.237,0.281,0.281
1.841,-27.402,-9.911,0.159,0.159,0.308,0.308
1.841,-27.255,-9.921,0.124,0.124,0.276,0.276
1.840,-27.027,-9.930,0.053,0.053,0.278,0.278
1.839,-26.912,-9.979,0.041,0.041,0.270,0.270
1.836,-26.896,-10.043,-0.026,0.026,0.272,0.272
1.838,-26.929,-9.990,-0.053,0.053,0.270,0.270
1.841,-26.912,-9.907,-0.099,0.099,0.276,0.276
1.843,-26.945,-9.847,-0.114,0.114,0.264,0.264
1.843,-26.929,-9.850,-0.151,0.151,0.278,0.278
1.841,-26.929,-9.901,-0.148,0.148,0.279,0.279
1.841,-26.945,-9.911,-0.166,0.166,0.272,0.272
1.841,-27.124,-9.914,-0.151,0.151,0.262,0.262
1.842,-27.337,-9.900,-0.142,0.142,0.262,0.262
1.841,-27.451,-9.917,-0.113,0.113,0.267,0.267
1.841,-27.467,-9.905,-0.098,0.098,0.243,0.243
1.842,-27.418,-9.900,-0.078,0.078,0.262,0.262
1.839,-27.402,-9.972,-0.047,0.047,0.273,0.273
1.838,-27.581,-10.006,-0.032,0.032,0.264,0.264
1.839,-27.810,-9.960,0.006,0.006,0.261,0.261
1.842,-27.908,-9.884,0.029,0.029,0.247,0.247
1.843,-27.908,-9.868,0.076,0.076,0.264,0.264
1.842,-27.924,-9.895,0.101,0.101,0.270,0.270
1.841,-28.055,-9.905,0.154,0.154,0.270,0.270
1.840,-28.300,-9.948,0.233,0.233,0.270,0.270
1.840,-28.397,-9.939,0.319,0.319,0.276,0.276
1.841,-28.446,-9.921,0.382,0.382,0.273,0.273
1.840,-28.414,-9.935,0.453,0.453,0.256,0.256
1.841,-28.381,-9.905,0.490,0.490,0.270,0.270
1.840,-28.381,-9.947,0.536,0.536,0.272,0.272
1.839,-28.381,-9.958,0.554,0.554,0.266,0.266
1.838,-28.397,-10.005,0.633,0.633,0.259,0.259
1.836,-28.414,-10.047,0.645,0.645,0.261,0.261
1.841,-28.381,-9.926,0.687,0.687,0.255,0.255
1.841,-28.218,-9.899,0.671,0.671,0.261,0.261
1.843,-27.989,-9.851,0.708,0.708,0.230,0.230
1.842,-27.843,-9.887,0.693,0.693,0.226,0.226
1.841,-27.859,-9.909,0.723,0.723,0.233,0.233
1.840,-27.892,-9.928,0.710,0.710,0.241,0.241
1.841,-27.892,-9.915,0.714,0.714,0.237,0.237
1.841,-27.892,-9.918,0.691,0.691,0.237,0.237
1.840,-27.875,-9.942,0.685,0.685,0.238,0.238
1.840,-27.875,-9.952,0.664,0.664,0.237,0.237
1.839,-27.892,-9.954,0.639,0.639,0.218,0.218
1.837,-27.875,-10.023,0.612,0.612,0.233,0.233
1.837,-27.924,-10.035,0.577,0.577,0.226,0.226
1.836,-27.859,-10.051,0.534,0.534,0.232,0.232
1.840,-27.745,-9.935,0.482,0.482,0.230,0.230
1.843,-27.663,-9.871,0.426,0.426,0.230,0.230
1.840,-27.777,-9.935,0.372,0.372,0.229,0.229
1.839,-27.859,-9.957,0.304,0.304,0.238,0.238
1.839,-27.745,-9.977,0.206,0.206,0.238,0.238
1.838,-27.500,-9.989,0.142,0.142,0.240,0.240
1.839,-27.369,-9.971,0.047,0.047,0.235,0.235
1.839,-27.369,-9.980,-0.020,0.020,0.241,0.241
1.839,-27.402,-9.955,-0.111,0.111,0.220,0.220
1.837,-27.255,-10.023,-0.145,0.145,0.243,0.243
1.835,-27.010,-10.082,-0.203,0.203,0.255,0.255
1.834,-26.733,-10.106,-0.233,0.233,0.255,0.255
1.837,-26.521,-10.037,-0.281,0.281,0.262,0.262
1.840,-26.423,-9.951,-0.288,0.288,0.252,0.252
1.840,-26.439,-9.950,-0.322,0.322,0.276,0.276
1.838,-26.260,-9.992,-0.288,0.288,0.291,0.291
1.838,-26.047,-9.987,-0.287,0.287,0.281,0.281
1.838,-25.917,-10.005,-0.215,0.215,0.279,0.279
1.837,-25.917,-10.031,-0.182,0.182,0.288,0.288
1.836,-25.949,-10.037,-0.090,0.090,0.288,0.288
1.837,-25.786,-10.027,-0.043,0.043,0.316,0.316
1.837,-25.558,-10.019,0.060,0.060,0.299,0.299
1.836,-25.444,-10.059,0.113,0.113,0.291,0.291
1.835,-25.362,-10.084,0.194,0.194,0.301,0.301
1.832,-25.460,-10.143,0.244,0.244,0.301,0.301
1.831,-25.623,-10.169,0.290,0.290,0.307,0.307
1.837,-25.705,-10.029,0.366,0.366,0.314,0.314
1.836,-25.590,-10.039,0.415,0.415,0.313,0.313
1.838,-25.525,-10.005,0.455,0.455,0.336,0.336
1.836,-25.460,-10.056,0.505,0.505,0.346,0.346
1.834,-25.492,-10.093,0.542,0.542,0.340,0.340
1.834,-25.460,-10.102,0.575,0.575,0.327,0.327
1.835,-25.460,-10.080,0.601,0.601,0.325,0.325
1.835,-25.427,-10.083,0.612,0.612,0.334,0.334
1.835,-25.411,-10.085,0.630,0.630,0.310,0.310
1.833,-25.411,-10.113,0.636,0.636,0.322,0.322
1.833,-25.427,-10.126,0.639,0.639,0.339,0.339
1.831,-25.492,-10.171,0.629,0.629,0.310,0.310
1.828,-25.427,-10.251,0.629,0.629,0.301,0.301
1.832,-25.656,-10.145,0.609,0.609,0.285,0.285
1.834,-25.852,-10.098,0.594,0.594,0.281,0.281
1.834,-25.982,-10.097,0.566,0.566,0.256,0.256
1.833,-25.982,-10.116,0.584,0.584,0.267,0.267
1.832,-25.884,-10.161,0.551,0.551,0.262,0.262
1.831,-25.949,-10.173,0.548,0.548,0.258,0.258
1.831,-25.917,-10.168,0.507,0.507,0.243,0.243
1.832,-25.949,-10.149,0.510,0.510,0.232,0.232
1.831,-25.721,-10.183,0.467,0.467,0.244,0.244
1.831,-25.541,-10.171,0.468,0.468,0.229,0.229
1.829,-25.378,-10.219,0.450,0.450,0.237,0.237
1.828,-25.248,-10.261,0.458,0.458,0.230,0.230
1.825,-25.003,-10.328,0.432,0.432,0.237,0.237
1.830,-24.725,-10.207,0.430,0.430,0.229,0.229
1.831,-24.497,-10.183,0.375,0.375,0.227,0.227
1.830,-24.432,-10.192,0.353,0.353,0.227,0.227
1.829,-24.383,-10.221,0.285,0.285,0.230,0.230
1.829,-24.301,-10.230,0.276,0.276,0.226,0.226
1.828,-24.040,-10.246,0.266,0.266,0.227,0.227
1.827,-23.926,-10.265,0.278,0.278,0.237,0.237
1.828,-23.746,-10.261,0.272,0.272,0.244,0.244
1.828,-23.730,-10.255,0.279,0.279,0.256,0.256
1.827,-23.648,-10.272,0.250,0.250,0.235,0.235
1.827,-23.387,-10.280,0.238,0.238,0.226,0.226
1.824,-23.077,-10.354,0.211,0.211,0.237,0.237
1.822,-22.914,-10.395,0.182,0.182,0.238,0.238
1.822,-22.424,-10.383,0.150,0.150,0.232,0.232
1.827,-21.918,-10.289,0.134,0.134,0.230,0.230
1.828,-21.820,-10.265,0.113,0.113,0.201,0.201
1.826,-21.576,-10.298,0.124,0.124,0.221,0.221
1.825,-21.200,-10.320,0.157,0.157,0.237,0.237
1.824,-20.972,-10.340,0.223,0.223,0.227,0.227
1.823,-20.792,-10.368,0.314,0.314,0.229,0.229
1.823,-20.776,-10.360,0.403,0.403,0.235,0.235
1.824,-20.923,-10.352,0.548,0.548,0.246,0.246
1.822,-20.858,-10.377,0.639,0.639,0.241,0.241
1.822,-20.662,-10.376,0.786,0.786,0.258,0.258
1.821,-20.694,-10.408,0.917,0.917,0.255,0.255
1.818,-20.890,-10.467,1.064,1.064,0.258,0.258
1.818,-20.874,-10.472,1.099,1.099,0.261,0.261
1.819,-20.825,-10.441,1.143,1.143,0.267,0.267
1.822,-20.776,-10.387,1.143,1.143,0.262,0.262
1.822,-20.776,-10.394,1.164,1.164,0.253,0.253
1.820,-20.743,-10.434,1.158,1.158,0.264,0.264
1.819,-20.596,-10.453,1.177,1.177,0.264,0.264
1.819,-20.352,-10.439,1.201,1.201,0.264,0.264
1.819,-20.074,-10.443,1.250,1.250,0.270,0.270
1.819,-19.976,-10.457,1.231,1.231,0.276,0.276
1.817,-19.650,-10.478,1.256,1.256,0.276,0.276
1.818,-19.372,-10.474,1.222,1.222,0.287,0.287
1.816,-19.046,-10.503,1.202,1.202,0.276,0.276
1.815,-18.491,-10.533,1.129,1.129,0.275,0.275
1.813,-17.904,-10.561,1.076,1.076,0.278,0.278
1.816,-17.430,-10.506,0.938,0.938,0.282,0.282
1.817,-17.267,-10.493,0.810,0.810,0.285,0.285
1.817,-17.447,-10.493,0.661,0.661,0.296,0.296
1.815,-17.594,-10.520,0.502,0.502,0.291,0.291
1.815,-17.594,-10.530,0.383,0.383,0.295,0.295
1.814,-17.594,-10.547,0.262,0.262,0.290,0.290
1.813,-17.610,-10.560,0.177,0.177,0.288,0.288
1.814,-17.561,-10.545,0.082,0.082,0.291,0.291
1.812,-17.561,-10.572,0.038,0.038,0.288,0.288
1.813,-17.561,-10.565,0.031,0.031,0.293,0.293
1.810,-17.740,-10.610,0.034,0.034,0.291,0.291
1.808,-18.002,-10.646,0.002,0.002,0.299,0.299
1.807,-18.067,-10.661,0.008,0.008,0.298,0.298
1.811,-17.936,-10.598,-0.046,0.046,0.308,0.308
1.810,-17.659,-10.606,-0.047,0.047,0.305,0.305
1.810,-17.365,-10.608,-0.067,0.067,0.337,0.337
1.811,-17.120,-10.593,-0.023,0.023,0.334,0.334
1.810,-17.022,-10.614,0.011,0.011,0.340,0.340
1.808,-16.843,-10.647,0.133,0.133,0.351,0.351
1.808,-16.484,-10.649,0.266,0.266,0.351,0.351
1.808,-15.945,-10.644,0.389,0.389,0.336,0.336
1.806,-15.603,-10.674,0.438,0.438,0.354,0.354
1.807,-15.325,-10.662,0.501,0.501,0.354,0.354
1.805,-14.950,-10.695,0.481,0.481,0.340,0.340
1.804,-14.476,-10.713,0.533,0.533,0.333,0.333
1.801,-13.954,-10.745,0.566,0.566,0.325,0.325
1.802,-13.660,-10.739,0.671,0.671,0.325,0.325
1.804,-13.350,-10.707,0.713,0.713,0.322,0.322
1.806,-13.171,-10.688,0.807,0.807,0.322,0.322
1.803,-13.122,-10.719,0.885,0.885,0.327,0.327
1.803,-13.269,-10.721,0.955,0.955,0.330,0.330
1.801,-13.546,-10.750,0.942,0.942,0.334,0.334
1.802,-13.677,-10.739,0.938,0.938,0.348,0.348
1.801,-13.840,-10.749,0.850,0.850,0.333,0.333
1.801,-14.036,-10.750,0.806,0.806,0.319,0.319
1.800,-14.101,-10.770,0.719,0.719,0.328,0.328
1.798,-13.954,-10.788,0.632,0.632,0.322,0.322
1.796,-13.530,-10.818,0.528,0.528,0.327,0.327
1.795,-12.959,-10.834,0.417,0.417,0.325,0.325
1.799,-12.469,-10.783,0.325,0.325,0.337,0.337
1.800,-11.963,-10.767,0.203,0.203,0.320,0.320
1.798,-11.506,-10.794,0.069,0.069,0.316,0.316
1.797,-11.033,-10.809,-0.066,0.066,0.308,0.308
1.796,-10.527,-10.816,-0.180,0.180,0.301,0.301
1.795,-10.037,-10.827,-0.310,0.310,0.290,0.290
1.795,-9.548,-10.830,-0.410,0.410,0.293,0.293
1.795,-9.238,-10.831,-0.526,0.526,0.281,0.281
1.794,-9.140,-10.839,-0.624,0.624,0.291,0.291
1.793,-9.140,-10.849,-0.722,0.722,0.287,0.287
1.791,-9.221,-10.862,-0.758,0.758,0.279,0.279
1.789,-9.385,-10.883,-0.800,0.800,0.281,0.281
1.788,-9.629,-10.892,-0.798,0.798,0.262,0.262
1.789,-9.727,-10.879,-0.885,0.885,0.282,0.282
1.792,-9.711,-10.853,-0.911,0.911,0.291,0.291
1.791,-9.532,-10.862,-0.960,0.960,0.295,0.295
1.789,-9.287,-10.879,-0.923,0.923,0.285,0.285
1.789,-9.009,-10.884,-0.911,0.911,0.293,0.293
1.788,-8.748,-10.890,-0.798,0.798,0.285,0.285
1.788,-8.487,-10.892,-0.699,0.699,0.301,0.301
1.787,-8.259,-10.902,-0.571,0.571,0.279,0.279
1.787,-7.965,-10.895,-0.459,0.459,0.275,0.275
1.786,-7.769,-10.907,-0.288,0.288,0.258,0.258
1.784,-7.671,-10.922,-0.136,0.136,0.244,0.244
1.783,-7.687,-10.931,0.026,0.026,0.226,0.226
1.780,-7.720,-10.955,0.064,0.064,0.209,0.209
1.781,-7.736,-10.945,0.118,0.118,0.180,0.180
1.782,-7.720,-10.937,0.153,0.153,0.197,0.197
1.784,-7.900,-10.921,0.146,0.146,0.197,0.197
1.783,-8.128,-10.925,0.151,0.151,0.182,0.182
1.781,-8.242,-10.945,0.150,0.150,0.177,0.177
1.779,-8.210,-10.961,0.154,0.154,0.180,0.180
1.779,-8.210,-10.961,0.127,0.127,0.174,0.174
1.778,-8.014,-10.971,0.145,0.145,0.153,0.153
1.779,-7.606,-10.961,0.156,0.156,0.145,0.145
1.777,-7.100,-10.973,0.198,0.198,0.148,0.148
1.776,-6.545,-10.981,0.211,0.211,0.127,0.127
1.774,-5.908,-10.995,0.243,0.243,0.122,0.122
1.772,-5.337,-11.008,0.215,0.215,0.134,0.134
1.773,-4.815,-11.000,0.163,0.163,0.127,0.127
1.775,-4.342,-10.991,0.066,0.066,0.131,0.131
1.777,-4.195,-10.985,0.020,0.020,0.127,0.127
1.773,-4.228,-11.000,-0.056,0.056,0.125,0.125
1.773,-4.260,-11.001,-0.133,0.133,0.130,0.130
1.771,-4.260,-11.008,-0.217,0.217,0.133,0.133
1.770,-4.260,-11.013,-0.270,0.270,0.154,0.154
1.771,-4.244,-11.010,-0.356,0.356,0.133,0.133
1.770,-4.244,-11.013,-0.391,0.391,0.130,0.130
1.769,-4.260,-11.019,-0.461,0.461,0.146,0.146
1.768,-4.260,-11.020,-0.446,0.446,0.160,0.160
1.765,-4.064,-11.033,-0.472,0.472,0.171,0.171
1.763,-3.656,-11.044,-0.429,0.429,0.179,0.179
1.765,-3.346,-11.035,-0.394,0.394,0.194,0.194
1.766,-3.216,-11.031,-0.342,0.342,0.191,0.191
1.767,-3.069,-11.029,-0.304,0.304,0.200,0.200
1.764,-2.889,-11.037,-0.226,0.226,0.203,0.203
1.765,-2.759,-11.036,-0.157,0.157,0.218,0.218
1.762,-2.612,-11.042,-0.064,0.064,0.212,0.212
1.762,-2.367,-11.044,-0.032,0.032,0.214,0.214
1.762,-2.449,-11.044,0.009,0.009,0.198,0.198
1.760,-2.693,-11.047,0.021,0.021,0.229,0.229
1.760,-2.840,-11.049,0.035,0.035,0.246,0.246
1.759,-2.644,-11.051,0.079,0.079,0.244,0.244
1.757,-2.383,-11.055,0.079,0.079,0.246,0.246
1.755,-2.073,-11.059,0.110,0.110,0.256,0.256
1.754,-1.845,-11.062,0.166,0.166,0.288,0.288
1.755,-1.600,-11.061,0.175,0.175,0.282,0.282
1.757,-1.192,-11.057,0.156,0.156,0.320,0.320
1.756,-0.866,-11.059,0.214,0.214,0.337,0.337
1.754,-0.751,-11.060,0.337,0.337,0.340,0.340
1.754,-0.784,-11.060,0.514,0.514,0.346,0.346
1.753,-0.833,-11.061,0.705,0.705,0.349,0.349
1.751,-0.833,-11.063,0.911,0.911,0.362,0.362
1.751,-0.800,-11.063,1.062,1.062,0.359,0.359
1.751,-0.849,-11.063,1.253,1.253,0.356,0.356
1.750,-0.817,-11.064,1.386,1.386,0.362,0.362
1.747,-0.784,-11.066,1.505,1.505,0.354,0.354
1.745,-0.604,-11.067,1.563,1.563,0.330,0.330
1.744,-0.343,-11.068,1.645,1.645,0.333,0.333
1.744,0.016,-11.068,1.656,1.656,0.302,0.302
1.748,0.228,-11.068,1.692,1.692,0.288,0.288
1.746,0.375,-11.068,1.628,1.628,0.279,0.279
1.745,0.603,-11.068,1.625,1.625,0.267,0.267
1.744,0.652,-11.067,1.534,1.534,0.255,0.255
1.743,0.848,-11.066,1.407,1.407,0.235,0.235
1.742,1.028,-11.065,1.259,1.259,0.233,0.233
1.741,1.158,-11.064,1.088,1.088,0.197,0.197
1.739,1.338,-11.062,0.896,0.896,0.185,0.185
1.740,1.550,-11.062,0.761,0.761,0.177,0.177
1.737,1.827,-11.057,0.639,0.639,0.175,0.175
1.734,2.088,-11.051,0.505,0.505,0.166,0.166
1.733,2.333,-11.050,0.328,0.328,0.166,0.166
1.735,2.757,-11.055,0.163,0.163,0.156,0.156
1.737,3.214,-11.060,-0.037,0.037,0.166,0.166
1.736,3.786,-11.058,-0.237,0.237,0.166,0.166
1.734,4.226,-11.051,-0.462,0.462,0.175,0.175
1.732,4.765,-11.040,-0.667,0.667,0.160,0.160
1.732,5.205,-11.041,-0.862,0.862,0.163,0.163
1.731,5.695,-11.034,-1.035,1.035,0.171,0.171
1.729,5.972,-11.026,-1.135,1.135,0.169,0.169
1.730,6.283,-11.029,-1.230,1.230,0.183,0.183
1.729,6.658,-11.021,-1.257,1.257,0.203,0.203
1.727,7.115,-11.011,-1.280,1.280,0.217,0.217
1.724,7.507,-10.987,-1.235,1.235,0.237,0.237
1.722,7.751,-10.975,-1.166,1.166,0.276,0.276
1.722,7.931,-10.971,-0.998,0.998,0.275,0.275
1.724,8.225,-10.992,-0.865,0.865,0.278,0.278
1.726,8.649,-11.003,-0.673,0.673,0.288,0.288
1.725,9.139,-10.993,-0.510,0.510,0.290,0.290
1.723,9.661,-10.975,-0.359,0.359,0.285,0.285
1.720,10.330,-10.946,-0.299,0.299,0.281,0.281
1.720,11.048,-10.948,-0.217,0.217,0.273,0.273
1.718,11.652,-10.926,-0.185,0.185,0.267,0.267
1.717,12.158,-10.915,-0.076,0.076,0.264,0.264
1.717,12.778,-10.913,-0.020,0.020,0.264,0.264
1.716,13.659,-10.895,0.084,0.084,0.259,0.259
1.713,14.704,-10.863,0.163,0.163,0.276,0.276
1.711,15.895,-10.828,0.237,0.237,0.282,0.282
1.710,17.168,-10.819,0.262,0.262,0.261,0.261
1.711,18.425,-10.822,0.307,0.307,0.296,0.296
1.714,19.632,-10.882,0.345,0.345,0.304,0.304
1.713,20.856,-10.856,0.372,0.372,0.296,0.296
1.710,22.097,-10.803,0.389,0.389,0.293,0.293
1.708,23.125,-10.762,0.392,0.392,0.276,0.276
1.708,23.973,-10.750,0.410,0.410,0.293,0.293
1.707,24.496,-10.738,0.415,0.415,0.295,0.295
1.705,24.920,-10.693,0.369,0.369,0.281,0.281
1.705,25.556,-10.687,0.316,0.316,0.264,0.264
1.704,26.275,-10.659,0.266,0.266,0.259,0.259
1.701,26.927,-10.568,0.200,0.200,0.256,0.256
1.699,27.384,-10.517,0.136,0.136,0.278,0.278
1.698,27.874,-10.497,0.072,0.072,0.255,0.255
1.702,28.364,-10.594,0.061,0.061,0.255,0.255
1.702,28.820,-10.610,0.008,0.008,0.249,0.249
1.700,28.935,-10.550,0.017,0.017,0.249,0.249
1.697,28.837,-10.473,0.011,0.011,0.243,0.243
1.697,28.804,-10.452,-0.014,0.014,0.249,0.249
1.696,29.049,-10.423,-0.079,0.079,0.217,0.217
1.695,29.163,-10.397,-0.108,0.108,0.233,0.233
1.693,29.555,-10.352,-0.175,0.175,0.246,0.246
1.693,30.175,-10.340,-0.198,0.198,0.237,0.237
1.691,30.779,-10.295,-0.153,0.153,0.235,0.235
1.690,31.334,-10.248,-0.050,0.050,0.235,0.235
1.688,31.823,-10.182,0.018,0.018,0.233,0.233
1.686,32.280,-10.114,0.145,0.145,0.227,0.227
1.686,32.607,-10.113,0.243,0.243,0.237,0.237
1.688,33.031,-10.178,0.295,0.295,0.232,0.232
1.688,33.847,-10.187,0.324,0.324,0.240,0.240
1.686,35.038,-10.117,0.368,0.368,0.249,0.249
1.684,36.311,-10.058,0.365,0.365,0.285,0.285
1.682,37.568,-9.994,0.421,0.421,0.279,0.279
1.683,38.972,-10.011,0.443,0.443,0.282,0.282
1.681,40.457,-9.955,0.516,0.516,0.279,0.279
1.680,41.746,-9.900,0.546,0.546,0.279,0.279
1.680,42.872,-9.888,0.627,0.627,0.282,0.282
1.678,43.786,-9.805,0.652,0.652,0.285,0.285
1.674,44.732,-9.647,0.758,0.758,0.299,0.299
1.674,45.908,-9.624,0.887,0.887,0.276,0.276
1.676,47.132,-9.709,0.989,0.989,0.253,0.253
1.676,48.404,-9.721,1.061,1.061,0.252,0.252
1.676,49.628,-9.702,1.053,1.053,0.235,0.235
1.674,50.706,-9.629,1.012,1.012,0.224,0.224
1.673,51.848,-9.559,0.937,0.937,0.201,0.201
1.670,53.039,-9.427,0.798,0.798,0.201,0.201
1.670,54.116,-9.393,0.642,0.642,0.163,0.163
1.668,55.145,-9.335,0.449,0.449,0.157,0.157
1.668,56.271,-9.309,0.250,0.250,0.154,0.154
1.666,57.642,-9.215,0.070,0.070,0.143,0.143
1.665,58.915,-9.110,-0.133,0.133,0.131,0.131
1.662,59.861,-8.961,-0.290,0.290,0.122,0.122
1.660,60.628,-8.829,-0.465,0.465,0.136,0.136
1.661,61.444,-8.880,-0.626,0.626,0.114,0.114
1.663,62.440,-9.050,-0.790,0.790,0.118,0.118
1.664,63.435,-9.071,-0.913,0.913,0.139,0.139
1.661,64.251,-8.874,-1.067,1.067,0.153,0.153
1.660,65.051,-8.805,-1.186,1.186,0.172,0.172
1.659,65.867,-8.751,-1.337,1.337,0.175,0.175
1.657,66.699,-8.661,-1.431,1.431,0.215,0.215
1.657,67.434,-8.621,-1.503,1.503,0.211,0.211
1.655,68.152,-8.520,-1.521,1.521,0.226,0.226
1.655,68.690,-8.465,-1.523,1.523,0.249,0.249
1.654,69.229,-8.408,-1.428,1.428,0.267,0.267
1.651,69.490,-8.250,-1.346,1.346,0.282,0.282
1.649,69.555,-8.088,-1.198,1.198,0.295,0.295
1.647,69.735,-7.920,-1.051,1.051,0.334,0.334
1.650,69.947,-8.137,-0.844,0.844,0.330,0.330
1.650,70.208,-8.184,-0.688,0.688,0.345,0.345
1.650,70.469,-8.130,-0.522,0.522,0.351,0.351
1.649,70.518,-8.102,-0.400,0.400,0.345,0.345
1.646,70.502,-7.889,-0.214,0.214,0.339,0.339
1.646,70.322,-7.861,0.008,0.008,0.336,0.336
1.644,69.865,-7.715,0.235,0.235,0.317,0.317
1.643,69.555,-7.657,0.455,0.455,0.333,0.333
1.643,69.245,-7.692,0.739,0.739,0.334,0.334
1.641,69.066,-7.545,1.091,1.091,0.336,0.336
1.640,69.000,-7.421,1.457,1.457,0.322,0.322
1.636,69.000,-7.163,1.796,1.796,0.313,0.313
1.635,68.821,-7.073,2.008,2.008,0.290,0.290
1.638,68.592,-7.310,2.181,2.181,0.247,0.247
1.638,68.331,-7.340,2.347,2.347,0.259,0.259
1.638,68.233,-7.340,2.475,2.475,0.250,0.250
1.636,68.396,-7.163,2.579,2.579,0.244,0.244
1.634,68.543,-7.054,2.660,2.660,0.240,0.240
1.633,68.707,-6.959,2.625,2.625,0.230,0.230
1.631,68.968,-6.863,2.570,2.570,0.244,0.244
1.632,69.229,-6.902,2.471,2.471,0.249,0.249
1.630,69.490,-6.784,2.365,2.365,0.240,0.240
1.631,69.751,-6.801,2.161,2.161,0.237,0.237
1.628,70.126,-6.594,1.886,1.886,0.237,0.237
1.625,70.632,-6.389,1.566,1.566,0.235,0.235
1.623,70.959,-6.278,1.277,1.277,0.230,0.230
1.623,71.024,-6.264,0.951,0.951,0.224,0.224
1.626,70.861,-6.485,0.641,0.641,0.217,0.217
1.625,70.632,-6.436,0.293,0.293,0.218,0.218
1.624,70.665,-6.342,0.023,0.023,0.220,0.220
1.623,71.073,-6.256,-0.255,0.255,0.232,0.232
1.621,71.612,-6.099,-0.403,0.403,0.256,0.256
1.619,72.330,-6.018,-0.581,0.581,0.291,0.291
1.618,73.048,-5.948,-0.700,0.700,0.295,0.295
1.618,73.652,-5.922,-0.818,0.818,0.314,0.314
1.617,74.125,-5.831,-0.909,0.909,0.328,0.328
1.616,74.810,-5.789,-1.006,1.006,0.342,0.342
1.614,75.496,-5.612,-1.080,1.080,0.346,0.346
1.612,76.246,-5.464,-1.158,1.158,0.357,0.357
1.610,76.997,-5.319,-1.187,1.187,0.334,0.334
1.612,77.421,-5.447,-1.231,1.231,0.377,0.377
1.614,77.846,-5.588,-1.228,1.228,0.378,0.378
1.613,78.613,-5.524,-1.222,1.222,0.362,0.362
1.611,79.266,-5.400,-1.184,1.184,0.337,0.337
1.610,79.869,-5.298,-1.180,1.180,0.325,0.325
1.607,80.653,-5.069,-1.178,1.178,0.316,0.316
1.606,81.599,-5.012,-1.192,1.192,0.302,0.302
1.606,82.611,-4.963,-1.158,1.158,0.281,0.281
1.605,83.623,-4.897,-1.145,1.145,0.264,0.264
1.604,84.798,-4.799,-1.103,1.103,0.252,0.252
1.601,85.810,-4.593,-1.088,1.088,0.237,0.237
1.598,86.332,-4.319,-1.038,1.038,0.247,0.247
1.598,86.773,-4.258,-0.971,0.971,0.224,0.224
1.597,87.279,-4.195,-0.887,0.887,0.204,0.204
1.600,87.866,-4.512,-0.737,0.737,0.208,0.208
1.601,88.421,-4.544,-0.591,0.591,0.200,0.200
1.599,88.927,-4.394,-0.420,0.420,0.191,0.191
1.597,89.400,-4.234,-0.285,0.285,0.168,0.168
1.596,89.841,-4.085,-0.160,0.160,0.166,0.166
1.595,90.184,-3.987,-0.092,0.092,0.137,0.137
1.594,90.412,-3.948,-0.011,0.011,0.130,0.130
1.593,90.641,-3.804,0.064,0.064,0.114,0.114
1.592,90.722,-3.789,0.206,0.206,0.101,0.101
1.590,90.902,-3.581,0.298,0.298,0.090,0.090
1.587,91.293,-3.285,0.435,0.435,0.084,0.084
1.585,92.142,-3.136,0.533,0.533,0.081,0.081
1.586,93.138,-3.222,0.682,0.682,0.096,0.096
1.588,94.264,-3.368,0.853,0.853,0.114,0.114
1.587,95.178,-3.290,1.119,1.119,0.122,0.122
1.586,95.863,-3.169,1.331,1.331,0.146,0.146
1.584,96.287,-3.058,1.619,1.619,0.145,0.145
1.582,96.597,-2.802,1.833,1.833,0.165,0.165
1.581,96.630,-2.767,2.040,2.040,0.160,0.160
1.581,96.630,-2.741,2.110,2.110,0.179,0.179
1.580,96.385,-2.645,2.168,2.168,0.189,0.189
1.580,95.994,-2.588,2.242,2.242,0.192,0.192
1.578,95.667,-2.438,2.271,2.271,0.192,0.192
1.576,95.569,-2.257,2.246,2.246,0.194,0.194
1.573,95.553,-1.988,2.193,2.193,0.206,0.206
1.571,95.439,-1.811,2.080,2.080,0.218,0.218
1.574,95.210,-2.098,1.923,1.923,0.212,0.212
1.575,94.916,-2.180,1.659,1.659,0.238,0.238
1.574,94.492,-2.064,1.366,1.366,0.246,0.246
1.572,94.149,-1.867,1.090,1.090,0.256,0.256
1.571,93.905,-1.792,0.768,0.768,0.291,0.291
1.569,93.872,-1.624,0.423,0.423,0.285,0.285
1.568,94.035,-1.534,0.090,0.090,0.285,0.285
1.568,94.313,-1.503,-0.209,0.209,0.295,0.295
1.567,94.590,-1.371,-0.499,0.499,0.302,0.302
1.566,94.851,-1.277,-0.739,0.739,0.308,0.308
1.565,95.063,-1.182,-0.984,0.984,0.331,0.331
1.562,95.178,-0.892,-1.175,1.175,0.319,0.319
1.560,95.145,-0.763,-1.341,1.341,0.354,0.354
1.563,95.129,-1.047,-1.398,1.398,0.372,0.372
1.563,95.292,-1.025,-1.470,1.470,0.377,0.377
1.562,95.716,-0.968,-1.473,1.473,0.385,0.385
1.560,96.206,-0.764,-1.491,1.491,0.380,0.380
1.558,96.793,-0.543,-1.433,1.433,0.392,0.392
1.557,97.234,-0.479,-1.387,1.387,0.400,0.400
1.556,97.756,-0.372,-1.250,1.250,0.389,0.389
1.556,98.246,-0.310,-1.146,1.146,0.392,0.392
1.554,98.703,-0.190,-1.004,1.004,0.382,0.382
1.554,99.029,-0.157,-0.900,0.900,0.363,0.363
1.552,99.274,0.077,-0.732,0.732,0.345,0.345
1.549,99.698,0.390,-0.591,0.591,0.334,0.334
1.547,100.335,0.529,-0.456,0.456,0.313,0.313
1.547,101.265,0.529,-0.317,0.317,0.295,0.295
1.549,102.277,0.324,-0.185,0.185,0.278,0.278
1.550,103.174,0.242,-0.073,0.073,0.264,0.264
1.549,103.909,0.396,0.027,0.027,0.252,0.252
1.547,104.757,0.576,0.136,0.136,0.259,0.259
1.546,105.557,0.712,0.218,0.218,0.246,0.246
1.545,106.177,0.779,0.256,0.256,0.241,0.241
1.544,106.765,0.895,0.333,0.333,0.238,0.238
1.543,107.287,0.981,0.485,0.485,0.233,0.233
1.541,107.842,1.152,0.604,0.604,0.230,0.230
1.541,108.625,1.224,0.749,0.749,0.224,0.224
1.538,109.458,1.506,0.835,0.835,0.191,0.191
1.535,109.898,1.891,0.920,0.920,0.203,0.203
1.534,110.143,1.971,0.983,0.983,0.198,0.198
1.536,110.323,1.708,1.042,1.042,0.211,0.211
1.537,110.551,1.620,1.024,1.024,0.214,0.214
1.537,110.812,1.639,1.056,1.056,0.253,0.253
1.535,111.073,1.896,1.071,1.071,0.230,0.230
1.533,111.302,2.106,1.093,1.093,0.237,0.237
1.532,111.367,2.217,1.064,1.064,0.243,0.243
1.531,111.367,2.306,1.099,1.099,0.240,0.240
1.531,111.155,2.295,1.085,1.085,0.240,0.240
1.530,110.731,2.420,1.117,1.117,0.232,0.232
1.528,110.225,2.585,1.125,1.125,0.214,0.214
1.526,109.882,2.833,1.170,1.170,0.220,0.220
1.523,109.604,3.204,1.122,1.122,0.218,0.218
1.522,109.229,3.342,1.094,1.094,0.212,0.212
1.525,108.935,2.966,1.038,1.038,0.206,0.206
1.525,108.821,2.962,0.966,0.966,0.230,0.230
1.524,108.805,3.045,0.841,0.841,0.232,0.232
1.523,108.707,3.215,0.708,0.708,0.237,0.237
1.520,108.462,3.506,0.534,0.534,0.250,0.250
1.520,108.168,3.549,0.420,0.420,0.261,0.261
1.519,107.760,3.639,0.253,0.253,0.269,0.269
1.518,107.271,3.724,0.121,0.121,0.273,0.273
1.517,107.124,3.838,-0.050,0.050,0.279,0.279
1.516,107.254,3.888,-0.221,0.221,0.279,0.279
1.514,107.352,4.109,-0.394,0.394,0.279,0.279
1.512,107.581,4.419,-0.513,0.513,0.279,0.279
1.510,107.613,4.551,-0.655,0.655,0.285,0.285
1.513,107.450,4.248,-0.768,0.768,0.288,0.288
1.513,107.189,4.237,-0.881,0.881,0.287,0.287
1.513,106.569,4.258,-0.920,0.920,0.279,0.279
1.511,106.030,4.420,-0.963,0.963,0.278,0.278
1.509,105.443,4.736,-0.922,0.922,0.276,0.276
1.507,104.855,4.861,-0.874,0.874,0.269,0.269
1.506,104.464,4.952,-0.813,0.813,0.267,0.267
1.506,104.203,5.010,-0.708,0.708,0.270,0.270
1.505,103.827,5.090,-0.603,0.603,0.240,0.240
1.504,103.321,5.203,-0.450,0.450,0.227,0.227
1.502,102.652,5.364,-0.365,0.365,0.204,0.204
1.499,101.869,5.706,-0.278,0.278,0.180,0.180
1.497,101.118,5.898,-0.172,0.172,0.168,0.168
1.498,100.400,5.811,-0.012,0.012,0.154,0.154
1.500,99.829,5.592,0.056,0.056,0.110,0.110
1.500,99.551,5.625,0.148,0.148,0.124,0.124
1.499,99.470,5.704,0.182,0.182,0.116,0.116
1.498,99.486,5.833,0.233,0.233,0.085,0.085
1.496,99.519,6.054,0.252,0.252,0.072,0.072
1.494,99.519,6.235,0.301,0.301,0.067,0.067
1.494,99.339,6.265,0.285,0.285,0.089,0.089
1.493,98.719,6.357,0.342,0.342,0.108,0.108
1.492,98.001,6.448,0.311,0.311,0.133,0.133
1.490,97.169,6.565,0.310,0.310,0.154,0.154
1.486,96.434,6.969,0.305,0.305,0.175,0.175
1.485,95.716,7.122,0.340,0.340,0.185,0.185
1.484,95.014,7.205,0.339,0.339,0.235,0.235
1.488,94.427,6.812,0.423,0.423,0.217,0.217
1.488,93.937,6.856,0.523,0.523,0.237,0.237
1.487,93.252,6.927,0.649,0.649,0.243,0.243
1.486,92.371,7.007,0.757,0.757,0.272,0.272
1.484,91.359,7.226,0.858,0.858,0.285,0.285
1.482,90.510,7.329,0.969,0.969,0.304,0.304
1.482,89.776,7.362,1.032,1.032,0.334,0.334
1.481,89.123,7.460,1.061,1.061,0.331,0.331
1.480,88.535,7.510,1.135,1.135,0.327,0.327
1.479,88.209,7.665,1.230,1.230,0.340,0.340
1.476,88.144,7.873,1.329,1.329,0.337,0.337
1.473,88.176,8.121,1.408,1.408,0.342,0.342
1.471,88.046,8.317,1.494,1.494,0.343,0.343
1.475,87.605,7.994,1.599,1.599,0.363,0.363
1.476,87.083,7.869,1.682,1.682,0.360,0.360
1.474,86.381,8.062,1.730,1.730,0.371,0.371
1.473,85.663,8.196,1.679,1.679,0.380,0.380
1.472,84.863,8.261,1.695,1.695,0.394,0.394
1.470,84.178,8.404,1.656,1.656,0.418,0.418
1.469,83.754,8.476,1.624,1.624,0.423,0.423
1.469,83.460,8.507,1.563,1.563,0.410,0.410
1.468,82.954,8.581,1.561,1.561,0.439,0.439
1.467,82.252,8.694,1.508,1.508,0.449,0.449
1.466,81.632,8.756,1.456,1.456,0.438,0.438
1.462,81.142,9.083,1.274,1.274,0.432,0.432
1.460,80.620,9.230,1.135,1.135,0.424,0.424
1.459,80.359,9.302,0.931,0.931,0.417,0.417
1.461,80.277,9.174,0.752,0.752,0.395,0.395
1.463,80.114,8.951,0.559,0.559,0.391,0.391
1.461,79.935,9.155,0.378,0.378,0.388,0.388
1.458,79.837,9.354,0.179,0.179,0.357,0.357
1.457,79.820,9.433,0.047,0.047,0.340,0.340
1.457,79.657,9.460,-0.137,0.137,0.316,0.316
1.456,79.282,9.510,-0.241,0.241,0.295,0.295
1.455,78.907,9.615,-0.397,0.397,0.272,0.272
1.455,78.825,9.636,-0.502,0.502,0.241,0.241
1.453,79.021,9.816,-0.644,0.644,0.227,0.227
1.450,79.282,10.016,-0.662,0.662,0.198,0.198
1.447,79.396,10.224,-0.711,0.711,0.198,0.198
1.448,79.576,10.163,-0.690,0.690,0.189,0.189
1.451,79.772,9.931,-0.639,0.639,0.191,0.191
1.450,79.690,10.015,-0.603,0.603,0.188,0.188
1.448,79.282,10.158,-0.577,0.577,0.166,0.166
1.447,78.956,10.241,-0.551,0.551,0.157,0.157
1.446,79.004,10.341,-0.510,0.510,0.157,0.157
1.444,79.429,10.472,-0.478,0.478,0.154,0.154
1.444,80.000,10.520,-0.462,0.462,0.156,0.156
1.442,80.506,10.634,-0.433,0.433,0.165,0.165
1.442,80.832,10.664,-0.359,0.359,0.182,0.182
1.441,81.110,10.717,-0.273,0.273,0.182,0.182
1.439,81.452,10.906,-0.189,0.189,0.191,0.191
1.435,81.763,11.188,-0.169,0.169,0.191,0.191
1.439,81.877,10.919,-0.116,0.116,0.186,0.186
1.438,81.860,10.949,-0.084,0.084,0.189,0.189
1.438,81.828,11.009,-0.035,0.035,0.169,0.169
1.436,82.007,11.172,-0.015,0.015,0.157,0.157
1.435,82.415,11.215,-0.044,0.044,0.153,0.153
1.434,82.938,11.330,-0.087,0.087,0.146,0.146
1.433,83.280,11.432,-0.024,0.024,0.131,0.131
1.432,83.525,11.518,0.040,0.040,0.139,0.139
1.430,83.541,11.612,0.089,0.089,0.160,0.160
1.430,83.395,11.612,0.063,0.063,0.145,0.145
1.428,83.297,11.786,0.082,0.082,0.148,0.148
1.426,83.264,12.005,0.023,0.023,0.156,0.156
1.423,83.280,12.231,-0.031,0.031,0.163,0.163
1.425,83.476,12.082,-0.111,0.111,0.157,0.157
1.426,83.900,11.998,-0.096,0.096,0.172,0.172
1.426,84.390,11.965,-0.169,0.169,0.179,0.179
1.425,84.765,12.021,-0.230,0.230,0.203,0.203
1.422,85.010,12.286,-0.304,0.304,0.227,0.227
1.422,85.222,12.336,-0.316,0.316,0.235,0.235
1.420,85.320,12.447,-0.305,0.305,0.253,0.253
1.419,85.451,12.546,-0.307,0.307,0.256,0.256
1.419,85.679,12.554,-0.299,0.299,0.261,0.261
1.418,85.957,12.628,-0.279,0.279,0.238,0.238
1.416,86.397,12.814,-0.232,0.232,0.244,0.244
1.412,86.920,13.179,-0.177,0.177,0.246,0.246
1.412,87.426,13.211,-0.069,0.069,0.243,0.243
1.413,87.899,13.118,0.008,0.008,0.237,0.237
1.414,88.176,13.013,0.052,0.052,0.243,0.243
1.413,88.291,13.048,0.150,0.150,0.246,0.246
1.411,88.242,13.259,0.223,0.223,0.243,0.243
1.410,88.437,13.341,0.235,0.235,0.247,0.247
1.409,88.813,13.423,0.262,0.262,0.247,0.247
1.409,89.351,13.470,0.273,0.273,0.229,0.229
1.407,89.808,13.613,0.249,0.249,0.208,0.208
1.407,90.184,13.640,0.209,0.209,0.179,0.179
1.405,90.428,13.792,0.209,0.209,0.156,0.156
1.403,90.804,14.024,0.163,0.163,0.125,0.125
1.400,91.098,14.226,0.166,0.166,0.113,0.113
1.399,91.391,14.338,0.079,0.079,0.102,0.102
1.402,91.571,14.034,0.072,0.072,0.095,0.095
1.403,91.669,14.010,0.020,0.020,0.099,0.099
1.401,91.652,14.159,-0.011,0.011,0.105,0.105
1.401,91.799,14.192,-0.066,0.066,0.130,0.130
1.398,92.240,14.443,-0.104,0.104,0.140,0.140
1.396,92.762,14.605,-0.137,0.137,0.166,0.166
1.395,93.480,14.673,-0.069,0.069,0.186,0.186
1.394,94.215,14.791,-0.084,0.084,0.211,0.211
1.395,94.998,14.763,-0.049,0.049,0.221,0.221
1.392,95.700,14.972,-0.063,0.063,0.223,0.223
1.393,96.516,14.930,0.002,0.002,0.226,0.226
1.390,97.397,15.226,-0.006,0.006,0.209,0.209
1.388,98.344,15.376,0.047,0.047,0.198,0.198
1.386,99.209,15.631,0.052,0.052,0.198,0.198
1.388,99.927,15.426,0.087,0.087,0.188,0.188
1.389,100.645,15.307,0.095,0.095,0.177,0.177
1.388,101.004,15.434,0.146,0.146,0.183,0.183
1.387,101.249,15.484,0.142,0.142,0.189,0.189
1.385,101.444,15.699,0.148,0.148,0.197,0.197
1.384,101.493,15.770,0.163,0.163,0.209,0.209
1.383,101.526,15.908,0.195,0.195,0.218,0.218
1.382,101.477,16.049,0.226,0.226,0.240,0.240
1.381,101.477,16.073,0.217,0.217,0.249,0.249
1.380,101.444,16.201,0.243,0.243,0.287,0.287
1.377,101.477,16.466,0.337,0.337,0.266,0.266
1.375,101.510,16.749,0.403,0.403,0.261,0.261
1.373,101.673,16.924,0.513,0.513,0.267,0.267
1.377,102.097,16.532,0.664,0.664,0.276,0.276
1.377,102.636,16.519,0.771,0.771,0.273,0.273
1.376,103.338,16.607,0.905,0.905,0.282,0.282
1.375,104.284,16.759,1.001,1.001,0.278,0.278
1.372,105.247,16.981,1.116,1.116,0.284,0.284
1.371,106.455,17.101,1.114,1.114,0.288,0.288
1.371,107.450,17.172,1.123,1.123,0.295,0.295
1.369,108.136,17.332,1.088,1.088,0.301,0.301
1.368,108.740,17.412,1.076,1.076,0.301,0.301
1.368,109.245,17.491,1.004,1.004,0.308,0.308
1.364,109.588,17.868,0.961,0.961,0.319,0.319
1.361,109.800,18.203,0.882,0.882,0.336,0.336
1.364,109.898,17.948,0.853,0.853,0.340,0.340
1.365,109.866,17.751,0.729,0.729,0.348,0.348
1.364,109.637,17.853,0.639,0.639,0.349,0.349
1.363,109.441,17.966,0.514,0.514,0.342,0.342
1.362,109.115,18.096,0.407,0.407,0.356,0.356
1.360,108.772,18.374,0.208,0.208,0.368,0.368
1.359,108.609,18.493,0.053,0.053,0.353,0.353
1.359,108.740,18.443,-0.082,0.082,0.346,0.346
1.357,108.837,18.649,-0.217,0.217,0.328,0.328
1.357,109.115,18.634,-0.353,0.353,0.322,0.322
1.355,109.653,18.823,-0.420,0.420,0.328,0.328
1.354,110.616,19.035,-0.450,0.450,0.293,0.293
1.350,111.644,19.444,-0.456,0.456,0.270,0.270
1.349,112.444,19.555,-0.493,0.493,0.276,0.276
1.350,113.309,19.413,-0.554,0.554,0.266,0.266
1.352,114.076,19.175,-0.617,0.617,0.261,0.261
1.352,115.072,19.229,-0.641,0.641,0.246,0.246
1.350,115.888,19.401,-0.629,0.629,0.218,0.218
1.348,116.540,19.686,-0.661,0.661,0.211,0.211
1.346,116.948,19.872,-0.626,0.626,0.208,0.208
1.346,117.471,19.938,-0.577,0.577,0.179,0.179
1.345,118.107,20.059,-0.484,0.484,0.177,0.177
1.344,119.005,20.157,-0.414,0.414,0.177,0.177
1.343,119.641,20.300,-0.330,0.330,0.188,0.188
1.342,119.853,20.324,-0.308,0.308,0.172,0.172
1.339,119.788,20.769,-0.217,0.217,0.182,0.182
1.337,119.723,21.003,-0.183,0.183,0.182,0.182
1.340,119.870,20.669,-0.087,0.087,0.163,0.163
1.340,119.935,20.673,-0.096,0.096,0.140,0.140
1.339,120.033,20.709,-0.078,0.078,0.125,0.125
1.338,120.343,20.864,-0.111,0.111,0.114,0.114
1.336,120.865,21.036,-0.105,0.105,0.107,0.107
1.335,121.534,21.249,-0.133,0.133,0.108,0.108
1.333,122.089,21.459,-0.130,0.130,0.111,0.111
1.333,122.301,21.472,-0.186,0.186,0.110,0.110
1.332,122.612,21.602,-0.198,0.198,0.118,0.118
1.331,122.807,21.716,-0.209,0.209,0.108,0.108
1.328,122.791,22.082,-0.175,0.175,0.131,0.131
1.325,122.693,22.400,-0.163,0.163,0.151,0.151
1.323,122.660,22.676,-0.075,0.075,0.157,0.157
1.326,123.150,22.309,0.047,0.047,0.162,0.162
1.328,123.884,22.121,0.209,0.209,0.169,0.169
1.328,124.015,22.084,0.382,0.382,0.194,0.194
1.326,123.656,22.363,0.563,0.563,0.197,0.197
1.324,123.166,22.601,0.705,0.705,0.240,0.240
1.322,123.036,22.776,0.827,0.827,0.266,0.266
1.321,122.905,22.951,0.917,0.917,0.282,0.282
1.321,122.546,22.964,1.068,1.068,0.301,0.301
1.320,122.252,23.106,1.360,1.360,0.328,0.328
1.319,122.301,23.227,1.576,1.576,0.328,0.328
1.317,122.530,23.422,1.732,1.732,0.360,0.360
1.315,122.497,23.698,1.825,1.825,0.342,0.342
1.313,122.301,23.918,1.900,1.900,0.333,0.333
1.311,121.942,24.136,1.914,1.914,0.346,0.346
1.314,121.551,23.777,1.911,1.911,0.346,0.346
1.315,121.208,23.721,1.833,1.833,0.351,0.351
1.312,121.126,24.030,1.761,1.761,0.349,0.349
1.311,121.192,24.163,1.589,1.589,0.383,0.383
1.311,121.192,24.207,1.393,1.393,0.374,0.374
1.309,121.192,24.392,1.161,1.161,0.386,0.386
1.308,121.175,24.484,0.980,0.980,0.400,0.400
1.308,121.192,24.532,0.774,0.774,0.407,0.407
1.306,121.159,24.713,0.623,0.623,0.401,0.401
1.306,121.224,24.814,0.429,0.429,0.386,0.386
1.304,121.143,25.015,0.317,0.317,0.354,0.354
1.301,121.224,25.348,0.229,0.229,0.353,0.353
1.300,121.355,25.501,0.148,0.148,0.343,0.343
1.299,121.453,25.654,0.018,0.018,0.314,0.314
1.302,121.502,25.219,-0.060,0.060,0.302,0.302
1.301,121.796,25.316,-0.099,0.099,0.291,0.291
1.299,122.106,25.570,-0.095,0.095,0.285,0.285
1.297,122.204,25.809,-0.108,0.108,0.278,0.278
1.297,122.236,25.891,-0.061,0.061,0.272,0.272
1.295,122.171,26.101,-0.029,0.029,0.272,0.272
1.294,122.187,26.166,0.005,0.005,0.279,0.279
1.295,121.959,26.142,0.000,0.000,0.285,0.285
1.294,121.616,26.239,0.053,0.053,0.298,0.298
1.292,121.257,26.505,0.098,0.098,0.299,0.299
1.289,121.126,26.806,0.089,0.089,0.293,0.293
1.288,120.963,27.007,0.084,0.084,0.288,0.288
1.289,120.604,26.782,0.034,0.034,0.273,0.273
1.290,120.082,26.702,-0.056,0.056,0.256,0.256
1.288,119.756,26.901,-0.142,0.142,0.233,0.233
1.287,119.445,27.068,-0.238,0.238,0.235,0.235
1.286,119.070,27.206,-0.398,0.398,0.200,0.200
1.284,118.776,27.376,-0.508,0.508,0.186,0.186
1.283,118.711,27.573,-0.606,0.606,0.172,0.172
1.283,118.874,27.553,-0.665,0.665,0.165,0.165
1.281,119.364,27.727,-0.746,0.746,0.150,0.150
1.280,119.870,27.866,-0.749,0.749,0.148,0.148
1.279,120.392,27.981,-0.771,0.771,0.124,0.124
1.277,120.702,28.209,-0.705,0.705,0.150,0.150
1.275,120.947,28.470,-0.597,0.597,0.163,0.163
1.278,121.110,28.132,-0.459,0.459,0.160,0.160
1.276,121.028,28.349,-0.435,0.435,0.148,0.148
1.277,120.800,28.277,-0.377,0.377,0.150,0.150
1.276,120.686,28.433,-0.353,0.353,0.153,0.153
1.275,120.669,28.521,-0.304,0.304,0.127,0.127
1.273,120.686,28.725,-0.255,0.255,0.157,0.157
1.272,120.506,28.909,-0.154,0.154,0.179,0.179
1.270,120.098,29.061,-0.084,0.084,0.171,0.171
1.269,119.380,29.216,0.072,0.072,0.172,0.172
1.269,118.629,29.263,0.172,0.172,0.189,0.189
1.268,117.993,29.393,0.288,0.288,0.203,0.203
1.265,117.520,29.744,0.363,0.363,0.203,0.203
1.262,117.063,30.059,0.468,0.468,0.224,0.224
1.264,116.785,29.803,0.496,0.496,0.252,0.252
1.265,116.720,29.726,0.497,0.497,0.240,0.240
1.265,116.720,29.675,0.488,0.488,0.249,0.249
1.264,116.753,29.861,0.523,0.523,0.243,0.243
1.261,116.704,30.121,0.642,0.642,0.246,0.246
1.261,116.589,30.175,0.719,0.719,0.240,0.240
1.260,116.328,30.318,0.765,0.765,0.224,0.224
1.259,116.230,30.453,0.821,0.821,0.217,0.217
1.257,116.051,30.587,0.873,0.873,0.224,0.224
1.257,116.002,30.653,0.827,0.827,0.217,0.217
1.255,115.969,30.895,0.775,0.775,0.237,0.237
1.252,115.822,31.199,0.659,0.659,0.240,0.240
1.250,115.773,31.464,0.543,0.543,0.250,0.250
1.253,115.724,31.153,0.420,0.420,0.249,0.249
1.250,115.545,31.444,0.305,0.305,0.247,0.247
1.252,115.153,31.192,0.246,0.246,0.250,0.250
1.251,114.843,31.283,0.223,0.223,0.250,0.250
1.249,114.549,31.599,0.288,0.288,0.269,0.269
1.248,114.321,31.656,0.386,0.386,0.264,0.264
1.247,114.256,31.781,0.449,0.449,0.273,0.273
1.247,114.076,31.804,0.510,0.510,0.281,0.281
1.246,114.044,31.951,0.581,0.581,0.288,0.288
1.245,113.978,32.015,0.658,0.658,0.307,0.307
1.243,113.897,32.189,0.670,0.670,0.316,0.316
1.242,113.782,32.386,0.774,0.774,0.296,0.296
1.239,113.782,32.687,0.769,0.769,0.308,0.308
1.237,113.766,32.902,0.787,0.787,0.314,0.314
1.237,113.815,32.936,0.731,0.731,0.314,0.314
1.239,114.174,32.642,0.757,0.757,0.316,0.316
1.240,114.778,32.623,0.794,0.794,0.337,0.337
1.238,115.431,32.859,0.862,0.862,0.319,0.319
1.236,115.757,33.101,0.940,0.940,0.319,0.319
1.234,115.822,33.224,0.977,0.977,0.316,0.316
1.233,115.773,33.343,0.926,0.926,0.314,0.314
1.232,115.757,33.465,0.862,0.862,0.298,0.298
1.233,115.578,33.358,0.760,0.760,0.291,0.291
1.232,115.349,33.458,0.678,0.678,0.291,0.291
1.230,115.219,33.748,0.517,0.517,0.262,0.262
1.227,115.251,34.062,0.406,0.406,0.253,0.253
1.225,115.251,34.298,0.264,0.264,0.244,0.244
1.224,115.431,34.375,0.159,0.159,0.229,0.229
1.228,115.676,33.973,0.121,0.121,0.227,0.227
1.228,115.757,34.011,0.096,0.096,0.230,0.230
1.226,115.806,34.218,0.026,0.026,0.221,0.221
1.224,115.724,34.426,-0.063,0.063,0.237,0.237
1.222,115.953,34.645,-0.191,0.191,0.246,0.246
1.222,116.149,34.687,-0.307,0.307,0.247,0.247
1.220,116.492,34.872,-0.432,0.432,0.244,0.244
1.221,116.883,34.830,-0.523,0.523,0.240,0.240
1.219,117.210,35.016,-0.627,0.627,0.229,0.229
1.217,117.471,35.226,-0.745,0.745,0.211,0.211
1.213,117.683,35.663,-0.826,0.826,0.198,0.198
1.213,117.764,35.764,-0.906,0.906,0.192,0.192
1.212,117.781,35.815,-0.948,0.948,0.180,0.180
1.215,117.569,35.448,-1.027,1.027,0.175,0.175
1.216,117.324,35.417,-1.064,1.064,0.163,0.163
1.214,117.014,35.650,-1.114,1.114,0.191,0.191
1.212,116.818,35.813,-1.102,1.102,0.206,0.206
1.210,116.720,36.010,-1.073,1.073,0.209,0.209
1.209,116.736,36.138,-0.984,0.984,0.209,0.209
1.208,116.557,36.273,-0.900,0.900,0.204,0.204
1.208,116.149,36.347,-0.807,0.807,0.197,0.197
1.207,115.822,36.474,-0.763,0.763,0.203,0.203
1.206,115.708,36.558,-0.722,0.722,0.172,0.172
1.203,115.920,36.831,-0.757,0.757,0.163,0.163
1.199,116.198,37.297,-0.755,0.755,0.159,0.159
1.198,116.655,37.474,-0.810,0.810,0.157,0.157
1.200,117.095,37.230,-0.829,0.829,0.162,0.162
1.201,117.503,37.148,-0.830,0.830,0.172,0.172
1.203,117.911,36.859,-0.743,0.743,0.159,0.159
1.201,118.401,37.075,-0.716,0.716,0.172,0.172
1.200,118.678,37.279,-0.613,0.613,0.168,0.168
1.198,118.972,37.520,-0.508,0.508,0.154,0.154
1.197,119.380,37.619,-0.406,0.406,0.143,0.143
1.196,119.853,37.745,-0.299,0.299,0.131,0.131
1.195,120.196,37.769,-0.209,0.209,0.111,0.111
1.194,120.669,37.985,-0.061,0.061,0.093,0.093
1.192,121.241,38.153,0.063,0.063,0.108,0.108
1.189,121.698,38.508,0.217,0.217,0.128,0.128
1.187,121.942,38.771,0.388,0.388,0.131,0.131
1.186,122.155,38.928,0.578,0.578,0.148,0.148
1.189,122.187,38.543,0.740,0.740,0.165,0.165
1.190,122.204,38.471,0.922,0.922,0.179,0.179
1.188,121.975,38.709,1.021,1.021,0.175,0.175
1.186,121.763,38.920,1.143,1.143,0.175,0.175
1.184,121.649,39.162,1.177,1.177,0.175,0.175
1.184,121.649,39.190,1.305,1.305,0.194,0.194
1.184,121.714,39.174,1.396,1.396,0.201,0.201
1.183,121.893,39.327,1.555,1.555,0.221,0.221
1.182,122.285,39.380,1.653,1.653,0.223,0.223
1.180,122.628,39.644,1.790,1.790,0.224,0.224
1.178,122.938,39.941,1.872,1.872,0.246,0.246
1.177,123.281,40.072,2.013,2.013,0.255,0.255
1.174,123.787,40.391,2.069,2.069,0.267,0.267
1.178,124.505,39.914,2.115,2.115,0.273,0.273
1.177,125.402,39.976,2.110,2.110,0.287,0.287
1.176,126.202,40.172,2.130,2.130,0.307,0.307
1.175,126.773,40.285,2.088,2.088,0.327,0.327
1.172,127.067,40.592,2.052,2.052,0.337,0.337
1.172,127.263,40.656,1.915,1.915,0.346,0.346
1.171,127.459,40.829,1.802,1.802,0.354,0.354
1.170,127.556,40.964,1.613,1.613,0.378,0.378
1.169,127.540,41.023,1.463,1.463,0.391,0.391
1.169,127.540,41.040,1.288,1.288,0.412,0.412
1.167,127.491,41.341,1.091,1.091,0.420,0.420
1.164,127.312,41.666,0.891,0.891,0.420,0.420
1.162,127.100,41.953,0.708,0.708,0.410,0.410
1.163,127.002,41.797,0.476,0.476,0.432,0.432
1.165,126.822,41.490,0.266,0.266,0.409,0.409
1.164,126.643,41.704,0.017,0.017,0.414,0.414
1.163,126.545,41.742,-0.177,0.177,0.415,0.415
1.161,126.724,41.989,-0.346,0.346,0.420,0.420
1.160,127.377,42.234,-0.499,0.499,0.412,0.412
1.159,128.144,42.306,-0.609,0.609,0.404,0.404
1.157,128.944,42.506,-0.714,0.714,0.415,0.415
1.157,129.841,42.553,-0.769,0.769,0.380,0.380
1.156,130.592,42.631,-0.775,0.775,0.351,0.351
1.154,131.212,42.896,-0.775,0.775,0.336,0.336
1.150,131.490,43.475,-0.812,0.812,0.325,0.325
1.149,131.734,43.637,-0.829,0.829,0.313,0.313
1.152,132.061,43.226,-0.807,0.807,0.313,0.313
1.154,132.224,43.011,-0.725,0.725,0.299,0.299
1.153,132.093,43.046,-0.635,0.635,0.302,0.302
1.150,131.979,43.422,-0.516,0.516,0.304,0.304
1.149,131.930,43.606,-0.462,0.462,0.295,0.295
1.148,131.947,43.786,-0.398,0.398,0.276,0.276
1.146,131.947,44.000,-0.333,0.333,0.262,0.262
1.145,131.816,44.109,-0.250,0.250,0.249,0.249
1.144,131.539,44.232,-0.226,0.226,0.230,0.230
1.144,131.457,44.227,-0.182,0.182,0.220,0.220
1.142,131.441,44.541,-0.090,0.090,0.203,0.203
1.140,131.669,44.829,0.044,0.044,0.185,0.185
1.137,132.077,45.205,0.099,0.099,0.171,0.171
1.137,132.599,45.231,0.180,0.180,0.150,0.150
1.138,133.089,44.994,0.217,0.217,0.139,0.139
1.141,133.628,44.702,0.285,0.285,0.118,0.118
1.139,134.084,44.990,0.322,0.322,0.108,0.108
1.137,134.395,45.191,0.394,0.394,0.104,0.104
1.136,134.476,45.271,0.398,0.398,0.101,0.101
1.135,134.444,45.503,0.360,0.360,0.101,0.101
1.134,134.395,45.650,0.299,0.299,0.093,0.093
1.133,134.427,45.775,0.215,0.215,0.108,0.108
1.132,134.590,45.913,0.093,0.093,0.093,0.093
1.130,134.982,46.087,-0.035,0.035,0.111,0.111
1.129,135.162,46.253,-0.157,0.157,0.125,0.125
1.126,135.015,46.737,-0.291,0.291,0.121,0.121
1.124,134.737,46.889,-0.415,0.415,0.130,0.130
1.125,134.264,46.871,-0.517,0.517,0.139,0.139
1.128,133.758,46.440,-0.617,0.617,0.154,0.154
1.127,133.301,46.595,-0.656,0.656,0.145,0.145
1.125,132.958,46.824,-0.649,0.649,0.154,0.154
1.125,132.893,46.855,-0.639,0.639,0.154,0.154
1.121,133.105,47.323,-0.584,0.584,0.160,0.160
1.121,133.562,47.380,-0.548,0.548,0.163,0.163
1.120,133.921,47.442,-0.423,0.423,0.185,0.185
1.120,134.166,47.487,-0.360,0.360,0.179,0.179
1.119,134.166,47.585,-0.275,0.275,0.186,0.186
1.117,134.052,47.874,-0.218,0.218,0.214,0.214
1.115,133.938,48.136,-0.072,0.072,0.226,0.226
1.112,133.905,48.487,0.015,0.015,0.237,0.237
1.114,134.117,48.282,0.166,0.166,0.249,0.249
1.115,134.541,48.122,0.314,0.314,0.285,0.285
1.114,135.031,48.247,0.449,0.449,0.261,0.261
1.113,135.553,48.440,0.519,0.519,0.256,0.256
1.111,135.896,48.692,0.595,0.595,0.249,0.249
1.110,135.929,48.890,0.642,0.642,0.243,0.243
1.109,135.912,49.021,0.676,0.676,0.241,0.241
1.107,135.700,49.206,0.681,0.681,0.237,0.237
1.107,135.472,49.255,0.673,0.673,0.238,0.238
1.106,135.178,49.331,0.670,0.670,0.229,0.229
1.103,134.933,49.730,0.687,0.687,0.224,0.224
1.100,134.672,50.137,0.633,0.633,0.230,0.230
1.100,134.444,50.226,0.693,0.693,0.230,0.230
1.102,134.395,49.865,0.748,0.748,0.226,0.226
1.103,134.199,49.745,0.749,0.749,0.215,0.215
1.102,133.987,49.869,0.723,0.723,0.215,0.215
1.101,133.693,50.042,0.649,0.649,0.223,0.223
1.099,133.481,50.361,0.557,0.557,0.237,0.237
1.098,133.366,50.392,0.459,0.459,0.246,0.246
1.097,133.399,50.627,0.357,0.357,0.256,0.256
1.096,133.464,50.768,0.250,0.250,0.249,0.249
1.095,133.628,50.817,0.153,0.153,0.284,0.284
1.094,133.856,51.034,0.090,0.090,0.299,0.299
1.093,133.954,51.128,0.055,0.055,0.319,0.319
1.091,133.987,51.434,-0.009,0.009,0.333,0.333
1.087,133.938,51.932,-0.020,0.020,0.345,0.345
1.086,133.938,52.083,-0.067,0.067,0.336,0.336
1.088,134.117,51.758,-0.099,0.099,0.368,0.368
1.090,134.362,51.464,-0.174,0.174,0.330,0.330
1.090,134.444,51.563,-0.223,0.223,0.311,0.311
1.088,134.639,51.812,-0.301,0.301,0.302,0.302
1.086,134.819,52.045,-0.313,0.313,0.296,0.296
1.084,134.933,52.385,-0.371,0.371,0.285,0.285
1.084,134.933,52.362,-0.378,0.378,0.288,0.288
1.083,134.884,52.465,-0.414,0.414,0.264,0.264
1.081,134.705,52.742,-0.410,0.410,0.281,0.281
1.080,134.476,52.800,-0.441,0.441,0.285,0.285
1.078,134.199,53.170,-0.401,0.401,0.266,0.266
1.075,133.807,53.512,-0.324,0.324,0.267,0.267
1.074,133.432,53.627,-0.226,0.226,0.264,0.264
1.076,133.203,53.415,-0.136,0.136,0.275,0.275
1.078,133.138,53.194,-0.046,0.046,0.266,0.266
1.076,133.350,53.437,0.023,0.023,0.291,0.291
1.075,133.448,53.517,0.124,0.124,0.313,0.313
1.073,133.611,53.858,0.214,0.214,0.311,0.311
1.072,133.889,53.925,0.349,0.349,0.305,0.305
1.071,133.954,54.031,0.502,0.502,0.307,0.307
1.071,134.346,54.067,0.722,0.722,0.299,0.299
1.069,134.933,54.290,0.926,0.926,0.290,0.290
1.069,135.553,54.384,1.111,1.111,0.275,0.275
1.067,135.929,54.618,1.315,1.315,0.259,0.259
1.064,136.141,55.033,1.547,1.547,0.247,0.247
1.062,136.369,55.286,1.653,1.653,0.243,0.243
1.063,136.369,55.105,1.708,1.708,0.250,0.250
1.065,136.402,54.893,1.758,1.758,0.235,0.235
1.064,136.386,54.997,1.834,1.834,0.229,0.229
1.063,136.402,55.214,1.898,1.898,0.230,0.230
1.061,136.386,55.436,1.940,1.940,0.230,0.230
1.060,136.206,55.603,1.947,1.947,0.235,0.235
1.059,136.010,55.747,1.904,1.904,0.232,0.232
1.057,136.043,55.910,1.885,1.885,0.224,0.224
1.057,136.108,56.018,1.814,1.814,0.243,0.243
1.057,135.668,56.013,1.770,1.770,0.259,0.259
1.056,135.276,56.166,1.665,1.665,0.266,0.266
1.053,135.080,56.543,1.596,1.596,0.273,0.273
1.051,134.688,56.722,1.473,1.473,0.276,0.276
1.050,134.329,56.864,1.341,1.341,0.285,0.285
1.052,133.742,56.647,1.143,1.143,0.281,0.281
1.052,133.660,56.602,0.942,0.942,0.279,0.279
1.051,133.774,56.788,0.667,0.667,0.276,0.276
1.049,134.068,57.015,0.438,0.438,0.264,0.264
1.048,134.182,57.157,0.197,0.197,0.244,0.244
1.046,134.052,57.415,-0.011,0.011,0.262,0.262
1.046,133.758,57.495,-0.284,0.284,0.240,0.240
1.044,133.481,57.686,-0.523,0.523,0.221,0.221
1.043,133.399,57.810,-0.797,0.797,0.230,0.230
1.043,133.399,57.898,-1.015,1.015,0.232,0.232
1.041,133.644,58.164,-1.199,1.199,0.241,0.241
1.039,133.856,58.425,-1.363,1.363,0.246,0.246
1.039,134.166,58.425,-1.486,1.486,0.264,0.264
1.041,134.378,58.140,-1.579,1.579,0.262,0.262
1.040,134.623,58.292,-1.639,1.639,0.273,0.273
1.039,134.835,58.377,-1.669,1.669,0.264,0.264
1.037,134.933,58.659,-1.668,1.668,0.270,0.270
1.035,134.917,58.882,-1.656,1.656,0.259,0.259
1.035,134.900,58.972,-1.573,1.573,0.250,0.250
1.034,134.917,59.070,-1.431,1.431,0.238,0.238
1.033,135.064,59.196,-1.244,1.244,0.247,0.247
1.031,135.325,59.402,-1.059,1.059,0.247,0.247
1.030,135.406,59.590,-0.812,0.812,0.246,0.246
1.028,135.243,59.932,-0.603,0.603,0.249,0.249
1.026,134.966,60.187,-0.389,0.389,0.243,0.243
1.025,134.688,60.263,-0.253,0.253,0.255,0.255
1.026,134.297,60.138,-0.114,0.114,0.258,0.258
1.028,133.954,59.893,0.000,0.000,0.250,0.250
1.027,133.660,60.035,0.160,0.160,0.246,0.246
1.025,133.481,60.217,0.264,0.264,0.246,0.246
1.024,133.432,60.465,0.435,0.435,0.249,0.249
1.023,133.595,60.571,0.536,0.536,0.264,0.264
1.022,134.036,60.713,0.716,0.716,0.252,0.252
1.020,134.378,60.891,0.870,0.870,0.247,0.247
1.020,134.705,60.989,1.076,1.076,0.267,0.267
1.018,134.852,61.150,1.199,1.199,0.287,0.287
1.017,134.917,61.338,1.299,1.299,0.291,0.291
1.014,134.933,61.812,1.355,1.355,0.298,0.298
1.012,135.096,61.965,1.404,1.404,0.298,0.298
1.014,135.308,61.687,1.407,1.407,0.317,0.317
1.015,135.602,61.624,1.412,1.412,0.334,0.334
1.015,136.059,61.660,1.384,1.384,0.327,0.327
1.012,136.320,62.003,1.491,1.491,0.327,0.327
1.010,136.435,62.288,1.570,1.570,0.319,0.319
1.009,136.418,62.369,1.711,1.711,0.320,0.320
1.009,136.239,62.374,1.788,1.788,0.291,0.291
1.009,135.945,62.487,1.804,1.804,0.299,0.299
1.007,135.684,62.662,1.790,1.790,0.302,0.302
1.006,135.439,62.806,1.747,1.747,0.293,0.293
1.005,135.325,63.040,1.648,1.648,0.291,0.291
1.003,135.374,63.282,1.590,1.590,0.285,0.285
1.000,135.374,63.664,1.471,1.471,0.291,0.291
1.003,135.390,63.197,1.293,1.293,0.279,0.279
1.003,135.374,63.224,1.111,1.111,0.275,0.275
1.003,135.423,63.300,0.891,0.891,0.272,0.272
1.000,135.570,63.677,0.649,0.649,0.282,0.282
0.999,135.847,63.817,0.369,0.369,0.285,0.285
0.998,136.124,63.975,0.099,0.099,0.328,0.328
0.997,136.549,64.092,-0.180,0.180,0.310,0.310
0.996,136.973,64.215,-0.424,0.424,0.314,0.314
0.994,137.348,64.406,-0.703,0.703,0.316,0.316
0.993,137.610,64.661,-0.931,0.931,0.307,0.307
0.990,137.838,64.967,-1.161,1.161,0.288,0.288
0.990,138.067,64.985,-1.315,1.315,0.264,0.264
0.991,138.295,64.816,-1.503,1.503,0.237,0.237
0.992,138.409,64.756,-1.628,1.628,0.201,0.201
0.991,138.556,64.853,-1.772,1.772,0.165,0.165
0.989,138.915,65.138,-1.840,1.840,0.133,0.133
0.987,139.274,65.373,-1.918,1.918,0.096,0.096
0.987,139.568,65.489,-1.921,1.921,0.072,0.072
0.985,139.780,65.716,-1.909,1.909,0.052,0.052
0.985,139.829,65.771,-1.827,1.827,0.038,0.038
0.983,139.650,65.975,-1.764,1.764,0.044,0.044
0.983,139.176,65.994,-1.616,1.616,0.052,0.052
0.981,138.687,66.279,-1.502,1.502,0.066,0.066
0.979,138.344,66.555,-1.401,1.401,0.056,0.056
0.976,138.295,67.013,-1.317,1.317,0.066,0.066
0.975,138.360,67.091,-1.204,1.204,0.095,0.095
0.977,138.491,66.867,-1.094,1.094,0.098,0.098
0.979,138.768,66.568,-0.948,0.948,0.119,0.119
0.978,138.850,66.697,-0.765,0.765,0.136,0.136
0.977,139.046,66.826,-0.493,0.493,0.146,0.146
0.975,139.258,67.043,-0.206,0.206,0.150,0.150
0.973,139.340,67.407,0.090,0.090,0.172,0.172
0.972,139.356,67.495,0.382,0.382,0.185,0.185
0.972,139.323,67.528,0.714,0.714,0.189,0.189
0.971,139.503,67.726,1.079,1.079,0.206,0.206
0.969,139.731,67.902,1.363,1.363,0.212,0.212
0.968,139.862,68.111,1.605,1.605,0.223,0.223
0.965,139.862,68.491,1.764,1.764,0.240,0.240
0.964,139.862,68.700,1.921,1.921,0.266,0.266
0.964,139.829,68.616,2.019,2.019,0.261,0.261
0.965,139.829,68.450,2.088,2.088,0.273,0.273
0.965,140.009,68.459,2.065,2.065,0.288,0.288
0.964,140.204,68.635,2.095,2.095,0.307,0.307
0.962,140.351,68.961,2.016,2.016,0.317,0.317
0.962,140.580,68.989,1.970,1.970,0.322,0.322
0.961,140.906,69.092,1.824,1.824,0.310,0.310
0.959,141.265,69.326,1.683,1.683,0.343,0.343
0.959,141.526,69.363,1.512,1.512,0.356,0.356
0.958,141.559,69.490,1.315,1.315,0.359,0.359
0.956,141.396,69.842,1.138,1.138,0.368,0.368
0.952,141.102,70.273,0.971,0.971,0.356,0.356
0.951,141.037,70.408,0.838,0.838,0.378,0.378
0.951,140.988,70.455,0.685,0.685,0.391,0.391
0.954,141.069,70.118,0.505,0.505,0.388,0.388
0.953,141.037,70.212,0.320,0.320,0.383,0.383
0.951,140.857,70.427,0.148,0.148,0.395,0.395
0.950,140.596,70.684,-0.063,0.063,0.406,0.406
0.949,140.368,70.800,-0.221,0.221,0.433,0.433
0.948,140.090,70.939,-0.383,0.383,0.412,0.412
0.947,139.894,71.093,-0.468,0.468,0.406,0.406
0.946,139.943,71.181,-0.606,0.606,0.410,0.410
0.946,140.400,71.195,-0.664,0.664,0.404,0.404
0.944,140.923,71.428,-0.758,0.758,0.392,0.392
0.941,141.494,71.821,-0.806,0.806,0.378,0.378
0.939,142.163,72.198,-0.879,0.879,0.322,0.322
0.939,143.077,72.212,-0.897,0.897,0.304,0.304
0.942,143.876,71.765,-0.940,0.940,0.269,0.269
0.941,144.464,71.937,-0.955,0.955,0.195,0.195
0.940,144.741,72.085,-0.919,0.919,0.139,0.139
0.939,144.790,72.220,-0.884,0.884,0.087,0.087
0.937,144.758,72.469,-0.890,0.890,0.072,0.072
0.936,144.725,72.623,-0.871,0.871,0.044,0.044
0.934,144.725,72.863,-0.845,0.845,0.047,0.047
0.934,144.741,72.887,-0.810,0.810,0.038,0.038
0.932,144.758,73.127,-0.780,0.780,0.038,0.038
0.932,144.741,73.199,-0.732,0.732,0.037,0.037
0.928,144.546,73.703,-0.676,0.676,0.078,0.078
0.926,144.138,74.066,-0.606,0.606,0.060,0.060
0.926,143.615,74.114,-0.525,0.525,0.058,0.058
0.929,143.077,73.681,-0.450,0.450,0.079,0.079
0.929,142.571,73.620,-0.363,0.363,0.096,0.096
0.927,142.310,73.851,-0.226,0.226,0.110,0.110
0.926,142.261,74.035,-0.011,0.011,0.136,0.136
0.925,142.457,74.234,0.194,0.194,0.148,0.148
0.923,142.701,74.409,0.436,0.436,0.171,0.171
0.922,142.767,74.598,0.647,0.647,0.197,0.197
0.921,142.620,74.693,0.923,0.923,0.203,0.203
0.921,142.391,74.763,1.108,1.108,0.220,0.220
0.920,142.277,74.948,1.312,1.312,0.227,0.227
0.918,142.277,75.160,1.430,1.430,0.246,0.246
0.915,142.473,75.589,1.553,1.553,0.255,0.255
0.914,142.865,75.731,1.634,1.634,0.275,0.275
0.917,143.403,75.356,1.750,1.750,0.285,0.285
0.916,143.746,75.475,1.724,1.724,0.293,0.293
0.916,143.615,75.447,1.743,1.743,0.295,0.295
0.915,143.191,75.637,1.711,1.711,0.291,0.291
0.913,142.620,75.902,1.645,1.645,0.307,0.307
0.911,142.081,76.186,1.564,1.564,0.322,0.322
0.911,141.608,76.242,1.477,1.477,0.319,0.319
0.909,141.118,76.453,1.349,1.349,0.324,0.324
0.909,140.629,76.495,1.213,1.213,0.327,0.327
0.908,140.139,76.607,1.048,1.048,0.334,0.334
0.905,139.666,76.964,0.891,0.891,0.342,0.342
0.903,139.552,77.297,0.731,0.731,0.313,0.313
0.903,139.862,77.367,0.540,0.540,0.291,0.291
0.901,140.204,77.641,0.360,0.360,0.299,0.299
0.904,140.221,77.139,0.139,0.139,0.310,0.310
0.902,140.123,77.394,-0.056,0.056,0.310,0.310
0.903,140.221,77.376,-0.261,0.261,0.316,0.316
0.899,140.678,77.925,-0.398,0.398,0.337,0.337
0.899,141.559,77.935,-0.549,0.549,0.328,0.328
0.898,142.391,77.968,-0.615,0.615,0.334,0.334
0.897,143.044,78.114,-0.707,0.707,0.324,0.324
0.897,143.501,78.200,-0.732,0.732,0.334,0.334
0.895,143.730,78.381,-0.784,0.784,0.340,0.340
0.894,143.828,78.595,-0.777,0.777,0.334,0.334
0.891,143.550,79.010,-0.777,0.777,0.325,0.325
0.890,143.338,79.134,-0.745,0.745,0.336,0.336
0.891,143.044,79.048,-0.699,0.699,0.343,0.343
0.891,142.816,79.072,-0.603,0.603,0.336,0.336
0.892,142.734,78.868,-0.484,0.484,0.337,0.337
0.891,142.734,79.048,-0.378,0.378,0.319,0.319
0.888,142.767,79.399,-0.324,0.324,0.325,0.325
0.886,142.571,79.701,-0.264,0.264,0.293,0.293
0.886,142.179,79.763,-0.188,0.188,0.290,0.290
0.885,141.641,79.829,-0.119,0.119,0.282,0.282
0.883,141.151,80.176,-0.038,0.038,0.269,0.269
0.883,140.955,80.199,0.038,0.038,0.267,0.267
0.883,141.167,80.218,0.156,0.156,0.270,0.270
0.880,141.494,80.536,0.255,0.255,0.285,0.285
0.877,141.967,80.941,0.418,0.418,0.305,0.305
0.876,142.440,81.082,0.514,0.514,0.304,0.304
0.880,142.750,80.637,0.757,0.757,0.291,0.291
0.880,142.832,80.571,1.015,1.015,0.290,0.290
0.877,142.767,81.016,1.294,1.294,0.285,0.285
0.875,142.604,81.295,1.485,1.485,0.304,0.304
0.874,142.326,81.428,1.761,1.761,0.282,0.282
0.874,142.293,81.456,1.885,1.885,0.278,0.278
0.873,142.440,81.635,2.011,2.011,0.279,0.279
0.871,142.897,81.796,2.033,2.033,0.273,0.273
0.871,143.420,81.887,2.027,2.027,0.262,0.262
0.870,143.762,82.048,1.987,1.987,0.252,0.252
0.867,143.860,82.482,1.955,1.955,0.238,0.238
0.864,143.779,82.907,1.938,1.938,0.244,0.244
0.865,143.566,82.754,1.866,1.866,0.243,0.243
0.866,143.142,82.531,1.753,1.753,0.240,0.240
0.867,142.636,82.370,1.589,1.589,0.233,0.233
0.867,142.114,82.469,1.369,1.369,0.229,0.229
0.864,141.836,82.860,1.157,1.157,0.246,0.246
0.863,141.526,83.043,0.906,0.906,0.235,0.235
0.862,141.331,83.203,0.641,0.641,0.261,0.261
0.860,141.037,83.437,0.426,0.426,0.266,0.266
0.859,140.841,83.581,0.139,0.139,0.259,0.259
0.859,140.743,83.595,-0.140,0.140,0.237,0.237
0.858,140.580,83.749,-0.404,0.404,0.226,0.226
0.856,140.368,83.964,-0.650,0.650,0.230,0.230
0.853,140.302,84.396,-0.856,0.856,0.230,0.230
0.852,140.449,84.531,-0.981,0.981,0.232,0.232
0.854,140.710,84.238,-1.129,1.129,0.235,0.235
0.854,141.004,84.256,-1.183,1.183,0.243,0.243
0.853,141.233,84.359,-1.280,1.280,0.244,0.244
0.852,141.331,84.514,-1.335,1.335,0.261,0.261
0.851,141.298,84.734,-1.445,1.445,0.229,0.229
0.849,141.265,84.926,-1.488,1.488,0.214,0.214
0.848,141.102,85.086,-1.534,1.534,0.211,0.211
0.848,140.661,85.090,-1.529,1.529,0.200,0.200
0.846,140.172,85.351,-1.546,1.546,0.192,0.192
0.846,139.845,85.379,-1.503,1.503,0.180,0.180
0.844,139.568,85.722,-1.444,1.444,0.183,0.183
0.841,139.176,86.068,-1.341,1.341,0.166,0.166
0.839,138.687,86.386,-1.225,1.225,0.168,0.168
0.841,138.393,86.120,-1.064,1.064,0.156,0.156
0.842,138.262,85.945,-0.884,0.884,0.159,0.159
0.842,138.311,85.950,-0.711,0.711,0.162,0.162
0.838,138.148,86.473,-0.545,0.545,0.175,0.175
0.839,138.116,86.441,-0.418,0.418,0.189,0.189
0.836,138.230,86.793,-0.349,0.349,0.188,0.188
0.836,138.556,86.839,-0.342,0.342,0.183,0.183
0.835,138.980,86.876,-0.322,0.322,0.180,0.180
0.835,139.503,86.982,-0.322,0.322,0.182,0.182
0.834,140.156,87.061,-0.301,0.301,0.189,0.189
0.833,140.710,87.201,-0.340,0.340,0.194,0.194
0.829,140.857,87.724,-0.325,0.325,0.208,0.208
0.828,140.890,87.948,-0.337,0.337,0.185,0.185
0.827,140.939,88.037,-0.322,0.322,0.172,0.172
0.830,141.200,87.648,-0.311,0.311,0.183,0.183
0.829,141.331,87.737,-0.238,0.238,0.191,0.191
0.829,141.526,87.822,-0.182,0.182,0.197,0.197
0.827,141.902,88.071,-0.111,0.111,0.197,0.197
0.825,142.228,88.396,-0.061,0.061,0.229,0.229
0.824,142.342,88.537,0.008,0.008,0.211,0.211
0.822,142.342,88.717,0.060,0.060,0.211,0.211
0.822,142.277,88.778,0.110,0.110,0.212,0.212
0.821,142.310,88.953,0.179,0.179,0.223,0.223
0.820,142.457,89.057,0.272,0.272,0.232,0.232
0.819,142.685,89.222,0.362,0.362,0.243,0.243
0.816,142.767,89.681,0.423,0.423,0.275,0.275
0.814,142.799,89.961,0.507,0.507,0.267,0.267
0.816,142.750,89.591,0.586,0.586,0.264,0.264
0.818,142.571,89.359,0.714,0.714,0.272,0.272
0.817,142.147,89.468,0.865,0.865,0.281,0.281
0.814,141.853,89.864,1.032,1.032,0.288,0.288
0.812,141.722,90.150,1.155,1.155,0.304,0.304
0.812,141.788,90.244,1.282,1.282,0.336,0.336
0.809,141.983,90.564,1.373,1.373,0.322,0.322
0.810,142.196,90.527,1.483,1.483,0.310,0.310
0.809,142.130,90.640,1.505,1.505,0.316,0.316
0.808,141.918,90.791,1.607,1.607,0.307,0.307
0.804,141.788,91.289,1.679,1.679,0.310,0.310
0.802,141.739,91.651,1.799,1.799,0.314,0.314
0.801,141.608,91.745,1.891,1.891,0.346,0.346
0.804,141.380,91.318,2.013,2.013,0.340,0.340
0.805,141.477,91.149,2.127,2.127,0.343,0.343
0.804,141.869,91.389,2.274,2.274,0.340,0.340
0.802,142.424,91.559,2.327,2.327,0.356,0.356
0.801,142.783,91.790,2.281,2.281,0.356,0.356
0.800,143.060,91.876,2.234,2.234,0.362,0.362
0.798,143.420,92.132,2.178,2.178,0.377,0.377
0.799,143.713,92.085,2.118,2.118,0.362,0.362
0.796,143.974,92.409,2.007,2.007,0.354,0.354
0.796,144.203,92.428,1.906,1.906,0.363,0.363
0.794,144.464,92.782,1.755,1.755,0.356,0.356
0.791,144.709,93.175,1.637,1.637,0.366,0.366
0.790,144.986,93.401,1.488,1.488,0.391,0.391
0.789,145.198,93.526,1.318,1.318,0.395,0.395
0.791,145.443,93.247,1.085,1.085,0.401,0.401
0.792,145.623,93.020,0.867,0.867,0.404,0.404
0.790,145.574,93.377,0.645,0.645,0.385,0.385
0.788,145.378,93.642,0.430,0.430,0.378,0.378
0.788,145.198,93.585,0.124,0.124,0.353,0.353
0.787,145.019,93.777,-0.175,0.175,0.339,0.339
0.786,144.807,93.979,-0.458,0.458,0.293,0.293
0.784,144.937,94.147,-0.707,0.707,0.296,0.296
0.784,145.149,94.229,-0.949,0.949,0.284,0.284
0.783,145.443,94.349,-1.170,1.170,0.249,0.249
0.780,145.623,94.817,-1.346,1.346,0.227,0.227
0.778,145.786,95.141,-1.471,1.471,0.197,0.197
0.775,145.770,95.451,-1.622,1.622,0.185,0.185
0.780,145.704,94.851,-1.738,1.738,0.146,0.146
0.779,145.574,94.875,-1.920,1.920,0.157,0.157
0.780,145.117,94.847,-2.004,2.004,0.139,0.139
0.777,144.790,95.231,-2.103,2.103,0.124,0.124
0.775,144.823,95.495,-2.161,2.161,0.098,0.098
0.773,144.905,95.788,-2.170,2.170,0.087,0.087
0.773,144.692,95.831,-2.130,2.130,0.081,0.081
0.773,144.562,95.788,-2.066,2.066,0.060,0.060
0.772,144.611,95.951,-2.020,2.020,0.061,0.061
0.771,144.562,96.100,-1.944,1.944,0.060,0.060
0.767,144.497,96.598,-1.908,1.908,0.053,0.053
0.766,144.301,96.780,-1.851,1.851,0.056,0.056
0.764,143.746,97.167,-1.799,1.799,0.058,0.058
0.767,143.289,96.706,-1.723,1.723,0.070,0.070
0.768,143.044,96.468,-1.639,1.639,0.090,0.090
0.766,143.028,96.819,-1.521,1.521,0.105,0.105
0.766,143.517,96.881,-1.416,1.416,0.127,0.127
0.763,144.089,97.301,-1.198,1.198,0.150,0.150
0.762,144.170,97.411,-0.993,0.993,0.179,0.179
0.760,144.105,97.659,-0.703,0.703,0.217,0.217
0.759,143.942,97.755,-0.447,0.447,0.217,0.217
0.759,143.828,97.764,-0.140,0.140,0.224,0.224
0.757,143.566,98.098,0.131,0.131,0.247,0.247
0.756,143.322,98.302,0.423,0.423,0.259,0.259
0.754,143.256,98.583,0.653,0.653,0.273,0.273
0.752,143.207,98.844,0.847,0.847,0.255,0.255
0.752,143.256,98.882,1.105,1.105,0.276,0.276
0.755,143.256,98.402,1.383,1.383,0.269,0.269
0.755,143.273,98.383,1.648,1.648,0.275,0.275
0.753,143.452,98.654,1.834,1.834,0.276,0.276
0.752,143.681,98.892,2.017,2.017,0.290,0.290
0.751,144.007,99.002,2.176,2.176,0.310,0.310
0.749,144.399,99.293,2.330,2.330,0.317,0.317
0.748,144.921,99.437,2.498,2.498,0.316,0.316
0.747,145.215,99.529,2.715,2.715,0.334,0.334
0.747,145.508,99.606,2.918,2.918,0.363,0.363
0.745,145.868,99.814,3.084,3.084,0.357,0.357
0.742,146.161,100.269,3.160,3.160,0.356,0.356
0.739,146.292,100.671,3.197,3.197,0.362,0.362
0.738,146.243,100.933,3.119,3.119,0.366,0.366
0.741,146.031,100.386,3.090,3.090,0.351,0.351
0.743,145.606,100.139,2.953,2.953,0.363,0.363
0.741,145.296,100.424,2.800,2.800,0.366,0.366
0.739,145.198,100.650,2.553,2.553,0.360,0.360
0.737,145.231,100.973,2.324,2.324,0.362,0.362
0.737,145.264,101.074,2.001,2.001,0.365,0.365
0.736,145.280,101.141,1.682,1.682,0.369,0.369
0.734,145.247,101.382,1.328,1.328,0.372,0.372
0.734,145.068,101.488,0.996,0.996,0.377,0.377
0.732,144.823,101.743,0.606,0.606,0.386,0.386
0.729,144.725,102.136,0.233,0.233,0.383,0.383
0.727,144.905,102.448,-0.108,0.108,0.382,0.382
0.726,145.378,102.670,-0.401,0.401,0.357,0.357
0.730,145.868,102.028,-0.682,0.682,0.359,0.359
0.729,146.618,102.139,-0.958,0.958,0.356,0.356
0.728,147.320,102.305,-1.161,1.161,0.328,0.328
0.727,147.859,102.422,-1.372,1.372,0.299,0.299
0.725,148.234,102.717,-1.550,1.550,0.270,0.270
0.725,148.283,102.796,-1.729,1.729,0.249,0.249
0.723,148.218,102.982,-1.877,1.877,0.237,0.237
0.722,148.364,103.184,-1.947,1.947,0.189,0.189
0.722,148.593,103.258,-1.894,1.894,0.154,0.154
0.721,148.675,103.287,-1.903,1.903,0.139,0.139
0.719,148.528,103.687,-1.879,1.879,0.118,0.118
0.715,148.267,104.243,-1.842,1.842,0.110,0.110
0.714,147.973,104.351,-1.784,1.784,0.107,0.107
0.713,147.728,104.512,-1.727,1.727,0.110,0.110
0.717,147.451,103.950,-1.660,1.660,0.098,0.098
0.717,147.043,103.964,-1.602,1.602,0.108,0.108
0.716,146.569,104.130,-1.511,1.511,0.099,0.099
0.713,146.210,104.465,-1.373,1.373,0.108,0.108
0.712,145.998,104.741,-1.228,1.228,0.099,0.099
0.711,145.965,104.857,-1.145,1.145,0.122,0.122
0.710,146.112,104.983,-1.041,1.041,0.108,0.108
0.710,146.227,104.939,-0.903,0.903,0.166,0.166
0.709,146.243,105.114,-0.714,0.714,0.189,0.189
0.708,146.227,105.216,-0.504,0.504,0.197,0.197
0.705,146.210,105.744,-0.310,0.310,0.204,0.204
0.702,146.227,106.132,-0.067,0.067,0.221,0.221
0.701,146.373,106.307,0.175,0.175,0.241,0.241
0.705,146.618,105.709,0.542,0.542,0.249,0.249
0.705,146.716,105.748,0.943,0.943,0.261,0.261
0.704,146.912,105.894,1.273,1.273,0.270,0.270
0.702,147.320,106.158,1.531,1.531,0.278,0.278
0.700,147.402,106.427,1.753,1.753,0.279,0.279
0.699,147.124,106.573,1.854,1.854,0.291,0.291
0.698,146.406,106.700,1.888,1.888,0.295,0.295
0.697,145.606,106.811,1.856,1.856,0.291,0.291
0.695,145.019,107.095,1.790,1.790,0.293,0.293
0.694,144.709,107.278,1.677,1.677,0.298,0.298
0.691,144.709,107.719,1.576,1.576,0.298,0.298
0.690,144.725,107.935,1.421,1.421,0.304,0.304
0.691,144.578,107.758,1.277,1.277,0.322,0.322
0.694,144.333,107.360,1.116,1.116,0.313,0.313
0.693,144.023,107.518,1.007,1.007,0.310,0.310
0.692,143.632,107.599,0.881,0.881,0.325,0.325
0.689,143.273,108.018,0.792,0.792,0.331,0.331
0.688,143.028,108.217,0.659,0.659,0.340,0.340
0.686,142.799,108.421,0.523,0.523,0.337,0.337
0.686,142.946,108.426,0.368,0.368,0.343,0.343
0.685,143.354,108.653,0.214,0.214,0.346,0.346
0.684,143.893,108.801,0.146,0.146,0.343,0.343
0.683,144.252,108.858,0.047,0.047,0.331,0.331
0.679,144.497,109.462,0.008,0.008,0.324,0.324
0.677,144.709,109.821,-0.073,0.073,0.317,0.317
0.676,144.725,109.850,-0.101,0.101,0.304,0.304
0.677,144.595,109.816,-0.179,0.179,0.276,0.276
0.680,144.138,109.323,-0.203,0.203,0.284,0.284
0.680,143.828,109.347,-0.217,0.217,0.276,0.276
0.678,143.681,109.628,-0.154,0.154,0.250,0.250
0.676,143.550,109.886,-0.116,0.116,0.240,0.240
0.674,143.534,110.109,-0.070,0.070,0.227,0.227
0.674,143.485,110.233,-0.081,0.081,0.220,0.220
0.673,143.371,110.390,-0.133,0.133,0.218,0.218
0.672,143.224,110.490,-0.183,0.183,0.209,0.209
0.671,143.060,110.590,-0.249,0.249,0.211,0.211
0.669,142.832,110.945,-0.357,0.357,0.203,0.203
0.667,142.571,111.248,-0.475,0.475,0.191,0.191
0.664,142.342,111.626,-0.575,0.575,0.218,0.218
0.665,142.440,111.465,-0.584,0.584,0.203,0.203
0.667,142.685,111.210,-0.531,0.531,0.215,0.215
0.667,142.995,111.115,-0.490,0.490,0.224,0.224
0.665,143.583,111.529,-0.385,0.385,0.237,0.237
0.663,144.154,111.762,-0.247,0.247,0.243,0.243
0.662,144.529,111.916,-0.052,0.052,0.246,0.246
0.662,144.725,111.944,0.252,0.252,0.240,0.240
0.661,144.970,112.036,0.613,0.613,0.247,0.247
0.660,145.378,112.127,0.874,0.874,0.261,0.261
0.659,145.688,112.393,1.131,1.131,0.259,0.259
0.657,146.145,112.659,1.402,1.402,0.262,0.262
0.653,146.765,113.203,1.679,1.679,0.261,0.261
0.652,147.402,113.432,1.825,1.825,0.266,0.266
0.654,147.663,113.138,1.961,1.961,0.264,0.264
0.654,147.565,113.031,2.052,2.052,0.273,0.273
0.655,147.271,112.928,2.130,2.130,0.273,0.273
0.653,146.961,113.226,2.132,2.132,0.275,0.275
0.651,146.341,113.478,2.153,2.153,0.267,0.267
0.650,145.672,113.696,2.153,2.153,0.272,0.272
0.648,145.035,113.908,2.129,2.129,0.266,0.266
0.648,144.546,113.923,2.008,2.008,0.267,0.267
0.646,144.056,114.181,1.879,1.879,0.275,0.275
0.646,143.811,114.229,1.668,1.668,0.291,0.291
0.645,143.697,114.381,1.425,1.425,0.291,0.291
0.642,143.566,114.763,1.158,1.158,0.305,0.305
0.640,143.354,115.057,0.841,0.841,0.307,0.307
0.639,143.240,115.252,0.555,0.555,0.343,0.343
0.640,143.420,115.029,0.255,0.255,0.342,0.342
0.642,143.860,114.772,0.008,0.008,0.345,0.345
0.642,144.399,114.824,-0.270,0.270,0.346,0.346
0.640,144.937,115.088,-0.499,0.499,0.327,0.327
0.638,145.606,115.430,-0.751,0.751,0.305,0.305
0.636,146.308,115.619,-0.989,0.989,0.304,0.304
0.635,146.879,115.775,-1.228,1.228,0.270,0.270
0.634,147.385,115.965,-1.389,1.389,0.243,0.243
0.634,147.679,116.023,-1.576,1.576,0.238,0.238
0.632,147.761,116.215,-1.682,1.682,0.218,0.218
0.631,147.908,116.460,-1.752,1.752,0.200,0.200
0.629,148.283,116.754,-1.772,1.772,0.179,0.179
0.627,148.593,116.981,-1.842,1.842,0.156,0.156
0.625,148.675,117.276,-1.879,1.879,0.175,0.175
0.630,148.348,116.493,-1.932,1.932,0.177,0.177
0.630,147.826,116.621,-1.947,1.947,0.171,0.171
0.627,147.402,117.003,-1.990,1.990,0.172,0.172
0.625,146.798,117.271,-1.958,1.958,0.162,0.162
0.624,146.129,117.378,-1.927,1.927,0.166,0.166
0.623,145.704,117.552,-1.810,1.810,0.150,0.150
0.623,145.672,117.605,-1.708,1.708,0.168,0.168
0.622,145.868,117.779,-1.590,1.590,0.172,0.172
0.620,146.145,118.007,-1.488,1.488,0.180,0.180
0.618,146.439,118.351,-1.332,1.332,0.188,0.188
0.616,146.814,118.687,-1.152,1.152,0.211,0.211
0.614,146.994,118.950,-0.911,0.911,0.206,0.206
0.617,146.814,118.395,-0.639,0.639,0.214,0.214
0.617,146.520,118.419,-0.360,0.360,0.215,0.215
0.618,146.227,118.370,-0.017,0.017,0.241,0.241
0.617,145.998,118.521,0.333,0.333,0.240,0.240
0.614,145.753,118.951,0.690,0.690,0.250,0.250
0.613,145.721,119.091,1.038,1.038,0.256,0.256
0.611,145.868,119.294,1.308,1.308,0.279,0.279
0.611,145.753,119.299,1.544,1.544,0.291,0.291
0.609,145.427,119.565,1.845,1.845,0.298,0.298
0.609,144.823,119.690,2.251,2.251,0.305,0.305
0.607,144.170,119.977,2.721,2.721,0.304,0.304
0.605,143.566,120.259,3.040,3.040,0.317,0.317
0.602,143.256,120.687,3.305,3.305,0.327,0.327
0.604,143.028,120.364,3.473,3.473,0.305,0.305
0.605,142.832,120.193,3.597,3.597,0.316,0.316
0.605,142.767,120.264,3.630,3.630,0.322,0.322
0.603,142.734,120.558,3.716,3.716,0.324,0.324
0.601,142.587,120.780,3.719,3.719,0.356,0.356
0.599,142.359,121.035,3.693,3.693,0.330,0.330
0.599,142.081,121.035,3.572,3.572,0.331,0.331
0.599,141.673,121.130,3.458,3.458,0.330,0.330
0.597,141.331,121.411,3.241,3.241,0.345,0.345
0.597,141.037,121.364,2.960,2.960,0.333,0.333
0.595,140.874,121.701,2.642,2.642,0.351,0.351
0.592,140.906,122.047,2.300,2.300,0.337,0.337
0.590,141.004,122.276,1.872,1.872,0.363,0.363
0.589,140.874,122.425,1.404,1.404,0.375,0.375
0.593,140.808,121.925,0.958,0.958,0.375,0.375
0.593,140.547,121.944,0.502,0.502,0.369,0.369
0.591,140.204,122.228,0.056,0.056,0.363,0.363
0.588,139.878,122.637,-0.349,0.349,0.345,0.345
0.588,139.584,122.651,-0.778,0.778,0.302,0.302
0.587,139.568,122.766,-1.183,1.183,0.279,0.279
0.586,139.731,122.836,-1.538,1.538,0.258,0.258
0.585,139.845,123.017,-1.892,1.892,0.221,0.221
0.583,140.025,123.337,-2.123,2.123,0.198,0.198
0.581,140.253,123.541,-2.367,2.367,0.165,0.165
0.579,140.335,123.937,-2.542,2.542,0.153,0.153
0.579,140.335,123.825,-2.725,2.725,0.134,0.134
0.582,140.286,123.467,-2.837,2.837,0.104,0.104
0.581,140.123,123.536,-2.951,2.951,0.084,0.084
0.580,139.911,123.783,-3.006,3.006,0.078,0.078
0.578,139.992,123.977,-3.031,3.031,0.070,0.070
0.577,140.400,124.131,-2.971,2.971,0.084,0.084
0.576,140.923,124.299,-2.931,2.931,0.076,0.076
0.575,141.477,124.491,-2.861,2.861,0.073,0.073
0.575,141.788,124.458,-2.829,2.829,0.089,0.089
0.573,141.869,124.693,-2.732,2.732,0.093,0.093
0.571,141.836,124.938,-2.657,2.657,0.093,0.093
0.569,141.771,125.243,-2.538,2.538,0.102,0.102
0.566,141.788,125.685,-2.382,2.382,0.110,0.110
0.565,141.820,125.784,-2.165,2.165,0.127,0.127
0.568,141.967,125.417,-1.964,1.964,0.140,0.140
0.570,142.212,125.163,-1.744,1.744,0.162,0.162
0.568,142.326,125.431,-1.508,1.508,0.169,0.169
0.566,142.506,125.644,-1.238,1.238,0.177,0.177
0.564,142.701,125.932,-0.971,0.971,0.192,0.192
0.564,142.783,126.046,-0.659,0.659,0.180,0.180
0.562,142.995,126.250,-0.397,0.397,0.204,0.204
0.563,143.175,126.207,-0.194,0.194,0.200,0.200
0.561,143.273,126.426,-0.005,0.005,0.223,0.223
0.560,143.468,126.611,0.154,0.154,0.223,0.223
0.558,143.664,126.811,0.299,0.299,0.261,0.261
0.556,143.795,127.130,0.432,0.432,0.244,0.244
0.553,143.599,127.512,0.565,0.565,0.244,0.244
0.553,143.338,127.611,0.736,0.736,0.266,0.266
0.556,143.207,127.179,0.957,0.957,0.284,0.284
0.555,143.012,127.236,1.192,1.192,0.295,0.295
0.554,142.669,127.501,1.465,1.465,0.304,0.304
0.554,142.326,127.468,1.708,1.708,0.316,0.316
0.551,142.032,127.827,2.033,2.033,0.339,0.339
0.551,141.820,127.897,2.284,2.284,0.362,0.362
0.550,141.804,128.048,2.539,2.539,0.365,0.365
0.549,141.755,128.142,2.727,2.727,0.377,0.377
0.547,141.804,128.452,2.974,2.974,0.386,0.386
0.546,141.788,128.584,3.104,3.104,0.403,0.403
0.543,141.820,128.983,3.238,3.238,0.398,0.398
0.542,141.771,129.186,3.278,3.278,0.404,0.404
0.542,141.820,129.143,3.365,3.365,0.407,0.407
0.544,141.820,128.837,3.421,3.421,0.409,0.409
0.542,141.820,129.068,3.426,3.426,0.406,0.406
0.541,141.983,129.299,3.359,3.359,0.392,0.392
0.539,142.212,129.506,3.282,3.282,0.409,0.409
0.538,142.473,129.638,3.102,3.102,0.418,0.418
0.537,142.522,129.836,2.909,2.909,0.407,0.407
0.537,142.391,129.884,2.629,2.629,0.404,0.404
0.537,142.440,129.846,2.347,2.347,0.410,0.410
0.536,142.636,129.964,2.056,2.056,0.410,0.410
0.534,142.767,130.291,1.763,1.763,0.420,0.420
0.531,142.783,130.655,1.463,1.463,0.406,0.406
0.530,142.767,130.882,1.141,1.141,0.401,0.401
0.531,142.555,130.660,0.777,0.777,0.391,0.391
0.532,142.342,130.518,0.426,0.426,0.369,0.369
0.530,142.049,130.797,0.047,0.047,0.343,0.343
0.530,141.641,130.834,-0.290,0.290,0.319,0.319
0.528,141.282,131.130,-0.665,0.665,0.317,0.317
0.526,140.841,131.345,-0.975,0.975,0.262,0.262
0.526,140.237,131.447,-1.256,1.256,0.230,0.230
0.525,139.829,131.568,-1.509,1.509,0.197,0.197
0.524,139.535,131.735,-1.729,1.729,0.177,0.177
0.523,139.340,131.818,-1.903,1.903,0.143,0.143
0.522,139.111,131.984,-2.060,2.060,0.134,0.134
0.520,138.883,132.279,-2.231,2.231,0.121,0.121
0.518,138.605,132.551,-2.321,2.321,0.113,0.113
0.516,138.197,132.840,-2.437,2.437,0.118,0.118
0.518,137.903,132.474,-2.489,2.489,0.114,0.114
0.519,137.822,132.346,-2.594,2.594,0.110,0.110
0.518,138.001,132.556,-2.654,2.654,0.111,0.111
0.517,138.458,132.707,-2.695,2.695,0.107,0.107
0.515,138.964,132.988,-2.683,2.683,0.076,0.076
0.514,139.307,133.149,-2.660,2.660,0.078,0.078
0.512,139.584,133.316,-2.568,2.568,0.078,0.078
0.512,139.943,133.413,-2.458,2.458,0.069,0.069
0.511,140.237,133.469,-2.248,2.248,0.069,0.069
0.510,140.547,133.590,-2.030,2.030,0.073,0.073
0.507,140.727,134.024,-1.741,1.741,0.089,0.089
0.505,140.661,134.299,-1.457,1.457,0.113,0.113
0.503,140.221,134.560,-1.135,1.135,0.119,0.119
0.504,139.862,134.481,-0.810,0.810,0.136,0.136
0.508,139.764,133.966,-0.496,0.496,0.154,0.154
0.506,139.764,134.217,-0.238,0.238,0.174,0.174
0.505,139.633,134.383,0.032,0.032,0.200,0.200
0.503,139.372,134.661,0.349,0.349,0.206,0.206
0.502,139.095,134.772,0.671,0.671,0.226,0.226
0.501,138.670,134.956,0.996,0.996,0.250,0.250
0.500,138.197,135.052,1.329,1.329,0.269,0.269
0.498,137.838,135.277,1.604,1.604,0.285,0.285
0.498,137.789,135.363,1.857,1.857,0.301,0.301
0.494,137.838,135.898,2.066,2.066,0.314,0.314
0.491,137.854,136.236,2.257,2.257,0.327,0.327
0.491,137.708,136.291,2.422,2.422,0.345,0.345
0.494,137.430,135.817,2.544,2.544,0.356,0.356
0.494,137.316,135.830,2.674,2.674,0.366,0.366
0.494,137.169,135.931,2.780,2.780,0.380,0.380
0.492,136.924,136.199,2.884,2.884,0.400,0.400
0.491,136.647,136.289,2.953,2.953,0.389,0.389
0.490,136.467,136.389,3.000,3.000,0.404,0.404
0.488,136.369,136.660,2.950,2.950,0.409,0.409
0.488,136.565,136.679,2.860,2.860,0.407,0.407
0.487,136.794,136.805,2.704,2.704,0.395,0.395
0.486,137.087,136.969,2.599,2.599,0.420,0.420
0.484,137.332,137.196,2.432,2.432,0.404,0.404
0.482,137.414,137.556,2.245,2.245,0.401,0.401
0.480,137.512,137.816,1.959,1.959,0.412,0.412
0.478,137.055,138.071,1.662,1.662,0.407,0.407
0.481,136.402,137.618,1.331,1.331,0.409,0.409
0.482,136.043,137.527,1.022,1.022,0.409,0.409
0.479,135.912,137.888,0.711,0.711,0.407,0.407
0.478,136.222,138.118,0.433,0.433,0.401,0.401
0.477,136.745,138.159,0.122,0.122,0.407,0.407
0.476,137.104,138.363,-0.151,0.151,0.383,0.383
0.474,136.973,138.554,-0.429,0.429,0.363,0.363
0.475,136.761,138.482,-0.655,0.655,0.349,0.349
0.474,136.614,138.590,-0.923,0.923,0.343,0.343
0.472,136.418,138.844,-1.117,1.117,0.310,0.310
0.470,136.369,139.147,-1.262,1.262,0.310,0.310
0.467,136.565,139.522,-1.370,1.370,0.293,0.293
0.467,136.810,139.518,-1.454,1.454,0.275,0.275
0.469,136.908,139.273,-1.497,1.497,0.250,0.250
0.470,136.924,139.182,-1.488,1.488,0.218,0.218
0.469,136.875,139.327,-1.497,1.497,0.204,0.204
0.466,136.679,139.726,-1.500,1.500,0.194,0.194
0.464,136.435,140.021,-1.509,1.509,0.160,0.160
0.463,136.010,140.048,-1.495,1.495,0.151,0.151
0.463,135.716,140.143,-1.491,1.491,0.130,0.130
0.462,135.765,140.246,-1.471,1.471,0.113,0.113
0.461,135.847,140.359,-1.489,1.489,0.124,0.124
0.460,135.896,140.489,-1.483,1.483,0.098,0.098
0.456,135.684,140.994,-1.491,1.491,0.095,0.095
0.455,135.260,141.214,-1.445,1.445,0.099,0.099
0.457,134.737,140.887,-1.398,1.398,0.096,0.096
0.457,134.395,140.856,-1.332,1.332,0.098,0.098
0.459,134.150,140.691,-1.270,1.270,0.102,0.102
0.457,133.758,140.904,-1.137,1.137,0.073,0.073
0.454,133.513,141.263,-0.993,0.993,0.111,0.111
0.453,133.366,141.520,-0.803,0.803,0.136,0.136
0.452,133.350,141.591,-0.638,0.638,0.143,0.143
0.451,133.268,141.750,-0.467,0.467,0.150,0.150
0.450,133.024,141.900,-0.340,0.340,0.157,0.157
0.449,132.665,142.010,-0.136,0.136,0.179,0.179
0.449,132.240,142.054,0.015,0.015,0.179,0.179
0.446,131.963,142.417,0.150,0.150,0.192,0.192
0.442,131.865,142.855,0.314,0.314,0.201,0.201
0.441,131.767,143.012,0.607,0.607,0.218,0.218
0.441,131.718,143.004,0.855,0.855,0.237,0.237
0.446,131.865,142.435,1.100,1.100,0.264,0.264
0.444,131.930,142.672,1.389,1.389,0.270,0.270
0.442,131.800,142.916,1.708,1.708,0.279,0.279
0.441,131.506,143.074,2.022,2.022,0.299,0.299
0.440,131.196,143.235,2.257,2.257,0.311,0.311
0.438,130.771,143.404,2.503,2.503,0.319,0.319
0.438,130.135,143.473,2.669,2.669,0.324,0.324
0.437,129.417,143.555,2.841,2.841,0.311,0.311
0.436,128.797,143.654,2.948,2.948,0.336,0.336
0.434,128.307,143.995,3.029,3.029,0.348,0.348
0.430,128.030,144.449,2.968,2.968,0.339,0.339
0.430,127.769,144.445,2.898,2.898,0.348,0.348
0.432,127.556,144.225,2.738,2.738,0.342,0.342
0.432,127.295,144.191,2.593,2.593,0.359,0.359
0.432,126.887,144.212,2.327,2.327,0.369,0.369
0.430,126.398,144.469,2.066,2.066,0.362,0.362
0.427,126.088,144.795,1.770,1.770,0.366,0.366
0.427,125.990,144.791,1.486,1.486,0.368,0.368
0.426,126.251,144.987,1.138,1.138,0.369,0.369
0.425,126.692,145.042,0.853,0.853,0.382,0.382
0.424,127.393,145.173,0.511,0.511,0.363,0.363
0.424,128.144,145.266,0.206,0.206,0.348,0.348
0.422,128.699,145.500,-0.111,0.111,0.351,0.351
0.418,129.009,145.932,-0.385,0.385,0.339,0.339
0.418,129.091,146.013,-0.700,0.700,0.325,0.325
0.417,128.976,146.081,-0.932,0.932,0.311,0.311
0.420,128.797,145.744,-1.132,1.132,0.293,0.293
0.420,128.389,145.718,-1.264,1.264,0.281,0.281
0.417,128.062,146.135,-1.395,1.395,0.285,0.285
0.417,127.785,146.122,-1.473,1.473,0.273,0.273
0.414,127.524,146.444,-1.557,1.557,0.259,0.259
0.414,127.246,146.566,-1.589,1.589,0.237,0.237
0.413,126.708,146.621,-1.618,1.618,0.223,0.223
0.412,126.006,146.713,-1.631,1.631,0.192,0.192
0.412,125.223,146.792,-1.654,1.654,0.166,0.166
0.411,124.292,146.908,-1.705,1.705,0.172,0.172
0.408,123.525,147.229,-1.735,1.735,0.160,0.160
0.406,123.134,147.511,-1.772,1.772,0.160,0.160
0.404,123.052,147.805,-1.776,1.776,0.185,0.185
0.405,123.313,147.641,-1.691,1.691,0.140,0.140
0.406,123.574,147.449,-1.587,1.587,0.127,0.127
0.407,123.884,147.326,-1.470,1.470,0.133,0.133
0.405,124.276,147.684,-1.318,1.318,0.134,0.134
0.403,124.423,147.836,-1.219,1.219,0.137,0.137
0.401,124.423,148.068,-1.112,1.112,0.142,0.142
0.401,124.570,148.076,-1.012,1.012,0.131,0.131
0.401,124.619,148.125,-0.902,0.902,0.142,0.142
0.398,124.635,148.448,-0.798,0.798,0.162,0.162
0.398,124.652,148.444,-0.655,0.655,0.160,0.160
0.396,124.798,148.696,-0.537,0.537,0.168,0.168
0.392,124.847,149.242,-0.377,0.377,0.180,0.180
0.392,124.717,149.308,-0.197,0.197,0.201,0.201
0.394,124.423,148.978,0.012,0.012,0.223,0.223
0.395,124.162,148.846,0.182,0.182,0.238,0.238
0.395,123.868,148.895,0.429,0.429,0.246,0.246
0.392,123.542,149.183,0.673,0.673,0.266,0.266
0.390,123.166,149.457,0.995,0.995,0.282,0.282
0.390,122.922,149.530,1.202,1.202,0.310,0.310
0.390,122.546,149.534,1.456,1.456,0.310,0.310
0.388,122.204,149.737,1.711,1.711,0.314,0.314
0.387,121.926,149.867,2.036,2.036,0.328,0.328
0.386,121.730,149.943,2.312,2.312,0.334,0.334
0.383,121.665,150.311,2.565,2.565,0.333,0.333
0.381,121.649,150.641,2.727,2.727,0.343,0.343
0.378,121.681,150.992,2.806,2.806,0.334,0.334
0.379,121.698,150.819,2.840,2.840,0.337,0.337
0.383,121.714,150.371,2.831,2.831,0.340,0.340
0.383,121.877,150.375,2.797,2.797,0.345,0.345
0.382,122.073,150.517,2.736,2.736,0.325,0.325
0.380,122.204,150.760,2.617,2.617,0.327,0.327
0.378,122.024,150.990,2.423,2.423,0.333,0.333
0.377,121.763,151.075,2.252,2.252,0.325,0.325
0.376,121.436,151.180,2.028,2.028,0.339,0.339
0.374,121.061,151.401,1.790,1.790,0.339,0.339
0.374,120.767,151.409,1.500,1.500,0.339,0.339
0.373,120.637,151.617,1.231,1.231,0.324,0.324
0.370,120.490,151.881,0.945,0.945,0.348,0.348
0.367,120.261,152.324,0.743,0.743,0.311,0.311
0.365,119.984,152.492,0.501,0.501,0.313,0.313
0.365,119.772,152.496,0.269,0.269,0.311,0.311
0.370,119.658,151.932,0.026,0.026,0.307,0.307
0.370,119.690,151.952,-0.200,0.200,0.293,0.293
0.367,119.527,152.329,-0.459,0.459,0.284,0.284
0.366,119.299,152.420,-0.655,0.655,0.256,0.256
0.365,119.005,152.558,-0.829,0.829,0.272,0.272
0.364,118.988,152.653,-0.940,0.940,0.273,0.273
0.363,119.266,152.720,-1.090,1.090,0.264,0.264
0.362,119.641,152.866,-1.195,1.195,0.246,0.246
0.361,119.756,153.033,-1.320,1.320,0.233,0.233
0.359,119.756,153.244,-1.408,1.408,0.221,0.221
0.356,119.478,153.612,-1.538,1.538,0.206,0.206
0.354,119.103,153.806,-1.633,1.633,0.192,0.192
0.355,118.564,153.767,-1.718,1.718,0.185,0.185
0.359,118.254,153.264,-1.790,1.790,0.174,0.174
0.356,117.960,153.593,-1.804,1.804,0.168,0.168
0.355,117.797,153.687,-1.796,1.796,0.175,0.175
0.353,117.503,153.984,-1.758,1.758,0.157,0.157
0.352,117.291,154.124,-1.691,1.691,0.139,0.139
0.351,117.177,154.217,-1.598,1.598,0.140,0.140
0.350,117.014,154.314,-1.517,1.517,0.142,0.142
0.350,116.622,154.314,-1.416,1.416,0.143,0.143
0.349,116.116,154.407,-1.291,1.291,0.145,0.145
0.347,115.773,154.637,-1.157,1.157,0.146,0.146
0.343,115.659,155.071,-1.067,1.067,0.148,0.148
0.342,115.708,155.240,-0.917,0.917,0.151,0.151
0.344,115.773,154.964,-0.801,0.801,0.157,0.157
0.346,115.953,154.787,-0.636,0.636,0.163,0.163
0.345,116.165,154.898,-0.490,0.490,0.171,0.171
0.344,116.279,155.026,-0.279,0.279,0.197,0.197
0.341,116.084,155.372,-0.107,0.107,0.206,0.206
0.339,115.643,155.557,0.104,0.104,0.226,0.226
0.338,115.284,155.645,0.272,0.272,0.246,0.246
0.339,115.023,155.637,0.517,0.517,0.243,0.243
0.337,114.843,155.790,0.726,0.726,0.258,0.258
0.336,114.925,155.965,0.917,0.917,0.275,0.275
0.336,115.153,155.927,1.058,1.058,0.285,0.285
0.332,115.284,156.355,1.265,1.265,0.295,0.295
0.331,115.072,156.557,1.398,1.398,0.307,0.307
0.330,114.680,156.645,1.589,1.589,0.310,0.310
0.330,114.125,156.645,1.672,1.672,0.316,0.316
0.333,113.619,156.267,1.804,1.804,0.327,0.327
0.333,113.130,156.323,1.889,1.889,0.316,0.316
0.330,112.852,156.642,1.935,1.935,0.337,0.337
0.328,112.803,156.840,1.946,1.946,0.340,0.340
0.326,113.195,157.103,1.906,1.906,0.340,0.340
0.326,114.239,157.035,1.814,1.814,0.353,0.353
0.325,115.496,157.229,1.709,1.709,0.368,0.368
0.324,116.867,157.329,1.595,1.595,0.365,0.365
0.324,118.254,157.294,1.468,1.468,0.354,0.354
0.320,119.739,157.795,1.325,1.325,0.369,0.369
0.317,121.224,158.127,1.137,1.137,0.372,0.372
0.317,122.742,158.107,0.951,0.951,0.371,0.371
0.319,124.554,157.848,0.768,0.768,0.366,0.366
0.321,126.675,157.644,0.603,0.603,0.377,0.377
0.320,128.732,157.805,0.441,0.441,0.362,0.362
0.318,130.527,158.037,0.302,0.302,0.357,0.357
0.317,131.865,158.211,0.188,0.188,0.346,0.346
0.315,132.877,158.387,0.050,0.050,0.331,0.331
0.315,133.791,158.431,-0.087,0.087,0.313,0.313
0.314,134.541,158.556,-0.189,0.189,0.295,0.295
0.313,135.145,158.645,-0.304,0.304,0.279,0.279
0.312,135.602,158.852,-0.362,0.362,0.272,0.272
0.309,136.108,159.171,-0.439,0.439,0.261,0.261
0.308,136.924,159.393,-0.511,0.511,0.246,0.246
0.305,137.887,159.744,-0.621,0.621,0.249,0.249
0.308,138.785,159.336,-0.650,0.650,0.233,0.233
0.309,139.699,159.197,-0.714,0.714,0.243,0.243
0.309,140.629,159.216,-0.719,0.719,0.237,0.237
0.308,141.657,159.333,-0.748,0.748,0.208,0.208
0.306,142.652,159.606,-0.720,0.720,0.188,0.188
0.305,143.828,159.811,-0.719,0.719,0.179,0.179
0.303,145.035,160.074,-0.714,0.714,0.160,0.160
0.303,146.308,160.016,-0.716,0.716,0.163,0.163
0.302,147.712,160.201,-0.697,0.697,0.139,0.139
0.302,149.001,160.191,-0.679,0.679,0.153,0.153
0.300,150.274,160.554,-0.629,0.629,0.142,0.142
0.297,151.433,160.909,-0.574,0.574,0.157,0.157
0.295,152.330,161.327,-0.496,0.496,0.143,0.143
0.294,152.885,161.393,-0.436,0.436,0.156,0.156
0.299,153.309,160.733,-0.365,0.365,0.145,0.145
0.298,153.587,160.753,-0.287,0.287,0.175,0.175
0.298,153.652,160.835,-0.221,0.221,0.188,0.188
0.296,153.636,161.125,-0.157,0.157,0.192,0.192
0.294,153.587,161.415,-0.090,0.090,0.201,0.201
0.293,153.571,161.548,0.024,0.024,0.209,0.209
0.293,153.603,161.543,0.095,0.095,0.224,0.224
0.291,153.603,161.828,0.217,0.217,0.238,0.238
0.291,153.587,161.899,0.270,0.270,0.247,0.247
0.290,153.603,162.062,0.385,0.385,0.255,0.255
0.287,153.603,162.485,0.481,0.481,0.269,0.269
0.285,153.603,162.847,0.661,0.661,0.273,0.273
0.287,153.603,162.551,0.830,0.830,0.276,0.276
0.289,153.571,162.286,1.013,1.013,0.279,0.279
0.289,153.652,162.235,1.134,1.134,0.288,0.288
0.288,153.832,162.429,1.260,1.260,0.295,0.295
0.285,154.174,162.858,1.351,1.351,0.298,0.298
0.285,154.713,162.899,1.454,1.454,0.298,0.298
0.284,155.219,162.966,1.483,1.483,0.298,0.298
0.283,155.578,163.095,1.511,1.511,0.298,0.298
0.282,155.823,163.337,1.488,1.488,0.299,0.299
0.282,156.214,163.337,1.445,1.445,0.295,0.295
0.281,156.508,163.508,1.347,1.347,0.291,0.291
0.277,156.590,164.043,1.256,1.256,0.290,0.290
0.277,156.590,164.090,1.152,1.152,0.276,0.276
0.275,156.378,164.355,1.018,1.018,0.298,0.298
0.278,156.133,163.878,0.911,0.911,0.307,0.307
0.278,155.872,163.842,0.783,0.783,0.288,0.288
0.279,155.823,163.738,0.670,0.670,0.304,0.304
0.277,155.986,164.028,0.539,0.539,0.311,0.311
0.275,156.280,164.401,0.401,0.401,0.328,0.328
0.275,156.704,164.401,0.264,0.264,0.349,0.349
0.274,157.014,164.567,0.150,0.150,0.322,0.322
0.273,157.096,164.630,0.032,0.032,0.295,0.295
0.273,156.867,164.650,-0.027,0.027,0.291,0.291
0.272,156.622,164.858,-0.127,0.127,0.276,0.276
0.270,156.296,165.175,-0.212,0.212,0.278,0.278
0.267,155.937,165.682,-0.282,0.282,0.264,0.264
0.266,155.447,165.827,-0.351,0.351,0.267,0.267
0.267,155.121,165.657,-0.456,0.456,0.255,0.255
0.269,155.007,165.323,-0.496,0.496,0.240,0.240
0.270,154.844,165.122,-0.565,0.565,0.224,0.224
0.268,154.680,165.476,-0.588,0.588,0.203,0.203
0.267,154.550,165.676,-0.652,0.652,0.208,0.208
0.265,154.746,165.871,-0.652,0.652,0.206,0.206
0.265,154.974,165.994,-0.703,0.703,0.191,0.191
0.265,154.909,165.969,-0.679,0.679,0.209,0.209
0.264,154.697,166.118,-0.702,0.702,0.214,0.214
0.262,154.550,166.343,-0.667,0.667,0.206,0.206
0.262,154.387,166.425,-0.650,0.650,0.204,0.204
0.258,154.321,167.024,-0.613,0.613,0.209,0.209
0.257,154.354,167.188,-0.586,0.586,0.226,0.226
0.258,154.142,166.973,-0.517,0.517,0.233,0.233
0.261,154.093,166.508,-0.452,0.452,0.247,0.247
0.263,154.076,166.268,-0.333,0.333,0.258,0.258
0.259,154.272,166.830,-0.258,0.258,0.267,0.267
0.259,154.501,166.830,-0.143,0.143,0.262,0.262
0.257,154.648,167.158,-0.061,0.061,0.252,0.252
0.256,154.615,167.286,0.041,0.041,0.273,0.273
0.257,154.582,167.179,0.110,0.110,0.288,0.288
0.256,154.387,167.348,0.223,0.223,0.285,0.285
0.256,154.142,167.307,0.353,0.353,0.287,0.287
0.254,153.864,167.593,0.479,0.479,0.293,0.293
0.251,153.668,168.103,0.615,0.615,0.298,0.298
0.249,153.554,168.368,0.768,0.768,0.311,0.311
0.251,153.554,168.133,0.914,0.914,0.301,0.301
0.254,153.407,167.721,1.048,1.048,0.298,0.298
0.253,153.179,167.752,1.202,1.202,0.304,0.304
0.252,153.097,167.879,1.299,1.299,0.304,0.304
0.252,153.097,167.939,1.454,1.454,0.301,0.301
0.249,153.309,168.361,1.529,1.529,0.298,0.298
0.251,153.538,168.173,1.589,1.589,0.291,0.291
0.249,153.636,168.443,1.569,1.569,0.284,0.284
0.249,153.636,168.448,1.573,1.573,0.285,0.285
0.248,153.620,168.509,1.495,1.495,0.285,0.285
0.247,153.587,168.703,1.471,1.471,0.282,0.282
0.246,153.407,168.876,1.355,1.355,0.278,0.278
0.242,152.820,169.490,1.265,1.265,0.281,0.281
0.241,152.069,169.576,1.119,1.119,0.258,0.258
0.243,151.449,169.294,1.009,1.009,0.285,0.285
0.247,150.943,168.803,0.836,0.836,0.296,0.296
0.246,150.453,168.848,0.678,0.678,0.278,0.278
0.245,150.225,169.017,0.488,0.488,0.275,0.275
0.244,150.290,169.167,0.302,0.302,0.278,0.278
0.242,150.551,169.411,0.118,0.118,0.285,0.285
0.242,150.698,169.466,-0.058,0.058,0.269,0.269
0.242,150.715,169.491,-0.191,0.191,0.279,0.279
0.240,150.666,169.711,-0.307,0.307,0.278,0.278
0.241,150.486,169.666,-0.391,0.391,0.284,0.284
0.238,150.388,170.090,-0.438,0.438,0.279,0.279
0.236,150.356,170.439,-0.467,0.467,0.299,0.299
0.235,150.045,170.608,-0.520,0.520,0.285,0.285
0.239,149.523,169.923,-0.551,0.551,0.276,0.276
0.240,148.805,169.770,-0.592,0.592,0.249,0.249
0.240,148.103,169.839,-0.592,0.592,0.238,0.238
0.237,147.483,170.191,-0.638,0.638,0.215,0.215
0.236,146.977,170.318,-0.623,0.623,0.189,0.189
0.235,146.504,170.503,-0.612,0.612,0.189,0.189
0.236,146.031,170.421,-0.545,0.545,0.169,0.169
0.235,145.557,170.556,-0.520,0.520,0.171,0.171
0.236,145.052,170.450,-0.472,0.472,0.163,0.163
0.234,144.578,170.657,-0.467,0.467,0.174,0.174
0.233,144.236,170.805,-0.421,0.421,0.175,0.175
0.230,144.219,171.212,-0.380,0.380,0.186,0.186
0.229,144.399,171.351,-0.278,0.278,0.191,0.191
0.230,144.497,171.245,-0.209,0.209,0.201,0.201
0.234,144.350,170.718,-0.122,0.122,0.211,0.211
0.234,144.268,170.627,-0.118,0.118,0.221,0.221
0.233,144.040,170.871,-0.087,0.087,0.223,0.223
0.231,143.648,171.062,-0.093,0.093,0.226,0.226
0.230,143.060,171.176,-0.060,0.060,0.243,0.243
0.230,142.424,171.238,-0.055,0.055,0.243,0.243
0.229,141.510,171.355,-0.027,0.027,0.249,0.249
0.229,140.792,171.393,-0.008,0.008,0.253,0.253
0.229,140.449,171.365,-0.014,0.014,0.252,0.252
0.227,139.666,171.620,-0.026,0.026,0.244,0.244
0.225,138.572,171.971,-0.009,0.009,0.273,0.273
0.224,137.593,172.131,-0.005,0.005,0.252,0.252
0.224,136.581,172.077,0.012,0.012,0.252,0.252
0.227,135.488,171.653,0.021,0.021,0.258,0.258
0.227,134.754,171.626,0.034,0.034,0.249,0.249
0.226,134.378,171.777,0.044,0.044,0.255,0.255
0.226,133.840,171.764,0.053,0.053,0.253,0.253
0.225,133.905,171.919,0.090,0.090,0.237,0.237
0.225,133.513,171.968,0.102,0.102,0.262,0.262
0.225,133.301,171.981,0.127,0.127,0.275,0.275
0.224,132.909,172.074,0.128,0.128,0.262,0.262
0.224,132.665,172.079,0.159,0.159,0.264,0.264
0.222,132.371,172.395,0.159,0.159,0.267,0.267
0.220,131.767,172.636,0.206,0.206,0.261,0.261
0.219,131.277,172.719,0.217,0.217,0.246,0.246
0.222,131.000,172.375,0.253,0.253,0.249,0.249
0.224,130.559,172.119,0.244,0.244,0.252,0.252
0.223,129.858,172.223,0.288,0.288,0.256,0.256
0.222,129.564,172.369,0.273,0.273,0.255,0.255
0.220,129.172,172.592,0.299,0.299,0.272,0.272
0.221,128.976,172.515,0.299,0.299,0.262,0.262
0.219,129.025,172.708,0.316,0.316,0.255,0.255
0.220,129.025,172.614,0.301,0.301,0.264,0.264
0.220,129.025,172.635,0.317,0.317,0.266,0.266
0.219,129.221,172.686,0.310,0.310,0.269,0.269
0.218,129.401,172.922,0.331,0.331,0.266,0.266
0.215,129.515,173.218,0.325,0.325,0.273,0.273
0.215,129.515,173.279,0.354,0.354,0.273,0.273
0.215,129.499,173.210,0.346,0.346,0.270,0.270
0.219,129.482,172.729,0.363,0.363,0.264,0.264
0.218,129.499,172.810,0.340,0.340,0.269,0.269
0.219,129.466,172.682,0.363,0.363,0.272,0.272
0.217,129.286,172.969,0.345,0.345,0.270,0.270
0.216,129.091,173.115,0.331,0.331,0.252,0.252
0.216,128.780,173.106,0.331,0.331,0.253,0.253
0.217,128.356,173.046,0.325,0.325,0.264,0.264
0.215,127.899,173.272,0.324,0.324,0.249,0.249
0.215,127.524,173.251,0.311,0.311,0.249,0.249
0.215,127.442,173.217,0.330,0.330,0.249,0.249
0.214,127.295,173.419,0.316,0.316,0.261,0.261
0.211,127.100,173.706,0.327,0.327,0.253,0.253
0.210,127.002,173.892,0.310,0.310,0.264,0.264
0.211,127.018,173.765,0.327,0.327,0.258,0.258
0.215,127.034,173.230,0.314,0.314,0.264,0.264
0.214,127.230,173.310,0.325,0.325,0.258,0.258
0.213,127.426,173.467,0.310,0.310,0.287,0.287
0.213,127.769,173.505,0.333,0.333,0.266,0.266
0.212,127.997,173.649,0.308,0.308,0.262,0.262
0.212,128.275,173.615,0.330,0.330,0.267,0.267
0.211,128.634,173.726,0.319,0.319,0.267,0.267
0.212,128.960,173.610,0.324,0.324,0.264,0.264
0.212,129.221,173.683,0.311,0.311,0.270,0.270
0.210,129.254,173.893,0.322,0.322,0.252,0.252
0.207,129.107,174.283,0.313,0.313,0.267,0.267
0.208,129.009,174.155,0.316,0.316,0.278,0.278
0.207,128.944,174.214,0.302,0.302,0.278,0.278
0.212,128.829,173.633,0.316,0.316,0.269,0.269
0.211,128.634,173.706,0.299,0.299,0.267,0.267
0.210,128.666,173.923,0.304,0.304,0.262,0.262
0.209,128.911,174.009,0.302,0.302,0.262,0.262
0.209,129.205,173.996,0.301,0.301,0.264,0.264
0.209,129.482,173.996,0.293,0.293,0.267,0.267
0.209,129.548,174.026,0.290,0.290,0.262,0.262
0.209,129.515,174.052,0.284,0.284,0.266,0.266
0.208,129.711,174.142,0.279,0.279,0.249,0.249
0.206,129.907,174.379,0.278,0.278,0.262,0.262
0.203,130.021,174.767,0.267,0.267,0.264,0.264
0.204,130.021,174.629,0.285,0.285,0.259,0.259
0.209,129.988,173.986,0.290,0.290,0.264,0.264
0.210,130.004,173.943,0.340,0.340,0.267,0.267
0.208,129.972,174.137,0.369,0.369,0.276,0.276
0.208,130.184,174.098,0.473,0.473,0.293,0.293
0.207,130.380,174.297,0.591,0.591,0.282,0.282
0.207,130.315,174.310,0.717,0.717,0.291,0.291
0.207,130.119,174.319,0.807,0.807,0.311,0.311
0.205,129.776,174.482,0.894,0.894,0.314,0.314
0.206,129.548,174.388,0.935,0.935,0.324,0.324
0.206,129.466,174.362,1.000,1.000,0.322,0.322
0.205,129.466,174.499,1.007,1.007,0.320,0.320
0.203,129.499,174.834,1.033,1.033,0.328,0.328
0.202,129.499,174.967,1.058,1.058,0.356,0.356
0.202,129.548,174.903,1.126,1.126,0.340,0.340
0.206,129.678,174.409,1.163,1.163,0.353,0.353
0.206,129.907,174.370,1.239,1.239,0.356,0.356
0.207,130.004,174.280,1.251,1.251,0.356,0.356
0.206,130.021,174.430,1.248,1.248,0.334,0.334
0.205,130.004,174.534,1.216,1.216,0.357,0.357
0.204,129.972,174.655,1.210,1.210,0.362,0.362
0.204,129.988,174.663,1.193,1.193,0.349,0.349
0.204,129.988,174.706,1.225,1.225,0.343,0.343
0.204,130.021,174.693,1.167,1.167,0.340,0.340
0.203,129.972,174.741,1.123,1.123,0.346,0.346
0.201,129.988,174.999,1.012,1.012,0.339,0.339
0.199,129.988,175.275,0.902,0.902,0.342,0.342
0.202,129.972,174.862,0.771,0.771,0.346,0.346
0.205,130.004,174.517,0.644,0.644,0.320,0.320
0.205,129.972,174.577,0.523,0.523,0.298,0.298
0.205,129.825,174.538,0.382,0.382,0.256,0.256
0.204,129.548,174.659,0.237,0.237,0.241,0.241
0.203,129.286,174.805,0.079,0.079,0.223,0.223
0.203,129.074,174.792,-0.078,0.078,0.209,0.209
0.203,129.156,174.783,-0.233,0.233,0.195,0.195
0.203,129.401,174.757,-0.366,0.366,0.188,0.188
0.203,129.515,174.796,-0.505,0.505,0.185,0.185
0.202,129.531,174.934,-0.586,0.586,0.186,0.186
0.200,129.515,175.183,-0.688,0.688,0.183,0.183
0.198,129.499,175.453,-0.745,0.745,0.180,0.180
0.203,129.482,174.758,-0.832,0.832,0.183,0.183
0.204,129.662,174.672,-0.881,0.881,0.183,0.183
0.203,129.939,174.771,-0.946,0.946,0.201,0.201
0.203,130.200,174.844,-0.963,0.963,0.188,0.188
0.203,130.429,174.779,-0.996,0.996,0.212,0.212
0.202,130.706,174.983,-0.978,0.978,0.185,0.185
0.201,130.886,175.030,-0.980,0.980,0.180,0.180
0.201,130.984,174.991,-0.948,0.948,0.169,0.169
0.202,130.967,174.970,-0.920,0.920,0.171,0.171
0.201,130.984,175.000,-0.859,0.859,0.157,0.157
0.201,130.918,174.991,-0.807,0.807,0.154,0.154
0.200,130.951,175.243,-0.713,0.713,0.137,0.137
0.198,130.918,175.443,-0.636,0.636,0.162,0.162
0.198,130.771,175.469,-0.539,0.539,0.166,0.166
0.201,130.527,175.001,-0.447,0.447,0.179,0.179
0.204,130.429,174.663,-0.351,0.351,0.175,0.175
0.203,130.592,174.763,-0.267,0.267,0.191,0.191
0.203,130.853,174.819,-0.157,0.157,0.203,0.203
0.202,130.984,174.967,-0.066,0.066,0.186,0.186
0.202,130.984,174.989,0.012,0.012,0.212,0.212
0.201,130.967,175.045,0.101,0.101,0.223,0.223
0.203,131.147,174.858,0.153,0.153,0.226,0.226
0.201,131.539,175.002,0.198,0.198,0.232,0.232
0.202,131.898,174.950,0.203,0.203,0.226,0.226
0.201,132.191,175.098,0.246,0.246,0.232,0.232
0.198,132.387,175.432,0.232,0.232,0.218,0.218
0.199,132.648,175.379,0.246,0.246,0.233,0.233
0.203,132.844,174.846,0.253,0.253,0.247,0.247
0.203,132.942,174.807,0.275,0.275,0.240,0.240
0.204,132.958,174.670,0.258,0.258,0.241,0.241
0.204,132.942,174.653,0.270,0.270,0.226,0.226
0.202,132.926,174.895,0.264,0.264,0.241,0.241
0.202,132.893,174.952,0.279,0.279,0.253,0.253
0.202,132.746,174.860,0.249,0.249,0.243,0.243
0.202,132.322,174.913,0.281,0.281,0.241,0.241
0.203,131.800,174.842,0.270,0.270,0.250,0.250
0.203,131.277,174.851,0.282,0.282,0.246,0.246
0.200,130.984,175.169,0.273,0.273,0.241,0.241
0.199,130.886,175.377,0.304,0.304,0.249,0.249
0.198,130.935,175.468,0.287,0.287,0.258,0.258
0.202,130.935,174.965,0.308,0.308,0.246,0.246
0.205,131.147,174.586,0.296,0.296,0.250,0.250
0.206,131.196,174.439,0.313,0.313,0.258,0.258
0.203,131.049,174.808,0.313,0.313,0.262,0.262
0.203,130.951,174.808,0.324,0.324,0.276,0.276
0.203,130.951,0.000,0.322,0.322,0.267,0.267
0.203,131.114,-0.026,0.339,0.339,0.264,0.264
0.204,131.375,-0.148,0.333,0.333,0.279,0.279
0.203,131.490,-0.026,0.340,0.340,0.282,0.282
0.203,131.277,-0.026,0.343,0.343,0.287,0.287
0.203,131.212,0.000,0.327,0.327,0.284,0.284
0.200,131.114,0.296,0.340,0.340,0.278,0.278
0.199,131.016,0.535,0.320,0.320,0.279,0.279
0.199,130.755,0.435,0.327,0.327,0.298,0.298
0.203,130.527,-0.085,0.320,0.320,0.275,0.275
0.205,130.461,-0.353,0.327,0.327,0.269,0.269
0.205,130.429,-0.366,0.310,0.310,0.276,0.276
0.204,130.298,-0.219,0.327,0.327,0.272,0.272
0.204,130.070,-0.189,0.313,0.313,0.267,0.267
0.203,129.792,-0.038,0.322,0.322,0.272,0.272
0.204,129.743,-0.232,0.304,0.304,0.276,0.276
0.204,129.858,-0.150,0.319,0.319,0.266,0.266
0.204,129.841,-0.223,0.295,0.295,0.269,0.269
0.204,129.596,-0.227,0.302,0.302,0.285,0.285
0.203,129.515,-0.060,0.293,0.293,0.264,0.264
0.201,129.645,0.198,0.313,0.313,0.252,0.252
0.201,129.711,0.220,0.291,0.291,0.267,0.267
0.206,129.613,-0.498,0.319,0.319,0.267,0.267
0.207,129.319,-0.537,0.296,0.296,0.266,0.266
0.207,129.058,-0.541,0.308,0.308,0.261,0.261
0.206,128.764,-0.422,0.284,0.284,0.267,0.267
0.206,128.372,-0.494,0.317,0.317,0.262,0.262
0.206,127.883,-0.388,0.290,0.290,0.269,0.269
0.205,127.556,-0.329,0.308,0.308,0.262,0.262
0.207,127.459,-0.506,0.295,0.295,0.267,0.267
0.207,127.279,-0.553,0.314,0.314,0.264,0.264
0.207,126.953,-0.532,0.293,0.293,0.269,0.269
0.204,126.626,-0.229,0.307,0.307,0.258,0.258
0.204,126.479,-0.195,0.308,0.308,0.270,0.270
0.206,126.332,-0.443,0.313,0.313,0.272,0.272
0.209,126.120,-0.857,0.291,0.291,0.267,0.267
0.210,125.859,-0.991,0.295,0.295,0.264,0.264
0.208,125.468,-0.674,0.290,0.290,0.253,0.253
0.209,125.125,-0.844,0.281,0.281,0.262,0.262
0.208,125.027,-0.699,0.279,0.279,0.264,0.264
0.209,124.880,-0.803,0.270,0.270,0.252,0.252
0.209,124.684,-0.795,0.270,0.270,0.255,0.255
0.209,124.390,-0.856,0.252,0.252,0.244,0.244
0.209,123.950,-0.815,0.261,0.261,0.240,0.240
0.209,123.476,-0.782,0.250,0.250,0.250,0.250
0.207,122.987,-0.615,0.256,0.256,0.244,0.244
0.206,122.660,-0.428,0.244,0.244,0.250,0.250
0.205,122.383,-0.375,0.262,0.262,0.247,0.247
0.210,122.008,-0.898,0.249,0.249,0.243,0.243
0.213,121.534,-1.297,0.259,0.259,0.247,0.247
0.213,121.028,-1.350,0.240,0.240,0.243,0.243
0.213,120.523,-1.289,0.272,0.272,0.229,0.229
0.212,120.033,-1.158,0.255,0.255,0.250,0.250
0.212,119.527,-1.237,0.272,0.272,0.250,0.250
0.212,119.070,-1.138,0.253,0.253,0.247,0.247
0.212,118.580,-1.146,0.269,0.269,0.243,0.243
0.212,118.058,-1.233,0.253,0.253,0.255,0.255
0.213,117.764,-1.248,0.262,0.262,0.252,0.252
0.212,117.503,-1.159,0.253,0.253,0.252,0.252
0.209,117.275,-0.804,0.266,0.266,0.252,0.252
0.209,117.030,-0.816,0.250,0.250,0.259,0.259
0.213,116.622,-1.269,0.261,0.261,0.253,0.253
0.215,116.100,-1.570,0.255,0.255,0.252,0.252
0.216,115.594,-1.678,0.250,0.250,0.261,0.261
0.216,115.072,-1.659,0.264,0.264,0.252,0.252
0.215,114.598,-1.502,0.246,0.246,0.258,0.258
0.215,114.125,-1.487,0.253,0.253,0.255,0.255
0.215,113.636,-1.521,0.235,0.235,0.250,0.250
0.216,113.146,-1.657,0.253,0.253,0.252,0.252
0.217,112.673,-1.720,0.233,0.233,0.244,0.244
0.216,112.346,-1.646,0.246,0.246,0.249,0.249
0.215,112.069,-1.542,0.240,0.240,0.253,0.253
0.214,111.857,-1.371,0.247,0.247,0.252,0.252
0.213,111.596,-1.289,0.233,0.233,0.252,0.252
0.214,111.383,-1.463,0.244,0.244,0.255,0.255
0.219,111.139,-2.009,0.226,0.226,0.247,0.247
0.220,110.877,-2.097,0.246,0.246,0.249,0.249
0.220,110.649,-2.119,0.223,0.223,0.253,0.253
0.220,110.192,-2.039,0.252,0.252,0.252,0.252
0.219,109.882,-1.955,0.238,0.238,0.256,0.256
0.220,109.572,-2.057,0.258,0.258,0.259,0.259
0.220,109.213,-2.082,0.246,0.246,0.267,0.267
0.220,108.903,-2.129,0.276,0.276,0.296,0.296
0.221,108.593,-2.187,0.259,0.259,0.270,0.270
0.221,108.201,-2.208,0.269,0.269,0.270,0.270
0.219,107.907,-1.986,0.252,0.252,0.272,0.272
0.219,107.646,-2.001,0.264,0.264,0.276,0.276
0.218,107.222,-1.872,0.240,0.240,0.270,0.270
0.218,106.765,-1.908,0.272,0.272,0.275,0.275
0.224,106.438,-2.516,0.246,0.246,0.249,0.249
0.224,106.340,-2.548,0.259,0.259,0.270,0.270
0.225,106.194,-2.657,0.253,0.253,0.282,0.282
0.225,105.998,-2.604,0.261,0.261,0.262,0.262
0.223,105.720,-2.432,0.249,0.249,0.262,0.262
0.225,105.476,-2.583,0.253,0.253,0.255,0.255
0.225,105.198,-2.579,0.244,0.244,0.269,0.269
0.225,104.806,-2.576,0.246,0.246,0.259,0.259
0.226,104.300,-2.756,0.243,0.243,0.259,0.259
0.225,103.778,-2.590,0.246,0.246,0.249,0.249
0.224,103.305,-2.477,0.249,0.249,0.255,0.255
0.222,102.962,-2.330,0.244,0.244,0.246,0.246
0.225,102.717,-2.610,0.249,0.249,0.276,0.276
0.229,102.342,-3.014,0.244,0.244,0.256,0.256
0.231,102.048,-3.187,0.249,0.249,0.247,0.247
0.230,101.722,-3.157,0.233,0.233,0.256,0.256
0.229,101.330,-3.032,0.246,0.246,0.252,0.252
0.229,100.841,-3.015,0.240,0.240,0.255,0.255
0.229,100.514,-3.029,0.237,0.237,0.255,0.255
0.230,100.269,-3.112,0.238,0.238,0.262,0.262
0.231,100.041,-3.251,0.252,0.252,0.256,0.256
0.231,99.992,-3.212,0.237,0.237,0.255,0.255
0.231,99.780,-3.212,0.261,0.261,0.258,0.258
0.229,99.600,-3.017,0.238,0.238,0.258,0.258
0.229,99.682,-3.033,0.253,0.253,0.249,0.249
0.229,99.894,-3.043,0.230,0.230,0.253,0.253
0.235,100.041,-3.673,0.261,0.261,0.250,0.250
0.236,99.845,-3.752,0.237,0.237,0.258,0.258
0.235,99.600,-3.630,0.264,0.264,0.252,0.252
0.236,99.290,-3.765,0.233,0.233,0.252,0.252
0.235,98.866,-3.604,0.246,0.246,0.246,0.246
0.236,98.393,-3.735,0.230,0.230,0.232,0.232
0.236,98.050,-3.696,0.237,0.237,0.241,0.241
0.237,97.789,-3.800,0.224,0.224,0.221,0.221
0.237,97.413,-3.836,0.230,0.230,0.226,0.226
0.237,97.103,-3.871,0.218,0.218,0.229,0.229
0.235,97.022,-3.642,0.232,0.232,0.229,0.229
0.234,96.859,-3.520,0.224,0.224,0.243,0.243
0.236,96.467,-3.774,0.233,0.233,0.249,0.249
0.241,96.124,-4.173,0.229,0.229,0.227,0.227
0.242,95.830,-4.281,0.237,0.237,0.240,0.240
0.243,95.439,-4.386,0.233,0.233,0.233,0.233
0.241,94.949,-4.256,0.233,0.233,0.238,0.238
0.242,94.443,-4.306,0.235,0.235,0.246,0.246
0.242,93.937,-4.285,0.224,0.224,0.246,0.246
0.242,93.644,-4.325,0.244,0.244,0.226,0.226
0.243,93.333,-4.424,0.217,0.217,0.243,0.243
0.244,92.942,-4.474,0.246,0.246,0.252,0.252
0.244,92.305,-4.480,0.224,0.224,0.249,0.249
0.242,91.522,-4.294,0.238,0.238,0.246,0.246
0.241,90.918,-4.191,0.221,0.221,0.246,0.246
0.242,90.412,-4.323,0.253,0.253,0.256,0.256
0.245,90.053,-4.617,0.230,0.230,0.249,0.249
0.249,89.710,-4.962,0.249,0.249,0.247,0.247
0.248,89.433,-4.846,0.224,0.224,0.250,0.250
0.248,89.417,-4.858,0.246,0.246,0.250,0.250
0.248,89.580,-4.864,0.232,0.232,0.255,0.255
0.249,89.547,-4.930,0.243,0.243,0.269,0.269
0.250,89.302,-5.060,0.232,0.232,0.252,0.252
0.251,89.172,-5.078,0.246,0.246,0.244,0.244
0.250,89.237,-5.069,0.230,0.230,0.253,0.253
0.251,89.172,-5.107,0.246,0.246,0.250,0.250
0.249,88.845,-4.963,0.237,0.237,0.250,0.250
0.248,88.372,-4.851,0.237,0.237,0.246,0.246
0.250,87.997,-5.053,0.226,0.226,0.246,0.246
0.254,87.524,-5.376,0.230,0.230,0.250,0.250
0.256,87.067,-5.561,0.224,0.224,0.256,0.256
0.256,86.577,-5.558,0.218,0.218,0.249,0.249
0.256,86.038,-5.550,0.232,0.232,0.249,0.249
0.257,85.630,-5.621,0.233,0.233,0.232,0.232
0.255,85.320,-5.507,0.237,0.237,0.252,0.252
0.257,85.124,-5.623,0.243,0.243,0.261,0.261
0.257,84.994,-5.643,0.246,0.246,0.258,0.258
0.258,84.488,-5.747,0.238,0.238,0.278,0.278
0.259,84.423,-5.814,0.253,0.253,0.273,0.273
0.258,84.765,-5.727,0.243,0.243,0.276,0.276
0.257,85.043,-5.609,0.249,0.249,0.296,0.296
0.257,85.239,-5.606,0.235,0.235,0.270,0.270
0.260,85.271,-5.903,0.256,0.256,0.264,0.264
0.263,85.043,-6.126,0.238,0.238,0.275,0.275
0.264,84.651,-6.253,0.246,0.246,0.266,0.266
0.265,84.129,-6.331,0.232,0.232,0.267,0.267
0.264,83.737,-6.273,0.256,0.256,0.270,0.270
0.264,83.101,-6.242,0.224,0.224,0.233,0.233
0.264,81.926,-6.270,0.246,0.246,0.255,0.255
0.266,80.930,-6.383,0.230,0.230,0.267,0.267
0.266,80.261,-6.383,0.247,0.247,0.259,0.259
0.267,79.690,-6.510,0.224,0.224,0.252,0.252
0.267,79.315,-6.489,0.256,0.256,0.246,0.246
0.265,78.907,-6.292,0.232,0.232,0.249,0.249
0.265,78.482,-6.334,0.247,0.247,0.244,0.244
0.266,78.270,-6.410,0.237,0.237,0.249,0.249
0.271,78.140,-6.827,0.246,0.246,0.252,0.252
0.273,77.846,-6.949,0.230,0.230,0.252,0.252
0.273,77.487,-6.923,0.250,0.250,0.240,0.240
0.272,77.013,-6.872,0.237,0.237,0.269,0.269
0.272,76.589,-6.900,0.249,0.249,0.250,0.250
0.274,76.214,-7.026,0.232,0.232,0.241,0.241
0.274,75.904,-7.014,0.258,0.258,0.246,0.246
0.275,75.838,-7.092,0.241,0.241,0.249,0.249
0.276,76.002,-7.165,0.252,0.252,0.247,0.247
0.275,76.116,-7.109,0.247,0.247,0.252,0.252
0.274,75.953,-7.008,0.244,0.244,0.247,0.247
0.273,75.692,-6.953,0.247,0.247,0.252,0.252
0.277,75.267,-7.231,0.240,0.240,0.253,0.253
0.280,74.745,-7.455,0.246,0.246,0.253,0.253
0.282,74.255,-7.586,0.243,0.243,0.253,0.253
0.282,73.749,-7.603,0.247,0.247,0.241,0.241
0.281,73.244,-7.557,0.241,0.241,0.252,0.252
0.282,72.966,-7.625,0.249,0.249,0.255,0.255
0.282,72.721,-7.610,0.229,0.229,0.252,0.252
0.282,72.525,-7.651,0.233,0.233,0.243,0.243
0.283,72.591,-7.699,0.215,0.215,0.235,0.235
0.284,72.689,-7.793,0.232,0.232,0.220,0.220
0.285,72.558,-7.846,0.204,0.204,0.240,0.240
0.283,72.460,-7.723,0.229,0.229,0.230,0.230
0.282,72.444,-7.654,0.209,0.209,0.224,0.224
0.283,72.444,-7.699,0.232,0.232,0.229,0.229
0.288,72.476,-8.043,0.214,0.214,0.229,0.229
0.291,72.297,-8.245,0.240,0.240,0.224,0.224
0.291,72.003,-8.307,0.229,0.229,0.237,0.237
0.291,71.546,-8.283,0.237,0.237,0.253,0.253
0.292,70.942,-8.321,0.224,0.224,0.233,0.233
0.292,70.306,-8.337,0.240,0.240,0.233,0.233
0.293,69.620,-8.400,0.227,0.227,0.244,0.244
0.294,69.115,-8.506,0.233,0.233,0.244,0.244
0.295,68.739,-8.533,0.240,0.240,0.238,0.238
0.295,68.331,-8.551,0.243,0.243,0.238,0.238
0.294,68.070,-8.508,0.237,0.237,0.266,0.266
0.293,68.005,-8.416,0.238,0.238,0.243,0.243
0.294,68.217,-8.486,0.238,0.238,0.243,0.243
0.300,68.641,-8.860,0.233,0.233,0.247,0.247
0.301,68.968,-8.942,0.226,0.226,0.249,0.249
0.302,68.919,-8.997,0.226,0.226,0.247,0.247
0.302,68.445,-9.018,0.230,0.230,0.246,0.246
0.302,67.923,-9.000,0.227,0.227,0.243,0.243
0.301,67.532,-8.984,0.233,0.233,0.246,0.246
0.302,67.270,-9.064,0.223,0.223,0.247,0.247
0.304,67.140,-9.162,0.241,0.241,0.249,0.249
0.305,67.026,-9.227,0.215,0.215,0.250,0.250
0.306,66.846,-9.309,0.241,0.241,0.241,0.241
0.305,66.422,-9.238,0.218,0.218,0.240,0.240
0.302,66.128,-9.063,0.230,0.230,0.237,0.237
0.303,65.818,-9.106,0.215,0.215,0.241,0.241
0.307,65.410,-9.359,0.240,0.240,0.249,0.249
0.312,64.953,-9.681,0.215,0.215,0.241,0.241
0.313,64.414,-9.747,0.230,0.230,0.241,0.241
0.313,63.908,-9.747,0.227,0.227,0.224,0.224
0.312,63.435,-9.694,0.240,0.240,0.244,0.244
0.312,63.158,-9.686,0.224,0.224,0.255,0.255
0.314,63.092,-9.799,0.252,0.252,0.246,0.246
0.315,63.109,-9.854,0.224,0.224,0.249,0.249
0.316,63.125,-9.944,0.249,0.249,0.261,0.261
0.317,63.109,-9.994,0.246,0.246,0.272,0.272
0.317,62.946,-9.975,0.256,0.256,0.296,0.296
0.315,62.684,-9.883,0.247,0.247,0.272,0.272
0.315,62.570,-9.885,0.262,0.262,0.250,0.250
0.317,62.440,-9.999,0.249,0.249,0.270,0.270
0.320,62.179,-10.198,0.256,0.256,0.259,0.259
0.324,61.917,-10.447,0.237,0.237,0.272,0.272
0.325,61.656,-10.506,0.246,0.246,0.261,0.261
0.325,61.624,-10.473,0.241,0.241,0.273,0.273
0.324,61.624,-10.439,0.235,0.235,0.264,0.264
0.324,61.607,-10.441,0.238,0.238,0.264,0.264
0.326,61.460,-10.557,0.238,0.238,0.259,0.259
0.327,61.199,-10.626,0.246,0.246,0.258,0.258
0.328,60.742,-10.667,0.226,0.226,0.256,0.256
0.329,60.253,-10.735,0.243,0.243,0.253,0.253
0.328,59.714,-10.703,0.233,0.233,0.235,0.235
0.327,59.225,-10.636,0.240,0.240,0.253,0.253
0.330,58.915,-10.802,0.227,0.227,0.253,0.253
0.334,58.686,-11.050,0.237,0.237,0.246,0.246
0.335,58.653,-11.105,0.215,0.215,0.243,0.243
0.335,58.653,-11.083,0.237,0.237,0.247,0.247
0.335,58.653,-11.101,0.230,0.230,0.250,0.250
0.336,58.474,-11.155,0.240,0.240,0.247,0.247
0.336,58.229,-11.174,0.226,0.226,0.246,0.246
0.338,57.984,-11.251,0.238,0.238,0.247,0.247
0.339,57.544,-11.322,0.224,0.224,0.249,0.249
0.340,57.070,-11.379,0.238,0.238,0.246,0.246
0.340,56.532,-11.381,0.227,0.227,0.246,0.246
0.339,56.042,-11.340,0.243,0.243,0.246,0.246
0.338,55.553,-11.292,0.229,0.229,0.247,0.247
0.342,55.275,-11.503,0.255,0.255,0.249,0.249
0.346,55.014,-11.734,0.238,0.238,0.255,0.255
0.348,54.786,-11.805,0.259,0.259,0.246,0.246
0.349,54.492,-11.868,0.232,0.232,0.249,0.249
0.348,54.149,-11.814,0.262,0.262,0.258,0.258
0.349,53.823,-11.871,0.235,0.235,0.250,0.250
0.350,53.529,-11.914,0.243,0.243,0.247,0.247
0.351,53.300,-11.966,0.226,0.226,0.247,0.247
0.352,53.056,-12.066,0.243,0.243,0.241,0.241
0.353,52.811,-12.121,0.223,0.223,0.240,0.240
0.353,52.550,-12.068,0.217,0.217,0.220,0.220
0.352,52.142,-12.019,0.224,0.224,0.209,0.209
0.351,51.440,-11.992,0.217,0.217,0.218,0.218
0.353,50.706,-12.078,0.221,0.221,0.237,0.237
0.358,50.281,-12.321,0.218,0.218,0.233,0.233
0.361,49.841,-12.477,0.224,0.224,0.240,0.240
0.360,49.269,-12.467,0.211,0.211,0.244,0.244
0.360,48.682,-12.432,0.214,0.214,0.237,0.237
0.361,48.356,-12.515,0.215,0.215,0.224,0.224
0.361,48.078,-12.517,0.230,0.230,0.232,0.232
0.362,47.915,-12.538,0.212,0.212,0.240,0.240
0.365,47.458,-12.677,0.226,0.226,0.241,0.241
0.366,47.017,-12.733,0.223,0.223,0.240,0.240
0.367,46.756,-12.778,0.233,0.233,0.235,0.235
0.367,46.609,-12.761,0.212,0.212,0.243,0.243
0.366,46.218,-12.733,0.235,0.235,0.250,0.250
0.366,45.744,-12.730,0.221,0.221,0.246,0.246
0.371,45.402,-12.969,0.232,0.232,0.243,0.243
0.374,45.140,-13.112,0.211,0.211,0.247,0.247
0.373,44.912,-13.073,0.238,0.238,0.253,0.253
0.374,44.847,-13.075,0.220,0.220,0.230,0.230
0.375,44.618,-13.147,0.237,0.237,0.247,0.247
0.375,44.096,-13.162,0.226,0.226,0.244,0.244
0.376,43.525,-13.204,0.243,0.243,0.246,0.246
0.377,43.133,-13.244,0.218,0.218,0.252,0.252
0.379,42.921,-13.311,0.237,0.237,0.232,0.232
0.377,42.709,-13.236,0.221,0.221,0.247,0.247
0.377,42.497,-13.249,0.230,0.230,0.252,0.252
0.378,42.382,-13.278,0.211,0.211,0.247,0.247
0.384,42.219,-13.539,0.229,0.229,0.244,0.244
0.385,42.007,-13.577,0.223,0.223,0.246,0.246
0.388,41.730,-13.685,0.215,0.215,0.243,0.243
0.387,41.501,-13.667,0.224,0.224,0.261,0.261
0.387,41.420,-13.663,0.209,0.209,0.246,0.246
0.389,41.420,-13.732,0.218,0.218,0.247,0.247
0.390,41.256,-13.785,0.209,0.209,0.250,0.250
0.391,40.995,-13.796,0.230,0.230,0.246,0.246
0.392,40.734,-13.852,0.218,0.218,0.244,0.244
0.393,40.506,-13.908,0.227,0.227,0.244,0.244
0.393,40.440,-13.915,0.235,0.235,0.244,0.244
0.392,40.440,-13.856,0.243,0.243,0.264,0.264
0.394,40.489,-13.922,0.237,0.237,0.270,0.270
0.395,40.457,-13.986,0.250,0.250,0.267,0.267
0.398,40.473,-14.119,0.233,0.233,0.259,0.259
0.402,40.440,-14.273,0.246,0.246,0.273,0.273
0.402,40.424,-14.256,0.230,0.230,0.258,0.258
0.403,40.277,-14.287,0.246,0.246,0.255,0.255
0.403,40.032,-14.287,0.226,0.226,0.258,0.258
0.404,39.934,-14.330,0.241,0.241,0.256,0.256
0.405,39.755,-14.399,0.229,0.229,0.259,0.259
0.407,39.592,-14.464,0.250,0.250,0.250,0.250
0.407,39.461,-14.473,0.226,0.226,0.258,0.258
0.409,39.641,-14.541,0.250,0.250,0.243,0.243
0.407,39.885,-14.479,0.227,0.227,0.249,0.249
0.407,39.983,-14.478,0.241,0.241,0.241,0.241
0.412,39.836,-14.654,0.226,0.226,0.243,0.243
0.414,39.739,-14.754,0.249,0.249,0.237,0.237
0.417,40.065,-14.848,0.233,0.233,0.240,0.240
0.418,40.555,-14.905,0.240,0.240,0.218,0.218
0.417,40.963,-14.876,0.233,0.233,0.243,0.243
0.417,41.240,-14.880,0.249,0.249,0.255,0.255
0.420,41.403,-14.991,0.235,0.235,0.241,0.241
0.420,41.452,-15.002,0.246,0.246,0.243,0.243
0.422,41.256,-15.072,0.235,0.235,0.227,0.227
0.423,41.028,-15.091,0.246,0.246,0.243,0.243
0.423,40.914,-15.118,0.230,0.230,0.256,0.256
0.422,40.930,-15.073,0.243,0.243,0.243,0.243
0.423,40.930,-15.107,0.237,0.237,0.244,0.244
0.425,40.930,-15.189,0.233,0.233,0.253,0.253
0.430,40.946,-15.404,0.246,0.246,0.250,0.250
0.431,40.718,-15.427,0.246,0.246,0.267,0.267
0.432,40.375,-15.492,0.244,0.244,0.250,0.250
0.433,40.049,-15.532,0.230,0.230,0.243,0.243
0.434,39.918,-15.552,0.241,0.241,0.250,0.250
0.435,39.934,-15.593,0.230,0.230,0.247,0.247
0.436,40.163,-15.642,0.229,0.229,0.249,0.249
0.438,40.587,-15.702,0.226,0.226,0.249,0.249
0.438,41.093,-15.731,0.227,0.227,0.244,0.244
0.440,41.403,-15.796,0.209,0.209,0.253,0.253
0.438,41.534,-15.733,0.224,0.224,0.253,0.253
0.439,41.485,-15.770,0.198,0.198,0.240,0.240
0.440,41.420,-15.791,0.224,0.224,0.237,0.237
0.446,41.224,-16.047,0.197,0.197,0.227,0.227
0.447,41.028,-16.095,0.217,0.217,0.233,0.233
0.448,40.881,-16.136,0.198,0.198,0.233,0.233
0.449,40.701,-16.188,0.218,0.218,0.243,0.243
0.450,40.375,-16.230,0.191,0.191,0.243,0.243
0.450,40.032,-16.203,0.227,0.227,0.241,0.241
0.453,39.885,-16.316,0.211,0.211,0.252,0.252
0.454,39.755,-16.358,0.221,0.221,0.266,0.266
0.455,39.755,-16.399,0.218,0.218,0.256,0.256
0.456,40.065,-16.449,0.218,0.218,0.243,0.243
0.457,40.408,-16.484,0.221,0.221,0.259,0.259
0.455,40.506,-16.418,0.209,0.209,0.258,0.258
0.456,40.506,-16.443,0.224,0.224,0.267,0.267
0.461,40.457,-16.671,0.208,0.208,0.259,0.259
0.465,40.457,-16.809,0.221,0.221,0.269,0.269
0.466,40.244,-16.867,0.209,0.209,0.252,0.252
0.466,39.853,-16.859,0.224,0.224,0.261,0.261
0.467,39.347,-16.897,0.209,0.209,0.259,0.259
0.468,39.004,-16.917,0.220,0.220,0.259,0.259
0.469,38.743,-16.968,0.215,0.215,0.258,0.258
0.471,38.564,-17.037,0.229,0.229,0.255,0.255
0.472,38.286,-17.098,0.206,0.206,0.255,0.255
0.473,38.025,-17.132,0.223,0.223,0.250,0.250
0.474,37.829,-17.176,0.209,0.209,0.249,0.249
0.474,37.764,-17.146,0.221,0.221,0.249,0.249
0.474,37.911,-17.171,0.203,0.203,0.246,0.246
0.477,38.237,-17.291,0.227,0.227,0.249,0.249
0.481,38.612,-17.451,0.204,0.204,0.252,0.252
0.482,38.972,-17.476,0.226,0.226,0.238,0.238
0.483,39.249,-17.526,0.201,0.201,0.243,0.243
0.483,39.477,-17.515,0.223,0.223,0.241,0.241
0.485,39.347,-17.569,0.198,0.198,0.246,0.246
0.486,39.086,-17.640,0.220,0.220,0.244,0.244
0.488,38.939,-17.687,0.206,0.206,0.240,0.240
0.489,38.759,-17.731,0.229,0.229,0.252,0.252
0.491,38.580,-17.808,0.212,0.212,0.255,0.255
0.492,38.449,-17.842,0.243,0.243,0.250,0.250
0.491,38.286,-17.819,0.233,0.233,0.253,0.253
0.491,38.090,-17.824,0.230,0.230,0.269,0.269
0.494,38.041,-17.952,0.240,0.240,0.264,0.264
0.497,38.172,-18.067,0.235,0.235,0.282,0.282
0.500,38.417,-18.170,0.233,0.233,0.266,0.266
0.502,38.710,-18.241,0.224,0.224,0.255,0.255
0.503,38.955,-18.282,0.244,0.244,0.247,0.247
0.504,39.037,-18.300,0.221,0.221,0.255,0.255
0.503,39.004,-18.271,0.232,0.232,0.241,0.241
0.506,39.053,-18.388,0.223,0.223,0.250,0.250
0.506,39.200,-18.412,0.233,0.233,0.250,0.250
0.509,39.624,-18.499,0.214,0.214,0.240,0.240
0.510,39.951,-18.569,0.235,0.235,0.233,0.233
0.509,40.016,-18.526,0.223,0.223,0.230,0.230
0.509,39.853,-18.533,0.235,0.235,0.232,0.232
0.510,39.592,-18.556,0.209,0.209,0.220,0.220
0.517,39.673,-18.821,0.235,0.235,0.229,0.229
0.518,40.065,-18.860,0.220,0.220,0.208,0.208
0.519,40.604,-18.920,0.230,0.230,0.224,0.224
0.521,41.109,-19.009,0.223,0.223,0.237,0.237
0.521,41.256,-18.989,0.232,0.232,0.224,0.224
0.523,41.093,-19.064,0.224,0.224,0.215,0.215
0.523,40.783,-19.079,0.240,0.240,0.211,0.211
0.526,40.522,-19.188,0.232,0.232,0.218,0.218
0.527,40.408,-19.228,0.238,0.238,0.223,0.223
0.527,40.424,-19.258,0.221,0.221,0.218,0.218
0.528,40.473,-19.289,0.235,0.235,0.214,0.214
0.527,40.669,-19.256,0.232,0.232,0.212,0.212
0.530,40.914,-19.371,0.227,0.227,0.211,0.211
0.534,40.995,-19.530,0.230,0.230,0.230,0.230
0.537,41.207,-19.646,0.233,0.233,0.208,0.208
0.538,41.615,-19.690,0.243,0.243,0.201,0.201
0.539,42.072,-19.744,0.223,0.223,0.204,0.204
0.539,42.219,-19.748,0.246,0.246,0.208,0.208
0.541,42.268,-19.799,0.230,0.230,0.209,0.209
0.543,42.546,-19.892,0.249,0.249,0.206,0.206
0.544,42.676,-19.951,0.223,0.223,0.209,0.209
0.545,42.725,-20.000,0.240,0.240,0.194,0.194
0.547,43.052,-20.093,0.220,0.220,0.195,0.195
0.548,43.345,-20.104,0.227,0.227,0.188,0.188
0.547,43.460,-20.078,0.209,0.209,0.188,0.188
0.548,43.639,-20.104,0.230,0.230,0.169,0.169
0.550,43.835,-20.205,0.215,0.215,0.169,0.169
0.556,43.933,-20.481,0.217,0.217,0.145,0.145
0.558,43.933,-20.544,0.221,0.221,0.171,0.171
0.558,43.900,-20.545,0.221,0.221,0.179,0.179
0.560,43.721,-20.645,0.221,0.221,0.175,0.175
0.560,43.476,-20.656,0.218,0.218,0.163,0.163
0.561,43.166,-20.706,0.224,0.224,0.174,0.174
0.564,42.774,-20.797,0.217,0.217,0.172,0.172
0.565,42.448,-20.838,0.218,0.218,0.156,0.156
0.567,42.382,-20.948,0.217,0.217,0.171,0.171
0.569,42.399,-21.005,0.224,0.224,0.180,0.180
0.568,42.431,-20.995,0.215,0.215,0.179,0.179
0.568,42.627,-20.998,0.226,0.226,0.177,0.177
0.571,42.839,-21.096,0.227,0.227,0.180,0.180
0.575,43.149,-21.293,0.230,0.230,0.188,0.188
0.578,43.557,-21.402,0.215,0.215,0.188,0.188
0.579,43.884,-21.454,0.230,0.230,0.182,0.182
0.580,43.933,-21.489,0.214,0.214,0.194,0.194
0.581,43.737,-21.558,0.230,0.230,0.194,0.194
0.582,43.460,-21.584,0.218,0.218,0.194,0.194
0.584,43.345,-21.670,0.235,0.235,0.223,0.223
0.586,43.198,-21.757,0.217,0.217,0.197,0.197
0.587,43.166,-21.800,0.232,0.232,0.189,0.189
0.588,43.541,-21.856,0.214,0.214,0.195,0.195
0.588,44.031,-21.865,0.240,0.240,0.194,0.194
0.588,44.553,-21.867,0.217,0.217,0.203,0.203
0.590,44.879,-21.923,0.230,0.230,0.209,0.209
0.594,45.173,-22.137,0.212,0.212,0.223,0.223
0.598,45.336,-22.321,0.224,0.224,0.220,0.220
0.599,45.434,-22.366,0.200,0.200,0.230,0.230
0.600,45.581,-22.399,0.233,0.233,0.230,0.230
0.601,45.859,-22.425,0.209,0.209,0.243,0.243
0.602,46.054,-22.491,0.215,0.215,0.244,0.244
0.605,46.120,-22.604,0.217,0.217,0.264,0.264
0.606,45.973,-22.671,0.220,0.220,0.276,0.276
0.608,45.679,-22.739,0.223,0.223,0.299,0.299
0.608,45.238,-22.768,0.217,0.217,0.328,0.328
0.609,44.928,-22.822,0.233,0.233,0.351,0.351
0.609,44.635,-22.806,0.230,0.230,0.359,0.359
0.614,44.406,-23.014,0.232,0.232,0.400,0.400
0.613,44.178,-22.970,0.230,0.230,0.377,0.377
0.620,43.965,-23.285,0.244,0.244,0.362,0.362
0.621,44.063,-23.332,0.235,0.235,0.359,0.359
0.622,44.455,-23.385,0.249,0.249,0.359,0.359
0.623,44.618,-23.403,0.237,0.237,0.345,0.345
0.623,44.324,-23.416,0.238,0.238,0.354,0.354
0.625,43.802,-23.528,0.223,0.223,0.345,0.345
0.627,43.247,-23.582,0.235,0.235,0.346,0.346
0.629,42.921,-23.666,0.224,0.224,0.356,0.356
0.632,42.856,-23.797,0.237,0.237,0.340,0.340
0.631,42.839,-23.769,0.224,0.224,0.340,0.340
0.631,42.562,-23.771,0.233,0.233,0.343,0.343
0.632,41.925,-23.801,0.211,0.211,0.346,0.346
0.635,41.485,-23.949,0.247,0.247,0.322,0.322
0.640,41.142,-24.142,0.223,0.223,0.336,0.336
0.643,40.750,-24.274,0.246,0.246,0.337,0.337
0.643,40.147,-24.258,0.217,0.217,0.337,0.337
0.645,39.592,-24.329,0.237,0.237,0.333,0.333
0.646,39.200,-24.368,0.212,0.212,0.333,0.333
0.647,38.808,-24.429,0.237,0.237,0.330,0.330
0.648,38.531,-24.476,0.227,0.227,0.317,0.317
0.650,38.449,-24.535,0.247,0.247,0.317,0.317
0.652,38.482,-24.605,0.217,0.217,0.316,0.316
0.653,38.727,-24.665,0.235,0.235,0.314,0.314
0.652,39.331,-24.607,0.227,0.227,0.316,0.316
0.653,40.081,-24.665,0.240,0.240,0.324,0.324
0.655,40.652,-24.739,0.224,0.224,0.319,0.319
0.662,40.946,-25.040,0.238,0.238,0.310,0.310
0.664,40.816,-25.123,0.233,0.233,0.310,0.310
0.664,40.130,-25.087,0.233,0.233,0.301,0.301
0.666,39.184,-25.195,0.237,0.237,0.299,0.299
0.668,37.927,-25.243,0.243,0.243,0.293,0.293
0.668,36.524,-25.249,0.244,0.244,0.302,0.302
0.671,35.218,-25.353,0.240,0.240,0.279,0.279
0.673,33.896,-25.427,0.243,0.243,0.270,0.270
0.675,32.607,-25.491,0.224,0.224,0.266,0.266
0.676,31.301,-25.532,0.218,0.218,0.270,0.270
0.676,30.404,-25.535,0.221,0.221,0.261,0.261
0.675,29.865,-25.508,0.226,0.226,0.252,0.252
0.677,29.457,-25.553,0.211,0.211,0.218,0.218
0.679,29.196,-25.625,0.215,0.215,0.232,0.232
0.686,28.886,-25.817,0.200,0.200,0.241,0.241
0.687,28.315,-25.859,0.218,0.218,0.232,0.232
0.690,27.596,-25.931,0.200,0.200,0.220,0.220
0.689,27.140,-25.920,0.233,0.233,0.212,0.212
0.690,26.683,-25.947,0.218,0.218,0.211,0.211
0.693,26.111,-26.018,0.230,0.230,0.209,0.209
0.693,25.524,-26.021,0.200,0.200,0.212,0.212
0.696,25.230,-26.104,0.235,0.235,0.208,0.208
0.698,24.953,-26.150,0.215,0.215,0.215,0.215
0.698,24.577,-26.148,0.241,0.241,0.212,0.212
0.699,24.284,-26.165,0.226,0.226,0.237,0.237
0.699,23.957,-26.176,0.240,0.240,0.211,0.211
0.700,23.614,-26.196,0.227,0.227,0.212,0.212
0.706,23.043,-26.319,0.227,0.227,0.209,0.209
0.710,22.390,-26.430,0.233,0.233,0.212,0.212
0.710,21.640,-26.421,0.233,0.233,0.211,0.211
0.711,20.922,-26.449,0.233,0.233,0.214,0.214
0.713,19.959,-26.486,0.230,0.230,0.177,0.177
0.714,19.159,-26.506,0.229,0.229,0.197,0.197
0.715,18.637,-26.531,0.223,0.223,0.200,0.200
0.718,18.115,-26.571,0.223,0.223,0.192,0.192
0.719,17.674,-26.602,0.237,0.237,0.194,0.194
0.720,17.201,-26.620,0.235,0.235,0.175,0.175
0.720,16.907,-26.620,0.218,0.218,0.180,0.180
0.719,17.005,-26.598,0.232,0.232,0.188,0.188
0.722,17.250,-26.648,0.208,0.208,0.179,0.179
0.730,17.380,-26.778,0.223,0.223,0.179,0.179
0.731,17.396,-26.798,0.211,0.211,0.180,0.180
0.732,17.184,-26.827,0.235,0.235,0.179,0.179
0.734,16.940,-26.848,0.215,0.215,0.198,0.198
0.734,16.842,-26.855,0.221,0.221,0.183,0.183
0.737,16.825,-26.897,0.203,0.203,0.175,0.175
0.737,16.842,-26.909,0.224,0.224,0.172,0.172
0.739,16.695,-26.945,0.206,0.206,0.169,0.169
0.741,16.450,-26.968,0.232,0.232,0.163,0.163
0.743,16.189,-26.999,0.224,0.224,0.168,0.168
0.742,16.140,-26.990,0.243,0.243,0.159,0.159
0.742,16.254,-26.985,0.230,0.230,0.163,0.163
0.744,16.401,-27.014,0.249,0.249,0.179,0.179
0.748,16.221,-27.086,0.235,0.235,0.165,0.165
0.754,15.764,-27.180,0.252,0.252,0.166,0.166
0.755,15.226,-27.195,0.247,0.247,0.156,0.156
0.755,14.671,-27.196,0.259,0.259,0.159,0.159
0.756,14.002,-27.215,0.227,0.227,0.150,0.150
0.757,13.088,-27.231,0.250,0.250,0.153,0.153
0.759,12.092,-27.247,0.224,0.224,0.159,0.159
0.761,11.276,-27.274,0.243,0.243,0.165,0.165
0.763,10.722,-27.298,0.230,0.230,0.174,0.174
0.764,10.248,-27.305,0.252,0.252,0.215,0.215
0.765,9.971,-27.319,0.226,0.226,0.221,0.221
0.765,9.759,-27.316,0.237,0.237,0.230,0.230
0.766,9.498,-27.323,0.229,0.229,0.240,0.240
0.770,9.236,-27.360,0.233,0.233,0.230,0.230
0.774,8.894,-27.399,0.223,0.223,0.240,0.240
0.777,8.502,-27.422,0.238,0.238,0.235,0.235
0.777,8.061,-27.423,0.227,0.227,0.275,0.275
0.778,7.180,-27.435,0.223,0.223,0.255,0.255
0.778,6.168,-27.437,0.223,0.223,0.244,0.244
0.781,4.977,-27.450,0.218,0.218,0.247,0.247
0.783,3.573,-27.459,0.237,0.237,0.246,0.246
0.784,2.268,-27.463,0.218,0.218,0.252,0.252
0.786,1.223,-27.467,0.235,0.235,0.264,0.264
0.786,0.391,-27.467,0.218,0.218,0.281,0.281
0.786,-0.621,-27.467,0.230,0.230,0.270,0.270
0.788,-1.649,-27.464,0.212,0.212,0.270,0.270
0.792,-2.889,-27.454,0.238,0.238,0.281,0.281
0.796,-4.260,-27.442,0.223,0.223,0.279,0.279
0.797,-5.582,-27.435,0.233,0.233,0.284,0.284
0.798,-6.676,-27.427,0.232,0.232,0.287,0.287
0.799,-7.802,-27.425,0.243,0.243,0.310,0.310
0.801,-8.813,-27.406,0.221,0.221,0.302,0.302
0.803,-9.858,-27.389,0.244,0.244,0.299,0.299
0.803,-10.739,-27.381,0.223,0.223,0.316,0.316
0.807,-11.392,-27.345,0.244,0.244,0.316,0.316
0.807,-11.669,-27.340,0.215,0.215,0.320,0.320
0.808,-12.110,-27.331,0.237,0.237,0.320,0.320
0.809,-12.698,-27.315,0.212,0.212,0.325,0.325
0.809,-13.122,-27.315,0.224,0.224,0.327,0.327
0.811,-13.416,-27.288,0.206,0.206,0.331,0.331
0.816,-13.579,-27.224,0.224,0.224,0.325,0.325
0.821,-13.677,-27.161,0.209,0.209,0.334,0.334
0.822,-13.612,-27.146,0.214,0.214,0.343,0.343
0.822,-13.628,-27.144,0.209,0.209,0.334,0.334
0.823,-13.563,-27.130,0.204,0.204,0.313,0.313
0.825,-13.416,-27.105,0.211,0.211,0.325,0.325
0.825,-12.991,-27.096,0.212,0.212,0.339,0.339
0.828,-12.665,-27.057,0.217,0.217,0.331,0.331
0.830,-12.551,-27.033,0.209,0.209,0.324,0.324
0.831,-12.388,-27.028,0.220,0.220,0.325,0.325
0.832,-12.028,-27.010,0.206,0.206,0.333,0.333
0.832,-11.490,-27.017,0.224,0.224,0.307,0.307
0.832,-10.788,-27.012,0.204,0.204,0.319,0.319
0.835,-10.054,-26.985,0.221,0.221,0.328,0.328
0.842,-9.466,-26.914,0.204,0.204,0.314,0.314
0.843,-8.977,-26.906,0.226,0.226,0.308,0.308
0.843,-8.487,-26.900,0.203,0.203,0.305,0.305
0.844,-8.030,-26.897,0.232,0.232,0.305,0.305
0.846,-7.704,-26.883,0.214,0.214,0.282,0.282
0.848,-7.443,-26.867,0.226,0.226,0.295,0.295
0.849,-7.100,-26.859,0.212,0.212,0.311,0.311
0.851,-6.594,-26.844,0.230,0.230,0.291,0.291
0.853,-6.251,-26.833,0.208,0.208,0.291,0.291
0.851,-6.137,-26.844,0.226,0.226,0.270,0.270
0.852,-6.023,-26.838,0.218,0.218,0.287,0.287
0.855,-5.794,-26.819,0.226,0.226,0.285,0.285
0.858,-5.533,-26.805,0.211,0.211,0.285,0.285
0.862,-5.272,-26.779,0.230,0.230,0.284,0.284
0.865,-4.995,-26.768,0.209,0.209,0.279,0.279
0.865,-4.603,-26.768,0.223,0.223,0.278,0.278
0.866,-4.472,-26.763,0.203,0.203,0.266,0.266
0.867,-4.440,-26.755,0.221,0.221,0.279,0.279
0.869,-4.325,-26.746,0.212,0.212,0.290,0.290
0.872,-4.260,-26.736,0.209,0.209,0.279,0.279
0.873,-4.260,-26.731,0.217,0.217,0.284,0.284
0.874,-4.228,-26.726,0.214,0.214,0.281,0.281
0.875,-4.081,-26.724,0.221,0.221,0.285,0.285
0.874,-3.640,-26.725,0.217,0.217,0.278,0.278
0.875,-3.330,-26.725,0.237,0.237,0.302,0.302
0.880,-3.199,-26.708,0.224,0.224,0.324,0.324
0.883,-3.281,-26.696,0.232,0.232,0.333,0.333
0.886,-3.232,-26.688,0.220,0.220,0.348,0.348
0.888,-3.134,-26.682,0.237,0.237,0.343,0.343
0.888,-2.889,-26.681,0.218,0.218,0.346,0.346
0.889,-2.775,-26.679,0.240,0.240,0.345,0.345
0.890,-2.775,-26.675,0.217,0.217,0.327,0.327
0.893,-2.791,-26.668,0.232,0.232,0.301,0.301
0.894,-2.824,-26.664,0.224,0.224,0.296,0.296
0.896,-2.840,-26.659,0.233,0.233,0.284,0.284
0.897,-2.808,-26.655,0.215,0.215,0.272,0.272
0.897,-2.808,-26.656,0.233,0.233,0.253,0.253
0.897,-2.824,-26.655,0.212,0.212,0.267,0.267
0.899,-3.004,-26.650,0.230,0.230,0.235,0.235
0.904,-3.232,-26.633,0.209,0.209,0.214,0.214
0.907,-3.542,-26.625,0.229,0.229,0.214,0.214
0.909,-3.917,-26.615,0.217,0.217,0.206,0.206
0.908,-4.244,-26.620,0.233,0.233,0.201,0.201
0.910,-4.489,-26.611,0.218,0.218,0.194,0.194
0.912,-4.750,-26.603,0.244,0.244,0.172,0.172
0.913,-4.766,-26.597,0.221,0.221,0.183,0.183
0.916,-4.766,-26.586,0.237,0.237,0.186,0.186
0.917,-4.782,-26.578,0.226,0.226,0.179,0.179
0.918,-4.929,-26.574,0.233,0.233,0.179,0.179
0.918,-5.370,-26.573,0.217,0.217,0.183,0.183
0.919,-5.696,-26.568,0.241,0.241,0.185,0.185
0.921,-6.023,-26.558,0.230,0.230,0.182,0.182
0.927,-6.414,-26.522,0.240,0.240,0.182,0.182
0.929,-6.708,-26.506,0.237,0.237,0.186,0.186
0.930,-6.790,-26.498,0.241,0.241,0.189,0.189
0.932,-6.790,-26.486,0.238,0.238,0.206,0.206
0.933,-6.757,-26.482,0.237,0.237,0.198,0.198
0.934,-6.724,-26.473,0.246,0.246,0.246,0.246
0.935,-6.741,-26.465,0.233,0.233,0.253,0.253
0.938,-6.724,-26.446,0.240,0.240,0.249,0.249
0.939,-6.757,-26.441,0.233,0.233,0.249,0.249
0.941,-6.773,-26.426,0.240,0.240,0.256,0.256
0.942,-6.773,-26.421,0.227,0.227,0.266,0.266
0.940,-6.969,-26.432,0.230,0.230,0.261,0.261
0.942,-7.345,-26.417,0.215,0.215,0.279,0.279
0.945,-7.671,-26.397,0.224,0.224,0.264,0.264
0.951,-7.769,-26.352,0.203,0.203,0.279,0.279
0.952,-7.769,-26.341,0.218,0.218,0.290,0.290
0.954,-7.720,-26.329,0.209,0.209,0.304,0.304
0.955,-7.704,-26.320,0.224,0.224,0.290,0.290
0.955,-7.900,-26.316,0.209,0.209,0.310,0.310
0.958,-8.112,-26.293,0.238,0.238,0.284,0.284
0.959,-8.030,-26.291,0.218,0.218,0.278,0.278
0.961,-7.834,-26.272,0.246,0.246,0.262,0.262
0.963,-7.736,-26.254,0.218,0.218,0.259,0.259
0.964,-7.883,-26.248,0.240,0.240,0.255,0.255
0.964,-8.112,-26.251,0.223,0.223,0.261,0.261
0.963,-8.242,-26.252,0.230,0.230,0.275,0.275
0.967,-8.242,-26.227,0.227,0.227,0.250,0.250
0.972,-8.193,-26.184,0.235,0.235,0.249,0.249
0.974,-8.014,-26.167,0.226,0.226,0.249,0.249
0.975,-7.785,-26.154,0.227,0.227,0.250,0.250
0.975,-7.671,-26.158,0.237,0.237,0.252,0.252
0.978,-7.671,-26.135,0.230,0.230,0.249,0.249
0.979,-7.492,-26.129,0.233,0.233,0.232,0.232
0.980,-7.116,-26.117,0.230,0.230,0.252,0.252
0.983,-6.594,-26.097,0.233,0.233,0.261,0.261
0.984,-6.055,-26.093,0.221,0.221,0.247,0.247
0.985,-5.729,-26.084,0.229,0.229,0.243,0.243
0.985,-5.664,-26.085,0.215,0.215,0.232,0.232
0.986,-5.696,-26.084,0.237,0.237,0.241,0.241
0.990,-5.566,-26.061,0.220,0.220,0.244,0.244
0.994,-5.321,-26.035,0.243,0.243,0.243,0.243
0.995,-5.060,-26.030,0.221,0.221,0.238,0.238
0.997,-4.799,-26.020,0.226,0.226,0.238,0.238
0.998,-4.880,-26.017,0.217,0.217,0.241,0.241
0.999,-4.962,-26.013,0.230,0.230,0.240,0.240
1.001,-4.848,-26.002,0.215,0.215,0.233,0.233
1.003,-4.570,-25.993,0.230,0.230,0.232,0.232
1.004,-4.293,-25.988,0.215,0.215,0.243,0.243
1.005,-4.211,-25.984,0.230,0.230,0.241,0.241
1.007,-4.228,-25.975,0.218,0.218,0.246,0.246
1.007,-4.244,-25.978,0.250,0.250,0.243,0.243
1.008,-4.244,-25.972,0.235,0.235,0.252,0.252
1.011,-4.260,-25.957,0.256,0.256,0.249,0.249
1.014,-4.456,-25.945,0.243,0.243,0.269,0.269
1.018,-4.668,-25.926,0.255,0.255,0.270,0.270
1.019,-4.782,-25.923,0.243,0.243,0.262,0.262
1.019,-4.766,-25.923,0.252,0.252,0.259,0.259
1.020,-4.570,-25.916,0.243,0.243,0.267,0.267
1.023,-4.342,-25.905,0.256,0.256,0.241,0.241
1.023,-4.195,-25.904,0.243,0.243,0.267,0.267
1.025,-4.211,-25.894,0.246,0.246,0.261,0.261
1.027,-4.211,-25.885,0.241,0.241,0.262,0.262
1.029,-4.293,-25.881,0.241,0.241,0.258,0.258
1.030,-4.260,-25.877,0.243,0.243,0.273,0.273
1.030,-4.032,-25.875,0.237,0.237,0.247,0.247
1.031,-3.836,-25.871,0.238,0.238,0.240,0.240
1.036,-3.722,-25.854,0.235,0.235,0.237,0.237
1.039,-3.738,-25.842,0.235,0.235,0.232,0.232
1.039,-3.754,-25.840,0.233,0.233,0.230,0.230
1.041,-3.575,-25.834,0.229,0.229,0.227,0.227
1.043,-3.346,-25.828,0.238,0.238,0.243,0.243
1.044,-3.052,-25.824,0.235,0.235,0.227,0.227
1.046,-2.644,-25.819,0.223,0.223,0.227,0.227
1.048,-2.139,-25.813,0.237,0.237,0.224,0.224
1.049,-1.845,-25.812,0.220,0.220,0.226,0.226
1.051,-1.535,-25.809,0.237,0.237,0.223,0.223
1.051,-1.176,-25.808,0.223,0.223,0.223,0.223
1.051,-0.817,-25.808,0.246,0.246,0.221,0.221
1.053,-0.523,-25.807,0.227,0.227,0.221,0.221
1.059,-0.066,-25.805,0.246,0.246,0.226,0.226
1.059,0.391,-25.805,0.235,0.235,0.223,0.223
1.061,0.636,-25.806,0.252,0.252,0.217,0.217
1.063,0.881,-25.808,0.230,0.230,0.220,0.220
1.063,0.881,-25.808,0.244,0.244,0.221,0.221
1.065,0.750,-25.809,0.233,0.233,0.229,0.229
1.068,0.636,-25.811,0.252,0.252,0.227,0.227
1.069,0.554,-25.812,0.226,0.226,0.227,0.227
1.071,0.473,-25.813,0.261,0.261,0.226,0.226
1.072,0.163,-25.813,0.238,0.238,0.230,0.230
1.072,-0.196,-25.813,0.246,0.246,0.224,0.224
1.073,-0.556,-25.813,0.229,0.229,0.230,0.230
1.074,-0.784,-25.812,0.237,0.237,0.227,0.227
1.077,-0.882,-25.810,0.221,0.221,0.230,0.230
1.082,-1.045,-25.805,0.215,0.215,0.214,0.214
1.084,-1.208,-25.802,0.221,0.221,0.223,0.223
1.084,-1.339,-25.802,0.209,0.209,0.217,0.217
1.086,-1.323,-25.799,0.218,0.218,0.221,0.221
1.087,-1.143,-25.798,0.212,0.212,0.218,0.218
1.088,-0.882,-25.797,0.221,0.221,0.238,0.238
1.090,-0.964,-25.795,0.221,0.221,0.224,0.224
1.093,-1.208,-25.793,0.218,0.218,0.230,0.230
1.093,-1.339,-25.792,0.221,0.221,0.227,0.227
1.096,-1.143,-25.789,0.229,0.229,0.229,0.229
1.095,-0.898,-25.789,0.212,0.212,0.214,0.214
1.095,-0.800,-25.789,0.223,0.223,0.237,0.237
1.098,-0.817,-25.787,0.214,0.214,0.252,0.252
1.103,-0.980,-25.783,0.229,0.229,0.240,0.240
1.105,-1.257,-25.780,0.217,0.217,0.249,0.249
1.107,-1.535,-25.778,0.243,0.243,0.237,0.237
1.108,-1.763,-25.776,0.223,0.223,0.253,0.253
1.109,-1.828,-25.774,0.244,0.244,0.243,0.243
1.111,-1.649,-25.771,0.218,0.218,0.250,0.250
1.111,-1.372,-25.771,0.240,0.240,0.258,0.258
1.114,-1.094,-25.767,0.221,0.221,0.255,0.255
1.115,-0.849,-25.766,0.237,0.237,0.253,0.253
1.116,-0.621,-25.765,0.224,0.224,0.270,0.270
1.117,-0.588,-25.764,0.238,0.238,0.259,0.259
1.117,-0.849,-25.764,0.224,0.224,0.256,0.256
1.119,-0.572,-25.763,0.230,0.230,0.253,0.253
1.124,-0.050,-25.762,0.230,0.230,0.258,0.258
1.128,0.620,-25.763,0.232,0.232,0.261,0.261
1.129,1.223,-25.764,0.215,0.215,0.258,0.258
1.129,1.648,-25.764,0.230,0.230,0.270,0.270
1.131,1.876,-25.769,0.220,0.220,0.266,0.266
1.131,2.088,-25.769,0.217,0.217,0.255,0.255
1.133,2.284,-25.773,0.221,0.221,0.259,0.259
1.135,2.513,-25.777,0.218,0.218,0.258,0.258
1.137,2.627,-25.782,0.224,0.224,0.256,0.256
1.138,2.823,-25.785,0.221,0.221,0.253,0.253
1.140,2.823,-25.789,0.235,0.235,0.256,0.256
1.139,2.708,-25.788,0.226,0.226,0.262,0.262
1.140,2.774,-25.791,0.232,0.232,0.267,0.267
1.145,3.002,-25.805,0.237,0.237,0.269,0.269
1.147,3.100,-25.811,0.243,0.243,0.279,0.279
1.150,3.133,-25.820,0.237,0.237,0.273,0.273
1.152,3.068,-25.825,0.246,0.246,0.291,0.291
1.152,2.921,-25.826,0.233,0.233,0.267,0.267
1.154,2.660,-25.831,0.249,0.249,0.282,0.282
1.155,2.562,-25.836,0.232,0.232,0.285,0.285
1.157,2.774,-25.841,0.252,0.252,0.285,0.285
1.159,3.035,-25.847,0.230,0.230,0.273,0.273
1.160,3.508,-25.850,0.241,0.241,0.267,0.267
1.161,3.981,-25.853,0.224,0.224,0.279,0.279
1.162,4.145,-25.857,0.237,0.237,0.264,0.264
1.163,4.128,-25.860,0.218,0.218,0.273,0.273
1.163,4.047,-25.861,0.252,0.252,0.278,0.278
1.167,3.884,-25.877,0.227,0.227,0.275,0.275
1.173,3.671,-25.897,0.243,0.243,0.262,0.262
1.173,3.557,-25.899,0.226,0.226,0.258,0.258
1.175,3.557,-25.906,0.247,0.247,0.261,0.261
1.176,3.590,-25.908,0.227,0.227,0.267,0.267
1.176,3.557,-25.911,0.240,0.240,0.261,0.261
1.179,3.753,-25.920,0.229,0.229,0.267,0.267
1.181,4.014,-25.927,0.241,0.241,0.261,0.261
1.181,4.096,-25.929,0.227,0.227,0.259,0.259
1.183,3.884,-25.937,0.244,0.244,0.246,0.246
1.185,3.116,-25.942,0.232,0.232,0.258,0.258
1.184,2.643,-25.941,0.249,0.249,0.261,0.261
1.186,2.464,-25.945,0.232,0.232,0.262,0.262
1.189,2.415,-25.953,0.249,0.249,0.258,0.258
1.194,2.545,-25.965,0.243,0.243,0.264,0.264
1.195,2.839,-25.968,0.235,0.235,0.256,0.256
1.196,3.296,-25.973,0.243,0.243,0.249,0.249
1.197,3.769,-25.973,0.243,0.243,0.262,0.262
1.199,4.226,-25.981,0.244,0.244,0.267,0.267
1.200,4.536,-25.988,0.238,0.238,0.258,0.258
1.202,4.602,-25.997,0.253,0.253,0.258,0.258
1.203,4.585,-26.003,0.233,0.233,0.259,0.259
1.206,4.569,-26.015,0.243,0.243,0.259,0.259
1.205,4.553,-26.012,0.230,0.230,0.275,0.275
1.206,4.357,-26.012,0.240,0.240,0.255,0.255
1.207,4.145,-26.017,0.217,0.217,0.241,0.241
1.209,4.047,-26.027,0.233,0.233,0.244,0.244
1.215,3.998,-26.050,0.206,0.206,0.233,0.233
1.218,3.884,-26.061,0.224,0.224,0.227,0.227
1.217,3.622,-26.061,0.206,0.206,0.230,0.230
1.219,3.590,-26.066,0.227,0.227,0.259,0.259
1.220,3.508,-26.070,0.221,0.221,0.237,0.237
1.222,3.590,-26.077,0.233,0.233,0.240,0.240
1.224,3.590,-26.083,0.215,0.215,0.237,0.237
1.226,3.590,-26.092,0.233,0.233,0.240,0.240
1.227,3.590,-26.094,0.220,0.220,0.238,0.238
1.228,3.573,-26.100,0.226,0.226,0.238,0.238
1.230,3.590,-26.104,0.224,0.224,0.237,0.237
1.228,3.573,-26.098,0.240,0.240,0.246,0.246
1.231,3.590,-26.109,0.230,0.230,0.256,0.256
1.236,3.573,-26.126,0.233,0.233,0.250,0.250
1.238,3.573,-26.133,0.237,0.237,0.247,0.247
1.240,3.573,-26.140,0.230,0.230,0.241,0.241
1.242,3.557,-26.147,0.232,0.232,0.252,0.252
1.241,3.557,-26.145,0.227,0.227,0.244,0.244
1.243,3.394,-26.152,0.230,0.230,0.252,0.252
1.246,2.986,-26.160,0.227,0.227,0.252,0.252
1.246,2.643,-26.162,0.224,0.224,0.250,0.250
1.249,2.366,-26.168,0.224,0.224,0.250,0.250
1.250,2.121,-26.171,0.240,0.240,0.269,0.269
1.249,1.909,-26.170,0.221,0.221,0.246,0.246
1.251,1.876,-26.173,0.241,0.241,0.240,0.240
1.252,1.990,-26.175,0.221,0.221,0.249,0.249
1.256,2.121,-26.184,0.227,0.227,0.243,0.243
1.261,2.333,-26.193,0.215,0.215,0.240,0.240
1.262,2.757,-26.196,0.235,0.235,0.243,0.243
1.262,3.068,-26.196,0.215,0.215,0.240,0.240
1.264,3.133,-26.202,0.227,0.227,0.243,0.243
1.266,2.937,-26.210,0.220,0.220,0.246,0.246
1.267,2.692,-26.211,0.233,0.233,0.243,0.243
1.269,2.741,-26.217,0.212,0.212,0.243,0.243
1.271,2.986,-26.223,0.238,0.238,0.227,0.227
1.272,3.133,-26.225,0.221,0.221,0.246,0.246
1.271,3.329,-26.223,0.243,0.243,0.250,0.250
1.273,3.508,-26.229,0.221,0.221,0.247,0.247
1.273,3.427,-26.230,0.246,0.246,0.250,0.250
1.277,3.378,-26.244,0.240,0.240,0.258,0.258
1.282,3.459,-26.260,0.255,0.255,0.269,0.269
1.284,3.557,-26.268,0.246,0.246,0.285,0.285
1.284,3.590,-26.267,0.264,0.264,0.269,0.269
1.286,3.394,-26.273,0.240,0.240,0.255,0.255
1.287,3.165,-26.277,0.256,0.256,0.266,0.266
1.289,3.068,-26.283,0.241,0.241,0.261,0.261
1.291,3.068,-26.289,0.249,0.249,0.267,0.267
1.292,3.116,-26.294,0.237,0.237,0.261,0.261
1.294,3.133,-26.300,0.247,0.247,0.261,0.261
1.295,3.100,-26.303,0.237,0.237,0.270,0.270
1.295,3.296,-26.302,0.238,0.238,0.259,0.259
1.295,3.508,-26.301,0.244,0.244,0.259,0.259
1.300,3.802,-26.320,0.237,0.237,0.250,0.250
1.302,4.030,-26.330,0.233,0.233,0.258,0.258
1.305,4.096,-26.340,0.229,0.229,0.252,0.252
1.306,4.096,-26.343,0.235,0.235,0.233,0.233
1.306,4.112,-26.347,0.224,0.224,0.241,0.241
1.309,4.047,-26.357,0.246,0.246,0.249,0.249
1.311,4.079,-26.364,0.221,0.221,0.249,0.249
1.312,3.884,-26.369,0.243,0.243,0.243,0.243
1.314,3.688,-26.377,0.218,0.218,0.247,0.247
1.316,3.737,-26.384,0.247,0.247,0.250,0.250
1.316,3.965,-26.384,0.224,0.224,0.252,0.252
1.317,4.096,-26.388,0.240,0.240,0.246,0.246
1.317,4.079,-26.389,0.221,0.221,0.243,0.243
1.318,3.884,-26.393,0.238,0.238,0.246,0.246
1.325,3.622,-26.418,0.226,0.226,0.244,0.244
1.327,3.361,-26.426,0.243,0.243,0.261,0.261
1.328,3.133,-26.428,0.232,0.232,0.247,0.247
1.329,2.855,-26.432,0.252,0.252,0.240,0.240
1.330,2.643,-26.435,0.224,0.224,0.247,0.247
1.332,2.366,-26.439,0.258,0.258,0.243,0.243
1.333,1.958,-26.441,0.235,0.235,0.244,0.244
1.336,1.664,-26.447,0.247,0.247,0.240,0.240
1.337,1.566,-26.449,0.233,0.233,0.235,0.235
1.338,1.566,-26.450,0.252,0.252,0.241,0.241
1.339,1.387,-26.451,0.221,0.221,0.241,0.241
1.339,1.028,-26.452,0.232,0.232,0.240,0.240
1.340,0.701,-26.453,0.227,0.227,0.244,0.244
1.347,0.587,-26.457,0.226,0.226,0.223,0.223
1.349,0.603,-26.458,0.218,0.218,0.217,0.217
1.351,0.636,-26.459,0.218,0.218,0.217,0.217
1.351,0.620,-26.460,0.221,0.221,0.218,0.218
1.352,0.473,-26.460,0.198,0.198,0.229,0.229
1.355,0.244,-26.461,0.208,0.208,0.226,0.226
1.356,0.032,-26.461,0.212,0.212,0.235,0.235
1.357,-0.360,-26.461,0.224,0.224,0.249,0.249
1.359,-0.751,-26.460,0.215,0.215,0.235,0.235
1.360,-0.882,-26.459,0.224,0.224,0.227,0.227
1.361,-0.849,-26.458,0.217,0.217,0.233,0.233
1.361,-0.817,-26.459,0.224,0.224,0.243,0.243
1.361,-0.784,-26.458,0.217,0.217,0.244,0.244
1.364,-0.817,-26.456,0.229,0.229,0.246,0.246
1.370,-0.817,-26.451,0.215,0.215,0.249,0.249
1.372,-0.833,-26.449,0.229,0.229,0.252,0.252
1.373,-0.996,-26.448,0.209,0.209,0.264,0.264
1.373,-1.012,-26.448,0.233,0.233,0.256,0.256
1.375,-0.915,-26.446,0.215,0.215,0.267,0.267
1.376,-0.621,-26.445,0.238,0.238,0.266,0.266
1.378,-0.360,-26.444,0.218,0.218,0.269,0.269
1.381,-0.278,-26.443,0.247,0.247,0.240,0.240
1.381,-0.262,-26.443,0.220,0.220,0.269,0.269
1.382,-0.278,-26.443,0.241,0.241,0.266,0.266
1.382,-0.294,-26.443,0.223,0.223,0.270,0.270
1.382,-0.311,-26.443,0.240,0.240,0.269,0.269
1.389,-0.327,-26.441,0.217,0.217,0.258,0.258
1.393,-0.539,-26.439,0.237,0.237,0.269,0.269
1.393,-0.898,-26.439,0.217,0.217,0.278,0.278
1.395,-1.241,-26.436,0.226,0.226,0.267,0.267
1.394,-1.372,-26.438,0.227,0.227,0.270,0.270
1.397,-1.355,-26.435,0.226,0.226,0.267,0.267
1.398,-1.306,-26.433,0.224,0.224,0.270,0.270
1.399,-1.469,-26.431,0.214,0.214,0.288,0.288
1.401,-1.747,-26.428,0.221,0.221,0.276,0.276
1.404,-2.041,-26.423,0.215,0.215,0.270,0.270
1.405,-2.269,-26.420,0.218,0.218,0.270,0.270
1.403,-2.122,-26.425,0.226,0.226,0.273,0.273
1.405,-1.682,-26.422,0.233,0.233,0.273,0.273
1.408,-1.061,-26.417,0.229,0.229,0.281,0.281
1.411,-0.343,-26.415,0.241,0.241,0.281,0.281
1.416,0.375,-26.415,0.232,0.232,0.298,0.298
1.418,1.044,-26.416,0.250,0.250,0.301,0.301
1.417,1.550,-26.416,0.230,0.230,0.310,0.310
1.420,1.680,-26.419,0.252,0.252,0.290,0.290
1.420,1.484,-26.420,0.235,0.235,0.298,0.298
1.421,1.158,-26.422,0.237,0.237,0.293,0.293
1.424,0.881,-26.424,0.227,0.227,0.276,0.276
1.424,0.456,-26.424,0.249,0.249,0.295,0.295
1.427,0.163,-26.425,0.224,0.224,0.304,0.304
1.428,0.114,-26.425,0.255,0.255,0.296,0.296
1.427,0.048,-26.425,0.229,0.229,0.287,0.287
1.428,-0.180,-26.425,0.238,0.238,0.275,0.275
1.430,-0.523,-26.425,0.221,0.221,0.276,0.276
1.436,-0.947,-26.420,0.246,0.246,0.269,0.269
1.438,-1.306,-26.418,0.224,0.224,0.279,0.279
1.439,-1.796,-26.416,0.243,0.243,0.282,0.282
1.440,-2.465,-26.414,0.230,0.230,0.273,0.273
1.442,-3.379,-26.409,0.241,0.241,0.266,0.266
1.443,-4.570,-26.403,0.227,0.227,0.276,0.276
1.445,-5.843,-26.395,0.240,0.240,0.262,0.262
1.447,-7.100,-26.378,0.229,0.229,0.264,0.264
1.447,-8.340,-26.379,0.247,0.247,0.262,0.262
1.450,-9.776,-26.357,0.221,0.221,0.264,0.264
1.448,-11.408,-26.370,0.238,0.238,0.269,0.269
1.449,-13.106,-26.358,0.230,0.230,0.270,0.270
1.451,-14.509,-26.338,0.235,0.235,0.276,0.276
1.457,-15.586,-26.250,0.243,0.243,0.267,0.267
1.461,-16.745,-26.187,0.246,0.246,0.258,0.258
1.460,-18.279,-26.202,0.243,0.243,0.262,0.262
1.461,-20.401,-26.183,0.232,0.232,0.264,0.264
1.462,-22.653,-26.147,0.241,0.241,0.264,0.264
1.463,-24.546,-26.125,0.235,0.235,0.264,0.264
1.466,-25.917,-26.062,0.240,0.240,0.279,0.279
1.467,-26.912,-26.029,0.244,0.244,0.262,0.262
1.469,-27.826,-25.981,0.244,0.244,0.256,0.256
1.470,-28.952,-25.955,0.224,0.224,0.261,0.261
1.469,-30.291,-25.993,0.243,0.243,0.261,0.261
1.469,-31.041,-25.969,0.224,0.224,0.261,0.261
1.470,-31.139,-25.935,0.240,0.240,0.261,0.261
1.477,-31.107,-25.725,0.209,0.209,0.253,0.253
1.480,-31.645,-25.630,0.227,0.227,0.237,0.237
1.480,-32.739,-25.626,0.198,0.198,0.250,0.250
1.481,-33.897,-25.598,0.217,0.217,0.232,0.232
1.483,-34.420,-25.530,0.201,0.201,0.238,0.238
1.484,-34.501,-25.513,0.237,0.237,0.232,0.232
1.486,-34.566,-25.428,0.215,0.215,0.252,0.252
1.487,-35.089,-25.398,0.227,0.227,0.235,0.235
1.489,-36.003,-25.339,0.214,0.214,0.243,0.243
1.490,-37.112,-25.276,0.221,0.221,0.247,0.247
1.491,-37.896,-25.262,0.220,0.220,0.240,0.240
1.490,-38.075,-25.305,0.243,0.243,0.247,0.247
1.490,-37.732,-25.296,0.235,0.235,0.275,0.275
1.495,-37.569,-25.093,0.230,0.230,0.256,0.256
1.499,-37.994,-24.951,0.218,0.218,0.255,0.255
1.501,-38.940,-24.881,0.226,0.226,0.255,0.255
1.501,-39.658,-24.855,0.227,0.227,0.255,0.255
1.502,-39.658,-24.832,0.249,0.249,0.255,0.255
1.503,-39.136,-24.806,0.237,0.237,0.266,0.266
1.505,-38.369,-24.732,0.232,0.232,0.237,0.237
1.505,-37.814,-24.707,0.224,0.224,0.264,0.264
1.508,-37.635,-24.598,0.209,0.209,0.275,0.275
1.509,-37.635,-24.579,0.226,0.226,0.264,0.264
1.509,-37.520,-24.565,0.224,0.224,0.261,0.261
1.508,-36.933,-24.607,0.230,0.230,0.249,0.249
1.509,-36.198,-24.550,0.217,0.217,0.259,0.259
1.515,-35.611,-24.367,0.227,0.227,0.264,0.264
1.518,-35.448,-24.243,0.211,0.211,0.259,0.259
1.520,-35.644,-24.180,0.218,0.218,0.261,0.261
1.519,-35.774,-24.213,0.220,0.220,0.267,0.267
1.521,-35.807,-24.138,0.235,0.235,0.255,0.255
1.522,-35.970,-24.118,0.208,0.208,0.261,0.261
1.524,-36.198,-24.042,0.218,0.218,0.255,0.255
1.524,-36.492,-24.018,0.200,0.200,0.252,0.252
1.527,-36.753,-23.921,0.220,0.220,0.256,0.256
1.528,-36.802,-23.892,0.215,0.215,0.256,0.256
1.528,-36.786,-23.877,0.243,0.243,0.259,0.259
1.528,-36.590,-23.877,0.230,0.230,0.261,0.261
1.527,-36.149,-23.907,0.226,0.226,0.264,0.264
1.530,-35.611,-23.809,0.217,0.217,0.266,0.266
1.534,-35.121,-23.667,0.247,0.247,0.261,0.261
1.538,-34.828,-23.538,0.237,0.237,0.278,0.278
1.539,-34.942,-23.490,0.264,0.264,0.270,0.270
1.539,-35.366,-23.500,0.247,0.247,0.285,0.285
1.541,-35.562,-23.437,0.252,0.252,0.276,0.276
1.541,-35.448,-23.408,0.227,0.227,0.262,0.262
1.542,-35.480,-23.379,0.256,0.256,0.261,0.261
1.544,-35.480,-23.317,0.235,0.235,0.284,0.284
1.546,-35.399,-23.254,0.253,0.253,0.270,0.270
1.547,-35.692,-23.201,0.244,0.244,0.276,0.276
1.548,-36.117,-23.178,0.250,0.250,0.291,0.291
1.546,-36.100,-23.242,0.221,0.221,0.269,0.269
1.548,-35.529,-23.184,0.246,0.246,0.256,0.256
1.551,-34.730,-23.064,0.230,0.230,0.270,0.270
1.555,-34.322,-22.920,0.240,0.240,0.264,0.264
1.557,-34.403,-22.865,0.246,0.246,0.264,0.264
1.557,-35.072,-22.860,0.237,0.237,0.259,0.259
1.558,-35.872,-22.814,0.233,0.233,0.264,0.264
1.560,-36.264,-22.754,0.218,0.218,0.264,0.264
1.560,-36.198,-22.748,0.237,0.237,0.273,0.273
1.561,-36.084,-22.717,0.232,0.232,0.258,0.258
1.563,-36.166,-22.630,0.233,0.233,0.250,0.250
1.564,-36.492,-22.627,0.230,0.230,0.255,0.255
1.564,-37.129,-22.622,0.233,0.233,0.255,0.255
1.563,-38.043,-22.639,0.223,0.223,0.255,0.255
1.566,-39.022,-22.520,0.235,0.235,0.256,0.256
1.570,-39.495,-22.391,0.235,0.235,0.261,0.261
1.574,-39.397,-22.235,0.244,0.244,0.256,0.256
1.573,-39.071,-22.239,0.215,0.215,0.259,0.259
1.574,-38.989,-22.218,0.243,0.243,0.238,0.238
1.577,-39.560,-22.116,0.226,0.226,0.258,0.258
1.577,-40.474,-22.120,0.243,0.243,0.264,0.264
1.577,-41.323,-22.094,0.230,0.230,0.258,0.258
1.580,-41.551,-21.970,0.259,0.259,0.262,0.262
1.580,-41.160,-21.967,0.233,0.233,0.264,0.264
1.582,-40.605,-21.879,0.249,0.249,0.258,0.258
1.582,-40.213,-21.895,0.224,0.224,0.264,0.264
1.581,-40.344,-21.943,0.240,0.240,0.255,0.255
1.582,-40.784,-21.907,0.226,0.226,0.258,0.258
1.586,-41.192,-21.714,0.243,0.243,0.259,0.259
1.590,-41.470,-21.569,0.214,0.214,0.256,0.256
1.593,-41.649,-21.459,0.227,0.227,0.241,0.241
1.592,-41.519,-21.494,0.192,0.192,0.246,0.246
1.592,-41.258,-21.482,0.221,0.221,0.243,0.243
1.594,-41.209,-21.418,0.212,0.212,0.253,0.253
1.595,-41.551,-21.357,0.221,0.221,0.256,0.256
1.595,-42.237,-21.341,0.217,0.217,0.259,0.259
1.596,-42.677,-21.322,0.215,0.215,0.247,0.247
1.599,-42.792,-21.175,0.209,0.209,0.262,0.262
1.599,-42.563,-21.186,0.203,0.203,0.259,0.259
1.599,-42.269,-21.198,0.218,0.218,0.232,0.232
1.597,-42.188,-21.261,0.206,0.206,0.255,0.255
1.601,-42.351,-21.088,0.227,0.227,0.269,0.269
1.605,-42.433,-20.914,0.212,0.212,0.258,0.258
1.609,-42.335,-20.783,0.226,0.226,0.261,0.261
1.608,-42.367,-20.806,0.212,0.212,0.264,0.264
1.609,-42.384,-20.747,0.215,0.215,0.269,0.269
1.609,-42.074,-20.762,0.211,0.211,0.269,0.269
1.610,-41.617,-20.701,0.226,0.226,0.270,0.270
1.612,-41.029,-20.648,0.208,0.208,0.278,0.278
1.613,-40.507,-20.612,0.224,0.224,0.275,0.275
1.615,-40.246,-20.497,0.209,0.209,0.272,0.272
1.615,-40.180,-20.521,0.223,0.223,0.282,0.282
1.614,-40.229,-20.565,0.212,0.212,0.276,0.276
1.614,-40.050,-20.564,0.238,0.238,0.273,0.273
1.618,-39.821,-20.410,0.209,0.209,0.270,0.270
1.622,-39.691,-20.240,0.229,0.229,0.269,0.269
1.623,-39.707,-20.181,0.203,0.203,0.270,0.270
1.624,-39.887,-20.164,0.224,0.224,0.270,0.270
1.624,-39.985,-20.156,0.212,0.212,0.267,0.267
1.624,-40.050,-20.141,0.224,0.224,0.269,0.269
1.627,-40.360,-20.039,0.220,0.220,0.275,0.275
1.628,-40.866,-20.009,0.221,0.221,0.267,0.267
1.628,-41.372,-19.978,0.211,0.211,0.266,0.266
1.630,-41.519,-19.924,0.224,0.224,0.250,0.250
1.630,-41.339,-19.895,0.215,0.215,0.267,0.267
1.630,-40.996,-19.913,0.221,0.221,0.276,0.276
1.630,-40.523,-19.912,0.215,0.215,0.276,0.276
1.630,-40.050,-19.905,0.223,0.223,0.272,0.272
1.636,-39.528,-19.685,0.227,0.227,0.278,0.278
1.638,-39.005,-19.587,0.230,0.230,0.275,0.275
1.641,-38.353,-19.491,0.241,0.241,0.305,0.305
1.640,-37.635,-19.508,0.230,0.230,0.285,0.285
1.639,-37.259,-19.547,0.230,0.230,0.296,0.296
1.641,-37.178,-19.467,0.240,0.240,0.285,0.285
1.642,-37.210,-19.436,0.240,0.240,0.293,0.293
1.644,-37.276,-19.378,0.226,0.226,0.276,0.276
1.645,-37.308,-19.342,0.244,0.244,0.295,0.295
1.645,-37.471,-19.327,0.223,0.223,0.262,0.262
1.646,-38.075,-19.281,0.232,0.232,0.284,0.284
1.645,-39.005,-19.325,0.221,0.221,0.298,0.298
1.644,-39.642,-19.358,0.240,0.240,0.276,0.276
1.648,-39.626,-19.204,0.220,0.220,0.273,0.273
1.652,-39.201,-19.046,0.240,0.240,0.279,0.279
1.655,-38.761,-18.956,0.215,0.215,0.276,0.276
1.656,-38.842,-18.902,0.227,0.227,0.255,0.255
1.654,-39.071,-18.975,0.206,0.206,0.266,0.266
1.656,-39.234,-18.901,0.237,0.237,0.270,0.270
1.657,-39.267,-18.865,0.215,0.215,0.266,0.266
1.658,-39.234,-18.833,0.240,0.240,0.261,0.261
1.659,-39.218,-18.783,0.214,0.214,0.259,0.259
1.660,-39.201,-18.755,0.237,0.237,0.272,0.272
1.661,-39.234,-18.724,0.217,0.217,0.261,0.261
1.660,-39.218,-18.729,0.235,0.235,0.264,0.264
1.659,-39.462,-18.788,0.220,0.220,0.262,0.262
1.664,-39.854,-18.603,0.243,0.243,0.266,0.266
1.668,-40.393,-18.438,0.218,0.218,0.270,0.270
1.668,-40.899,-18.416,0.237,0.237,0.278,0.278
1.669,-41.421,-18.386,0.221,0.221,0.272,0.272
1.669,-41.894,-18.379,0.243,0.243,0.269,0.269
1.670,-42.204,-18.337,0.230,0.230,0.270,0.270
1.670,-42.694,-18.330,0.259,0.259,0.261,0.261
1.672,-43.461,-18.267,0.233,0.233,0.267,0.267
1.673,-44.456,-18.209,0.238,0.238,0.267,0.267
1.673,-45.076,-18.197,0.235,0.235,0.290,0.290
1.674,-45.060,-18.182,0.240,0.240,0.270,0.270
1.672,-44.587,-18.234,0.232,0.232,0.264,0.264
1.674,-44.163,-18.177,0.233,0.233,0.267,0.267
1.677,-44.081,-18.038,0.230,0.230,0.270,0.270
1.680,-44.081,-17.915,0.227,0.227,0.266,0.266
1.682,-44.163,-17.798,0.212,0.212,0.262,0.262
1.681,-43.967,-17.843,0.211,0.211,0.230,0.230
1.682,-43.706,-17.832,0.220,0.220,0.250,0.250
1.683,-43.444,-17.791,0.208,0.208,0.258,0.258
1.684,-43.412,-17.738,0.215,0.215,0.253,0.253
1.684,-43.755,-17.708,0.201,0.201,0.243,0.243
1.686,-44.065,-17.654,0.215,0.215,0.255,0.255
1.687,-44.228,-17.601,0.197,0.197,0.243,0.243
1.688,-43.967,-17.547,0.232,0.232,0.233,0.233
1.687,-43.363,-17.611,0.209,0.209,0.252,0.252
1.687,-42.824,-17.582,0.227,0.227,0.258,0.258
1.689,-42.792,-17.525,0.212,0.212,0.250,0.250
1.693,-43.053,-17.352,0.232,0.232,0.253,0.253
1.694,-43.183,-17.296,0.218,0.218,0.253,0.253
1.695,-43.020,-17.269,0.235,0.235,0.258,0.258
1.696,-42.612,-17.206,0.215,0.215,0.253,0.253
1.696,-42.253,-17.229,0.233,0.233,0.261,0.261
1.697,-42.351,-17.185,0.221,0.221,0.270,0.270
1.697,-42.792,-17.164,0.227,0.227,0.267,0.267
1.699,-43.330,-17.087,0.223,0.223,0.264,0.264
1.700,-43.869,-17.052,0.235,0.235,0.258,0.258
1.700,-44.114,-17.052,0.226,0.226,0.266,0.266
1.699,-44.032,-17.076,0.233,0.233,0.258,0.258
1.699,-43.755,-17.092,0.221,0.221,0.266,0.266
1.703,-43.657,-16.925,0.226,0.226,0.266,0.266
1.706,-43.820,-16.773,0.215,0.215,0.267,0.267
1.707,-44.277,-16.728,0.232,0.232,0.264,0.264
1.708,-44.766,-16.699,0.224,0.224,0.264,0.264
1.708,-45.142,-16.680,0.215,0.215,0.266,0.266
1.708,-44.979,-16.707,0.226,0.226,0.269,0.269
1.708,-44.554,-16.680,0.211,0.211,0.264,0.264
1.710,-43.983,-16.610,0.218,0.218,0.262,0.262
1.711,-43.493,-16.537,0.218,0.218,0.264,0.264
1.711,-43.151,-16.550,0.232,0.232,0.266,0.266
1.712,-42.922,-16.502,0.217,0.217,0.284,0.284
1.711,-42.531,-16.541,0.211,0.211,0.262,0.262
1.711,-42.041,-16.534,0.206,0.206,0.255,0.255
1.711,-41.584,-16.534,0.221,0.221,0.264,0.264
1.716,-41.437,-16.353,0.214,0.214,0.266,0.266
1.720,-41.959,-16.181,0.240,0.240,0.270,0.270
1.720,-42.547,-16.170,0.235,0.235,0.275,0.275
1.720,-42.775,-16.178,0.243,0.243,0.285,0.285
1.720,-42.580,-16.181,0.224,0.224,0.285,0.285
1.721,-42.090,-16.139,0.243,0.243,0.296,0.296
1.721,-41.715,-16.125,0.227,0.227,0.293,0.293
1.723,-41.878,-16.063,0.243,0.243,0.279,0.279
1.724,-42.531,-16.031,0.237,0.237,0.279,0.279
1.724,-43.265,-15.994,0.246,0.246,0.288,0.288
1.724,-43.901,-16.008,0.220,0.220,0.267,0.267
1.724,-44.130,-16.030,0.247,0.247,0.284,0.284
1.722,-44.032,-16.089,0.221,0.221,0.296,0.296
1.725,-43.755,-15.979,0.246,0.246,0.270,0.270
1.730,-43.591,-15.743,0.224,0.224,0.272,0.272
1.732,-43.444,-15.681,0.246,0.246,0.281,0.281
1.732,-43.265,-15.653,0.220,0.220,0.275,0.275
1.731,-43.347,-15.707,0.233,0.233,0.266,0.266
1.731,-43.575,-15.684,0.227,0.227,0.272,0.272
1.732,-43.869,-15.648,0.233,0.233,0.262,0.262
1.734,-44.097,-15.568,0.226,0.226,0.270,0.270
1.735,-43.983,-15.524,0.244,0.244,0.266,0.266
1.736,-43.559,-15.498,0.237,0.237,0.273,0.273
1.735,-43.200,-15.518,0.229,0.229,0.264,0.264
1.734,-42.743,-15.570,0.224,0.224,0.272,0.272
1.733,-42.302,-15.611,0.232,0.232,0.269,0.269
1.737,-41.927,-15.428,0.233,0.233,0.275,0.275
1.741,-41.731,-15.263,0.230,0.230,0.264,0.264
1.743,-41.682,-15.211,0.237,0.237,0.264,0.264
1.741,-41.698,-15.291,0.229,0.229,0.258,0.258
1.741,-41.894,-15.258,0.227,0.227,0.264,0.264
1.743,-42.123,-15.210,0.243,0.243,0.269,0.269
1.744,-42.204,-15.163,0.235,0.235,0.267,0.267
1.743,-42.204,-15.191,0.237,0.237,0.264,0.264
1.744,-42.041,-15.136,0.238,0.238,0.253,0.253
1.746,-41.731,-15.089,0.233,0.233,0.264,0.264
1.746,-41.502,-15.074,0.237,0.237,0.272,0.272
1.745,-41.258,-15.112,0.218,0.218,0.264,0.264
1.743,-41.388,-15.179,0.243,0.243,0.259,0.259
1.748,-41.617,-15.002,0.220,0.220,0.264,0.264
1.751,-41.747,-14.857,0.240,0.240,0.261,0.261
1.752,-41.715,-14.811,0.209,0.209,0.278,0.278
1.751,-41.535,-14.843,0.227,0.227,0.255,0.255
1.753,-41.029,-14.783,0.198,0.198,0.241,0.241
1.753,-40.327,-14.779,0.211,0.211,0.235,0.235
1.754,-39.609,-14.752,0.204,0.204,0.243,0.243
1.753,-39.169,-14.780,0.226,0.226,0.243,0.243
1.755,-39.103,-14.708,0.204,0.204,0.246,0.246
1.756,-39.169,-14.677,0.221,0.221,0.230,0.230
1.756,-39.038,-14.645,0.212,0.212,0.246,0.246
1.756,-38.810,-14.678,0.223,0.223,0.261,0.261
1.755,-38.516,-14.708,0.221,0.221,0.249,0.249
1.754,-38.092,-14.723,0.233,0.233,0.238,0.238
1.758,-37.798,-14.583,0.221,0.221,0.249,0.249
1.760,-37.520,-14.496,0.227,0.227,0.253,0.253
1.763,-37.308,-14.406,0.218,0.218,0.247,0.247
1.764,-37.210,-14.378,0.230,0.230,0.253,0.253
1.764,-37.243,-14.377,0.240,0.240,0.264,0.264
1.763,-37.047,-14.410,0.224,0.224,0.258,0.258
1.764,-36.851,-14.361,0.232,0.232,0.259,0.259
1.764,-36.721,-14.345,0.229,0.229,0.252,0.252
1.764,-36.753,-14.349,0.229,0.229,0.266,0.266
1.766,-36.753,-14.295,0.218,0.218,0.261,0.261
1.766,-36.965,-14.299,0.235,0.235,0.264,0.264
1.765,-36.982,-14.342,0.212,0.212,0.270,0.270
1.763,-36.868,-14.391,0.227,0.227,0.262,0.262
1.767,-36.786,-14.247,0.224,0.224,0.266,0.266
1.770,-36.949,-14.145,0.227,0.227,0.266,0.266
1.772,-37.357,-14.080,0.217,0.217,0.264,0.264
1.772,-37.732,-14.080,0.233,0.233,0.261,0.261
1.771,-37.814,-14.095,0.223,0.223,0.264,0.264
1.771,-37.569,-14.094,0.243,0.243,0.262,0.262
1.773,-37.145,-14.033,0.212,0.212,0.269,0.269
1.772,-36.606,-14.057,0.235,0.235,0.258,0.258
1.773,-36.296,-14.010,0.211,0.211,0.278,0.278
1.774,-36.247,-13.980,0.233,0.233,0.256,0.256
1.774,-36.443,-14.000,0.209,0.209,0.255,0.255
1.773,-36.721,-14.017,0.241,0.241,0.259,0.259
1.774,-36.851,-14.007,0.217,0.217,0.258,0.258
1.774,-36.802,-14.008,0.233,0.233,0.258,0.258
1.780,-36.786,-13.772,0.226,0.226,0.264,0.264
1.780,-36.737,-13.763,0.241,0.241,0.279,0.279
1.779,-36.590,-13.797,0.237,0.237,0.266,0.266
1.780,-36.541,-13.771,0.269,0.269,0.276,0.276
1.781,-36.884,-13.717,0.246,0.246,0.285,0.285
1.781,-37.194,-13.729,0.258,0.258,0.288,0.288
1.781,-37.324,-13.726,0.247,0.247,0.287,0.287
1.782,-37.308,-13.695,0.259,0.259,0.282,0.282
1.783,-37.243,-13.658,0.253,0.253,0.255,0.255
1.784,-37.243,-13.618,0.266,0.266,0.276,0.276
1.783,-37.047,-13.674,0.258,0.258,0.290,0.290
1.782,-36.639,-13.691,0.259,0.259,0.275,0.275
1.781,-36.133,-13.746,0.247,0.247,0.284,0.284
1.786,-35.741,-13.551,0.261,0.261,0.266,0.266
1.787,-35.350,-13.505,0.259,0.259,0.278,0.278
1.788,-34.909,-13.474,0.261,0.261,0.264,0.264
1.788,-34.583,-13.489,0.288,0.288,0.276,0.276
1.788,-34.142,-13.496,0.272,0.272,0.262,0.262
1.789,-33.865,-13.465,0.285,0.285,0.266,0.266
1.789,-33.783,-13.444,0.269,0.269,0.262,0.262
1.790,-33.767,-13.409,0.284,0.284,0.287,0.287
1.792,-33.832,-13.360,0.270,0.270,0.269,0.269
1.791,-34.012,-13.391,0.282,0.282,0.249,0.249
1.791,-34.289,-13.382,0.279,0.279,0.255,0.255
1.788,-34.566,-13.470,0.298,0.298,0.259,0.259
1.789,-34.974,-13.443,0.273,0.273,0.261,0.261
1.793,-35.480,-13.307,0.298,0.298,0.259,0.259
1.795,-35.790,-13.228,0.295,0.295,0.273,0.273
1.797,-36.019,-13.178,0.307,0.307,0.261,0.261
1.795,-36.035,-13.231,0.299,0.299,0.255,0.255
1.796,-35.872,-13.207,0.330,0.330,0.261,0.261
1.796,-35.578,-13.217,0.304,0.304,0.264,0.264
1.797,-35.333,-13.160,0.325,0.325,0.262,0.262
1.796,-35.040,-13.187,0.319,0.319,0.264,0.264
1.798,-34.664,-13.141,0.334,0.334,0.259,0.259
1.797,-34.371,-13.153,0.324,0.324,0.270,0.270
1.797,-34.289,-13.173,0.340,0.340,0.264,0.264
1.796,-34.289,-13.211,0.316,0.316,0.262,0.262
1.796,-34.338,-13.209,0.340,0.340,0.255,0.255
1.801,-34.338,-13.029,0.304,0.304,0.258,0.258
1.802,-34.534,-12.990,0.319,0.319,0.256,0.256
1.803,-34.730,-12.946,0.299,0.299,0.258,0.258
1.803,-34.828,-12.968,0.298,0.298,0.253,0.253
1.803,-35.056,-12.974,0.273,0.273,0.243,0.243
1.803,-35.219,-12.953,0.279,0.279,0.235,0.235
1.803,-35.350,-12.947,0.264,0.264,0.233,0.233
1.803,-35.317,-12.944,0.261,0.261,0.250,0.250
1.805,-35.301,-12.900,0.264,0.264,0.243,0.243
1.804,-35.301,-12.916,0.243,0.243,0.241,0.241
1.804,-35.089,-12.918,0.246,0.246,0.238,0.238
1.803,-34.681,-12.955,0.224,0.224,0.247,0.247
1.804,-34.142,-12.942,0.235,0.235,0.246,0.246
1.804,-33.652,-12.939,0.214,0.214,0.230,0.230
1.807,-33.130,-12.830,0.223,0.223,0.258,0.258
1.809,-32.820,-12.760,0.206,0.206,0.249,0.249
1.809,-32.755,-12.772,0.215,0.215,0.252,0.252
1.808,-32.788,-12.782,0.194,0.194,0.252,0.252
1.808,-32.608,-12.790,0.200,0.200,0.250,0.250
1.810,-32.445,-12.732,0.191,0.191,0.243,0.243
1.809,-32.314,-12.749,0.198,0.198,0.256,0.256
1.811,-32.331,-12.708,0.174,0.174,0.233,0.233
1.812,-32.314,-12.678,0.182,0.182,0.252,0.252
1.810,-32.380,-12.725,0.169,0.169,0.270,0.270
1.809,-32.347,-12.756,0.183,0.183,0.258,0.258
1.809,-32.331,-12.755,0.163,0.163,0.259,0.259
1.810,-32.347,-12.727,0.182,0.182,0.253,0.253
1.813,-32.363,-12.624,0.165,0.165,0.266,0.266
1.815,-32.347,-12.550,0.172,0.172,0.261,0.261
1.815,-32.380,-12.565,0.165,0.165,0.256,0.256
1.814,-32.526,-12.613,0.179,0.179,0.253,0.253
1.815,-32.771,-12.580,0.168,0.168,0.262,0.262
1.814,-33.081,-12.599,0.169,0.169,0.258,0.258
1.816,-33.277,-12.548,0.172,0.172,0.276,0.276
1.815,-33.359,-12.555,0.160,0.160,0.258,0.258
1.816,-33.179,-12.539,0.156,0.156,0.252,0.252
1.816,-33.130,-12.524,0.159,0.159,0.252,0.252
1.814,-33.424,-12.598,0.169,0.169,0.256,0.256
1.816,-33.718,-12.543,0.165,0.165,0.252,0.252
1.816,-33.669,-12.543,0.180,0.180,0.256,0.256
1.819,-33.424,-12.437,0.171,0.171,0.255,0.255
1.820,-33.114,-12.397,0.195,0.195,0.258,0.258
1.820,-33.065,-12.385,0.179,0.179,0.267,0.267
1.820,-33.196,-12.406,0.212,0.212,0.258,0.258
1.819,-33.310,-12.417,0.198,0.198,0.270,0.270
1.820,-33.130,-12.399,0.214,0.214,0.262,0.262
1.820,-32.510,-12.398,0.198,0.198,0.276,0.276
1.820,-31.776,-12.392,0.223,0.223,0.266,0.266
1.820,-31.466,-12.401,0.208,0.208,0.273,0.273
1.821,-31.270,-12.353,0.217,0.217,0.267,0.267
1.820,-30.976,-12.385,0.206,0.206,0.281,0.281
1.819,-30.813,-12.414,0.220,0.220,0.269,0.269
1.819,-30.650,-12.423,0.197,0.197,0.293,0.293
1.821,-30.617,-12.376,0.220,0.220,0.276,0.276
1.825,-30.715,-12.256,0.197,0.197,0.258,0.258
1.825,-31.009,-12.236,0.203,0.203,0.266,0.266
1.825,-31.286,-12.237,0.200,0.200,0.267,0.267
1.825,-31.580,-12.259,0.209,0.209,0.266,0.266
1.823,-32.004,-12.294,0.188,0.188,0.256,0.256
1.824,-32.477,-12.275,0.212,0.212,0.278,0.278
1.826,-32.967,-12.221,0.200,0.200,0.250,0.250
1.826,-33.114,-12.220,0.212,0.212,0.247,0.247
1.826,-32.771,-12.219,0.201,0.201,0.255,0.255
1.824,-32.461,-12.262,0.230,0.230,0.255,0.255
1.824,-32.298,-12.278,0.224,0.224,0.252,0.252
1.822,-32.184,-12.324,0.235,0.235,0.250,0.250
1.825,-31.857,-12.247,0.259,0.259,0.267,0.267
1.828,-31.547,-12.145,0.275,0.275,0.255,0.255
1.830,-31.204,-12.085,0.299,0.299,0.252,0.252
1.828,-30.813,-12.140,0.313,0.313,0.256,0.256
1.829,-30.519,-12.123,0.362,0.362,0.261,0.261
1.829,-30.111,-12.126,0.388,0.388,0.262,0.262
1.828,-29.948,-12.136,0.418,0.418,0.264,0.264
1.829,-29.703,-12.125,0.443,0.443,0.264,0.264
1.830,-29.866,-12.094,0.481,0.481,0.261,0.261
1.829,-29.866,-12.105,0.491,0.491,0.262,0.262
1.829,-29.964,-12.117,0.520,0.520,0.270,0.270
1.828,-30.046,-12.160,0.517,0.517,0.267,0.267
1.827,-30.307,-12.174,0.537,0.537,0.267,0.267
1.827,-30.584,-12.178,0.530,0.530,0.264,0.264
1.830,-30.845,-12.070,0.548,0.548,0.261,0.261
1.834,-31.090,-11.963,0.526,0.526,0.267,0.267
1.832,-31.302,-12.014,0.522,0.522,0.266,0.266
1.832,-31.531,-12.012,0.502,0.502,0.259,0.259
1.832,-31.776,-12.022,0.499,0.499,0.244,0.244
1.833,-31.808,-12.006,0.459,0.459,0.240,0.240
1.832,-31.857,-12.011,0.458,0.458,0.249,0.249
1.832,-31.841,-12.012,0.421,0.421,0.232,0.232
1.833,-31.841,-11.988,0.423,0.423,0.247,0.247
1.834,-31.808,-11.970,0.380,0.380,0.262,0.262
1.832,-31.808,-12.020,0.368,0.368,0.249,0.249
1.831,-31.612,-12.067,0.331,0.331,0.252,0.252
1.830,-31.368,-12.088,0.316,0.316,0.255,0.255
1.830,-31.270,-12.086,0.275,0.275,0.252,0.252
1.835,-31.286,-11.927,0.270,0.270,0.237,0.237
1.836,-31.302,-11.887,0.243,0.243,0.259,0.259
1.836,-31.139,-11.889,0.226,0.226,0.267,0.267
1.835,-30.927,-11.922,0.198,0.198,0.258,0.258
1.834,-30.796,-11.952,0.189,0.189,0.256,0.256
1.835,-31.009,-11.922,0.174,0.174,0.252,0.252
1.836,-31.237,-11.914,0.143,0.143,0.261,0.261
1.836,-31.188,-11.895,0.153,0.153,0.255,0.255
1.835,-31.139,-11.923,0.127,0.127,0.258,0.258
1.836,-31.204,-11.912,0.131,0.131,0.264,0.264
1.834,-31.302,-11.970,0.119,0.119,0.258,0.258
1.833,-31.351,-12.005,0.136,0.136,0.261,0.261
1.835,-31.515,-11.937,0.116,0.116,0.269,0.269
1.837,-31.727,-11.853,0.133,0.133,0.262,0.262
1.839,-31.841,-11.814,0.139,0.139,0.273,0.273
1.838,-31.825,-11.834,0.157,0.157,0.262,0.262
1.838,-31.645,-11.836,0.154,0.154,0.262,0.262
1.838,-31.564,-11.827,0.185,0.185,0.264,0.264
1.837,-31.515,-11.852,0.183,0.183,0.267,0.267
1.837,-31.384,-11.874,0.233,0.233,0.273,0.273
1.838,-31.302,-11.837,0.230,0.230,0.266,0.266
1.838,-31.270,-11.827,0.291,0.291,0.258,0.258
1.838,-31.302,-11.849,0.302,0.302,0.261,0.261
1.836,-31.319,-11.890,0.366,0.366,0.258,0.258
1.834,-31.335,-11.952,0.398,0.398,0.252,0.252
1.836,-31.139,-11.886,0.459,0.459,0.249,0.249
1.840,-30.894,-11.769,0.459,0.459,0.256,0.256
1.841,-30.796,-11.755,0.491,0.491,0.256,0.256
1.840,-30.764,-11.786,0.487,0.487,0.264,0.264
1.839,-30.813,-11.792,0.504,0.504,0.262,0.262
1.840,-30.829,-11.769,0.476,0.476,0.281,0.281
1.839,-30.845,-11.794,0.487,0.487,0.276,0.276
1.840,-30.813,-11.763,0.465,0.465,0.284,0.284
1.840,-30.633,-11.773,0.459,0.459,0.250,0.250
1.840,-30.421,-11.767,0.450,0.450,0.279,0.279
1.840,-30.323,-11.779,0.430,0.430,0.279,0.279
1.838,-30.307,-11.833,0.400,0.400,0.272,0.272
1.837,-30.340,-11.865,0.377,0.377,0.264,0.264
1.836,-30.340,-11.890,0.343,0.343,0.270,0.270
1.839,-30.160,-11.811,0.304,0.304,0.267,0.267
1.841,-29.932,-11.732,0.253,0.253,0.230,0.230
1.842,-29.834,-11.703,0.224,0.224,0.250,0.250
1.841,-29.785,-11.735,0.194,0.194,0.262,0.262
1.840,-29.654,-11.765,0.157,0.157,0.252,0.252
1.840,-29.458,-11.770,0.139,0.139,0.249,0.249
1.840,-29.344,-11.768,0.099,0.099,0.247,0.247
1.840,-29.360,-11.780,0.078,0.078,0.250,0.250
1.841,-29.360,-11.755,0.061,0.061,0.247,0.247
1.840,-29.164,-11.776,0.060,0.060,0.250,0.250
1.839,-28.936,-11.806,0.032,0.032,0.261,0.261
1.837,-28.871,-11.861,0.031,0.031,0.250,0.250
1.837,-29.018,-11.859,0.011,0.011,0.249,0.249
1.840,-29.295,-11.768,0.029,0.029,0.252,0.252
1.842,-29.377,-11.703,0.005,0.005,0.259,0.259
1.843,-29.213,-11.695,0.038,0.038,0.255,0.255
1.842,-28.969,-11.709,0.027,0.027,0.252,0.252
1.841,-28.822,-11.735,0.046,0.046,0.252,0.252
1.840,-28.838,-11.768,0.043,0.043,0.275,0.275
1.841,-28.854,-11.754,0.085,0.085,0.258,0.258
1.842,-28.871,-11.722,0.098,0.098,0.285,0.285
1.842,-28.854,-11.726,0.148,0.148,0.269,0.269
1.842,-28.708,-11.718,0.191,0.191,0.269,0.269
1.840,-28.642,-11.762,0.256,0.256,0.269,0.269
1.839,-28.593,-11.810,0.311,0.311,0.270,0.270
1.837,-28.659,-11.855,0.403,0.403,0.267,0.267
1.838,-28.789,-11.819,0.446,0.446,0.270,0.270
1.844,-28.724,-11.660,0.493,0.493,0.262,0.262
1.844,-28.495,-11.650,0.505,0.505,0.273,0.273
1.843,-28.544,-11.676,0.522,0.522,0.273,0.273
1.842,-28.756,-11.706,0.497,0.497,0.267,0.267
1.842,-28.903,-11.704,0.499,0.499,0.249,0.249
1.841,-29.116,-11.737,0.482,0.482,0.240,0.240
1.842,-29.279,-11.711,0.473,0.473,0.252,0.252
1.841,-29.393,-11.756,0.450,0.450,0.258,0.258
1.841,-29.409,-11.745,0.421,0.421,0.259,0.259
1.841,-29.589,-11.735,0.417,0.417,0.266,0.266
1.839,-29.736,-11.792,0.371,0.371,0.253,0.253
1.837,-29.866,-11.849,0.349,0.349,0.256,0.256
1.837,-29.703,-11.858,0.304,0.304,0.278,0.278
1.840,-29.426,-11.779,0.284,0.284,0.246,0.246
1.843,-29.344,-11.698,0.233,0.233,0.247,0.247
1.843,-29.344,-11.689,0.208,0.208,0.255,0.255
1.841,-29.393,-11.731,0.156,0.156,0.256,0.256
1.841,-29.344,-11.740,0.145,0.145,0.249,0.249
1.841,-29.181,-11.758,0.092,0.092,0.247,0.247
1.841,-28.969,-11.735,0.073,0.073,0.230,0.230
1.841,-28.854,-11.756,0.026,0.026,0.252,0.252
1.841,-28.838,-11.752,0.014,0.014,0.255,0.255
1.840,-28.871,-11.767,-0.035,0.035,0.249,0.249
1.839,-28.887,-11.815,-0.014,0.014,0.252,0.252
1.836,-28.887,-11.884,-0.041,0.041,0.250,0.250
1.837,-28.854,-11.845,-0.024,0.024,0.255,0.255
1.841,-28.887,-11.745,-0.040,0.040,0.261,0.261
1.841,-28.887,-11.740,-0.005,0.005,0.255,0.255
1.842,-28.854,-11.723,-0.017,0.017,0.258,0.258
1.840,-28.887,-11.769,0.023,0.023,0.258,0.258
1.839,-28.887,-11.805,0.041,0.041,0.266,0.266
1.840,-28.887,-11.779,0.069,0.069,0.282,0.282
1.839,-28.691,-11.792,0.105,0.105,0.270,0.270
1.839,-28.463,-11.789,0.156,0.156,0.253,0.253
1.840,-28.381,-11.774,0.180,0.180,0.258,0.258
1.840,-28.365,-11.786,0.232,0.232,0.264,0.264
1.837,-28.414,-11.866,0.250,0.250,0.267,0.267
1.835,-28.365,-11.920,0.301,0.301,0.264,0.264
1.835,-28.202,-11.918,0.322,0.322,0.261,0.261
1.838,-27.957,-11.835,0.345,0.345,0.261,0.261
1.841,-27.843,-11.754,0.380,0.380,0.269,0.269
1.841,-27.843,-11.754,0.391,0.391,0.266,0.266
1.839,-27.696,-11.803,0.420,0.420,0.269,0.269
1.837,-27.500,-11.844,0.443,0.443,0.262,0.262
1.837,-27.369,-11.844,0.493,0.493,0.288,0.288
1.837,-27.418,-11.854,0.508,0.508,0.282,0.282
1.838,-27.402,-11.836,0.526,0.526,0.298,0.298
1.838,-27.402,-11.838,0.517,0.517,0.293,0.293
1.837,-27.402,-11.846,0.545,0.545,0.295,0.295
1.837,-27.222,-11.856,0.534,0.534,0.284,0.284
1.834,-27.027,-11.944,0.554,0.554,0.319,0.319
1.833,-26.912,-11.965,0.536,0.536,0.295,0.295
1.835,-26.929,-11.919,0.574,0.574,0.288,0.288
1.838,-26.929,-11.841,0.574,0.574,0.295,0.295
1.838,-26.733,-11.832,0.584,0.584,0.285,0.285
1.838,-26.521,-11.822,0.555,0.555,0.282,0.282
1.836,-26.406,-11.874,0.571,0.571,0.272,0.272
1.836,-26.423,-11.895,0.545,0.545,0.253,0.253
1.836,-26.439,-11.896,0.546,0.546,0.256,0.256
1.836,-26.635,-11.896,0.485,0.485,0.255,0.255
1.836,-26.668,-11.874,0.485,0.485,0.240,0.240
1.835,-26.553,-11.916,0.438,0.438,0.240,0.240
1.834,-26.439,-11.941,0.439,0.439,0.238,0.238
1.832,-26.439,-11.996,0.414,0.414,0.232,0.232
1.830,-26.439,-12.036,0.449,0.449,0.209,0.209
1.834,-26.472,-11.937,0.424,0.424,0.229,0.229
1.836,-26.455,-11.894,0.455,0.455,0.235,0.235
1.835,-26.455,-11.915,0.461,0.461,0.238,0.238
1.836,-26.439,-11.895,0.479,0.479,0.241,0.241
1.833,-26.488,-11.958,0.461,0.461,0.233,0.233
1.833,-26.635,-11.972,0.478,0.478,0.237,0.237
1.832,-26.847,-11.979,0.462,0.462,0.244,0.244
1.833,-26.782,-11.967,0.475,0.475,0.240,0.240
1.833,-26.374,-11.954,0.462,0.462,0.241,0.241
1.833,-25.998,-11.974,0.468,0.468,0.237,0.237
1.832,-25.884,-11.979,0.473,0.473,0.243,0.243
1.830,-25.917,-12.051,0.481,0.481,0.267,0.267
1.828,-25.933,-12.092,0.534,0.534,0.252,0.252
1.828,-25.966,-12.091,0.559,0.559,0.243,0.243
1.831,-25.949,-12.018,0.597,0.597,0.247,0.247
1.833,-25.966,-11.973,0.621,0.621,0.252,0.252
1.833,-25.949,-11.962,0.664,0.664,0.255,0.255
1.832,-25.949,-11.991,0.676,0.676,0.256,0.256
1.830,-25.949,-12.036,0.691,0.691,0.246,0.246
1.829,-25.949,-12.067,0.710,0.710,0.240,0.240
1.830,-25.949,-12.045,0.751,0.751,0.256,0.256
1.829,-25.949,-12.065,0.745,0.745,0.246,0.246
1.828,-25.786,-12.083,0.777,0.777,0.243,0.243
1.829,-25.525,-12.080,0.765,0.765,0.243,0.243
1.828,-25.427,-12.094,0.803,0.803,0.256,0.256
1.824,-25.427,-12.190,0.769,0.769,0.250,0.250
1.824,-25.444,-12.190,0.746,0.746,0.258,0.258
1.824,-25.460,-12.196,0.668,0.668,0.259,0.259
1.828,-25.264,-12.095,0.630,0.630,0.247,0.247
1.828,-25.036,-12.100,0.534,0.534,0.258,0.258
1.827,-24.742,-12.109,0.468,0.468,0.281,0.281
1.827,-24.513,-12.120,0.368,0.368,0.270,0.270
1.824,-24.415,-12.179,0.258,0.258,0.256,0.256
1.825,-24.252,-12.157,0.145,0.145,0.267,0.267
1.825,-24.024,-12.157,0.031,0.031,0.266,0.266
1.824,-23.926,-12.190,-0.084,0.084,0.266,0.266
1.825,-23.746,-12.175,-0.212,0.212,0.270,0.270
1.823,-23.518,-12.223,-0.288,0.288,0.249,0.249
1.820,-23.501,-12.291,-0.391,0.391,0.272,0.272
1.820,-23.632,-12.286,-0.456,0.456,0.282,0.282
1.822,-23.893,-12.242,-0.528,0.528,0.276,0.276
1.825,-23.991,-12.166,-0.533,0.533,0.273,0.273
1.824,-24.007,-12.186,-0.584,0.584,0.267,0.267
1.822,-23.958,-12.228,-0.569,0.569,0.275,0.275
1.821,-23.958,-12.255,-0.583,0.583,0.282,0.282
1.822,-23.958,-12.247,-0.542,0.542,0.284,0.284
1.820,-23.991,-12.280,-0.516,0.516,0.285,0.285
1.821,-23.975,-12.270,-0.406,0.406,0.287,0.287
1.821,-23.942,-12.269,-0.322,0.322,0.295,0.295
1.820,-23.779,-12.275,-0.198,0.198,0.301,0.301
1.819,-23.550,-12.304,-0.099,0.099,0.293,0.293
1.817,-23.469,-12.365,0.029,0.029,0.285,0.285
1.816,-23.436,-12.391,0.160,0.160,0.291,0.291
1.818,-23.501,-12.326,0.307,0.307,0.285,0.285
1.819,-23.273,-12.308,0.441,0.441,0.293,0.293
1.820,-22.865,-12.293,0.577,0.577,0.290,0.290
1.818,-22.326,-12.337,0.705,0.705,0.299,0.299
1.817,-21.820,-12.361,0.819,0.819,0.278,0.278
1.816,-21.494,-12.369,0.957,0.957,0.272,0.272
1.815,-21.412,-12.388,1.036,1.036,0.276,0.276
1.815,-21.282,-12.391,1.140,1.140,0.275,0.275
1.816,-21.119,-12.382,1.221,1.221,0.278,0.278
1.815,-20.825,-12.401,1.283,1.283,0.264,0.264
1.814,-20.613,-12.415,1.302,1.302,0.246,0.246
1.812,-20.678,-12.466,1.346,1.346,0.255,0.255
1.811,-20.907,-12.489,1.344,1.344,0.273,0.273
1.811,-21.004,-12.479,1.386,1.386,0.253,0.253
1.814,-21.037,-12.415,1.381,1.381,0.250,0.250
1.814,-21.021,-12.413,1.378,1.378,0.247,0.247
1.812,-21.004,-12.448,1.308,1.308,0.244,0.244
1.812,-21.004,-12.449,1.259,1.259,0.240,0.240
1.811,-21.021,-12.485,1.175,1.175,0.246,0.246
1.810,-21.021,-12.493,1.119,1.119,0.244,0.244
1.809,-21.021,-12.514,0.992,0.992,0.237,0.237
1.809,-21.021,-12.520,0.909,0.909,0.243,0.243
1.810,-21.004,-12.502,0.792,0.792,0.252,0.252
1.808,-21.004,-12.545,0.716,0.716,0.240,0.240
1.806,-20.825,-12.587,0.597,0.597,0.252,0.252
1.804,-20.596,-12.633,0.528,0.528,0.255,0.255
1.805,-20.254,-12.600,0.432,0.432,0.246,0.246
1.808,-19.878,-12.551,0.348,0.348,0.256,0.256
1.809,-19.389,-12.529,0.237,0.237,0.266,0.266
1.808,-19.062,-12.551,0.118,0.118,0.266,0.266
1.806,-18.769,-12.582,0.000,0.000,0.273,0.273
1.804,-18.605,-12.617,-0.136,0.136,0.275,0.275
1.805,-18.524,-12.609,-0.241,0.241,0.278,0.278
1.803,-18.344,-12.632,-0.377,0.377,0.279,0.279
1.803,-18.132,-12.634,-0.465,0.465,0.273,0.273
1.803,-17.822,-12.630,-0.526,0.526,0.272,0.272
1.802,-17.610,-12.658,-0.560,0.560,0.273,0.273
1.799,-17.545,-12.700,-0.618,0.618,0.267,0.267
1.799,-17.545,-12.710,-0.662,0.662,0.267,0.267
1.797,-17.577,-12.739,-0.710,0.710,0.267,0.267
1.800,-17.577,-12.685,-0.723,0.723,0.269,0.269
1.802,-17.365,-12.657,-0.734,0.734,0.287,0.287
1.801,-16.941,-12.672,-0.670,0.670,0.273,0.273
1.800,-16.419,-12.684,-0.609,0.609,0.278,0.278
1.798,-15.864,-12.717,-0.511,0.511,0.281,0.281
1.797,-15.570,-12.731,-0.479,0.479,0.285,0.285
1.797,-15.309,-12.731,-0.410,0.410,0.278,0.278
1.797,-14.950,-12.742,-0.383,0.383,0.278,0.278
1.797,-14.460,-12.744,-0.322,0.322,0.252,0.252
1.796,-14.150,-12.753,-0.302,0.302,0.267,0.267
1.795,-13.856,-12.767,-0.218,0.218,0.270,0.270
1.792,-13.448,-12.805,-0.160,0.160,0.261,0.261
1.791,-13.171,-12.814,-0.081,0.081,0.240,0.240
1.791,-13.073,-12.819,0.015,0.015,0.240,0.240
1.794,-13.106,-12.786,0.118,0.118,0.232,0.232
1.795,-13.106,-12.773,0.279,0.279,0.209,0.209
1.793,-13.122,-12.798,0.430,0.430,0.214,0.214
1.792,-13.138,-12.806,0.645,0.645,0.218,0.218
1.791,-13.106,-12.827,0.751,0.751,0.223,0.223
1.791,-13.138,-12.823,0.821,0.821,0.226,0.226
1.790,-13.106,-12.834,0.861,0.861,0.252,0.252
1.790,-12.975,-12.839,0.911,0.911,0.240,0.240
1.789,-12.698,-12.851,0.922,0.922,0.247,0.247
1.786,-12.404,-12.881,0.960,0.960,0.238,0.238
1.785,-12.143,-12.901,0.954,0.954,0.238,0.238
1.784,-11.914,-12.903,0.981,0.981,0.238,0.238
1.787,-11.686,-12.872,0.992,0.992,0.237,0.237
1.786,-11.637,-12.880,1.039,1.039,0.218,0.218
1.786,-11.833,-12.881,1.082,1.082,0.249,0.249
1.785,-12.061,-12.894,1.239,1.239,0.258,0.258
1.784,-12.192,-12.913,1.305,1.305,0.261,0.261
1.784,-12.355,-12.912,1.372,1.372,0.266,0.266
1.783,-12.567,-12.920,1.381,1.381,0.262,0.262
1.782,-12.681,-12.930,1.390,1.390,0.279,0.279
1.781,-12.632,-12.942,1.323,1.323,0.293,0.293
1.781,-12.469,-12.951,1.173,1.173,0.293,0.293
1.778,-12.371,-12.980,0.977,0.977,0.299,0.299
1.777,-12.322,-12.997,0.774,0.774,0.301,0.301
1.775,-11.996,-13.018,0.555,0.555,0.304,0.304
1.776,-11.555,-13.008,0.337,0.337,0.313,0.313
1.779,-11.180,-12.978,0.154,0.154,0.296,0.296
1.779,-10.478,-12.978,-0.027,0.027,0.290,0.290
1.777,-9.483,-12.991,-0.188,0.188,0.307,0.307
1.776,-8.536,-13.000,-0.369,0.369,0.304,0.304
1.774,-7.932,-13.019,-0.516,0.516,0.307,0.307
1.775,-7.492,-13.015,-0.658,0.658,0.313,0.313
1.774,-7.263,-13.020,-0.769,0.769,0.327,0.327
1.773,-7.394,-13.026,-0.900,0.900,0.331,0.331
1.773,-7.638,-13.029,-0.958,0.958,0.340,0.340
1.772,-7.753,-13.034,-1.024,1.024,0.328,0.328
1.770,-7.948,-13.049,-1.041,1.041,0.327,0.327
1.768,-8.161,-13.063,-1.058,1.058,0.322,0.322
1.766,-8.405,-13.081,-1.003,1.003,0.330,0.330
1.766,-8.438,-13.080,-0.925,0.925,0.301,0.301
1.770,-8.340,-13.049,-0.790,0.790,0.316,0.316
1.769,-7.948,-13.059,-0.699,0.699,0.331,0.331
1.768,-7.557,-13.062,-0.606,0.606,0.307,0.307
1.767,-7.263,-13.074,-0.540,0.540,0.304,0.304
1.766,-6.937,-13.082,-0.432,0.432,0.291,0.291
1.765,-6.610,-13.089,-0.368,0.368,0.295,0.295
1.765,-6.251,-13.086,-0.298,0.298,0.287,0.287
1.763,-5.990,-13.096,-0.246,0.246,0.276,0.276
1.763,-5.615,-13.101,-0.160,0.160,0.256,0.256
1.761,-5.468,-13.109,-0.055,0.055,0.258,0.258
1.758,-5.582,-13.126,0.076,0.076,0.243,0.243
1.757,-5.598,-13.133,0.211,0.211,0.259,0.259
1.760,-5.484,-13.118,0.272,0.272,0.232,0.232
1.761,-5.680,-13.108,0.406,0.406,0.232,0.232
1.760,-5.549,-13.114,0.505,0.505,0.233,0.233
1.759,-5.370,-13.119,0.612,0.612,0.218,0.218
1.756,-5.027,-13.136,0.678,0.678,0.212,0.212
1.756,-4.603,-13.135,0.772,0.772,0.206,0.206
1.755,-4.032,-13.141,0.877,0.877,0.211,0.211
1.754,-3.575,-13.143,1.004,1.004,0.223,0.223
1.754,-3.118,-13.145,1.077,1.077,0.224,0.224
1.754,-2.808,-13.145,1.172,1.172,0.226,0.226
1.751,-2.530,-13.152,1.241,1.241,0.233,0.233
1.748,-2.351,-13.160,1.344,1.344,0.220,0.220
1.747,-2.236,-13.163,1.428,1.428,0.235,0.235
1.750,-2.253,-13.154,1.503,1.503,0.240,0.240
1.752,-2.122,-13.151,1.499,1.499,0.230,0.230
1.749,-1.877,-13.157,1.491,1.491,0.229,0.229
1.748,-1.763,-13.158,1.415,1.415,0.227,0.227
1.748,-1.747,-13.159,1.299,1.299,0.218,0.218
1.747,-1.600,-13.160,1.149,1.149,0.223,0.223
1.745,-1.372,-13.163,0.984,0.984,0.209,0.209
1.745,-1.274,-13.164,0.821,0.821,0.206,0.206
1.743,-1.274,-13.165,0.621,0.621,0.195,0.195
1.744,-1.290,-13.165,0.430,0.430,0.191,0.191
1.742,-1.290,-13.167,0.194,0.194,0.186,0.186
1.739,-1.061,-13.171,-0.017,0.017,0.197,0.197
1.737,-0.882,-13.173,-0.258,0.258,0.186,0.186
1.737,-0.784,-13.173,-0.446,0.446,0.194,0.194
1.741,-0.768,-13.169,-0.624,0.624,0.204,0.204
1.741,-0.833,-13.170,-0.757,0.757,0.203,0.203
1.740,-0.817,-13.170,-0.897,0.897,0.194,0.194
1.738,-0.621,-13.172,-0.992,0.992,0.235,0.235
1.736,-0.360,-13.173,-1.082,1.082,0.218,0.218
1.734,-0.294,-13.173,-1.112,1.112,0.217,0.217
1.735,-0.229,-13.173,-1.186,1.186,0.232,0.232
1.734,-0.229,-13.173,-1.186,1.186,0.250,0.250
1.733,-0.278,-13.174,-1.233,1.233,0.261,0.261
1.731,-0.278,-13.174,-1.242,1.242,0.264,0.264
1.729,-0.294,-13.175,-1.253,1.253,0.253,0.253
1.726,-0.262,-13.176,-1.177,1.177,0.270,0.270
1.726,-0.001,-13.176,-1.076,1.076,0.282,0.282
1.729,0.195,-13.176,-0.966,0.966,0.261,0.261
1.730,0.195,-13.176,-0.861,0.861,0.247,0.247
1.728,0.375,-13.176,-0.737,0.737,0.255,0.255
1.727,0.571,-13.175,-0.584,0.584,0.227,0.227
1.725,0.636,-13.174,-0.502,0.502,0.206,0.206
1.723,0.668,-13.173,-0.346,0.346,0.197,0.197
1.724,0.848,-13.173,-0.261,0.261,0.177,0.177
1.723,1.044,-13.173,-0.163,0.163,0.162,0.162
1.722,1.174,-13.171,-0.122,0.122,0.160,0.160
1.720,1.338,-13.169,-0.035,0.035,0.151,0.151
1.719,1.550,-13.167,0.003,0.003,0.160,0.160
1.716,1.664,-13.162,0.078,0.078,0.169,0.169
1.715,1.844,-13.161,0.108,0.108,0.179,0.179
1.717,2.268,-13.166,0.166,0.166,0.179,0.179
1.719,2.757,-13.169,0.182,0.182,0.177,0.177
1.716,3.296,-13.162,0.174,0.174,0.185,0.185
1.716,3.786,-13.159,0.137,0.137,0.189,0.189
1.714,4.471,-13.152,0.072,0.072,0.186,0.186
1.712,4.977,-13.145,-0.024,0.024,0.197,0.197
1.712,5.352,-13.141,-0.104,0.104,0.198,0.198
1.711,5.728,-13.137,-0.174,0.174,0.215,0.215
1.710,6.201,-13.131,-0.171,0.171,0.214,0.214
1.709,6.674,-13.126,-0.198,0.198,0.209,0.209
1.707,7.017,-13.115,-0.220,0.220,0.214,0.214
1.704,7.278,-13.089,-0.214,0.214,0.215,0.215
1.703,7.653,-13.082,-0.175,0.175,0.220,0.220
1.702,7.964,-13.074,-0.113,0.113,0.230,0.230
1.706,8.045,-13.104,-0.056,0.056,0.241,0.241
1.705,8.045,-13.099,0.011,0.011,0.226,0.226
1.704,7.980,-13.091,0.116,0.116,0.259,0.259
1.702,8.012,-13.076,0.258,0.258,0.276,0.276
1.700,8.192,-13.063,0.395,0.395,0.267,0.267
1.700,8.616,-13.057,0.548,0.548,0.267,0.267
1.699,9.155,-13.046,0.661,0.661,0.266,0.266
1.698,9.661,-13.039,0.812,0.812,0.272,0.272
1.697,10.183,-13.029,0.890,0.890,0.278,0.278
1.696,10.705,-13.017,0.978,0.978,0.269,0.269
1.692,11.342,-12.981,1.048,1.048,0.276,0.276
1.690,12.060,-12.950,1.170,1.170,0.287,0.287
1.690,12.680,-12.949,1.224,1.224,0.305,0.305
1.692,13.382,-12.980,1.303,1.303,0.333,0.333
1.692,14.247,-12.985,1.399,1.399,0.314,0.314
1.691,15.471,-12.969,1.633,1.633,0.304,0.304
1.689,16.678,-12.928,1.871,1.871,0.311,0.311
1.688,17.788,-12.919,2.028,2.028,0.308,0.308
1.686,18.800,-12.878,2.095,2.095,0.308,0.308
1.686,19.910,-12.873,2.130,2.130,0.301,0.301
1.685,21.150,-12.862,2.123,2.123,0.319,0.319
1.684,22.635,-12.844,2.095,2.095,0.307,0.307
1.683,24.218,-12.816,2.042,2.042,0.314,0.314
1.681,25.785,-12.762,1.985,1.985,0.322,0.322
1.678,27.352,-12.680,1.940,1.940,0.325,0.325
1.678,28.967,-12.688,1.889,1.889,0.322,0.322
1.681,30.665,-12.761,1.845,1.845,0.331,0.331
1.679,32.264,-12.712,1.721,1.721,0.331,0.331
1.678,33.945,-12.687,1.552,1.552,0.316,0.316
1.677,35.985,-12.643,1.291,1.291,0.304,0.304
1.676,37.992,-12.615,1.045,1.045,0.285,0.285
1.675,39.902,-12.544,0.766,0.766,0.270,0.270
1.675,41.730,-12.545,0.487,0.487,0.253,0.253
1.673,43.623,-12.493,0.212,0.212,0.230,0.230
1.672,45.597,-12.423,-0.023,0.023,0.209,0.209
1.671,47.556,-12.372,-0.252,0.252,0.235,0.235
1.669,49.384,-12.290,-0.435,0.435,0.258,0.258
1.666,51.114,-12.134,-0.586,0.586,0.262,0.262
1.664,52.990,-12.021,-0.749,0.749,0.258,0.258
1.663,54.949,-11.986,-0.882,0.882,0.266,0.266
1.666,56.793,-12.126,-0.972,0.972,0.278,0.278
1.667,58.392,-12.207,-1.039,1.039,0.259,0.259
1.667,59.992,-12.205,-1.116,1.116,0.279,0.279
1.665,61.624,-12.062,-1.195,1.195,0.308,0.308
1.664,62.815,-11.998,-1.238,1.238,0.295,0.295
1.661,63.680,-11.828,-1.235,1.235,0.298,0.298
1.661,64.268,-11.840,-1.212,1.212,0.288,0.288
1.660,64.822,-11.763,-1.143,1.143,0.295,0.295
1.658,65.296,-11.662,-1.076,1.076,0.282,0.282
1.657,65.802,-11.566,-1.000,1.000,0.279,0.279
1.654,66.242,-11.393,-0.993,0.993,0.278,0.278
1.650,66.585,-11.129,-0.951,0.951,0.270,0.270
1.652,66.634,-11.240,-0.967,0.967,0.258,0.258
1.654,66.585,-11.363,-0.942,0.942,0.243,0.243
1.655,66.389,-11.425,-0.932,0.932,0.224,0.224
1.654,66.128,-11.359,-0.864,0.864,0.217,0.217
1.652,65.851,-11.267,-0.844,0.844,0.203,0.203
1.650,65.459,-11.089,-0.771,0.771,0.189,0.189
1.649,64.937,-11.028,-0.728,0.728,0.185,0.185
1.648,64.414,-10.970,-0.653,0.653,0.186,0.186
1.648,63.925,-10.955,-0.609,0.609,0.203,0.203
1.647,63.452,-10.909,-0.526,0.526,0.191,0.191
1.645,62.897,-10.796,-0.420,0.420,0.195,0.195
1.643,62.276,-10.640,-0.319,0.319,0.206,0.206
1.639,61.330,-10.447,-0.227,0.227,0.215,0.215
1.639,60.498,-10.413,-0.159,0.159,0.218,0.218
1.642,59.731,-10.624,-0.041,0.041,0.227,0.227
1.642,59.012,-10.628,0.026,0.026,0.235,0.235
1.643,58.621,-10.652,0.099,0.099,0.212,0.212
1.640,58.164,-10.462,0.172,0.172,0.208,0.208
1.638,57.380,-10.366,0.356,0.356,0.200,0.200
1.636,56.597,-10.279,0.478,0.478,0.191,0.191
1.636,55.993,-10.283,0.652,0.652,0.177,0.177
1.635,55.700,-10.198,0.761,0.761,0.182,0.182
1.634,55.520,-10.141,0.865,0.865,0.151,0.151
1.633,55.292,-10.080,0.908,0.908,0.174,0.174
1.632,55.030,-10.062,0.996,0.996,0.182,0.182
1.629,54.606,-9.876,0.992,0.992,0.179,0.179
1.627,54.312,-9.775,1.009,1.009,0.182,0.182
1.626,54.410,-9.707,0.983,0.983,0.192,0.192
1.628,54.671,-9.842,0.957,0.957,0.214,0.214
1.630,54.769,-9.927,0.856,0.856,0.221,0.221
1.628,54.818,-9.817,0.819,0.819,0.240,0.240
1.626,54.786,-9.735,0.694,0.694,0.243,0.243
1.624,54.949,-9.608,0.589,0.589,0.237,0.237
1.624,55.422,-9.608,0.475,0.475,0.240,0.240
1.623,55.912,-9.537,0.388,0.388,0.244,0.244
1.622,56.434,-9.483,0.331,0.331,0.246,0.246
1.621,56.940,-9.440,0.307,0.307,0.240,0.240
1.620,57.609,-9.351,0.266,0.266,0.235,0.235
1.617,58.523,-9.214,0.240,0.240,0.226,0.226
1.615,59.323,-9.089,0.246,0.246,0.229,0.229
1.614,59.910,-9.024,0.194,0.194,0.227,0.227
1.615,60.416,-9.102,0.177,0.177,0.249,0.249
1.617,61.036,-9.231,0.148,0.148,0.226,0.226
1.617,61.999,-9.208,0.157,0.157,0.226,0.226
1.615,62.995,-9.065,0.185,0.185,0.235,0.235
1.613,63.811,-8.935,0.308,0.308,0.240,0.240
1.611,64.382,-8.835,0.349,0.349,0.238,0.238
1.611,65.051,-8.809,0.423,0.423,0.237,0.237
1.610,65.932,-8.763,0.456,0.456,0.249,0.249
1.610,66.895,-8.728,0.540,0.540,0.253,0.253
1.607,67.940,-8.576,0.526,0.526,0.261,0.261
1.606,69.147,-8.472,0.536,0.536,0.272,0.272
1.602,70.534,-8.231,0.461,0.461,0.272,0.272
1.602,71.840,-8.191,0.365,0.365,0.272,0.272
1.602,73.097,-8.227,0.243,0.243,0.281,0.281
1.605,74.288,-8.442,0.169,0.169,0.272,0.272
1.603,75.332,-8.295,0.099,0.099,0.278,0.278
1.601,76.312,-8.134,0.044,0.044,0.275,0.275
1.601,77.062,-8.094,-0.040,0.040,0.276,0.276
1.600,77.634,-8.066,-0.116,0.116,0.267,0.267
1.599,78.107,-7.970,-0.182,0.182,0.253,0.253
1.598,78.580,-7.882,-0.249,0.249,0.235,0.235
1.597,79.070,-7.788,-0.287,0.287,0.227,0.227
1.596,79.576,-7.743,-0.359,0.359,0.226,0.226
1.593,80.016,-7.521,-0.401,0.401,0.229,0.229
1.590,80.310,-7.287,-0.439,0.439,0.223,0.223
1.589,80.424,-7.185,-0.415,0.415,0.223,0.223
1.589,80.359,-7.148,-0.409,0.409,0.217,0.217
1.591,80.359,-7.300,-0.377,0.377,0.227,0.227
1.592,80.555,-7.393,-0.336,0.336,0.238,0.238
1.590,80.996,-7.292,-0.264,0.264,0.238,0.238
1.588,81.518,-7.071,-0.220,0.220,0.255,0.255
1.586,82.056,-6.957,-0.143,0.143,0.270,0.270
1.586,82.497,-6.908,-0.072,0.072,0.295,0.295
1.584,82.791,-6.795,0.032,0.032,0.282,0.282
1.584,82.872,-6.740,0.162,0.162,0.313,0.313
1.584,82.840,-6.754,0.298,0.298,0.324,0.324
1.582,82.807,-6.606,0.418,0.418,0.336,0.336
1.579,82.791,-6.337,0.635,0.635,0.337,0.337
1.578,82.611,-6.235,0.806,0.806,0.346,0.346
1.576,82.171,-6.115,0.957,0.957,0.348,0.348
1.579,81.681,-6.376,1.070,1.070,0.340,0.340
1.580,81.093,-6.459,1.201,1.201,0.343,0.343
1.577,80.620,-6.181,1.303,1.303,0.340,0.340
1.577,79.951,-6.191,1.346,1.346,0.348,0.348
1.575,79.445,-6.033,1.375,1.375,0.328,0.328
1.574,78.825,-5.928,1.341,1.341,0.337,0.337
1.573,78.074,-5.847,1.289,1.289,0.307,0.307
1.572,77.226,-5.790,1.157,1.157,0.291,0.291
1.570,76.263,-5.673,1.047,1.047,0.279,0.279
1.570,75.496,-5.613,0.871,0.871,0.262,0.262
1.567,75.300,-5.373,0.703,0.703,0.249,0.249
1.564,75.137,-5.201,0.472,0.472,0.241,0.241
1.564,74.990,-5.203,0.258,0.258,0.218,0.218
1.566,74.876,-5.313,0.046,0.046,0.214,0.214
1.568,74.663,-5.454,-0.131,0.131,0.200,0.200
1.566,74.500,-5.301,-0.383,0.383,0.194,0.194
1.564,74.157,-5.204,-0.548,0.548,0.189,0.189
1.563,74.011,-5.128,-0.717,0.717,0.177,0.177
1.561,73.880,-4.991,-0.848,0.848,0.185,0.185
1.560,74.125,-4.917,-0.951,0.951,0.188,0.188
1.560,74.386,-4.883,-1.054,1.054,0.192,0.192
1.559,74.908,-4.779,-1.137,1.137,0.200,0.200
1.558,75.479,-4.756,-1.175,1.175,0.198,0.198
1.556,76.100,-4.576,-1.105,1.105,0.206,0.206
1.553,76.589,-4.368,-0.972,0.972,0.233,0.233
1.551,76.883,-4.218,-0.847,0.847,0.224,0.224
1.551,76.964,-4.231,-0.732,0.732,0.224,0.224
1.554,77.111,-4.443,-0.569,0.569,0.244,0.244
1.553,77.503,-4.396,-0.409,0.409,0.246,0.246
1.554,78.270,-4.402,-0.215,0.215,0.262,0.262
1.551,79.184,-4.227,-0.023,0.023,0.262,0.262
1.550,80.228,-4.113,0.182,0.182,0.246,0.246
1.548,81.224,-3.979,0.343,0.343,0.273,0.273
1.548,82.056,-3.947,0.491,0.491,0.287,0.287
1.546,83.003,-3.821,0.545,0.545,0.282,0.282
1.546,84.080,-3.801,0.633,0.633,0.279,0.279
1.544,85.173,-3.613,0.703,0.703,0.269,0.269
1.541,86.365,-3.392,0.774,0.774,0.269,0.269
1.539,87.589,-3.216,0.772,0.772,0.255,0.255
1.539,88.878,-3.178,0.829,0.829,0.247,0.247
1.542,90.249,-3.486,0.821,0.821,0.241,0.241
1.542,91.506,-3.444,0.841,0.841,0.226,0.226
1.540,92.566,-3.279,0.823,0.823,0.223,0.223
1.538,93.350,-3.135,0.884,0.884,0.235,0.235
1.536,94.100,-2.951,0.877,0.877,0.233,0.233
1.535,94.557,-2.839,0.813,0.813,0.230,0.230
1.535,94.949,-2.807,0.732,0.732,0.227,0.227
1.534,95.520,-2.700,0.626,0.626,0.230,0.230
1.534,96.385,-2.725,0.502,0.502,0.227,0.227
1.531,97.185,-2.424,0.353,0.353,0.215,0.215
1.529,97.658,-2.184,0.252,0.252,0.214,0.214
1.527,98.034,-2.019,0.125,0.125,0.203,0.203
1.526,98.442,-1.928,0.044,0.044,0.200,0.200
1.530,98.801,-2.294,-0.035,0.035,0.197,0.197
1.529,99.192,-2.278,-0.119,0.119,0.192,0.192
1.528,99.747,-2.136,-0.249,0.249,0.191,0.191
1.526,100.188,-1.960,-0.333,0.333,0.197,0.197
1.524,100.726,-1.754,-0.438,0.438,0.203,0.203
1.524,101.412,-1.737,-0.531,0.531,0.195,0.195
1.522,102.130,-1.541,-0.661,0.661,0.189,0.189
1.522,102.913,-1.507,-0.720,0.720,0.169,0.169
1.521,103.436,-1.380,-0.806,0.806,0.172,0.172
1.519,103.746,-1.250,-0.853,0.853,0.195,0.195
1.517,103.958,-1.016,-0.911,0.911,0.180,0.180
1.514,104.219,-0.702,-0.931,0.931,0.177,0.177
1.514,104.627,-0.646,-0.948,0.948,0.191,0.191
1.517,105.133,-0.973,-0.940,0.940,0.188,0.188
1.517,105.835,-1.026,-0.952,0.952,0.192,0.192
1.516,106.536,-0.934,-0.972,0.972,0.183,0.183
1.515,107.124,-0.778,-0.980,0.980,0.163,0.163
1.513,107.581,-0.565,-0.998,0.998,0.179,0.179
1.512,107.875,-0.436,-0.990,0.990,0.189,0.189
1.509,107.907,-0.203,-0.990,0.990,0.185,0.185
1.510,107.907,-0.254,-0.955,0.955,0.186,0.186
1.508,107.875,-0.093,-0.893,0.893,0.200,0.200
1.507,107.858,0.033,-0.781,0.781,0.215,0.215
1.505,107.875,0.244,-0.612,0.612,0.211,0.211
1.502,107.891,0.623,-0.372,0.372,0.237,0.237
1.501,107.858,0.684,-0.047,0.047,0.264,0.264
1.503,107.875,0.494,0.383,0.383,0.259,0.259
1.505,107.907,0.272,0.755,0.755,0.278,0.278
1.503,107.809,0.480,1.083,1.083,0.291,0.291
1.501,107.695,0.694,1.328,1.328,0.304,0.304
1.501,107.238,0.708,1.602,1.602,0.291,0.291
1.500,106.928,0.843,1.764,1.764,0.298,0.298
1.499,106.846,0.943,1.943,1.943,0.291,0.291
1.498,106.830,1.056,2.072,2.072,0.285,0.285
1.497,106.912,1.137,2.193,2.193,0.273,0.273
1.496,107.124,1.255,2.289,2.289,0.261,0.261
1.494,107.336,1.475,2.352,2.352,0.255,0.255
1.490,107.385,1.852,2.399,2.399,0.252,0.252
1.489,107.369,2.013,2.449,2.449,0.250,0.250
1.488,107.173,2.055,2.443,2.443,0.250,0.250
1.492,106.748,1.715,2.382,2.382,0.249,0.249
1.492,106.275,1.634,2.301,2.301,0.243,0.243
1.489,105.916,1.985,2.141,2.141,0.226,0.226
1.488,105.655,2.098,2.027,2.027,0.252,0.252
1.486,105.459,2.315,1.900,1.900,0.256,0.256
1.486,104.986,2.360,1.778,1.778,0.253,0.253
1.486,104.366,2.329,1.616,1.616,0.255,0.255
1.484,103.713,2.474,1.491,1.491,0.282,0.282
1.484,102.881,2.508,1.297,1.297,0.293,0.293
1.482,101.950,2.719,1.163,1.163,0.340,0.340
1.480,101.216,2.887,1.027,1.027,0.324,0.324
1.477,100.726,3.215,0.908,0.908,0.327,0.327
1.475,100.531,3.385,0.780,0.780,0.351,0.351
1.479,100.465,3.022,0.658,0.658,0.371,0.371
1.480,100.449,2.905,0.450,0.450,0.383,0.383
1.478,100.335,3.089,0.288,0.288,0.389,0.389
1.477,100.106,3.268,0.084,0.084,0.438,0.438
1.475,99.992,3.467,-0.113,0.113,0.420,0.420
1.473,99.780,3.626,-0.319,0.319,0.418,0.418
1.473,99.421,3.672,-0.465,0.465,0.424,0.424
1.471,99.062,3.804,-0.600,0.600,0.417,0.417
1.471,98.801,3.820,-0.694,0.694,0.400,0.400
1.471,98.360,3.801,-0.823,0.823,0.383,0.383
1.468,97.903,4.159,-0.881,0.881,0.369,0.369
1.465,97.397,4.402,-0.981,0.981,0.351,0.351
1.466,96.679,4.334,-1.047,1.047,0.336,0.336
1.468,95.781,4.127,-1.155,1.155,0.325,0.325
1.468,94.753,4.101,-1.235,1.235,0.304,0.304
1.466,93.774,4.333,-1.303,1.303,0.291,0.291
1.465,92.958,4.422,-1.352,1.352,0.279,0.279
1.463,92.371,4.598,-1.360,1.360,0.258,0.258
1.461,92.093,4.732,-1.360,1.360,0.258,0.258
1.461,91.865,4.750,-1.317,1.317,0.258,0.258
1.460,91.538,4.872,-1.297,1.297,0.259,0.259
1.458,91.228,5.005,-1.264,1.264,0.255,0.255
1.458,90.918,5.060,-1.215,1.215,0.243,0.243
1.455,90.543,5.367,-1.065,1.065,0.244,0.244
1.452,90.004,5.618,-0.882,0.882,0.232,0.232
1.453,89.515,5.520,-0.639,0.639,0.230,0.230
1.455,89.058,5.348,-0.369,0.369,0.211,0.211
1.456,88.764,5.201,-0.081,0.081,0.197,0.197
1.454,88.666,5.430,0.238,0.238,0.186,0.186
1.452,88.470,5.580,0.557,0.557,0.163,0.163
1.450,88.078,5.791,0.845,0.845,0.172,0.172
1.450,87.572,5.782,1.134,1.134,0.185,0.185
1.448,87.050,5.904,1.360,1.360,0.183,0.183
1.448,86.528,5.947,1.561,1.561,0.183,0.183
1.446,86.071,6.076,1.753,1.753,0.180,0.180
1.445,85.761,6.170,1.932,1.932,0.189,0.189
1.443,85.500,6.354,2.080,2.080,0.209,0.209
1.441,85.320,6.578,2.165,2.165,0.183,0.183
1.439,85.255,6.685,2.124,2.124,0.188,0.188
1.442,85.239,6.454,2.046,2.046,0.195,0.195
1.442,85.255,6.482,1.920,1.920,0.200,0.200
1.443,85.092,6.408,1.763,1.763,0.198,0.198
1.441,84.863,6.524,1.517,1.517,0.206,0.206
1.438,84.749,6.788,1.279,1.279,0.186,0.186
1.438,84.733,6.791,1.029,1.029,0.226,0.226
1.437,84.553,6.917,0.856,0.856,0.243,0.243
1.436,84.357,6.996,0.699,0.699,0.238,0.238
1.435,84.455,7.052,0.526,0.526,0.247,0.247
1.434,84.668,7.161,0.383,0.383,0.261,0.261
1.432,84.570,7.318,0.174,0.174,0.295,0.295
1.429,84.374,7.548,0.041,0.041,0.327,0.327
1.427,84.047,7.744,-0.104,0.104,0.336,0.336
1.428,83.607,7.635,-0.179,0.179,0.354,0.354
1.430,83.297,7.477,-0.194,0.194,0.353,0.353
1.429,83.052,7.588,-0.214,0.214,0.351,0.351
1.427,82.840,7.728,-0.273,0.273,0.366,0.366
1.426,82.595,7.810,-0.275,0.275,0.334,0.334
1.425,82.383,7.890,-0.345,0.345,0.319,0.319
1.425,82.464,7.868,-0.398,0.398,0.310,0.310
1.424,82.497,7.972,-0.482,0.482,0.296,0.296
1.423,82.415,8.073,-0.545,0.545,0.270,0.270
1.421,82.285,8.204,-0.636,0.636,0.249,0.249
1.418,82.089,8.430,-0.664,0.664,0.229,0.229
1.417,81.877,8.585,-0.745,0.745,0.218,0.218
1.415,81.991,8.724,-0.786,0.786,0.201,0.201
1.419,82.252,8.375,-0.862,0.862,0.194,0.194
1.418,82.513,8.432,-0.891,0.891,0.180,0.180
1.418,82.742,8.468,-0.964,0.964,0.165,0.165
1.415,82.872,8.726,-0.960,0.960,0.177,0.177
1.414,83.019,8.822,-0.903,0.903,0.186,0.186
1.412,83.231,8.949,-0.810,0.810,0.168,0.168
1.411,83.297,9.035,-0.752,0.752,0.157,0.157
1.411,83.117,9.060,-0.655,0.655,0.142,0.142
1.410,82.872,9.156,-0.555,0.555,0.137,0.137
1.409,82.562,9.172,-0.417,0.417,0.133,0.133
1.409,82.334,9.249,-0.336,0.336,0.133,0.133
1.406,82.285,9.481,-0.258,0.258,0.131,0.131
1.403,82.513,9.741,-0.177,0.177,0.139,0.139
1.401,82.709,9.847,-0.093,0.093,0.151,0.151
1.405,82.856,9.543,0.081,0.081,0.157,0.157
1.405,82.823,9.507,0.246,0.246,0.171,0.171
1.404,82.807,9.642,0.427,0.427,0.192,0.192
1.404,82.807,9.644,0.621,0.621,0.175,0.175
1.400,82.807,9.930,0.821,0.821,0.191,0.191
1.400,82.807,9.988,1.000,1.000,0.206,0.206
1.398,82.807,10.108,1.206,1.206,0.217,0.217
1.397,83.003,10.177,1.293,1.293,0.227,0.227
1.397,83.444,10.224,1.416,1.416,0.233,0.233
1.396,83.949,10.302,1.570,1.570,0.240,0.240
1.393,84.488,10.556,1.721,1.721,0.259,0.259
1.390,84.961,10.814,1.790,1.790,0.276,0.276
1.390,85.451,10.795,1.801,1.801,0.290,0.290
1.393,85.973,10.508,1.723,1.723,0.313,0.313
1.394,86.446,10.476,1.662,1.662,0.324,0.324
1.392,86.969,10.611,1.610,1.610,0.340,0.340
1.391,87.621,10.718,1.621,1.621,0.324,0.324
1.388,88.323,10.960,1.549,1.549,0.348,0.348
1.388,88.715,11.005,1.470,1.470,0.353,0.353
1.387,88.813,11.102,1.305,1.305,0.359,0.359
1.386,88.976,11.149,1.167,1.167,0.365,0.365
1.384,89.302,11.288,0.975,0.975,0.378,0.378
1.384,89.629,11.341,0.821,0.821,0.377,0.377
1.380,89.727,11.692,0.639,0.639,0.369,0.369
1.378,89.710,11.894,0.406,0.406,0.360,0.360
1.378,89.710,11.882,0.118,0.118,0.345,0.345
1.381,89.857,11.609,-0.166,0.166,0.311,0.311
1.381,90.102,11.641,-0.424,0.424,0.284,0.284
1.379,90.200,11.752,-0.679,0.679,0.243,0.243
1.377,90.020,11.922,-0.911,0.911,0.240,0.240
1.377,89.988,11.964,-1.108,1.108,0.226,0.226
1.376,90.249,12.090,-1.256,1.256,0.217,0.217
1.374,90.836,12.237,-1.392,1.392,0.209,0.209
1.374,91.538,12.258,-1.474,1.474,0.209,0.209
1.372,92.452,12.413,-1.558,1.558,0.201,0.201
1.372,93.301,12.410,-1.608,1.608,0.200,0.200
1.370,94.052,12.634,-1.677,1.677,0.182,0.182
1.368,94.786,12.838,-1.663,1.663,0.159,0.159
1.365,95.324,13.052,-1.665,1.665,0.156,0.156
1.365,95.814,13.090,-1.647,1.647,0.143,0.143
1.368,96.238,12.775,-1.650,1.650,0.121,0.121
1.367,96.581,12.867,-1.564,1.564,0.101,0.101
1.366,96.646,12.967,-1.457,1.457,0.107,0.107
1.365,96.630,13.098,-1.280,1.280,0.085,0.085
1.362,96.581,13.338,-1.105,1.105,0.078,0.078
1.362,96.565,13.393,-0.905,0.905,0.082,0.082
1.361,96.369,13.489,-0.737,0.737,0.081,0.081
1.361,96.140,13.441,-0.502,0.502,0.087,0.087
1.360,95.863,13.559,-0.314,0.314,0.093,0.093
1.358,95.618,13.749,-0.114,0.114,0.081,0.081
1.356,95.553,13.955,0.081,0.081,0.113,0.113
1.353,95.569,14.253,0.296,0.296,0.130,0.130
1.354,95.798,14.164,0.507,0.507,0.142,0.142
1.356,96.255,13.973,0.662,0.662,0.150,0.150
1.356,96.973,13.980,0.781,0.781,0.153,0.153
1.354,97.691,14.089,0.914,0.914,0.172,0.172
1.353,98.311,14.223,1.045,1.045,0.179,0.179
1.350,98.996,14.537,1.103,1.103,0.174,0.174
1.349,99.845,14.636,1.209,1.209,0.179,0.179
1.348,100.645,14.722,1.289,1.289,0.183,0.183
1.348,101.249,14.755,1.366,1.366,0.179,0.179
1.347,101.934,14.843,1.346,1.346,0.194,0.194
1.345,102.815,15.026,1.349,1.349,0.174,0.174
1.342,103.795,15.311,1.289,1.289,0.179,0.179
1.341,104.611,15.407,1.242,1.242,0.200,0.200
1.342,105.182,15.293,1.173,1.173,0.226,0.226
1.343,105.459,15.188,1.109,1.109,0.241,0.241
1.344,105.688,15.135,0.996,0.996,0.264,0.264
1.341,105.851,15.434,0.952,0.952,0.272,0.272
1.340,105.949,15.528,0.884,0.884,0.296,0.296
1.338,105.949,15.757,0.855,0.855,0.304,0.304
1.338,105.900,15.806,0.780,0.780,0.319,0.319
1.336,105.932,15.978,0.674,0.674,0.322,0.322
1.335,106.112,16.041,0.520,0.520,0.331,0.331
1.334,106.569,16.154,0.438,0.438,0.343,0.343
1.333,107.222,16.278,0.357,0.357,0.362,0.362
1.331,107.793,16.538,0.363,0.363,0.363,0.363
1.329,107.989,16.714,0.273,0.273,0.371,0.371
1.328,107.940,16.893,0.252,0.252,0.356,0.356
1.330,108.070,16.624,0.197,0.197,0.362,0.362
1.331,108.299,16.549,0.154,0.154,0.386,0.386
1.329,108.625,16.718,0.066,0.066,0.360,0.360
1.329,109.001,16.779,0.029,0.029,0.334,0.334
1.327,109.539,16.964,-0.078,0.078,0.336,0.336
1.325,110.029,17.131,-0.136,0.136,0.333,0.333
1.325,110.323,17.212,-0.241,0.241,0.325,0.325
1.324,110.225,17.245,-0.316,0.316,0.316,0.316
1.322,109.931,17.489,-0.380,0.380,0.301,0.301
1.322,109.784,17.537,-0.401,0.401,0.304,0.304
1.320,109.784,17.755,-0.462,0.462,0.311,0.311
1.317,109.817,18.057,-0.534,0.534,0.290,0.290
1.316,109.833,18.203,-0.588,0.588,0.285,0.285
1.315,109.833,18.239,-0.618,0.618,0.273,0.273
1.318,109.817,17.977,-0.626,0.626,0.279,0.279
1.317,109.670,17.999,-0.549,0.549,0.264,0.264
1.315,109.425,18.246,-0.496,0.496,0.262,0.262
1.314,109.507,18.388,-0.378,0.378,0.259,0.259
1.313,109.556,18.537,-0.201,0.201,0.238,0.238
1.311,109.670,18.711,-0.024,0.024,0.218,0.218
1.312,109.784,18.638,0.143,0.143,0.198,0.198
1.311,110.061,18.729,0.272,0.272,0.201,0.201
1.310,110.518,18.788,0.418,0.418,0.203,0.203
1.308,111.073,19.075,0.511,0.511,0.191,0.191
1.305,111.742,19.359,0.655,0.655,0.203,0.203
1.303,112.477,19.601,0.801,0.801,0.218,0.218
1.306,113.015,19.305,1.000,1.000,0.223,0.223
1.306,113.342,19.286,1.177,1.177,0.229,0.229
1.304,113.587,19.452,1.302,1.302,0.195,0.195
1.303,113.766,19.607,1.375,1.375,0.179,0.179
1.302,114.027,19.693,1.390,1.390,0.166,0.166
1.300,114.468,19.894,1.300,1.300,0.154,0.154
1.300,114.974,19.970,1.206,1.206,0.136,0.136
1.298,115.692,20.150,1.076,1.076,0.130,0.130
1.297,116.377,20.242,0.981,0.981,0.143,0.143
1.297,116.818,20.324,0.842,0.842,0.131,0.131
1.296,117.030,20.459,0.803,0.803,0.133,0.133
1.293,117.242,20.782,0.716,0.716,0.145,0.145
1.291,117.471,20.992,0.612,0.612,0.162,0.162
1.293,117.895,20.715,0.523,0.523,0.188,0.188
1.292,118.205,20.828,0.461,0.461,0.201,0.201
1.292,118.499,20.817,0.392,0.392,0.195,0.195
1.292,118.711,20.891,0.282,0.282,0.230,0.230
1.291,118.923,21.021,0.151,0.151,0.264,0.264
1.289,119.168,21.250,0.020,0.020,0.270,0.270
1.288,119.250,21.361,-0.111,0.111,0.276,0.276
1.287,119.282,21.488,-0.223,0.223,0.288,0.288
1.286,119.413,21.614,-0.322,0.322,0.293,0.293
1.285,119.690,21.701,-0.401,0.401,0.295,0.295
1.283,120.147,21.988,-0.494,0.494,0.296,0.296
1.281,120.833,22.227,-0.612,0.612,0.299,0.299
1.277,121.583,22.637,-0.707,0.707,0.295,0.295
1.278,122.318,22.528,-0.839,0.839,0.291,0.291
1.281,122.905,22.158,-0.938,0.938,0.313,0.313
1.282,123.574,22.101,-1.041,1.041,0.304,0.304
1.280,124.031,22.364,-1.100,1.100,0.301,0.301
1.278,124.211,22.561,-1.192,1.192,0.308,0.308
1.277,124.195,22.685,-1.253,1.253,0.305,0.305
1.275,124.358,22.907,-1.325,1.325,0.299,0.299
1.275,124.554,22.990,-1.346,1.346,0.276,0.276
1.274,124.880,23.098,-1.372,1.372,0.258,0.258
1.273,125.288,23.222,-1.335,1.335,0.221,0.221
1.272,125.565,23.347,-1.323,1.323,0.197,0.197
1.268,125.680,23.805,-1.238,1.238,0.174,0.174
1.267,125.631,23.955,-1.090,1.090,0.162,0.162
1.266,125.435,24.084,-0.914,0.914,0.148,0.148
1.269,125.174,23.731,-0.740,0.740,0.133,0.133
1.269,125.092,23.681,-0.540,0.540,0.118,0.118
1.268,125.125,23.793,-0.301,0.301,0.111,0.111
1.265,125.337,24.121,-0.031,0.031,0.108,0.108
1.263,125.565,24.412,0.275,0.275,0.116,0.116
1.263,125.843,24.458,0.633,0.633,0.114,0.114
1.263,126.022,24.458,0.964,0.964,0.107,0.107
1.262,126.088,24.521,1.250,1.250,0.133,0.133
1.261,125.924,24.684,1.517,1.517,0.156,0.156
1.259,125.647,24.926,1.756,1.756,0.154,0.154
1.257,125.402,25.180,1.964,1.964,0.180,0.180
1.254,125.141,25.591,2.150,2.150,0.179,0.179
1.252,125.076,25.807,2.437,2.437,0.185,0.185
1.255,125.076,25.417,2.721,2.721,0.192,0.192
1.257,125.157,25.230,2.890,2.890,0.206,0.206
1.256,125.288,25.321,2.963,2.963,0.211,0.211
1.254,125.321,25.546,3.092,3.092,0.233,0.233
1.252,125.011,25.878,3.043,3.043,0.255,0.255
1.251,124.684,25.952,2.931,2.931,0.269,0.269
1.250,124.390,26.118,2.692,2.692,0.296,0.296
1.249,124.162,26.167,2.425,2.425,0.313,0.313
1.248,124.064,26.295,2.066,2.066,0.316,0.316
1.246,123.901,26.562,1.735,1.735,0.324,0.324
1.246,123.884,26.554,1.395,1.395,0.330,0.330
1.243,123.623,26.878,1.096,1.096,0.348,0.348
1.242,123.101,27.050,0.765,0.765,0.359,0.359
1.241,122.693,27.201,0.551,0.551,0.368,0.368
1.244,122.383,26.859,0.256,0.256,0.389,0.389
1.244,122.220,26.806,0.041,0.041,0.388,0.388
1.242,122.334,27.094,-0.175,0.175,0.401,0.401
1.240,122.416,27.297,-0.351,0.351,0.410,0.410
1.238,122.660,27.492,-0.523,0.523,0.418,0.418
1.237,123.215,27.611,-0.629,0.629,0.426,0.426
1.236,123.982,27.758,-0.792,0.792,0.427,0.427
1.236,124.374,27.779,-0.917,0.917,0.433,0.433
1.234,124.325,27.981,-1.050,1.050,0.424,0.424
1.233,124.129,28.216,-1.112,1.112,0.404,0.404
1.230,123.884,28.553,-1.184,1.184,0.397,0.397
1.228,123.689,28.836,-1.216,1.216,0.383,0.383
1.230,123.591,28.541,-1.267,1.267,0.377,0.377
1.233,123.607,28.209,-1.283,1.283,0.359,0.359
1.232,123.623,28.242,-1.300,1.300,0.362,0.362
1.231,123.623,28.463,-1.325,1.325,0.314,0.314
1.229,123.640,28.701,-1.312,1.312,0.291,0.291
1.227,123.591,28.898,-1.299,1.299,0.270,0.270
1.225,123.428,29.102,-1.270,1.270,0.238,0.238
1.225,123.199,29.176,-1.250,1.250,0.201,0.201
1.224,122.922,29.282,-1.206,1.206,0.162,0.162
1.223,122.709,29.433,-1.160,1.160,0.136,0.136
1.223,122.595,29.453,-1.096,1.096,0.093,0.093
1.220,122.628,29.795,-1.025,1.025,0.055,0.055
1.216,122.677,30.234,-0.909,0.909,0.014,0.014
1.215,122.677,30.360,-0.771,0.771,-0.008,0.008
1.216,122.644,30.275,-0.610,0.610,-0.014,0.014
1.218,122.660,30.031,-0.497,0.497,-0.011,0.011
1.218,122.660,30.067,-0.359,0.359,-0.026,0.026
1.218,122.465,30.018,-0.204,0.204,-0.008,0.008
1.215,122.220,30.355,-0.003,0.003,0.008,0.008
1.213,121.926,30.578,0.139,0.139,-0.008,0.008
1.213,121.910,30.650,0.322,0.322,-0.014,0.014
1.212,121.877,30.792,0.475,0.475,0.002,0.002
1.211,121.518,30.865,0.716,0.716,0.026,0.026
1.211,121.241,30.917,0.861,0.861,0.038,0.038
1.208,121.110,31.198,0.983,0.983,0.075,0.075
1.205,120.931,31.571,1.087,1.087,0.125,0.125
1.203,120.604,31.836,1.154,1.154,0.137,0.137
1.204,120.245,31.660,1.207,1.207,0.157,0.157
1.206,119.968,31.437,1.276,1.276,0.162,0.162
1.206,119.756,31.509,1.337,1.337,0.195,0.195
1.205,119.674,31.584,1.376,1.376,0.200,0.200
1.203,119.527,31.885,1.383,1.383,0.224,0.224
1.201,119.494,32.084,1.466,1.466,0.240,0.240
1.201,119.625,32.088,1.444,1.444,0.261,0.261
1.199,119.919,32.314,1.375,1.375,0.270,0.270
1.198,120.392,32.398,1.296,1.296,0.310,0.310
1.198,120.637,32.426,1.259,1.259,0.310,0.310
1.196,120.784,32.686,1.262,1.262,0.322,0.322
1.193,120.914,33.038,1.213,1.213,0.351,0.351
1.190,121.126,33.367,1.219,1.219,0.378,0.378
1.191,121.241,33.287,1.155,1.155,0.404,0.404
1.193,121.436,32.989,1.108,1.108,0.418,0.418
1.193,121.828,33.018,1.105,1.105,0.438,0.438
1.193,122.106,33.022,1.042,1.042,0.459,0.459
1.190,122.040,33.386,0.963,0.963,0.478,0.478
1.189,121.763,33.556,0.865,0.865,0.481,0.481
1.188,121.436,33.685,0.739,0.739,0.485,0.485
1.186,121.028,33.838,0.656,0.656,0.482,0.482
1.186,120.718,33.874,0.514,0.514,0.472,0.472
1.184,120.637,34.090,0.490,0.490,0.462,0.462
1.185,120.474,33.994,0.372,0.372,0.462,0.462
1.182,120.278,34.389,0.330,0.330,0.484,0.484
1.179,120.212,34.720,0.252,0.252,0.468,0.468
1.178,120.392,34.796,0.218,0.218,0.456,0.456
1.180,120.637,34.600,0.125,0.125,0.444,0.444
1.182,120.947,34.424,0.056,0.056,0.443,0.443
1.180,121.371,34.613,-0.055,0.055,0.403,0.403
1.178,122.057,34.847,-0.108,0.108,0.400,0.400
1.177,122.824,35.037,-0.206,0.206,0.388,0.388
1.176,123.607,35.140,-0.267,0.267,0.356,0.356
1.175,124.325,35.271,-0.331,0.331,0.327,0.327
1.174,124.831,35.350,-0.354,0.354,0.281,0.281
1.172,125.141,35.549,-0.369,0.369,0.267,0.267
1.171,125.206,35.690,-0.328,0.328,0.230,0.230
1.169,124.945,35.943,-0.348,0.348,0.215,0.215
1.166,124.684,36.357,-0.366,0.366,0.203,0.203
1.166,124.374,36.381,-0.391,0.391,0.194,0.194
1.167,123.966,36.241,-0.423,0.423,0.185,0.185
1.171,123.640,35.790,-0.501,0.501,0.197,0.197
1.168,123.411,36.130,-0.537,0.537,0.183,0.183
1.166,123.150,36.301,-0.577,0.577,0.177,0.177
1.165,122.954,36.440,-0.615,0.615,0.168,0.168
1.163,122.726,36.656,-0.639,0.639,0.156,0.156
1.163,122.644,36.705,-0.645,0.645,0.133,0.133
1.161,122.677,36.969,-0.676,0.676,0.099,0.099
1.161,122.840,36.982,-0.696,0.696,0.079,0.079
1.160,123.313,37.035,-0.710,0.710,0.049,0.049
1.157,124.031,37.514,-0.736,0.736,0.031,0.031
1.154,125.174,37.795,-0.766,0.766,0.020,0.020
1.153,126.235,37.920,-0.804,0.804,0.026,0.026
1.156,127.067,37.547,-0.856,0.856,0.037,0.037
1.157,127.736,37.475,-0.923,0.923,0.053,0.053
1.156,128.079,37.598,-0.937,0.937,0.085,0.085
1.155,128.258,37.768,-0.960,0.960,0.092,0.092
1.152,128.291,38.032,-0.897,0.897,0.104,0.104
1.152,128.111,38.146,-0.818,0.818,0.121,0.121
1.150,128.013,38.282,-0.687,0.687,0.121,0.121
1.150,128.013,38.393,-0.555,0.555,0.122,0.122
1.149,127.867,38.537,-0.359,0.359,0.127,0.127
1.147,127.589,38.774,-0.137,0.137,0.134,0.134
1.145,127.328,38.969,0.113,0.113,0.146,0.146
1.143,127.051,39.247,0.331,0.331,0.159,0.159
1.140,126.789,39.558,0.598,0.598,0.165,0.165
1.140,126.594,39.596,0.826,0.826,0.180,0.180
1.143,126.528,39.256,1.140,1.140,0.194,0.194
1.144,126.740,39.084,1.380,1.380,0.215,0.215
1.142,127.165,39.404,1.598,1.598,0.197,0.197
1.140,127.703,39.573,1.804,1.804,0.229,0.229
1.139,128.258,39.739,2.007,2.007,0.253,0.253
1.137,128.732,40.028,2.146,2.146,0.262,0.262
1.137,129.254,40.028,2.281,2.281,0.261,0.261
1.137,129.678,40.037,2.394,2.394,0.278,0.278
1.135,130.004,40.209,2.403,2.403,0.293,0.293
1.134,130.086,40.334,2.388,2.388,0.295,0.295
1.132,130.266,40.692,2.318,2.318,0.313,0.313
1.130,130.592,40.969,2.315,2.315,0.339,0.339
1.128,130.918,41.121,2.268,2.268,0.349,0.349
1.131,131.016,40.761,2.199,2.199,0.362,0.362
1.132,131.196,40.713,2.028,2.028,0.362,0.362
1.131,131.343,40.830,1.911,1.911,0.374,0.374
1.128,131.277,41.218,1.798,1.798,0.368,0.368
1.127,131.049,41.322,1.604,1.604,0.375,0.375
1.125,130.739,41.544,1.404,1.404,0.388,0.388
1.125,130.331,41.570,1.189,1.189,0.386,0.386
1.124,130.037,41.673,0.966,0.966,0.392,0.392
1.122,129.956,41.902,0.790,0.790,0.418,0.418
1.121,130.168,42.057,0.543,0.543,0.406,0.406
1.118,130.429,42.446,0.337,0.337,0.404,0.404
1.116,130.739,42.766,0.089,0.089,0.424,0.424
1.118,131.114,42.441,-0.127,0.127,0.435,0.435
1.120,131.408,42.262,-0.366,0.366,0.430,0.430
1.119,131.506,42.310,-0.554,0.554,0.426,0.426
1.117,131.490,42.585,-0.804,0.804,0.418,0.418
1.116,131.490,42.812,-1.003,1.003,0.406,0.406
1.114,131.653,42.990,-1.190,1.190,0.404,0.404
1.113,132.110,43.178,-1.328,1.328,0.386,0.386
1.112,132.812,43.288,-1.473,1.473,0.371,0.371
1.111,133.350,43.341,-1.575,1.575,0.348,0.348
1.110,133.546,43.483,-1.657,1.657,0.330,0.330
1.110,133.693,43.607,-1.705,1.705,0.310,0.310
1.107,133.628,43.939,-1.759,1.759,0.272,0.272
1.104,133.530,44.307,-1.810,1.810,0.253,0.253
1.103,133.203,44.519,-1.862,1.862,0.220,0.220
1.104,132.975,44.360,-1.880,1.880,0.183,0.183
1.106,132.860,44.127,-1.868,1.868,0.163,0.163
1.107,132.714,43.999,-1.836,1.836,0.113,0.113
1.104,132.681,44.316,-1.811,1.811,0.087,0.087
1.103,132.583,44.496,-1.775,1.775,0.032,0.032
1.101,132.355,44.685,-1.732,1.732,-0.018,0.018
1.101,132.028,44.773,-1.683,1.683,-0.063,0.063
1.100,131.914,44.860,-1.619,1.619,-0.067,0.067
1.098,131.963,45.114,-1.543,1.543,-0.093,0.093
1.098,132.142,45.127,-1.448,1.448,-0.093,0.093
1.097,132.420,45.325,-1.364,1.364,-0.087,0.087
1.093,132.681,45.764,-1.184,1.184,-0.078,0.078
1.091,132.926,46.130,-1.032,1.032,-0.058,0.058
1.092,133.187,45.869,-0.826,0.826,-0.014,0.014
1.094,133.611,45.648,-0.603,0.603,-0.026,0.026
1.093,133.872,45.732,-0.298,0.298,-0.011,0.011
1.092,134.019,45.999,0.096,0.096,0.021,0.021
1.090,133.987,46.257,0.523,0.523,0.050,0.050
1.088,134.150,46.412,0.884,0.884,0.070,0.070
1.089,134.346,46.381,1.225,1.225,0.089,0.089
1.088,134.656,46.533,1.463,1.463,0.114,0.114
1.087,134.900,46.595,1.705,1.705,0.128,0.128
1.086,135.113,46.752,1.927,1.927,0.151,0.151
1.083,135.145,47.151,2.115,2.115,0.165,0.165
1.081,134.998,47.424,2.205,2.205,0.188,0.188
1.079,134.705,47.701,2.309,2.309,0.204,0.204
1.080,134.460,47.532,2.385,2.385,0.224,0.224
1.082,134.346,47.264,2.452,2.452,0.230,0.230
1.081,134.199,47.442,2.428,2.428,0.256,0.256
1.080,134.003,47.514,2.425,2.425,0.270,0.270
1.078,133.954,47.834,2.315,2.315,0.288,0.288
1.077,133.889,47.967,2.262,2.262,0.301,0.301
1.076,133.921,48.135,2.095,2.095,0.304,0.304
1.075,133.709,48.233,1.941,1.941,0.330,0.330
1.074,133.497,48.322,1.714,1.714,0.351,0.351
1.073,133.432,48.521,1.535,1.535,0.356,0.356
1.072,133.595,48.570,1.337,1.337,0.366,0.366
1.070,134.084,48.916,1.228,1.228,0.372,0.372
1.068,134.607,49.174,1.059,1.059,0.369,0.369
1.067,135.357,49.344,0.909,0.909,0.401,0.401
1.069,136.222,49.047,0.722,0.722,0.389,0.389
1.069,137.055,49.024,0.546,0.546,0.386,0.386
1.067,137.626,49.248,0.410,0.410,0.412,0.412
1.066,137.887,49.366,0.266,0.266,0.415,0.415
1.064,137.920,49.709,0.130,0.130,0.420,0.420
1.064,137.838,49.764,-0.012,0.012,0.432,0.432
1.063,137.822,49.883,0.029,0.029,0.438,0.438
1.062,137.659,50.006,0.002,0.002,0.426,0.426
1.060,137.463,50.207,-0.017,0.017,0.433,0.433
1.059,137.528,50.367,-0.075,0.075,0.424,0.424
1.058,137.773,50.549,-0.140,0.140,0.412,0.412
1.054,137.822,51.029,-0.259,0.259,0.406,0.406
1.054,137.724,51.070,-0.353,0.353,0.392,0.392
1.054,137.430,51.015,-0.478,0.478,0.372,0.372
1.057,137.153,50.610,-0.584,0.584,0.365,0.365
1.055,136.859,50.946,-0.746,0.746,0.343,0.343
1.054,136.647,51.119,-0.859,0.859,0.304,0.304
1.052,136.435,51.332,-1.015,1.015,0.262,0.262
1.051,136.353,51.427,-1.119,1.119,0.215,0.215
1.051,136.402,51.558,-1.280,1.280,0.194,0.194
1.049,136.598,51.698,-1.347,1.347,0.156,0.156
1.049,136.957,51.825,-1.470,1.470,0.146,0.146
1.048,137.136,51.934,-1.543,1.543,0.127,0.127
1.045,137.022,52.307,-1.595,1.595,0.127,0.127
1.043,136.892,52.588,-1.630,1.630,0.114,0.114
1.043,136.859,52.529,-1.672,1.672,0.104,0.104
1.044,136.875,52.479,-1.647,1.647,0.122,0.122
1.044,136.875,52.439,-1.549,1.549,0.136,0.136
1.043,137.104,52.634,-1.448,1.448,0.130,0.130
1.040,137.512,52.953,-1.352,1.352,0.133,0.133
1.041,138.050,52.916,-1.256,1.256,0.134,0.134
1.039,138.360,53.090,-1.149,1.149,0.139,0.139
1.039,138.621,53.164,-1.029,1.029,0.124,0.124
1.038,138.801,53.279,-0.896,0.896,0.130,0.130
1.037,138.850,53.417,-0.778,0.778,0.131,0.131
1.036,138.834,53.587,-0.635,0.635,0.127,0.127
1.033,138.834,53.928,-0.501,0.501,0.130,0.130
1.031,138.817,54.246,-0.307,0.307,0.136,0.136
1.029,138.817,54.490,-0.192,0.192,0.145,0.145
1.031,138.817,54.250,-0.047,0.047,0.162,0.162
1.032,138.621,54.131,0.063,0.063,0.153,0.153
1.031,138.213,54.222,0.215,0.215,0.151,0.151
1.029,137.708,54.515,0.317,0.317,0.162,0.162
1.028,137.332,54.693,0.446,0.446,0.179,0.179
1.026,136.908,54.925,0.552,0.552,0.186,0.186
1.025,136.467,55.007,0.734,0.734,0.198,0.198
1.024,136.320,55.178,0.876,0.876,0.241,0.241
1.024,136.157,55.205,1.100,1.100,0.243,0.243
1.024,135.961,55.264,1.296,1.296,0.240,0.240
1.022,135.880,55.458,1.517,1.517,0.264,0.264
1.019,136.059,55.832,1.659,1.659,0.282,0.282
1.019,136.320,55.936,1.853,1.853,0.301,0.301
1.017,136.435,56.140,2.046,2.046,0.322,0.322
1.020,136.614,55.737,2.371,2.371,0.353,0.353
1.019,136.777,55.895,2.648,2.648,0.351,0.351
1.017,136.696,56.208,2.902,2.902,0.353,0.353
1.016,136.467,56.281,3.112,3.112,0.369,0.369
1.015,136.369,56.462,3.307,3.307,0.374,0.374
1.014,136.369,56.561,3.476,3.476,0.377,0.377
1.012,136.565,56.787,3.565,3.565,0.377,0.377
1.012,136.614,56.851,3.611,3.611,0.359,0.359
1.010,136.467,57.100,3.548,3.548,0.382,0.382
1.007,136.402,57.521,3.401,3.401,0.386,0.386
1.006,136.141,57.697,3.162,3.162,0.383,0.383
1.006,135.749,57.728,2.912,2.912,0.383,0.383
1.009,135.243,57.306,2.642,2.642,0.362,0.362
1.008,134.917,57.431,2.342,2.342,0.377,0.377
1.006,134.835,57.601,1.994,1.994,0.385,0.385
1.005,134.835,57.776,1.615,1.615,0.372,0.372
1.004,134.688,57.977,1.254,1.254,0.369,0.369
1.003,134.509,58.120,0.899,0.899,0.366,0.366
1.002,134.378,58.245,0.505,0.505,0.368,0.368
1.000,134.378,58.454,0.154,0.154,0.383,0.383
1.000,134.427,58.423,-0.211,0.211,0.368,0.368
0.998,134.590,58.690,-0.510,0.510,0.359,0.359
0.997,135.015,58.909,-0.819,0.819,0.359,0.359
0.994,135.357,59.250,-1.061,1.061,0.365,0.365
0.993,135.668,59.403,-1.309,1.309,0.362,0.362
0.992,135.896,59.524,-1.517,1.517,0.343,0.343
0.995,136.141,59.173,-1.758,1.758,0.319,0.319
0.995,136.369,59.182,-1.933,1.933,0.325,0.325
0.994,136.614,59.304,-2.104,2.104,0.337,0.337
0.992,136.826,59.608,-2.223,2.223,0.320,0.320
0.990,136.924,59.826,-2.323,2.323,0.307,0.307
0.989,136.924,59.907,-2.397,2.397,0.295,0.295
0.988,137.071,60.089,-2.417,2.417,0.288,0.288
0.988,137.267,60.148,-2.429,2.429,0.246,0.246
0.988,137.446,60.130,-2.407,2.407,0.235,0.235
0.986,137.577,60.435,-2.394,2.394,0.220,0.220
0.984,137.610,60.714,-2.355,2.355,0.180,0.180
0.981,137.446,61.097,-2.312,2.312,0.154,0.154
0.980,137.136,61.142,-2.243,2.243,0.121,0.121
0.982,136.745,60.993,-2.193,2.193,0.121,0.121
0.983,136.598,60.829,-2.098,2.098,0.090,0.090
0.981,136.761,61.029,-1.985,1.985,0.078,0.078
0.978,137.087,61.456,-1.824,1.824,0.063,0.063
0.978,137.528,61.510,-1.703,1.703,0.056,0.056
0.977,137.871,61.620,-1.543,1.543,0.044,0.044
0.977,138.116,61.624,-1.421,1.421,0.040,0.040
0.976,138.328,61.812,-1.279,1.279,0.046,0.046
0.975,138.344,61.826,-1.183,1.183,0.035,0.035
0.973,138.377,62.161,-1.010,1.010,0.040,0.040
0.971,138.148,62.464,-0.838,0.838,0.038,0.038
0.968,138.132,62.789,-0.626,0.626,0.046,0.046
0.968,138.230,62.830,-0.423,0.423,0.053,0.053
0.971,138.360,62.436,-0.243,0.243,0.063,0.063
0.969,138.344,62.665,-0.046,0.046,0.092,0.092
0.968,138.360,62.807,0.133,0.133,0.116,0.116
0.967,138.328,63.009,0.330,0.330,0.127,0.127
0.965,138.344,63.211,0.536,0.536,0.133,0.133
0.964,138.344,63.390,0.761,0.761,0.151,0.151
0.964,138.393,63.390,0.920,0.920,0.169,0.169
0.963,138.540,63.546,1.091,1.091,0.186,0.186
0.963,138.964,63.565,1.209,1.209,0.215,0.215
0.961,139.486,63.800,1.337,1.337,0.238,0.238
0.958,139.845,64.203,1.383,1.383,0.250,0.250
0.956,140.074,64.477,1.451,1.451,0.261,0.261
0.958,140.270,64.258,1.457,1.457,0.272,0.272
0.958,140.335,64.179,1.503,1.503,0.296,0.296
0.958,140.286,64.226,1.540,1.540,0.333,0.333
0.957,140.090,64.379,1.682,1.682,0.317,0.317
0.956,139.682,64.555,1.737,1.737,0.322,0.322
0.953,139.356,64.889,1.808,1.808,0.339,0.339
0.953,139.046,64.972,1.897,1.897,0.356,0.356
0.951,138.850,65.248,2.071,2.071,0.369,0.369
0.951,138.801,65.285,2.205,2.205,0.374,0.374
0.949,138.817,65.474,2.283,2.283,0.403,0.403
0.949,138.834,65.529,2.286,2.286,0.388,0.388
0.947,138.834,65.759,2.297,2.297,0.375,0.375
0.945,138.850,66.081,2.252,2.252,0.380,0.380
0.942,139.046,66.487,2.237,2.237,0.374,0.374
0.946,139.470,65.850,2.184,2.184,0.371,0.371
0.946,139.976,65.854,2.118,2.118,0.354,0.354
0.945,140.743,65.994,2.013,2.013,0.374,0.374
0.944,141.608,66.172,1.848,1.848,0.348,0.348
0.941,142.440,66.596,1.685,1.685,0.337,0.337
0.941,143.060,66.662,1.463,1.463,0.334,0.334
0.939,143.681,66.852,1.273,1.273,0.339,0.339
0.938,144.187,66.995,1.022,1.022,0.331,0.331
0.938,144.513,67.110,0.769,0.769,0.314,0.314
0.937,144.709,67.153,0.528,0.528,0.324,0.324
0.935,144.595,67.479,0.305,0.305,0.287,0.287
0.932,144.333,67.930,0.064,0.064,0.276,0.276
0.930,144.040,68.279,-0.118,0.118,0.275,0.275
0.933,143.779,67.792,-0.320,0.320,0.275,0.275
0.933,143.517,67.797,-0.475,0.475,0.281,0.281
0.932,143.305,67.935,-0.673,0.673,0.288,0.288
0.931,143.224,68.115,-0.816,0.816,0.310,0.310
0.930,143.028,68.267,-0.992,0.992,0.290,0.290
0.928,142.832,68.461,-1.119,1.119,0.273,0.273
0.928,142.555,68.556,-1.212,1.212,0.279,0.279
0.927,142.130,68.679,-1.267,1.267,0.267,0.267
0.925,141.885,68.862,-1.312,1.312,0.264,0.264
0.925,141.951,68.975,-1.265,1.265,0.266,0.266
0.923,142.196,69.169,-1.274,1.274,0.275,0.275
0.920,142.506,69.612,-1.195,1.195,0.250,0.250
0.918,142.718,69.891,-1.143,1.143,0.246,0.246
0.921,142.783,69.456,-1.041,1.041,0.233,0.233
0.921,142.799,69.480,-0.992,0.992,0.220,0.220
0.920,142.930,69.622,-0.942,0.942,0.200,0.200
0.918,143.142,69.916,-0.932,0.932,0.185,0.185
0.917,143.273,70.087,-0.867,0.867,0.203,0.203
0.915,143.501,70.329,-0.836,0.836,0.172,0.172
0.914,143.876,70.472,-0.801,0.801,0.157,0.157
0.914,144.170,70.520,-0.768,0.768,0.163,0.163
0.913,144.072,70.596,-0.758,0.758,0.182,0.182
0.913,143.468,70.682,-0.740,0.740,0.188,0.188
0.912,142.685,70.815,-0.728,0.728,0.185,0.185
0.909,142.049,71.245,-0.665,0.665,0.218,0.218
0.906,141.559,71.668,-0.572,0.572,0.208,0.208
0.907,141.086,71.518,-0.447,0.447,0.217,0.217
0.908,140.612,71.317,-0.327,0.327,0.226,0.226
0.908,140.384,71.410,-0.114,0.114,0.233,0.233
0.908,140.270,71.415,0.053,0.053,0.235,0.235
0.905,140.221,71.750,0.255,0.255,0.235,0.235
0.904,140.253,71.954,0.407,0.407,0.214,0.214
0.902,140.351,72.145,0.549,0.549,0.220,0.220
0.902,140.482,72.238,0.632,0.632,0.227,0.227
0.900,140.939,72.416,0.723,0.723,0.211,0.211
0.899,141.461,72.640,0.755,0.755,0.208,0.208
0.899,142.228,72.640,0.792,0.792,0.204,0.204
0.897,143.142,72.830,0.787,0.787,0.217,0.217
0.894,143.991,73.296,0.830,0.830,0.229,0.229
0.893,144.709,73.516,0.806,0.806,0.230,0.230
0.895,145.394,73.146,0.784,0.784,0.230,0.230
0.896,145.737,72.996,0.728,0.728,0.229,0.229
0.894,145.819,73.364,0.713,0.713,0.223,0.223
0.893,145.753,73.446,0.626,0.626,0.240,0.240
0.892,145.721,73.683,0.600,0.600,0.214,0.214
0.891,145.737,73.828,0.526,0.526,0.206,0.206
0.890,145.753,73.953,0.493,0.493,0.221,0.221
0.889,145.688,74.064,0.443,0.443,0.237,0.237
0.888,145.313,74.204,0.459,0.459,0.250,0.250
0.886,144.676,74.454,0.443,0.443,0.272,0.272
0.883,144.007,74.962,0.436,0.436,0.308,0.308
0.882,143.485,75.100,0.423,0.423,0.313,0.313
0.879,143.224,75.452,0.432,0.432,0.314,0.314
0.883,142.979,74.878,0.464,0.464,0.346,0.346
0.884,142.963,74.750,0.493,0.493,0.363,0.363
0.882,143.371,75.058,0.497,0.497,0.363,0.363
0.881,143.909,75.182,0.501,0.501,0.353,0.353
0.881,144.382,75.259,0.479,0.479,0.360,0.360
0.879,144.970,75.566,0.504,0.504,0.340,0.340
0.877,145.198,75.744,0.508,0.508,0.331,0.331
0.877,145.215,75.792,0.497,0.497,0.316,0.316
0.875,145.264,76.081,0.468,0.468,0.301,0.301
0.875,145.264,76.119,0.414,0.414,0.285,0.285
0.873,145.427,76.375,0.378,0.378,0.285,0.285
0.871,145.639,76.708,0.368,0.368,0.270,0.270
0.868,145.998,77.109,0.365,0.365,0.262,0.262
0.868,146.194,77.036,0.348,0.348,0.250,0.250
0.871,146.259,76.619,0.406,0.406,0.249,0.249
0.870,146.047,76.852,0.433,0.433,0.241,0.241
0.868,145.819,77.147,0.493,0.493,0.238,0.238
0.867,145.427,77.210,0.511,0.511,0.244,0.244
0.867,145.068,77.321,0.537,0.537,0.252,0.252
0.865,144.546,77.489,0.536,0.536,0.243,0.243
0.865,144.040,77.532,0.552,0.552,0.246,0.246
0.865,143.746,77.561,0.591,0.591,0.252,0.252
0.863,143.501,77.842,0.722,0.722,0.270,0.270
0.861,143.273,78.122,0.794,0.794,0.275,0.275
0.859,143.012,78.383,0.856,0.856,0.282,0.282
0.857,142.816,78.696,0.894,0.894,0.295,0.295
0.855,142.734,78.937,1.022,1.022,0.288,0.288
0.859,142.767,78.445,1.128,1.128,0.291,0.291
0.859,142.734,78.436,1.251,1.251,0.290,0.290
0.856,142.587,78.842,1.317,1.317,0.291,0.291
0.855,142.342,78.937,1.422,1.422,0.295,0.295
0.853,142.293,79.230,1.456,1.456,0.301,0.301
0.853,142.457,79.230,1.532,1.532,0.295,0.295
0.851,142.701,79.494,1.503,1.503,0.308,0.308
0.852,142.816,79.414,1.485,1.485,0.301,0.301
0.851,142.799,79.513,1.419,1.419,0.298,0.298
0.849,142.750,79.864,1.358,1.358,0.290,0.290
0.846,142.587,80.285,1.238,1.238,0.273,0.273
0.844,142.342,80.587,1.143,1.143,0.284,0.284
0.843,142.065,80.658,1.033,1.033,0.291,0.291
0.846,141.836,80.277,0.925,0.925,0.278,0.278
0.847,141.575,80.103,0.787,0.787,0.272,0.272
0.845,141.347,80.394,0.688,0.688,0.270,0.270
0.843,141.265,80.675,0.542,0.542,0.273,0.273
0.842,141.233,80.806,0.438,0.438,0.298,0.298
0.841,141.102,80.988,0.337,0.337,0.276,0.276
0.840,140.841,81.171,0.200,0.200,0.281,0.281
0.839,140.580,81.185,0.121,0.121,0.293,0.293
0.838,140.368,81.385,0.009,0.009,0.304,0.304
0.837,140.270,81.566,-0.041,0.041,0.299,0.299
0.834,140.270,81.887,-0.139,0.139,0.293,0.293
0.833,140.319,82.134,-0.203,0.203,0.269,0.269
0.830,140.515,82.544,-0.311,0.311,0.270,0.270
0.831,140.743,82.385,-0.365,0.365,0.262,0.262
0.834,140.841,81.923,-0.458,0.458,0.240,0.240
0.834,141.037,81.998,-0.523,0.523,0.230,0.230
0.832,141.233,82.227,-0.656,0.656,0.218,0.218
0.830,141.314,82.555,-0.731,0.731,0.224,0.224
0.828,141.526,82.790,-0.829,0.829,0.209,0.209
0.827,141.755,82.898,-0.884,0.884,0.215,0.215
0.827,142.049,82.968,-0.938,0.938,0.218,0.218
0.826,142.261,83.105,-1.004,1.004,0.198,0.198
0.825,142.538,83.204,-1.097,1.097,0.189,0.189
0.822,142.718,83.582,-1.126,1.126,0.175,0.175
0.819,142.799,84.117,-1.149,1.149,0.172,0.172
0.817,142.783,84.382,-1.120,1.120,0.177,0.177
0.821,142.571,83.834,-1.090,1.090,0.174,0.174
0.821,142.391,83.758,-1.024,1.024,0.168,0.168
0.823,142.457,83.531,-0.963,0.963,0.175,0.175
0.820,142.652,83.985,-0.891,0.891,0.172,0.172
0.817,142.604,84.302,-0.798,0.798,0.191,0.191
0.817,142.375,84.387,-0.688,0.688,0.172,0.172
0.815,142.032,84.595,-0.588,0.588,0.166,0.166
0.815,141.624,84.707,-0.453,0.453,0.159,0.159
0.814,141.135,84.811,-0.316,0.316,0.160,0.160
0.813,140.808,84.928,-0.212,0.212,0.154,0.154
0.811,140.710,85.254,-0.095,0.095,0.154,0.154
0.808,140.776,85.618,0.012,0.012,0.157,0.157
0.807,140.972,85.805,0.121,0.121,0.160,0.160
0.806,141.233,85.960,0.171,0.171,0.162,0.162
0.807,141.314,85.824,0.224,0.224,0.166,0.166
0.808,141.118,85.636,0.212,0.212,0.180,0.180
0.807,140.841,85.739,0.229,0.229,0.189,0.189
0.805,140.547,85.991,0.198,0.198,0.201,0.201
0.804,140.156,86.131,0.204,0.204,0.188,0.188
0.803,140.058,86.317,0.179,0.179,0.209,0.209
0.802,140.204,86.428,0.127,0.127,0.221,0.221
0.802,140.547,86.461,0.072,0.072,0.223,0.223
0.801,140.988,86.680,0.052,0.052,0.229,0.229
0.800,141.461,86.727,-0.017,0.017,0.249,0.249
0.798,141.804,87.051,-0.026,0.026,0.258,0.258
0.795,142.065,87.446,-0.058,0.058,0.262,0.262
0.794,142.261,87.597,-0.031,0.031,0.278,0.278
0.793,142.310,87.729,-0.034,0.034,0.293,0.293
0.796,142.293,87.314,0.076,0.076,0.295,0.295
0.796,142.506,87.390,0.153,0.153,0.305,0.305
0.793,142.897,87.678,0.325,0.325,0.325,0.325
0.792,143.256,87.844,0.475,0.475,0.331,0.331
0.791,143.534,87.973,0.656,0.656,0.343,0.343
0.790,143.697,88.168,0.809,0.809,0.368,0.368
0.789,143.779,88.359,1.039,1.039,0.357,0.357
0.789,143.583,88.306,1.170,1.170,0.368,0.368
0.788,143.322,88.449,1.306,1.306,0.363,0.363
0.787,143.028,88.553,1.444,1.444,0.343,0.343
0.784,142.799,89.075,1.592,1.592,0.359,0.359
0.781,142.750,89.425,1.674,1.674,0.360,0.360
0.780,142.734,89.558,1.761,1.761,0.353,0.353
0.783,142.783,89.155,1.784,1.784,0.348,0.348
0.784,142.767,89.023,1.767,1.767,0.334,0.334
0.782,142.555,89.330,1.738,1.738,0.337,0.337
0.780,142.326,89.604,1.697,1.697,0.322,0.322
0.778,142.049,89.868,1.701,1.701,0.320,0.320
0.777,141.624,89.972,1.650,1.650,0.322,0.322
0.777,141.118,90.023,1.581,1.581,0.325,0.325
0.776,140.808,90.178,1.500,1.500,0.324,0.324
0.775,140.710,90.364,1.376,1.376,0.311,0.311
0.773,140.776,90.584,1.189,1.189,0.327,0.327
0.771,140.776,90.896,0.990,0.990,0.327,0.327
0.769,140.841,91.228,0.797,0.797,0.316,0.316
0.768,140.955,91.256,0.621,0.621,0.304,0.304
0.770,140.808,90.962,0.418,0.418,0.290,0.290
0.771,140.270,90.812,0.249,0.249,0.270,0.270
0.771,139.666,90.915,0.084,0.084,0.264,0.264
0.768,139.127,91.326,-0.040,0.040,0.266,0.266
0.767,138.801,91.423,-0.235,0.235,0.255,0.255
0.766,138.785,91.635,-0.391,0.391,0.267,0.267
0.765,138.850,91.717,-0.565,0.565,0.279,0.279
0.764,139.062,91.851,-0.688,0.688,0.279,0.279
0.763,139.470,92.050,-0.803,0.803,0.272,0.272
0.762,139.780,92.073,-0.832,0.832,0.267,0.267
0.759,139.699,92.541,-0.905,0.905,0.255,0.255
0.756,139.421,92.939,-0.938,0.938,0.241,0.241
0.756,139.062,93.026,-1.018,1.018,0.230,0.230
0.757,138.638,92.810,-1.087,1.087,0.223,0.223
0.760,138.377,92.447,-1.135,1.135,0.212,0.212
0.759,138.344,92.534,-1.119,1.119,0.217,0.217
0.757,138.491,92.837,-1.119,1.119,0.214,0.214
0.755,138.785,93.086,-1.074,1.074,0.235,0.235
0.753,138.883,93.348,-1.032,1.032,0.238,0.238
0.753,139.078,93.426,-0.893,0.893,0.243,0.243
0.751,139.454,93.630,-0.708,0.708,0.243,0.243
0.751,139.796,93.704,-0.511,0.511,0.232,0.232
0.750,139.894,93.810,-0.345,0.345,0.217,0.217
0.747,140.058,94.242,-0.142,0.142,0.203,0.203
0.745,140.417,94.502,0.118,0.118,0.201,0.201
0.742,140.759,94.875,0.389,0.389,0.203,0.203
0.744,141.053,94.614,0.674,0.674,0.200,0.200
0.747,141.461,94.206,0.911,0.911,0.198,0.198
0.747,141.755,94.277,1.143,1.143,0.200,0.200
0.744,141.853,94.695,1.357,1.357,0.203,0.203
0.742,141.820,94.982,1.558,1.558,0.217,0.217
0.742,141.820,94.968,1.703,1.703,0.208,0.208
0.740,141.804,95.189,1.868,1.868,0.212,0.212
0.740,141.755,95.189,1.894,1.894,0.229,0.229
0.739,141.608,95.344,1.947,1.947,0.243,0.243
0.738,141.347,95.489,1.909,1.909,0.252,0.252
0.736,141.249,95.794,1.877,1.877,0.252,0.252
0.732,141.249,96.281,1.763,1.763,0.273,0.273
0.731,141.265,96.543,1.665,1.665,0.269,0.269
0.732,141.102,96.380,1.537,1.537,0.273,0.273
0.734,140.857,96.006,1.428,1.428,0.279,0.279
0.734,140.776,96.024,1.267,1.267,0.290,0.290
0.732,140.939,96.328,1.091,1.091,0.293,0.293
0.731,141.445,96.473,0.871,0.871,0.288,0.288
0.729,141.967,96.764,0.661,0.661,0.269,0.269
0.728,142.293,96.977,0.447,0.447,0.288,0.288
0.727,142.555,97.010,0.269,0.269,0.302,0.302
0.726,142.914,97.218,0.081,0.081,0.299,0.299
0.726,143.207,97.223,-0.043,0.043,0.304,0.304
0.725,143.322,97.313,-0.165,0.165,0.302,0.302
0.722,143.305,97.726,-0.282,0.282,0.319,0.319
0.719,143.305,98.140,-0.436,0.436,0.307,0.307
0.718,143.468,98.354,-0.520,0.520,0.316,0.316
0.718,143.697,98.320,-0.661,0.661,0.325,0.325
0.722,143.779,97.725,-0.763,0.763,0.327,0.327
0.721,143.615,97.906,-0.852,0.852,0.322,0.322
0.719,143.338,98.210,-0.868,0.868,0.342,0.342
0.717,143.224,98.490,-0.929,0.929,0.307,0.307
0.715,143.060,98.704,-1.006,1.006,0.291,0.291
0.715,142.799,98.832,-1.085,1.085,0.284,0.284
0.714,142.571,98.879,-1.157,1.157,0.276,0.276
0.712,142.342,99.201,-1.241,1.241,0.266,0.266
0.712,142.261,99.248,-1.235,1.235,0.250,0.250
0.709,142.310,99.663,-1.235,1.235,0.238,0.238
0.706,142.310,100.121,-1.241,1.241,0.208,0.208
0.706,142.277,100.121,-1.241,1.241,0.188,0.188
0.710,142.114,99.484,-1.238,1.238,0.159,0.159
0.709,141.869,99.560,-1.235,1.235,0.136,0.136
0.708,141.592,99.738,-1.253,1.253,0.122,0.122
0.707,141.331,99.893,-1.221,1.221,0.116,0.116
0.704,141.282,100.338,-1.195,1.195,0.105,0.105
0.704,141.494,100.399,-1.146,1.146,0.108,0.108
0.702,141.951,100.578,-1.051,1.051,0.114,0.114
0.702,142.277,100.559,-0.859,0.859,0.111,0.111
0.702,142.571,100.672,-0.584,0.584,0.121,0.121
0.700,142.914,100.923,-0.307,0.307,0.122,0.122
0.697,143.028,101.274,-0.131,0.131,0.143,0.143
0.694,142.701,101.757,0.031,0.031,0.156,0.156
0.693,142.163,101.889,0.146,0.146,0.165,0.165
0.696,141.788,101.527,0.272,0.272,0.172,0.172
0.696,141.510,101.466,0.359,0.359,0.179,0.179
0.696,141.314,101.405,0.464,0.464,0.169,0.169
0.695,141.265,101.569,0.555,0.555,0.188,0.188
0.693,141.069,101.878,0.746,0.746,0.186,0.186
0.692,140.874,102.046,0.891,0.891,0.192,0.192
0.691,140.351,102.242,1.058,1.058,0.214,0.214
0.690,139.748,102.316,1.259,1.259,0.224,0.224
0.689,139.111,102.455,1.480,1.480,0.230,0.230
0.688,138.605,102.602,1.625,1.625,0.235,0.235
0.687,138.164,102.680,1.781,1.781,0.269,0.269
0.683,138.083,103.312,1.833,1.833,0.255,0.255
0.681,138.197,103.496,1.882,1.882,0.259,0.259
0.680,138.213,103.729,1.917,1.917,0.279,0.279
0.682,138.572,103.436,1.952,1.952,0.290,0.290
0.684,139.307,103.099,1.900,1.900,0.304,0.304
0.682,139.992,103.484,1.819,1.819,0.317,0.317
0.681,140.139,103.614,1.692,1.692,0.327,0.327
0.679,139.960,103.837,1.607,1.607,0.324,0.324
0.679,139.829,103.855,1.456,1.456,0.340,0.340
0.678,139.796,104.004,1.268,1.268,0.337,0.337
0.677,139.829,104.138,1.114,1.114,0.346,0.346
0.676,139.813,104.254,0.972,0.972,0.340,0.340
0.674,139.486,104.532,0.786,0.786,0.340,0.340
0.671,139.372,104.939,0.595,0.595,0.307,0.307
0.669,139.388,105.295,0.464,0.464,0.319,0.319
0.670,138.980,105.101,0.328,0.328,0.310,0.310
0.671,138.475,104.903,0.203,0.203,0.302,0.302
0.672,138.050,104.765,0.063,0.063,0.299,0.299
0.670,137.675,105.158,-0.055,0.055,0.288,0.288
0.668,137.626,105.332,-0.215,0.215,0.307,0.307
0.667,137.952,105.579,-0.334,0.334,0.313,0.313
0.666,138.295,105.661,-0.479,0.479,0.310,0.310
0.664,138.442,105.891,-0.624,0.624,0.310,0.310
0.664,138.589,105.900,-0.798,0.798,0.298,0.298
0.663,138.997,106.121,-0.919,0.919,0.290,0.290
0.663,139.503,106.125,-1.079,1.079,0.279,0.279
0.660,139.992,106.422,-1.167,1.167,0.261,0.261
0.657,140.319,106.910,-1.273,1.273,0.243,0.243
0.656,140.564,107.031,-1.315,1.315,0.221,0.221
0.659,140.776,106.662,-1.398,1.398,0.195,0.195
0.660,141.037,106.513,-1.437,1.437,0.177,0.177
0.659,141.477,106.560,-1.473,1.473,0.171,0.171
0.657,141.951,106.893,-1.488,1.488,0.175,0.175
0.655,142.244,107.209,-1.497,1.497,0.153,0.153
0.653,142.375,107.412,-1.466,1.466,0.153,0.153
0.653,142.114,107.488,-1.445,1.445,0.140,0.140
0.653,141.624,107.530,-1.363,1.363,0.140,0.140
0.651,140.906,107.731,-1.277,1.277,0.133,0.133
0.651,140.156,107.792,-1.166,1.166,0.127,0.127
0.649,139.568,108.056,-1.065,1.065,0.107,0.107
0.644,138.915,108.684,-0.917,0.917,0.145,0.145
0.644,138.409,108.767,-0.771,0.771,0.171,0.171
0.643,138.034,108.891,-0.594,0.594,0.175,0.175
0.647,137.675,108.374,-0.418,0.418,0.194,0.194
0.648,137.381,108.256,-0.168,0.168,0.197,0.197
0.644,137.332,108.702,0.044,0.044,0.227,0.227
0.644,137.381,108.802,0.255,0.255,0.237,0.237
0.641,137.577,109.099,0.499,0.499,0.259,0.259
0.641,138.018,109.208,0.742,0.742,0.266,0.266
0.640,138.540,109.286,1.033,1.033,0.282,0.282
0.639,139.013,109.374,1.288,1.288,0.291,0.291
0.638,139.552,109.581,1.524,1.524,0.334,0.334
0.635,140.188,109.948,1.674,1.674,0.316,0.316
0.633,140.743,110.213,1.769,1.769,0.307,0.307
0.630,141.086,110.653,1.836,1.836,0.317,0.317
0.634,141.510,110.165,1.882,1.882,0.325,0.325
0.634,141.739,110.085,1.836,1.836,0.334,0.334
0.633,141.853,110.236,1.785,1.785,0.340,0.340
0.633,141.820,110.306,1.717,1.717,0.346,0.346
0.631,141.788,110.575,1.639,1.639,0.345,0.345
0.629,141.592,110.791,1.497,1.497,0.356,0.356
0.629,141.118,110.861,1.384,1.384,0.357,0.357
0.628,140.612,111.010,1.265,1.265,0.365,0.365
0.627,140.058,111.122,1.210,1.210,0.371,0.371
0.626,139.601,111.215,1.146,1.146,0.377,0.377
0.625,139.340,111.428,1.145,1.145,0.380,0.380
0.620,139.258,112.033,1.119,1.119,0.395,0.395
0.618,139.307,112.301,1.173,1.173,0.394,0.394
0.622,139.503,111.871,1.166,1.166,0.385,0.385
0.621,139.960,111.945,1.145,1.145,0.366,0.366
0.622,140.498,111.838,1.135,1.135,0.331,0.331
0.620,140.776,112.146,1.210,1.210,0.308,0.308
0.618,140.874,112.421,1.187,1.187,0.282,0.282
0.616,140.612,112.599,1.195,1.195,0.281,0.281
0.616,140.351,112.720,1.219,1.219,0.278,0.278
0.616,140.058,112.673,1.264,1.264,0.276,0.276
0.615,139.862,112.743,1.213,1.213,0.282,0.282
0.614,139.764,112.989,1.140,1.140,0.295,0.295
0.612,139.796,113.169,1.032,1.032,0.269,0.269
0.609,139.829,113.587,0.893,0.893,0.249,0.249
0.607,139.796,113.925,0.722,0.722,0.232,0.232
0.608,139.617,113.842,0.525,0.525,0.229,0.229
0.610,139.160,113.486,0.343,0.343,0.218,0.218
0.610,138.458,113.564,0.134,0.134,0.218,0.218
0.609,137.708,113.683,-0.046,0.046,0.229,0.229
0.607,137.348,113.961,-0.197,0.197,0.215,0.215
0.605,137.038,114.230,-0.330,0.330,0.220,0.220
0.603,136.892,114.389,-0.479,0.479,0.227,0.227
0.603,136.663,114.507,-0.597,0.597,0.240,0.240
0.602,136.402,114.611,-0.739,0.739,0.249,0.249
0.601,136.124,114.782,-0.861,0.861,0.252,0.252
0.599,135.912,115.058,-0.949,0.949,0.246,0.246
0.597,135.651,115.305,-1.000,1.000,0.261,0.261
0.595,135.439,115.521,-1.051,1.051,0.275,0.275
0.598,135.145,115.176,-1.061,1.061,0.256,0.256
0.598,134.933,115.081,-1.045,1.045,0.252,0.252
0.596,134.868,115.354,-1.006,1.006,0.250,0.250
0.595,134.900,115.480,-1.042,1.042,0.247,0.247
0.594,134.917,115.681,-0.978,0.978,0.230,0.230
0.593,135.080,115.829,-0.871,0.871,0.217,0.217
0.591,135.129,116.048,-0.737,0.737,0.198,0.198
0.591,134.966,116.106,-0.719,0.719,0.186,0.186
0.590,134.705,116.232,-0.635,0.635,0.171,0.171
0.588,134.264,116.432,-0.589,0.589,0.137,0.137
0.587,133.921,116.664,-0.496,0.496,0.145,0.145
0.584,133.872,117.072,-0.433,0.433,0.151,0.151
0.582,133.889,117.250,-0.337,0.337,0.143,0.143
0.582,134.150,117.312,-0.304,0.304,0.154,0.154
0.586,134.378,116.724,-0.241,0.241,0.168,0.168
0.586,134.656,116.706,-0.188,0.188,0.185,0.185
0.584,134.868,117.055,-0.104,0.104,0.204,0.204
0.582,134.933,117.310,0.000,0.000,0.227,0.227
0.581,135.113,117.435,0.165,0.165,0.224,0.224
0.579,135.276,117.704,0.310,0.310,0.253,0.253
0.579,135.423,117.754,0.388,0.388,0.266,0.266
0.578,135.455,117.843,0.455,0.455,0.273,0.273
0.577,135.602,118.019,0.520,0.520,0.275,0.275
0.575,136.043,118.185,0.563,0.563,0.310,0.310
0.574,136.320,118.389,0.652,0.652,0.284,0.284
0.571,136.435,118.809,0.751,0.751,0.273,0.273
0.570,136.630,118.872,0.830,0.830,0.290,0.290
0.569,136.794,118.995,0.932,0.932,0.285,0.285
0.572,136.892,118.682,1.061,1.061,0.285,0.285
0.572,136.875,118.673,1.173,1.173,0.291,0.291
0.569,136.679,119.063,1.262,1.262,0.324,0.324
0.569,136.647,119.054,1.325,1.325,0.305,0.305
0.568,136.745,119.230,1.360,1.360,0.304,0.304
0.567,136.875,119.362,1.407,1.407,0.307,0.307
0.566,137.120,119.467,1.378,1.378,0.313,0.313
0.566,137.283,119.521,1.384,1.384,0.316,0.316
0.564,137.430,119.790,1.326,1.326,0.319,0.319
0.561,137.414,120.150,1.248,1.248,0.337,0.337
0.558,137.577,120.542,1.125,1.125,0.313,0.313
0.558,137.789,120.569,0.974,0.974,0.304,0.304
0.558,138.083,120.624,0.801,0.801,0.301,0.301
0.560,138.491,120.225,0.644,0.644,0.290,0.290
0.559,139.013,120.446,0.494,0.494,0.288,0.288
0.557,139.307,120.672,0.334,0.334,0.287,0.287
0.556,139.372,120.917,0.153,0.153,0.302,0.302
0.555,138.932,121.037,-0.012,0.012,0.301,0.301
0.554,138.279,121.193,-0.211,0.211,0.305,0.305
0.553,137.626,121.303,-0.339,0.339,0.307,0.307
0.553,137.136,121.244,-0.531,0.531,0.304,0.304
0.551,136.663,121.507,-0.635,0.635,0.304,0.304
0.549,136.418,121.802,-0.745,0.745,0.307,0.307
0.546,136.320,122.240,-0.823,0.823,0.307,0.307
0.546,136.173,122.249,-0.926,0.926,0.272,0.272
0.549,135.978,121.861,-0.951,0.951,0.246,0.246
0.548,135.880,121.947,-0.995,0.995,0.230,0.230
0.547,135.880,122.024,-0.981,0.981,0.201,0.201
0.545,136.092,122.326,-1.021,1.021,0.185,0.185
0.543,136.108,122.610,-1.025,1.025,0.151,0.151
0.543,136.027,122.646,-1.085,1.085,0.160,0.160
0.541,135.929,122.894,-1.056,1.056,0.127,0.127
0.540,136.092,123.065,-1.047,1.047,0.116,0.116
0.539,136.500,123.115,-1.003,1.003,0.122,0.122
0.539,136.810,123.215,-0.914,0.914,0.131,0.131
0.537,136.957,123.478,-0.815,0.815,0.133,0.133
0.535,136.859,123.669,-0.694,0.694,0.133,0.133
0.534,136.663,123.791,-0.569,0.569,0.157,0.157
0.533,136.435,124.063,-0.407,0.407,0.142,0.142
0.536,136.369,123.647,-0.273,0.273,0.151,0.151
0.535,136.337,123.660,-0.069,0.069,0.159,0.159
0.533,136.402,123.936,0.067,0.067,0.169,0.169
0.531,136.402,124.289,0.244,0.244,0.179,0.179
0.531,136.386,124.298,0.385,0.385,0.191,0.191
0.530,135.978,124.461,0.514,0.514,0.192,0.192
0.529,135.325,124.551,0.584,0.584,0.208,0.208
0.528,134.705,124.640,0.684,0.684,0.218,0.218
0.527,134.182,124.863,0.778,0.778,0.227,0.227
0.525,133.709,125.045,0.966,0.966,0.238,0.238
0.523,133.415,125.400,1.143,1.143,0.255,0.255
0.521,133.187,125.621,1.322,1.322,0.266,0.266
0.520,133.171,125.802,1.366,1.366,0.259,0.259
0.522,133.301,125.431,1.433,1.433,0.295,0.295
0.523,133.220,125.329,1.396,1.396,0.305,0.305
0.521,133.040,125.554,1.364,1.364,0.307,0.307
0.521,132.909,125.647,1.280,1.280,0.319,0.319
0.519,132.714,125.920,1.244,1.244,0.325,0.325
0.518,132.714,126.039,1.151,1.151,0.337,0.337
0.516,132.844,126.254,1.112,1.112,0.334,0.334
0.516,133.138,126.312,1.029,1.029,0.339,0.339
0.515,133.611,126.347,0.963,0.963,0.340,0.340
0.513,134.150,126.720,0.890,0.890,0.340,0.340
0.510,134.607,127.018,0.838,0.838,0.339,0.339
0.507,134.884,127.425,0.746,0.746,0.345,0.345
0.508,134.949,127.295,0.661,0.661,0.351,0.351
0.511,134.884,126.897,0.578,0.578,0.351,0.351
0.510,134.688,127.058,0.496,0.496,0.362,0.362
0.509,134.427,127.254,0.444,0.444,0.371,0.371
0.507,134.199,127.428,0.452,0.452,0.374,0.374
0.506,133.938,127.650,0.523,0.523,0.383,0.383
0.505,133.856,127.690,0.537,0.537,0.378,0.378
0.504,133.676,127.823,0.501,0.501,0.385,0.385
0.504,133.317,127.894,0.447,0.447,0.359,0.359
0.503,132.942,127.974,0.418,0.418,0.380,0.380
0.502,132.681,128.128,0.461,0.461,0.377,0.377
0.499,132.469,128.484,0.482,0.482,0.356,0.356
0.498,132.208,128.734,0.464,0.464,0.328,0.328
0.495,131.996,129.036,0.472,0.472,0.301,0.301
0.495,131.898,129.071,0.410,0.410,0.296,0.296
0.498,131.734,128.626,0.404,0.404,0.258,0.258
0.497,131.539,128.774,0.377,0.377,0.261,0.261
0.495,131.408,129.036,0.356,0.356,0.258,0.258
0.494,131.408,129.201,0.296,0.296,0.224,0.224
0.493,131.441,129.341,0.246,0.246,0.209,0.209
0.492,131.457,129.454,0.121,0.121,0.185,0.185
0.491,131.441,129.611,0.043,0.043,0.182,0.182
0.490,131.245,129.689,-0.046,0.046,0.179,0.179
0.490,131.016,129.672,-0.082,0.082,0.183,0.183
0.487,130.918,130.137,-0.223,0.223,0.208,0.208
0.484,130.951,130.562,-0.331,0.331,0.212,0.212
0.483,131.147,130.653,-0.467,0.467,0.212,0.212
0.486,131.375,130.218,-0.542,0.542,0.203,0.203
0.486,131.718,130.275,-0.615,0.615,0.206,0.206
0.486,131.865,130.244,-0.652,0.652,0.208,0.208
0.484,131.767,130.502,-0.746,0.746,0.201,0.201
0.482,131.375,130.816,-0.816,0.816,0.195,0.195
0.480,130.967,131.003,-0.891,0.891,0.200,0.200
0.480,130.641,131.090,-0.938,0.938,0.192,0.192
0.479,130.527,131.216,-0.966,0.966,0.188,0.188
0.478,130.445,131.367,-0.899,0.899,0.189,0.189
0.477,130.657,131.428,-0.852,0.852,0.185,0.185
0.474,130.918,131.792,-0.809,0.809,0.179,0.179
0.472,130.984,132.092,-0.804,0.804,0.182,0.182
0.471,130.984,132.239,-0.781,0.781,0.192,0.192
0.475,130.788,131.653,-0.819,0.819,0.198,0.198
0.474,130.527,131.848,-0.838,0.838,0.218,0.218
0.474,130.461,131.883,-0.839,0.839,0.212,0.212
0.471,130.429,132.168,-0.798,0.798,0.209,0.209
0.470,130.461,132.406,-0.719,0.719,0.220,0.220
0.469,130.494,132.532,-0.575,0.575,0.208,0.208
0.468,130.461,132.653,-0.436,0.436,0.223,0.223
0.467,130.494,132.752,-0.327,0.327,0.227,0.227
0.466,130.429,132.908,-0.183,0.183,0.223,0.223
0.465,130.266,132.969,-0.008,0.008,0.243,0.243
0.463,130.070,133.288,0.272,0.272,0.258,0.258
0.460,129.972,133.650,0.522,0.522,0.246,0.246
0.459,130.168,133.793,0.781,0.781,0.250,0.250
0.458,130.396,133.944,1.001,1.001,0.259,0.259
0.460,130.494,133.602,1.225,1.225,0.253,0.253
0.462,130.527,133.438,1.381,1.381,0.252,0.252
0.460,130.461,133.680,1.593,1.593,0.281,0.281
0.459,130.282,133.823,1.773,1.773,0.304,0.304
0.456,129.825,134.112,1.908,1.908,0.302,0.302
0.456,129.319,134.219,1.958,1.958,0.313,0.313
0.455,128.797,134.258,1.984,1.984,0.311,0.311
0.455,128.324,134.343,1.981,1.981,0.313,0.313
0.453,127.834,134.606,1.979,1.979,0.295,0.295
0.452,127.556,134.729,1.906,1.906,0.304,0.304
0.449,127.459,135.114,1.833,1.833,0.313,0.313
0.445,127.295,135.574,1.700,1.700,0.299,0.299
0.445,126.904,135.570,1.586,1.586,0.299,0.299
0.447,126.577,135.284,1.431,1.431,0.301,0.301
0.449,126.300,135.112,1.283,1.283,0.301,0.301
0.447,126.104,135.284,1.096,1.096,0.305,0.305
0.445,126.006,135.539,0.945,0.945,0.311,0.311
0.444,126.055,135.698,0.763,0.763,0.317,0.317
0.444,126.251,135.748,0.591,0.591,0.313,0.313
0.442,126.675,135.958,0.369,0.369,0.317,0.317
0.442,126.969,135.970,0.212,0.212,0.305,0.305
0.441,127.067,136.113,0.043,0.043,0.302,0.302
0.439,126.871,136.320,-0.116,0.116,0.285,0.285
0.437,126.430,136.572,-0.237,0.237,0.276,0.276
0.434,126.071,136.969,-0.374,0.374,0.267,0.267
0.433,125.614,137.145,-0.488,0.488,0.258,0.258
0.436,125.206,136.758,-0.601,0.601,0.247,0.247
0.438,124.635,136.501,-0.708,0.708,0.238,0.238
0.437,124.015,136.649,-0.832,0.832,0.221,0.221
0.433,123.411,137.060,-0.969,0.969,0.211,0.211
0.432,122.938,137.158,-1.080,1.080,0.208,0.208
0.431,122.595,137.317,-1.207,1.207,0.229,0.229
0.429,122.399,137.597,-1.366,1.366,0.209,0.209
0.429,122.187,137.581,-1.437,1.437,0.191,0.191
0.429,122.122,137.625,-1.523,1.523,0.182,0.182
0.429,122.399,137.637,-1.578,1.578,0.185,0.185
0.427,122.824,137.837,-1.618,1.618,0.166,0.166
0.423,123.330,138.343,-1.575,1.575,0.171,0.171
0.421,123.836,138.552,-1.518,1.518,0.174,0.174
0.419,124.325,138.807,-1.402,1.402,0.172,0.172
0.423,124.619,138.283,-1.238,1.238,0.183,0.183
0.424,124.700,138.225,-1.050,1.050,0.195,0.195
0.422,124.635,138.411,-0.868,0.868,0.212,0.212
0.421,124.603,138.551,-0.655,0.655,0.223,0.223
0.419,124.374,138.832,-0.484,0.484,0.221,0.221
0.417,123.999,139.026,-0.275,0.275,0.230,0.230
0.416,123.640,139.177,-0.055,0.055,0.237,0.237
0.416,123.330,139.227,0.182,0.182,0.249,0.249
0.415,122.971,139.284,0.398,0.398,0.264,0.264
0.414,122.481,139.438,0.661,0.661,0.267,0.267
0.410,121.975,139.872,0.934,0.934,0.266,0.266
0.409,121.453,139.989,1.190,1.190,0.266,0.266
0.409,120.963,140.066,1.364,1.364,0.270,0.270
0.411,120.523,139.825,1.466,1.466,0.258,0.258
0.413,120.245,139.594,1.482,1.482,0.252,0.252
0.411,120.147,139.797,1.511,1.511,0.255,0.255
0.408,120.408,140.160,1.466,1.466,0.243,0.243
0.406,120.865,140.372,1.395,1.395,0.240,0.240
0.406,121.388,140.448,1.273,1.273,0.240,0.240
0.405,121.698,140.537,1.177,1.177,0.227,0.227
0.404,121.942,140.695,1.051,1.051,0.223,0.223
0.403,121.942,140.804,0.964,0.964,0.221,0.221
0.402,121.796,140.921,0.801,0.801,0.243,0.243
0.399,121.681,141.252,0.684,0.684,0.232,0.232
0.396,121.649,141.595,0.574,0.574,0.232,0.232
0.395,121.681,141.684,0.497,0.497,0.246,0.246
0.395,121.698,141.680,0.383,0.383,0.250,0.250
0.400,121.698,141.139,0.325,0.325,0.255,0.255
0.399,121.698,141.292,0.243,0.243,0.262,0.262
0.397,121.714,141.450,0.175,0.175,0.276,0.276
0.395,121.844,141.680,0.140,0.140,0.261,0.261
0.394,121.714,141.898,0.061,0.061,0.253,0.253
0.393,121.371,142.007,-0.011,0.011,0.267,0.267
0.392,121.339,142.123,-0.069,0.069,0.281,0.281
0.391,121.371,142.184,-0.084,0.084,0.285,0.285
0.390,121.224,142.385,-0.078,0.078,0.287,0.287
0.389,120.996,142.437,-0.069,0.069,0.287,0.287
0.385,120.784,142.906,-0.049,0.049,0.287,0.287
0.382,120.669,143.270,0.020,0.020,0.285,0.285
0.382,120.686,143.262,0.063,0.063,0.279,0.279
0.385,120.702,142.918,0.095,0.095,0.267,0.267
0.386,120.490,142.806,0.111,0.111,0.272,0.272
0.385,120.278,142.986,0.108,0.108,0.273,0.273
0.383,120.164,143.153,0.056,0.056,0.262,0.262
0.382,120.180,143.349,0.041,0.041,0.281,0.281
0.380,120.196,143.516,-0.005,0.005,0.293,0.293
0.380,120.229,143.548,0.008,0.008,0.291,0.291
0.378,120.212,143.759,0.009,0.009,0.298,0.298
0.378,120.212,143.747,0.073,0.073,0.302,0.302
0.377,120.180,143.867,0.101,0.101,0.305,0.305
0.374,119.788,144.304,0.151,0.151,0.287,0.287
0.370,119.315,144.792,0.154,0.154,0.305,0.305
0.370,118.940,144.737,0.185,0.185,0.319,0.319
0.373,118.744,144.347,0.168,0.168,0.322,0.322
0.374,118.678,144.221,0.151,0.151,0.320,0.320
0.373,118.727,144.386,0.194,0.194,0.325,0.325
0.371,118.711,144.602,0.212,0.212,0.330,0.330
0.368,118.727,144.973,0.198,0.198,0.334,0.334
0.368,118.515,144.973,0.191,0.191,0.317,0.317
0.367,118.336,145.086,0.127,0.127,0.314,0.314
0.367,118.172,145.090,0.064,0.064,0.299,0.299
0.366,118.009,145.212,0.050,0.050,0.295,0.295
0.365,118.009,145.349,0.029,0.029,0.299,0.299
0.363,118.172,145.615,0.009,0.009,0.276,0.276
0.359,118.221,146.050,-0.005,0.005,0.267,0.267
0.357,118.483,146.309,-0.015,0.015,0.264,0.264
0.361,118.662,145.861,-0.066,0.066,0.256,0.256
0.361,118.744,145.798,-0.104,0.104,0.264,0.264
0.362,118.532,145.735,-0.162,0.162,0.262,0.262
0.360,118.091,145.947,-0.215,0.215,0.253,0.253
0.356,117.569,146.365,-0.269,0.269,0.255,0.255
0.356,117.014,146.439,-0.282,0.282,0.272,0.272
0.354,116.589,146.586,-0.291,0.291,0.249,0.249
0.354,116.247,146.628,-0.223,0.223,0.241,0.241
0.353,115.986,146.736,-0.200,0.200,0.235,0.235
0.351,115.594,146.932,-0.133,0.133,0.233,0.233
0.351,115.235,147.039,-0.114,0.114,0.227,0.227
0.347,114.990,147.402,-0.035,0.035,0.221,0.221
0.346,114.582,147.604,0.011,0.011,0.224,0.224
0.348,114.305,147.334,0.102,0.102,0.204,0.204
0.349,114.256,147.198,0.180,0.180,0.197,0.197
0.349,114.272,147.270,0.301,0.301,0.204,0.204
0.348,114.321,147.300,0.333,0.333,0.182,0.182
0.346,114.533,147.588,0.432,0.432,0.194,0.194
0.343,114.908,147.862,0.482,0.482,0.211,0.211
0.343,115.251,147.855,0.601,0.601,0.215,0.215
0.341,115.333,148.107,0.697,0.697,0.223,0.223
0.341,115.121,148.180,0.848,0.848,0.227,0.227
0.340,114.615,148.305,0.916,0.916,0.215,0.215
0.339,114.288,148.412,0.993,0.993,0.224,0.224
0.335,113.995,148.836,1.027,1.027,0.238,0.238
0.333,113.636,149.096,1.068,1.068,0.230,0.230
0.332,113.391,149.134,1.080,1.080,0.235,0.235
0.337,113.456,148.648,1.094,1.094,0.240,0.240
0.338,113.489,148.517,1.059,1.059,0.249,0.249
0.335,113.374,148.799,1.083,1.083,0.258,0.258
0.334,113.162,148.957,1.070,1.070,0.252,0.252
0.332,112.640,149.185,1.044,1.044,0.243,0.243
0.330,112.134,149.345,0.967,0.967,0.252,0.252
0.330,111.677,149.390,0.894,0.894,0.250,0.250
0.329,111.269,149.445,0.801,0.801,0.279,0.279
0.328,111.253,149.608,0.681,0.681,0.261,0.261
0.326,111.628,149.855,0.583,0.583,0.266,0.266
0.323,112.689,150.216,0.450,0.450,0.275,0.275
0.320,113.684,150.490,0.299,0.299,0.284,0.284
0.319,114.908,150.619,0.171,0.171,0.295,0.295
0.325,116.312,149.979,0.058,0.058,0.304,0.304
0.325,117.813,149.928,-0.041,0.041,0.310,0.310
0.324,119.348,150.089,-0.095,0.095,0.296,0.296
0.322,121.045,150.340,-0.157,0.157,0.291,0.291
0.319,122.758,150.668,-0.209,0.209,0.282,0.282
0.319,124.521,150.656,-0.301,0.301,0.256,0.256
0.317,126.398,150.847,-0.310,0.310,0.250,0.250
0.317,128.324,150.957,-0.365,0.365,0.241,0.241
0.317,129.972,150.897,-0.389,0.389,0.214,0.214
0.316,131.408,151.074,-0.424,0.424,0.226,0.226
0.313,132.240,151.385,-0.420,0.420,0.230,0.230
0.310,132.746,151.877,-0.424,0.424,0.237,0.237
0.310,133.171,151.846,-0.369,0.369,0.227,0.227
0.308,133.807,152.028,-0.316,0.316,0.249,0.249
0.311,134.639,151.654,-0.206,0.206,0.250,0.250
0.313,135.455,151.376,-0.050,0.050,0.246,0.246
0.311,136.304,151.660,0.174,0.174,0.272,0.272
0.309,137.087,151.955,0.420,0.420,0.296,0.296
0.308,137.871,152.169,0.693,0.693,0.291,0.291
0.306,138.687,152.329,0.934,0.934,0.302,0.302
0.305,139.650,152.477,1.149,1.149,0.295,0.295
0.306,140.776,152.435,1.343,1.343,0.316,0.316
0.305,141.853,152.562,1.523,1.523,0.307,0.307
0.303,143.093,152.774,1.711,1.711,0.325,0.325
0.299,144.431,153.432,1.845,1.845,0.334,0.334
0.297,145.672,153.639,1.889,1.889,0.331,0.331
0.300,146.847,153.193,1.882,1.882,0.325,0.325
0.302,148.038,152.909,1.860,1.860,0.330,0.330
0.302,149.099,152.899,1.776,1.776,0.333,0.333
0.300,149.882,153.271,1.676,1.676,0.340,0.340
0.299,150.404,153.435,1.531,1.531,0.327,0.327
0.299,150.715,153.455,1.402,1.402,0.317,0.317
0.297,150.715,153.705,1.253,1.253,0.316,0.316
0.296,150.502,153.865,1.091,1.091,0.311,0.311
0.295,150.209,154.025,0.890,0.890,0.295,0.295
0.295,150.111,154.050,0.685,0.685,0.291,0.291
0.293,150.127,154.294,0.455,0.455,0.293,0.293
0.290,150.209,154.672,0.240,0.240,0.284,0.284
0.287,150.176,155.185,0.009,0.009,0.282,0.282
0.288,150.176,155.105,-0.159,0.159,0.284,0.284
0.293,150.176,154.284,-0.313,0.313,0.282,0.282
0.291,150.356,154.523,-0.439,0.439,0.298,0.298
0.289,150.600,154.812,-0.591,0.591,0.272,0.272
0.289,150.894,154.942,-0.645,0.645,0.250,0.250
0.287,151.302,155.173,-0.691,0.691,0.253,0.253
0.287,151.645,155.173,-0.703,0.703,0.249,0.249
0.286,151.922,155.329,-0.780,0.780,0.244,0.244
0.285,152.314,155.515,-0.824,0.824,0.232,0.232
0.285,152.804,155.470,-0.881,0.881,0.221,0.221
0.284,153.293,155.653,-0.981,0.981,0.218,0.218
0.281,153.603,156.090,-1.083,1.083,0.218,0.218
0.279,153.685,156.472,-1.157,1.157,0.195,0.195
0.279,153.864,156.452,-1.222,1.222,0.191,0.191
0.278,154.011,156.528,-1.286,1.286,0.186,0.186
0.281,154.125,156.048,-1.344,1.344,0.185,0.185
0.281,154.321,156.048,-1.370,1.370,0.146,0.146
0.280,154.484,156.304,-1.395,1.395,0.163,0.163
0.279,154.599,156.468,-1.332,1.332,0.169,0.169
0.277,154.615,156.781,-1.268,1.268,0.163,0.163
0.276,154.778,156.925,-1.152,1.152,0.163,0.163
0.276,154.990,156.837,-1.045,1.045,0.166,0.166
0.275,155.105,157.048,-0.900,0.900,0.175,0.175
0.275,155.333,157.089,-0.774,0.774,0.191,0.191
0.271,155.496,157.677,-0.649,0.649,0.194,0.194
0.268,155.611,158.146,-0.540,0.540,0.212,0.212
0.270,155.562,157.795,-0.461,0.461,0.212,0.212
0.272,155.349,157.527,-0.345,0.345,0.212,0.212
0.273,154.892,157.275,-0.237,0.237,0.240,0.240
0.272,154.403,157.480,-0.148,0.148,0.221,0.221
0.270,153.881,157.802,-0.075,0.075,0.221,0.221
0.269,153.407,157.909,-0.009,0.009,0.223,0.223
0.269,153.130,157.960,0.046,0.046,0.223,0.223
0.268,153.048,158.097,0.111,0.111,0.224,0.224
0.267,153.081,158.275,0.142,0.142,0.227,0.227
0.267,153.130,158.224,0.192,0.192,0.255,0.255
0.266,153.342,158.346,0.203,0.203,0.243,0.243
0.264,153.554,158.718,0.243,0.243,0.246,0.246
0.262,153.636,159.023,0.252,0.252,0.252,0.252
0.260,153.620,159.385,0.307,0.307,0.262,0.262
0.260,153.652,159.298,0.317,0.317,0.270,0.270
0.265,153.783,158.600,0.388,0.388,0.267,0.267
0.264,153.995,158.789,0.441,0.441,0.267,0.267
0.263,153.897,158.809,0.539,0.539,0.270,0.270
0.261,153.734,159.136,0.597,0.597,0.275,0.275
0.260,153.799,159.345,0.670,0.670,0.273,0.273
0.260,154.011,159.406,0.679,0.679,0.259,0.259
0.259,154.305,159.549,0.717,0.717,0.259,0.259
0.259,154.550,159.462,0.700,0.700,0.264,0.264
0.258,154.615,159.621,0.703,0.703,0.238,0.238
0.257,154.582,159.852,0.687,0.687,0.261,0.261
0.253,154.370,160.369,0.678,0.678,0.266,0.266
0.251,153.946,160.686,0.633,0.633,0.259,0.259
0.252,153.620,160.584,0.621,0.621,0.247,0.247
0.255,153.309,160.075,0.580,0.580,0.247,0.247
0.256,153.179,159.912,0.520,0.520,0.250,0.250
0.255,152.869,160.095,0.456,0.456,0.255,0.255
0.254,152.673,160.313,0.389,0.389,0.262,0.262
0.253,152.379,160.460,0.316,0.316,0.276,0.276
0.251,152.167,160.662,0.240,0.240,0.273,0.273
0.253,152.102,160.490,0.192,0.192,0.278,0.278
0.251,152.314,160.758,0.124,0.124,0.281,0.281
0.250,152.559,160.803,0.076,0.076,0.279,0.279
0.249,152.852,161.046,0.024,0.024,0.275,0.275
0.246,152.885,161.523,0.012,0.012,0.273,0.273
0.245,152.738,161.583,-0.034,0.034,0.273,0.273
0.247,152.396,161.280,-0.040,0.040,0.261,0.261
0.249,151.922,161.043,-0.050,0.050,0.246,0.246
0.249,151.237,161.013,-0.040,0.040,0.275,0.275
0.247,150.519,161.278,-0.078,0.078,0.246,0.246
0.246,150.127,161.472,-0.079,0.079,0.238,0.238
0.245,149.866,161.611,-0.119,0.119,0.240,0.240
0.245,149.491,161.681,-0.102,0.102,0.235,0.235
0.244,149.229,161.735,-0.099,0.099,0.241,0.241
0.244,149.132,161.795,-0.055,0.055,0.238,0.238
0.243,149.148,161.909,-0.043,0.043,0.262,0.262
0.242,149.376,162.072,0.002,0.002,0.243,0.243
0.239,149.588,162.523,0.018,0.018,0.241,0.241
0.238,149.752,162.647,0.075,0.075,0.247,0.247
0.238,149.686,162.627,0.090,0.090,0.247,0.247
0.242,149.686,162.027,0.139,0.139,0.249,0.249
0.242,149.654,162.051,0.172,0.172,0.252,0.252
0.242,149.654,162.051,0.220,0.220,0.273,0.273
0.239,149.458,162.537,0.227,0.227,0.261,0.261
0.239,149.017,162.552,0.285,0.285,0.258,0.258
0.237,148.495,162.764,0.317,0.317,0.270,0.270
0.238,147.777,162.637,0.371,0.371,0.288,0.288
0.237,147.059,162.788,0.404,0.404,0.285,0.285
0.237,146.422,162.803,0.412,0.412,0.276,0.276
0.235,145.786,163.064,0.407,0.407,0.311,0.311
0.235,145.084,163.156,0.395,0.395,0.282,0.282
0.231,144.546,163.718,0.400,0.400,0.273,0.273
0.231,144.236,163.665,0.444,0.444,0.276,0.276
0.236,144.203,163.029,0.464,0.464,0.288,0.288
0.236,144.023,163.005,0.487,0.487,0.273,0.273
0.236,143.844,162.953,0.494,0.494,0.288,0.288
0.234,143.730,163.205,0.496,0.496,0.291,0.291
0.233,143.713,163.420,0.520,0.520,0.279,0.279
0.232,143.534,163.515,0.502,0.502,0.276,0.276
0.232,143.322,163.568,0.505,0.505,0.276,0.276
0.230,143.012,163.805,0.462,0.462,0.276,0.276
0.231,142.587,163.715,0.459,0.459,0.272,0.272
0.231,142.065,163.729,0.415,0.415,0.270,0.270
0.228,141.559,164.091,0.401,0.401,0.264,0.264
0.226,140.874,164.442,0.365,0.365,0.269,0.269
0.227,140.123,164.200,0.345,0.345,0.281,0.281
0.231,139.356,163.751,0.298,0.298,0.272,0.272
0.229,138.442,163.926,0.307,0.307,0.273,0.273
0.229,137.659,164.045,0.273,0.273,0.270,0.270
0.228,136.892,164.108,0.278,0.278,0.267,0.267
0.227,136.010,164.321,0.249,0.249,0.266,0.266
0.226,135.227,164.326,0.261,0.261,0.267,0.267
0.225,134.672,164.487,0.229,0.229,0.273,0.273
0.226,134.378,164.402,0.223,0.223,0.272,0.272
0.227,134.329,164.322,0.208,0.208,0.273,0.273
0.223,134.199,164.763,0.227,0.227,0.275,0.275
0.221,133.987,165.016,0.212,0.212,0.279,0.279
0.221,133.889,165.060,0.224,0.224,0.267,0.267
0.224,133.660,164.635,0.224,0.224,0.278,0.278
0.225,133.268,164.497,0.255,0.255,0.273,0.273
0.225,132.730,164.493,0.232,0.232,0.273,0.273
0.224,132.224,164.708,0.255,0.255,0.270,0.270
0.223,131.522,164.743,0.247,0.247,0.258,0.258
0.222,130.820,164.869,0.240,0.240,0.266,0.266
0.222,130.233,164.947,0.247,0.247,0.276,0.276
0.222,129.548,164.934,0.252,0.252,0.255,0.255
0.221,128.862,165.059,0.246,0.246,0.249,0.249
0.220,128.324,165.131,0.238,0.238,0.246,0.246
0.221,128.013,165.101,0.272,0.272,0.235,0.235
0.218,127.964,165.394,0.258,0.258,0.238,0.238
0.217,128.046,165.594,0.298,0.298,0.246,0.246
0.216,128.242,165.649,0.298,0.298,0.246,0.246
0.216,128.470,165.713,0.328,0.328,0.250,0.250
0.220,128.732,165.188,0.305,0.305,0.252,0.252
0.220,128.976,165.188,0.336,0.336,0.258,0.258
0.219,129.254,165.334,0.325,0.325,0.249,0.249
0.218,129.433,165.450,0.339,0.339,0.264,0.264
0.218,129.335,165.488,0.304,0.304,0.261,0.261
0.216,129.107,165.660,0.319,0.319,0.259,0.259
0.217,128.780,165.604,0.307,0.307,0.266,0.266
0.217,128.536,165.587,0.304,0.304,0.261,0.261
0.216,128.079,165.693,0.298,0.298,0.267,0.267
0.215,127.426,165.778,0.305,0.305,0.266,0.266
0.212,126.806,166.200,0.290,0.290,0.276,0.276
0.212,126.349,166.254,0.288,0.288,0.269,0.269
0.212,126.039,166.200,0.279,0.279,0.272,0.272
0.217,125.876,165.607,0.295,0.295,0.275,0.275
0.217,125.631,165.590,0.291,0.291,0.276,0.276
0.215,125.370,165.865,0.282,0.282,0.264,0.264
0.214,125.157,165.894,0.288,0.288,0.266,0.266
0.213,125.076,166.068,0.285,0.285,0.287,0.287
0.213,125.125,166.105,0.282,0.282,0.273,0.273
0.213,125.304,166.039,0.272,0.272,0.264,0.264
0.213,125.565,166.114,0.275,0.275,0.269,0.269
0.213,125.843,166.080,0.264,0.264,0.266,0.266
0.210,126.235,166.411,0.262,0.262,0.269,0.269
0.209,126.512,166.620,0.261,0.261,0.262,0.262
0.206,126.806,166.902,0.262,0.262,0.270,0.270
0.212,127.018,166.165,0.252,0.252,0.256,0.256
0.213,127.067,166.110,0.269,0.269,0.262,0.262
0.212,127.051,166.220,0.250,0.250,0.266,0.266
0.211,127.018,166.283,0.272,0.272,0.267,0.267
0.211,126.806,166.334,0.246,0.246,0.264,0.264
0.210,126.398,166.472,0.275,0.275,0.259,0.259
0.210,126.088,166.422,0.252,0.252,0.258,0.258
0.210,125.827,166.447,0.270,0.270,0.270,0.270
0.211,125.663,166.389,0.266,0.266,0.295,0.295
0.209,125.761,166.530,0.285,0.285,0.281,0.281
0.209,126.022,166.639,0.272,0.272,0.279,0.279
0.206,126.104,166.940,0.281,0.281,0.275,0.275
0.205,126.284,167.032,0.266,0.266,0.282,0.282
0.206,126.496,166.940,0.276,0.276,0.270,0.270
0.209,126.789,166.633,0.255,0.255,0.279,0.279
0.210,127.002,166.452,0.272,0.272,0.285,0.285
0.210,127.295,166.477,0.249,0.249,0.279,0.279
0.209,127.491,166.617,0.256,0.256,0.281,0.281
0.208,127.736,166.714,0.249,0.249,0.298,0.298
0.207,127.981,166.875,0.255,0.255,0.278,0.278
0.207,128.062,166.773,0.240,0.240,0.273,0.273
0.207,128.062,166.769,0.255,0.255,0.273,0.273
0.206,128.013,166.922,0.233,0.233,0.273,0.273
0.207,127.818,166.884,0.247,0.247,0.267,0.267
0.204,127.556,167.206,0.229,0.229,0.272,0.272
0.202,127.491,167.464,0.243,0.243,0.279,0.279
0.203,127.491,167.316,0.230,0.230,0.262,0.262
0.206,127.556,166.918,0.235,0.235,0.258,0.258
0.207,127.720,166.778,0.246,0.246,0.266,0.266
0.209,127.752,166.634,0.238,0.238,0.267,0.267
0.207,127.605,166.884,0.244,0.244,0.267,0.267
0.205,127.508,167.087,0.233,0.233,0.264,0.264
0.204,127.491,167.184,0.249,0.249,0.261,0.261
0.205,127.295,167.070,0.230,0.230,0.270,0.270
0.205,127.116,167.079,0.233,0.233,0.270,0.270
0.205,126.969,167.134,0.229,0.229,0.261,0.261
0.203,126.773,167.298,0.246,0.246,0.258,0.258
0.202,126.594,167.415,0.229,0.229,0.253,0.253
0.199,126.561,167.802,0.246,0.246,0.266,0.266
0.202,126.496,167.428,0.240,0.240,0.269,0.269
0.205,126.349,167.068,0.253,0.253,0.267,0.267
0.206,126.120,167.001,0.237,0.237,0.266,0.266
0.206,126.022,166.959,0.253,0.253,0.259,0.259
0.205,126.039,167.084,0.238,0.238,0.264,0.264
0.204,126.071,167.260,0.247,0.247,0.267,0.267
0.204,126.251,167.184,0.229,0.229,0.258,0.258
0.204,126.120,167.209,0.246,0.246,0.259,0.259
0.203,125.941,167.322,0.221,0.221,0.256,0.256
0.203,125.778,167.372,0.233,0.233,0.246,0.246
0.203,125.647,167.314,0.218,0.218,0.241,0.241
0.202,125.614,167.439,0.238,0.238,0.232,0.232
0.199,125.778,167.877,0.218,0.218,0.244,0.244
0.199,126.218,167.868,0.232,0.232,0.240,0.240
0.202,126.235,167.425,0.226,0.226,0.244,0.244
0.204,125.468,167.178,0.227,0.227,0.238,0.238
0.205,125.157,167.129,0.220,0.220,0.238,0.238
0.204,125.060,167.153,0.232,0.232,0.244,0.244
0.203,124.994,167.336,0.229,0.229,0.238,0.238
0.202,124.864,167.427,0.229,0.229,0.224,0.224
0.202,124.880,167.439,0.230,0.230,0.247,0.247
0.202,124.962,167.514,0.232,0.232,0.256,0.256
0.203,124.749,167.386,0.241,0.241,0.246,0.246
0.202,124.668,167.522,0.221,0.221,0.246,0.246
0.201,124.896,167.626,0.243,0.243,0.240,0.240
0.199,125.108,167.858,0.227,0.227,0.247,0.247
0.199,125.157,167.874,0.238,0.238,0.244,0.244
0.198,125.321,167.912,0.221,0.221,0.246,0.246
0.204,125.533,167.225,0.237,0.237,0.259,0.259
0.204,125.647,167.205,0.224,0.224,0.258,0.258
0.203,125.827,167.351,0.243,0.243,0.252,0.252
0.202,126.022,167.497,0.233,0.233,0.281,0.281
0.202,126.104,167.513,0.249,0.249,0.258,0.258
0.202,125.908,167.480,0.224,0.224,0.249,0.249
0.202,125.663,167.459,0.246,0.246,0.252,0.252
0.202,125.549,167.401,0.221,0.221,0.255,0.255
0.202,125.353,167.447,0.243,0.243,0.252,0.252
0.200,125.125,167.654,0.218,0.218,0.258,0.258
0.198,124.864,167.969,0.246,0.246,0.267,0.267
0.197,124.652,168.052,0.226,0.226,0.261,0.261
0.200,124.374,167.660,0.238,0.238,0.250,0.250
0.204,124.162,167.190,0.224,0.224,0.252,0.252
0.203,124.113,167.301,0.240,0.240,0.249,0.249
0.203,124.080,167.371,0.226,0.226,0.256,0.256
0.201,124.113,167.556,0.230,0.230,0.253,0.253
0.202,124.341,167.461,0.233,0.233,0.253,0.253
0.202,124.554,167.494,0.237,0.237,0.259,0.259
0.202,124.880,167.511,0.238,0.238,0.264,0.264
0.202,125.060,167.523,0.253,0.253,0.262,0.262
0.202,125.141,167.411,0.252,0.252,0.279,0.279
0.201,125.141,167.565,0.250,0.250,0.276,0.276
0.200,125.092,167.760,0.261,0.261,0.282,0.282
0.198,124.880,168.005,0.247,0.247,0.278,0.278
0.198,124.423,168.009,0.258,0.258,0.281,0.281
0.204,123.950,167.267,0.240,0.240,0.282,0.282
0.204,123.428,167.198,0.255,0.255,0.278,0.278
0.203,123.117,167.312,0.237,0.237,0.269,0.269
0.203,122.856,167.373,0.240,0.240,0.298,0.298
0.203,122.481,167.402,0.240,0.240,0.276,0.276
0.202,122.024,167.422,0.249,0.249,0.256,0.256
0.202,121.730,167.471,0.237,0.237,0.266,0.266
0.203,121.616,167.390,0.249,0.249,0.264,0.264
0.203,121.420,167.293,0.232,0.232,0.255,0.255
0.203,121.241,167.337,0.246,0.246,0.266,0.266
0.201,121.192,167.575,0.226,0.226,0.237,0.237
0.200,121.159,167.667,0.241,0.241,0.258,0.258
0.199,121.208,167.808,0.230,0.230,0.264,0.264
0.202,121.224,0.000,0.244,0.244,0.256,0.256
0.204,121.126,-0.313,0.237,0.237,0.252,0.252
0.205,120.947,-0.422,0.256,0.256,0.250,0.250
0.204,120.539,-0.254,0.229,0.229,0.256,0.256
0.204,120.196,-0.298,0.259,0.259,0.238,0.238
0.204,119.837,-0.226,0.241,0.241,0.249,0.249
0.204,119.527,-0.266,0.255,0.255,0.249,0.249
0.203,119.054,-0.190,0.235,0.235,0.253,0.253
0.204,118.613,-0.230,0.259,0.259,0.250,0.250
0.205,118.385,-0.332,0.240,0.240,0.238,0.238
0.203,118.205,-0.171,0.250,0.250,0.252,0.252
0.201,118.172,0.123,0.244,0.244,0.261,0.261
0.201,117.928,0.111,0.250,0.250,0.255,0.255
0.204,117.569,-0.256,0.246,0.246,0.255,0.255
0.206,117.275,-0.490,0.246,0.246,0.258,0.258
0.207,116.818,-0.602,0.252,0.252,0.258,0.258
0.206,116.377,-0.498,0.246,0.246,0.275,0.275
0.205,116.002,-0.344,0.240,0.240,0.264,0.264
0.205,115.773,-0.355,0.240,0.240,0.250,0.250
0.205,115.463,-0.447,0.241,0.241,0.250,0.250
0.206,115.104,-0.497,0.229,0.229,0.247,0.247
0.206,114.762,-0.524,0.226,0.226,0.249,0.249
0.205,114.500,-0.436,0.215,0.215,0.233,0.233
0.206,114.060,-0.474,0.224,0.224,0.238,0.238
0.203,113.652,-0.164,0.206,0.206,0.233,0.233
0.202,113.260,-0.082,0.227,0.227,0.235,0.235
0.203,113.015,-0.149,0.212,0.212,0.233,0.233
0.205,112.673,-0.336,0.229,0.229,0.233,0.233
0.210,112.183,-0.944,0.204,0.204,0.237,0.237
0.209,111.840,-0.866,0.240,0.240,0.230,0.230
0.207,111.514,-0.644,0.220,0.220,0.221,0.221
0.209,111.171,-0.784,0.243,0.243,0.233,0.233
0.207,110.861,-0.670,0.221,0.221,0.255,0.255
0.208,110.567,-0.780,0.252,0.252,0.235,0.235
0.208,110.159,-0.744,0.229,0.229,0.238,0.238
0.208,109.670,-0.707,0.246,0.246,0.238,0.238
0.210,108.919,-0.906,0.227,0.227,0.246,0.246
0.208,108.429,-0.705,0.243,0.243,0.243,0.243
0.205,108.054,-0.400,0.230,0.230,0.253,0.253
0.205,107.662,-0.446,0.240,0.240,0.255,0.255
0.209,107.222,-0.874,0.238,0.238,0.258,0.258
0.212,106.700,-1.168,0.243,0.243,0.250,0.250
0.212,105.998,-1.186,0.235,0.235,0.256,0.256
0.211,105.280,-1.052,0.240,0.240,0.256,0.256
0.211,104.708,-1.098,0.241,0.241,0.252,0.252
0.211,104.219,-1.008,0.233,0.233,0.255,0.255
0.211,103.713,-1.032,0.237,0.237,0.256,0.256
0.211,103.256,-1.018,0.230,0.230,0.258,0.258
0.211,102.783,-1.032,0.238,0.238,0.252,0.252
0.212,102.309,-1.164,0.217,0.217,0.240,0.240
0.210,101.787,-0.955,0.240,0.240,0.249,0.249
0.209,101.265,-0.867,0.221,0.221,0.259,0.259
0.209,100.563,-0.884,0.238,0.238,0.253,0.253
0.213,99.861,-1.286,0.224,0.224,0.247,0.247
0.215,99.274,-1.484,0.238,0.238,0.252,0.252
0.215,98.801,-1.408,0.220,0.220,0.250,0.250
0.216,98.115,-1.568,0.237,0.237,0.255,0.255
0.215,97.430,-1.413,0.221,0.221,0.255,0.255
0.213,96.842,-1.261,0.237,0.237,0.250,0.250
0.214,96.353,-1.358,0.227,0.227,0.253,0.253
0.215,95.863,-1.491,0.250,0.250,0.252,0.252
0.215,95.390,-1.434,0.238,0.238,0.275,0.275
0.216,94.933,-1.551,0.266,0.266,0.278,0.278
0.216,94.394,-1.501,0.241,0.241,0.299,0.299
0.215,93.905,-1.410,0.275,0.275,0.270,0.270
0.213,93.399,-1.227,0.249,0.249,0.261,0.261
0.214,92.925,-1.307,0.264,0.264,0.267,0.267
0.216,92.436,-1.544,0.252,0.252,0.276,0.276
0.219,92.093,-1.789,0.258,0.258,0.269,0.269
0.219,91.848,-1.856,0.237,0.237,0.270,0.270
0.220,91.457,-1.865,0.261,0.261,0.285,0.285
0.217,91.000,-1.650,0.247,0.247,0.272,0.272
0.218,90.445,-1.737,0.249,0.249,0.255,0.255
0.219,89.759,-1.824,0.247,0.247,0.262,0.262
0.218,89.058,-1.768,0.250,0.250,0.261,0.261
0.219,88.274,-1.777,0.241,0.241,0.261,0.261
0.220,87.572,-1.876,0.238,0.238,0.258,0.258
0.219,87.018,-1.772,0.243,0.243,0.279,0.279
0.216,86.528,-1.536,0.243,0.243,0.258,0.258
0.218,86.055,-1.736,0.233,0.233,0.243,0.243
0.218,85.565,-1.722,0.241,0.241,0.249,0.249
0.224,85.271,-2.251,0.244,0.244,0.253,0.253
0.223,84.994,-2.184,0.238,0.238,0.253,0.253
0.222,84.635,-2.105,0.244,0.244,0.250,0.250
0.223,84.292,-2.136,0.238,0.238,0.237,0.237
0.222,83.998,-2.055,0.253,0.253,0.252,0.252
0.223,83.623,-2.141,0.226,0.226,0.249,0.249
0.224,83.313,-2.265,0.249,0.249,0.250,0.250
0.224,83.036,-2.230,0.235,0.235,0.249,0.249
0.224,82.644,-2.227,0.244,0.244,0.250,0.250
0.224,82.334,-2.246,0.233,0.233,0.253,0.253
0.222,81.828,-2.053,0.253,0.253,0.250,0.250
0.221,81.208,-1.993,0.244,0.244,0.253,0.253
0.222,80.392,-2.047,0.262,0.262,0.255,0.255
0.226,79.690,-2.365,0.238,0.238,0.250,0.250
0.230,79.119,-2.705,0.261,0.261,0.247,0.247
0.228,78.629,-2.519,0.232,0.232,0.235,0.235
0.229,77.976,-2.592,0.255,0.255,0.249,0.249
0.228,77.454,-2.571,0.232,0.232,0.258,0.258
0.227,77.079,-2.510,0.246,0.246,0.247,0.247
0.229,76.883,-2.658,0.218,0.218,0.244,0.244
0.229,76.622,-2.645,0.243,0.243,0.240,0.240
0.230,76.426,-2.729,0.229,0.229,0.229,0.229
0.230,76.132,-2.709,0.224,0.224,0.249,0.249
0.228,75.920,-2.517,0.230,0.230,0.229,0.229
0.227,75.643,-2.454,0.220,0.220,0.221,0.221
0.227,75.447,-2.467,0.221,0.221,0.235,0.235
0.233,75.365,-2.952,0.215,0.215,0.235,0.235
0.234,75.365,-3.009,0.229,0.229,0.237,0.237
0.234,75.398,-2.999,0.212,0.212,0.226,0.226
0.234,75.365,-3.022,0.226,0.226,0.230,0.230
0.234,75.169,-3.024,0.221,0.221,0.227,0.227
0.234,74.778,-2.980,0.233,0.233,0.243,0.243
0.235,74.223,-3.051,0.221,0.221,0.237,0.237
0.235,73.749,-3.098,0.235,0.235,0.244,0.244
0.235,73.211,-3.086,0.229,0.229,0.243,0.243
0.236,72.738,-3.166,0.246,0.246,0.246,0.246
0.234,72.264,-3.026,0.217,0.217,0.235,0.235
0.234,71.758,-2.988,0.243,0.243,0.246,0.246
0.233,71.285,-2.936,0.224,0.224,0.252,0.252
0.239,70.991,-3.360,0.243,0.243,0.247,0.247
0.240,70.730,-3.410,0.224,0.224,0.256,0.256
0.241,70.534,-3.527,0.252,0.252,0.252,0.252
0.240,70.453,-3.443,0.230,0.230,0.252,0.252
0.240,70.469,-3.433,0.249,0.249,0.227,0.227
0.240,70.485,-3.398,0.229,0.229,0.246,0.246
0.241,70.485,-3.513,0.249,0.249,0.250,0.250
0.241,70.290,-3.504,0.233,0.233,0.250,0.250
0.243,70.012,-3.615,0.235,0.235,0.249,0.249
0.242,69.572,-3.560,0.230,0.230,0.252,0.252
0.240,68.870,-3.433,0.246,0.246,0.250,0.250
0.239,68.103,-3.395,0.226,0.226,0.243,0.243
0.239,67.336,-3.390,0.238,0.238,0.250,0.250
0.245,66.797,-3.795,0.232,0.232,0.249,0.249
0.246,66.112,-3.857,0.233,0.233,0.246,0.246
0.247,65.443,-3.870,0.229,0.229,0.246,0.246
0.248,64.839,-3.969,0.233,0.233,0.246,0.246
0.246,64.365,-3.832,0.224,0.224,0.252,0.252
0.247,64.088,-3.905,0.223,0.223,0.246,0.246
0.248,64.055,-3.955,0.243,0.243,0.249,0.249
0.248,64.055,-3.958,0.227,0.227,0.252,0.252
0.250,64.121,-4.064,0.246,0.246,0.255,0.255
0.249,64.088,-4.011,0.246,0.246,0.267,0.267
0.249,64.104,-4.055,0.253,0.253,0.270,0.270
0.246,64.072,-3.864,0.246,0.246,0.270,0.270
0.247,63.892,-3.904,0.253,0.253,0.253,0.253
0.248,63.680,-3.951,0.243,0.243,0.270,0.270
0.253,63.370,-4.271,0.255,0.255,0.278,0.278
0.255,63.141,-4.405,0.232,0.232,0.266,0.266
0.254,62.668,-4.322,0.252,0.252,0.261,0.261
0.254,62.048,-4.376,0.235,0.235,0.266,0.266
0.254,61.412,-4.359,0.244,0.244,0.270,0.270
0.255,60.661,-4.400,0.233,0.233,0.262,0.262
0.255,60.008,-4.392,0.250,0.250,0.261,0.261
0.256,59.633,-4.445,0.227,0.227,0.264,0.264
0.257,59.388,-4.530,0.241,0.241,0.252,0.252
0.257,59.208,-4.503,0.229,0.229,0.256,0.256
0.254,59.143,-4.365,0.244,0.244,0.269,0.269
0.253,59.176,-4.271,0.224,0.224,0.253,0.253
0.258,59.372,-4.597,0.249,0.249,0.249,0.249
0.261,59.633,-4.757,0.229,0.229,0.250,0.250
0.262,59.861,-4.831,0.246,0.246,0.244,0.244
0.262,59.910,-4.807,0.237,0.237,0.250,0.250
0.261,59.763,-4.747,0.253,0.253,0.250,0.250
0.262,59.633,-4.846,0.232,0.232,0.233,0.233
0.262,59.437,-4.832,0.249,0.249,0.247,0.247
0.262,58.980,-4.848,0.237,0.237,0.253,0.253
0.264,58.523,-4.967,0.247,0.247,0.252,0.252
0.265,57.935,-5.006,0.235,0.235,0.255,0.255
0.265,57.250,-4.977,0.252,0.252,0.249,0.249
0.263,56.597,-4.892,0.243,0.243,0.252,0.252
0.260,55.961,-4.717,0.253,0.253,0.243,0.243
0.266,55.292,-5.026,0.243,0.243,0.255,0.255
0.269,54.606,-5.241,0.256,0.256,0.258,0.258
0.270,54.051,-5.258,0.252,0.252,0.258,0.258
0.270,53.708,-5.274,0.240,0.240,0.253,0.253
0.270,53.496,-5.267,0.255,0.255,0.243,0.243
0.269,53.333,-5.231,0.237,0.237,0.255,0.255
0.271,53.252,-5.309,0.244,0.244,0.261,0.261
0.272,53.268,-5.358,0.232,0.232,0.249,0.249
0.272,53.268,-5.373,0.243,0.243,0.249,0.249
0.273,53.268,-5.420,0.227,0.227,0.243,0.243
0.274,53.088,-5.501,0.235,0.235,0.232,0.232
0.273,52.648,-5.426,0.215,0.215,0.256,0.256
0.272,52.517,-5.363,0.232,0.232,0.230,0.230
0.272,52.436,-5.400,0.212,0.212,0.218,0.218
0.276,52.338,-5.568,0.229,0.229,0.227,0.227
0.279,52.076,-5.719,0.214,0.214,0.237,0.237
0.279,51.864,-5.745,0.238,0.238,0.237,0.237
0.279,51.538,-5.741,0.212,0.212,0.229,0.229
0.279,51.358,-5.721,0.238,0.238,0.249,0.249
0.280,51.212,-5.772,0.229,0.229,0.223,0.223
0.281,51.065,-5.826,0.243,0.243,0.223,0.223
0.281,50.673,-5.823,0.224,0.224,0.235,0.235
0.282,50.363,-5.907,0.250,0.250,0.230,0.230
0.283,50.036,-5.945,0.227,0.227,0.233,0.233
0.283,49.890,-5.971,0.240,0.240,0.230,0.230
0.281,50.004,-5.865,0.233,0.233,0.241,0.241
0.281,50.216,-5.829,0.230,0.230,0.233,0.233
0.287,50.330,-6.124,0.233,0.233,0.235,0.235
0.289,50.379,-6.237,0.230,0.230,0.233,0.233
0.288,50.314,-6.196,0.241,0.241,0.246,0.246
0.289,50.347,-6.247,0.230,0.230,0.241,0.241
0.288,50.477,-6.199,0.229,0.229,0.247,0.247
0.288,50.542,-6.217,0.230,0.230,0.230,0.230
0.290,50.428,-6.281,0.233,0.233,0.252,0.252
0.291,50.102,-6.338,0.215,0.215,0.252,0.252
0.292,49.433,-6.409,0.221,0.221,0.256,0.256
0.291,48.731,-6.361,0.218,0.218,0.259,0.259
0.291,47.915,-6.350,0.229,0.229,0.252,0.252
0.290,47.409,-6.314,0.211,0.211,0.266,0.266
0.291,47.262,-6.358,0.235,0.235,0.270,0.270
0.295,47.327,-6.554,0.214,0.214,0.270,0.270
0.298,47.393,-6.684,0.224,0.224,0.261,0.261
0.298,47.621,-6.678,0.209,0.209,0.258,0.258
0.299,48.013,-6.725,0.224,0.224,0.253,0.253
0.299,48.323,-6.713,0.209,0.209,0.261,0.261
0.299,48.600,-6.735,0.224,0.224,0.253,0.253
0.299,48.617,-6.751,0.212,0.212,0.250,0.250
0.301,48.470,-6.814,0.237,0.237,0.252,0.252
0.301,48.307,-6.841,0.221,0.221,0.258,0.258
0.303,48.111,-6.920,0.252,0.252,0.258,0.258
0.302,47.866,-6.867,0.240,0.240,0.273,0.273
0.300,47.621,-6.777,0.252,0.252,0.270,0.270
0.301,47.180,-6.822,0.235,0.235,0.270,0.270
0.306,46.658,-7.050,0.256,0.256,0.276,0.276
0.308,46.185,-7.160,0.240,0.240,0.273,0.273
0.310,45.891,-7.244,0.252,0.252,0.267,0.267
0.309,45.793,-7.197,0.243,0.243,0.269,0.269
0.310,45.646,-7.229,0.250,0.250,0.264,0.264
0.310,45.418,-7.250,0.232,0.232,0.243,0.243
0.310,45.140,-7.252,0.253,0.253,0.266,0.266
0.312,44.716,-7.340,0.243,0.243,0.269,0.269
0.312,44.422,-7.354,0.241,0.241,0.253,0.253
0.313,44.308,-7.366,0.237,0.237,0.250,0.250
0.313,44.210,-7.382,0.237,0.237,0.250,0.250
0.313,44.194,-7.387,0.229,0.229,0.252,0.252
0.312,44.520,-7.349,0.226,0.226,0.243,0.243
0.314,44.994,-7.430,0.238,0.238,0.246,0.246
0.318,45.385,-7.591,0.235,0.235,0.233,0.233
0.320,45.646,-7.689,0.230,0.230,0.243,0.243
0.319,45.810,-7.661,0.230,0.230,0.232,0.232
0.320,45.712,-7.716,0.238,0.238,0.266,0.266
0.320,45.467,-7.710,0.224,0.224,0.243,0.243
0.322,45.353,-7.776,0.237,0.237,0.229,0.229
0.323,45.385,-7.841,0.218,0.218,0.233,0.233
0.324,45.402,-7.900,0.244,0.244,0.237,0.237
0.323,45.385,-7.842,0.221,0.221,0.246,0.246
0.321,45.402,-7.743,0.250,0.250,0.246,0.246
0.322,45.565,-7.770,0.233,0.233,0.266,0.266
0.327,45.597,-8.012,0.240,0.240,0.246,0.246
0.329,45.467,-8.097,0.232,0.232,0.238,0.238
0.331,45.140,-8.217,0.246,0.246,0.244,0.244
0.331,44.700,-8.181,0.224,0.224,0.246,0.246
0.330,44.422,-8.157,0.243,0.243,0.246,0.246
0.331,44.145,-8.216,0.230,0.230,0.243,0.243
0.332,44.145,-8.248,0.243,0.243,0.259,0.259
0.334,44.308,-8.308,0.224,0.224,0.240,0.240
0.335,44.406,-8.388,0.249,0.249,0.230,0.230
0.335,44.439,-8.376,0.224,0.224,0.226,0.226
0.336,44.390,-8.407,0.241,0.241,0.229,0.229
0.335,44.390,-8.397,0.209,0.209,0.230,0.230
0.334,44.178,-8.351,0.221,0.221,0.217,0.217
0.335,43.949,-8.376,0.201,0.201,0.240,0.240
0.337,43.655,-8.457,0.204,0.204,0.218,0.218
0.343,43.427,-8.707,0.206,0.206,0.215,0.215
0.343,43.149,-8.740,0.206,0.206,0.226,0.226
0.344,42.937,-8.760,0.208,0.208,0.232,0.232
0.345,42.709,-8.799,0.198,0.198,0.230,0.230
0.345,42.627,-8.813,0.212,0.212,0.229,0.229
0.345,42.595,-8.814,0.201,0.201,0.255,0.255
0.347,42.660,-8.885,0.220,0.220,0.238,0.238
0.347,42.856,-8.905,0.204,0.204,0.249,0.249
0.349,42.937,-8.963,0.221,0.221,0.247,0.247
0.349,42.741,-8.994,0.208,0.208,0.252,0.252
0.349,42.464,-8.972,0.214,0.214,0.258,0.258
0.348,42.203,-8.932,0.204,0.204,0.261,0.261
0.352,41.974,-9.103,0.229,0.229,0.273,0.273
0.355,41.730,-9.239,0.206,0.206,0.270,0.270
0.358,41.501,-9.339,0.227,0.227,0.276,0.276
0.357,41.403,-9.324,0.215,0.215,0.284,0.284
0.357,41.240,-9.300,0.226,0.226,0.287,0.287
0.358,40.995,-9.343,0.209,0.209,0.279,0.279
0.359,40.930,-9.397,0.238,0.238,0.298,0.298
0.359,40.718,-9.395,0.217,0.217,0.288,0.288
0.361,40.538,-9.478,0.229,0.229,0.298,0.298
0.362,40.457,-9.524,0.215,0.215,0.307,0.307
0.361,40.636,-9.497,0.227,0.227,0.298,0.298
0.360,40.865,-9.440,0.215,0.215,0.293,0.293
0.361,40.783,-9.484,0.227,0.227,0.281,0.281
0.366,40.555,-9.699,0.224,0.224,0.278,0.278
0.368,40.440,-9.775,0.230,0.230,0.272,0.272
0.370,40.408,-9.835,0.212,0.212,0.276,0.276
0.370,40.212,-9.858,0.218,0.218,0.273,0.273
0.370,40.032,-9.850,0.212,0.212,0.269,0.269
0.370,39.967,-9.839,0.212,0.212,0.264,0.264
0.372,40.000,-9.913,0.212,0.212,0.264,0.264
0.372,40.147,-9.940,0.217,0.217,0.261,0.261
0.374,40.391,-10.012,0.224,0.224,0.256,0.256
0.375,40.277,-10.028,0.212,0.212,0.262,0.262
0.374,40.032,-10.015,0.237,0.237,0.267,0.267
0.373,39.739,-9.980,0.220,0.220,0.266,0.266
0.374,39.543,-10.007,0.241,0.241,0.276,0.276
0.378,39.461,-10.153,0.235,0.235,0.264,0.264
0.381,39.461,-10.299,0.253,0.253,0.272,0.272
0.383,39.526,-10.360,0.227,0.227,0.258,0.258
0.384,39.494,-10.389,0.244,0.244,0.272,0.272
0.383,39.477,-10.368,0.238,0.238,0.281,0.281
0.385,39.494,-10.427,0.244,0.244,0.266,0.266
0.386,39.494,-10.475,0.230,0.230,0.266,0.266
0.386,39.494,-10.489,0.249,0.249,0.252,0.252
0.388,39.494,-10.551,0.230,0.230,0.270,0.270
0.389,39.477,-10.580,0.237,0.237,0.259,0.259
0.390,39.494,-10.644,0.224,0.224,0.261,0.261
0.389,39.510,-10.588,0.226,0.226,0.258,0.258
0.388,39.494,-10.571,0.226,0.226,0.262,0.262
0.390,39.510,-10.622,0.241,0.241,0.256,0.256
0.395,39.494,-10.816,0.226,0.226,0.282,0.282
0.397,39.673,-10.916,0.244,0.244,0.258,0.258
0.398,39.902,-10.959,0.217,0.217,0.243,0.243
0.397,39.983,-10.929,0.246,0.246,0.253,0.253
0.399,40.016,-11.004,0.221,0.221,0.253,0.253
0.399,39.951,-11.006,0.237,0.237,0.252,0.252
0.401,39.983,-11.076,0.224,0.224,0.255,0.255
0.401,39.967,-11.091,0.238,0.238,0.249,0.249
0.403,39.967,-11.133,0.224,0.224,0.258,0.258
0.403,40.000,-11.162,0.233,0.233,0.253,0.253
0.404,40.196,-11.197,0.237,0.237,0.261,0.261
0.403,40.424,-11.149,0.237,0.237,0.259,0.259
0.404,40.701,-11.200,0.235,0.235,0.259,0.259
0.410,41.093,-11.438,0.237,0.237,0.262,0.262
0.411,41.420,-11.493,0.230,0.230,0.261,0.261
0.412,41.517,-11.511,0.230,0.230,0.269,0.269
0.413,41.485,-11.569,0.237,0.237,0.269,0.269
0.413,41.468,-11.570,0.227,0.227,0.264,0.264
0.415,41.664,-11.645,0.241,0.241,0.264,0.264
0.416,41.893,-11.681,0.223,0.223,0.258,0.258
0.417,42.170,-11.711,0.235,0.235,0.262,0.262
0.418,42.562,-11.765,0.226,0.226,0.264,0.264
0.419,42.905,-11.824,0.224,0.224,0.262,0.262
0.419,42.970,-11.824,0.208,0.208,0.262,0.262
0.418,42.905,-11.760,0.218,0.218,0.255,0.255
0.419,42.888,-11.810,0.198,0.198,0.241,0.241
0.424,42.905,-12.023,0.204,0.204,0.252,0.252
0.426,42.888,-12.131,0.194,0.194,0.246,0.246
0.428,43.084,-12.197,0.208,0.208,0.238,0.238
0.428,43.362,-12.206,0.192,0.192,0.249,0.249
0.429,43.411,-12.231,0.218,0.218,0.252,0.252
0.430,43.378,-12.273,0.201,0.201,0.256,0.256
0.431,43.231,-12.333,0.226,0.226,0.240,0.240
0.433,42.970,-12.409,0.197,0.197,0.272,0.272
0.433,42.888,-12.423,0.227,0.227,0.238,0.238
0.435,43.068,-12.500,0.211,0.211,0.241,0.241
0.435,43.378,-12.508,0.227,0.227,0.249,0.249
0.434,43.639,-12.464,0.209,0.209,0.255,0.255
0.436,43.639,-12.534,0.233,0.233,0.247,0.247
0.436,43.476,-12.568,0.214,0.214,0.253,0.253
0.443,43.378,-12.851,0.220,0.220,0.267,0.267
0.443,43.166,-12.868,0.224,0.224,0.253,0.253
0.445,42.986,-12.931,0.217,0.217,0.249,0.249
0.444,42.790,-12.905,0.224,0.224,0.253,0.253
0.445,42.709,-12.958,0.212,0.212,0.261,0.261
0.447,42.301,-13.021,0.226,0.226,0.258,0.258
0.449,41.811,-13.091,0.214,0.214,0.247,0.247
0.450,41.403,-13.149,0.221,0.221,0.237,0.237
0.451,41.387,-13.204,0.214,0.214,0.253,0.253
0.452,41.681,-13.248,0.227,0.227,0.253,0.253
0.450,41.828,-13.163,0.214,0.214,0.255,0.255
0.450,42.203,-13.159,0.221,0.221,0.255,0.255
0.454,42.382,-13.306,0.212,0.212,0.250,0.250
0.459,42.644,-13.531,0.224,0.224,0.250,0.250
0.460,42.644,-13.580,0.200,0.200,0.247,0.247
0.462,42.546,-13.636,0.224,0.224,0.246,0.246
0.461,42.431,-13.615,0.214,0.214,0.252,0.252
0.462,42.366,-13.673,0.214,0.214,0.244,0.244
0.463,42.236,-13.705,0.201,0.201,0.246,0.246
0.465,41.811,-13.767,0.229,0.229,0.227,0.227
0.467,41.289,-13.859,0.208,0.208,0.249,0.249
0.467,40.963,-13.885,0.230,0.230,0.247,0.247
0.469,40.848,-13.931,0.218,0.218,0.241,0.241
0.469,40.897,-13.950,0.233,0.233,0.247,0.247
0.469,40.734,-13.951,0.221,0.221,0.250,0.250
0.470,40.359,-13.981,0.255,0.255,0.259,0.259
0.475,40.016,-14.199,0.224,0.224,0.281,0.281
0.477,39.918,-14.262,0.252,0.252,0.264,0.264
0.478,40.179,-14.317,0.233,0.233,0.256,0.256
0.478,40.604,-14.300,0.255,0.255,0.262,0.262
0.480,41.142,-14.403,0.237,0.237,0.267,0.267
0.480,41.468,-14.384,0.240,0.240,0.252,0.252
0.482,41.730,-14.478,0.241,0.241,0.262,0.262
0.484,41.909,-14.540,0.241,0.241,0.279,0.279
0.485,41.958,-14.589,0.229,0.229,0.264,0.264
0.487,41.762,-14.678,0.237,0.237,0.249,0.249
0.487,41.273,-14.700,0.230,0.230,0.250,0.250
0.485,40.799,-14.611,0.227,0.227,0.246,0.246
0.487,40.457,-14.684,0.230,0.230,0.250,0.250
0.492,40.179,-14.883,0.237,0.237,0.249,0.249
0.494,40.016,-14.960,0.235,0.235,0.238,0.238
0.497,39.951,-15.096,0.227,0.227,0.246,0.246
0.497,39.951,-15.073,0.233,0.233,0.246,0.246
0.497,39.983,-15.096,0.223,0.223,0.246,0.246
0.498,40.179,-15.117,0.224,0.224,0.241,0.241
0.500,40.408,-15.200,0.224,0.224,0.241,0.241
0.502,40.685,-15.268,0.227,0.227,0.241,0.241
0.502,40.734,-15.295,0.223,0.223,0.221,0.221
0.504,40.604,-15.367,0.229,0.229,0.240,0.240
0.505,40.701,-15.423,0.221,0.221,0.249,0.249
0.504,40.897,-15.371,0.241,0.241,0.247,0.247
0.506,41.191,-15.439,0.218,0.218,0.243,0.243
0.510,41.403,-15.599,0.246,0.246,0.224,0.224
0.512,41.485,-15.690,0.223,0.223,0.241,0.241
0.515,41.485,-15.820,0.243,0.243,0.252,0.252
0.515,41.452,-15.830,0.224,0.224,0.250,0.250
0.516,41.420,-15.878,0.250,0.250,0.247,0.247
0.516,41.681,-15.883,0.233,0.233,0.258,0.258
0.518,42.072,-15.932,0.243,0.243,0.246,0.246
0.519,42.399,-15.999,0.237,0.237,0.258,0.258
0.521,42.497,-16.061,0.249,0.249,0.246,0.246
0.523,42.644,-16.147,0.227,0.227,0.249,0.249
0.523,42.660,-16.154,0.247,0.247,0.246,0.246
0.522,42.513,-16.137,0.227,0.227,0.246,0.246
0.524,42.431,-16.202,0.237,0.237,0.238,0.238
0.528,42.611,-16.371,0.206,0.206,0.235,0.235
0.529,42.839,-16.435,0.220,0.220,0.212,0.212
0.533,42.741,-16.564,0.209,0.209,0.221,0.221
0.534,42.546,-16.619,0.212,0.212,0.217,0.217
0.535,42.595,-16.669,0.217,0.217,0.237,0.237
0.535,42.823,-16.676,0.223,0.223,0.230,0.230
0.536,43.149,-16.723,0.227,0.227,0.258,0.258
0.539,43.411,-16.835,0.206,0.206,0.227,0.227
0.539,43.639,-16.845,0.224,0.224,0.232,0.232
0.540,43.900,-16.905,0.208,0.208,0.226,0.226
0.543,44.129,-17.036,0.224,0.224,0.233,0.233
0.543,44.357,-17.020,0.214,0.214,0.232,0.232
0.542,44.635,-16.962,0.233,0.233,0.233,0.233
0.543,44.814,-17.030,0.218,0.218,0.217,0.217
0.549,44.912,-17.289,0.233,0.233,0.240,0.240
0.551,44.896,-17.371,0.218,0.218,0.255,0.255
0.552,44.863,-17.441,0.240,0.240,0.246,0.246
0.554,44.863,-17.502,0.218,0.218,0.246,0.246
0.554,44.879,-17.523,0.232,0.232,0.247,0.247
0.555,44.863,-17.578,0.220,0.220,0.259,0.259
0.557,44.863,-17.657,0.233,0.233,0.246,0.246
0.559,44.684,-17.721,0.217,0.217,0.261,0.261
0.561,44.455,-17.814,0.243,0.243,0.267,0.267
0.562,44.145,-17.868,0.230,0.230,0.264,0.264
0.563,43.704,-17.922,0.233,0.233,0.261,0.261
0.562,43.411,-17.866,0.220,0.220,0.258,0.258
0.563,43.362,-17.897,0.230,0.230,0.259,0.259
0.568,43.394,-18.139,0.217,0.217,0.266,0.266
0.571,43.427,-18.283,0.220,0.220,0.259,0.259
0.574,43.443,-18.375,0.226,0.226,0.266,0.266
0.574,43.606,-18.390,0.220,0.220,0.252,0.252
0.575,44.031,-18.425,0.218,0.218,0.253,0.253
0.575,44.324,-18.422,0.224,0.224,0.270,0.270
0.578,44.259,-18.548,0.215,0.215,0.258,0.258
0.579,44.014,-18.612,0.217,0.217,0.246,0.246
0.580,43.868,-18.657,0.215,0.215,0.247,0.247
0.582,43.443,-18.757,0.224,0.224,0.249,0.249
0.583,42.839,-18.769,0.227,0.227,0.252,0.252
0.583,42.448,-18.796,0.211,0.211,0.249,0.249
0.583,42.366,-18.776,0.240,0.240,0.247,0.247
0.585,42.627,-18.880,0.224,0.224,0.261,0.261
0.590,43.280,-19.087,0.244,0.244,0.278,0.278
0.594,44.014,-19.249,0.235,0.235,0.269,0.269
0.595,44.455,-19.284,0.255,0.255,0.261,0.261
0.597,44.732,-19.383,0.232,0.232,0.264,0.264
0.597,44.863,-19.394,0.240,0.240,0.266,0.266
0.598,45.108,-19.435,0.224,0.224,0.253,0.253
0.600,45.548,-19.536,0.244,0.244,0.261,0.261
0.601,46.038,-19.582,0.212,0.212,0.256,0.256
0.602,46.381,-19.644,0.244,0.244,0.259,0.259
0.605,46.201,-19.758,0.217,0.217,0.252,0.252
0.605,45.777,-19.776,0.230,0.230,0.273,0.273
0.605,45.206,-19.746,0.233,0.233,0.246,0.246
0.605,44.847,-19.749,0.240,0.240,0.232,0.232
0.609,44.406,-19.928,0.224,0.224,0.240,0.240
0.614,43.623,-20.176,0.237,0.237,0.235,0.235
0.616,42.986,-20.268,0.218,0.218,0.237,0.237
0.617,42.627,-20.298,0.233,0.233,0.235,0.235
0.618,42.480,-20.332,0.217,0.217,0.227,0.227
0.618,42.611,-20.342,0.247,0.247,0.233,0.233
0.621,42.856,-20.465,0.226,0.226,0.247,0.247
0.622,42.970,-20.498,0.243,0.243,0.230,0.230
0.624,42.725,-20.603,0.223,0.223,0.230,0.230
0.625,42.105,-20.651,0.240,0.240,0.227,0.227
0.626,41.354,-20.654,0.230,0.230,0.238,0.238
0.626,40.930,-20.669,0.235,0.235,0.243,0.243
0.626,40.636,-20.688,0.238,0.238,0.241,0.241
0.629,40.049,-20.799,0.237,0.237,0.235,0.235
0.636,39.200,-21.082,0.227,0.227,0.240,0.240
0.637,38.172,-21.127,0.238,0.238,0.240,0.240
0.638,37.535,-21.151,0.241,0.241,0.246,0.246
0.639,37.388,-21.172,0.240,0.240,0.240,0.240
0.640,37.225,-21.228,0.246,0.246,0.238,0.238
0.642,36.866,-21.311,0.233,0.233,0.241,0.241
0.643,36.181,-21.350,0.237,0.237,0.246,0.246
0.646,35.446,-21.458,0.217,0.217,0.243,0.243
0.647,35.022,-21.491,0.243,0.243,0.238,0.238
0.649,34.728,-21.549,0.224,0.224,0.233,0.233
0.648,34.418,-21.531,0.230,0.230,0.230,0.230
0.649,34.337,-21.561,0.209,0.209,0.237,0.237
0.650,34.500,-21.585,0.215,0.215,0.223,0.223
0.657,34.989,-21.812,0.203,0.203,0.220,0.220
0.660,35.675,-21.928,0.218,0.218,0.217,0.217
0.660,36.262,-21.928,0.214,0.214,0.226,0.226
0.661,36.589,-21.985,0.223,0.223,0.214,0.214
0.663,36.393,-22.048,0.203,0.203,0.220,0.220
0.664,35.903,-22.075,0.220,0.220,0.226,0.226
0.665,35.120,-22.125,0.208,0.208,0.221,0.221
0.668,34.010,-22.214,0.227,0.227,0.226,0.226
0.669,32.754,-22.245,0.214,0.214,0.244,0.244
0.671,31.628,-22.322,0.232,0.232,0.227,0.227
0.672,30.648,-22.345,0.220,0.220,0.221,0.221
0.671,29.539,-22.309,0.233,0.233,0.229,0.229
0.672,28.510,-22.342,0.218,0.218,0.230,0.230
0.674,27.678,-22.388,0.233,0.233,0.229,0.229
0.681,27.221,-22.581,0.224,0.224,0.243,0.243
0.683,27.107,-22.653,0.224,0.224,0.232,0.232
0.684,27.123,-22.661,0.223,0.223,0.243,0.243
0.685,26.780,-22.697,0.214,0.214,0.249,0.249
0.686,26.144,-22.714,0.221,0.221,0.244,0.244
0.688,25.508,-22.786,0.211,0.211,0.238,0.238
0.689,24.953,-22.804,0.237,0.237,0.230,0.230
0.691,24.284,-22.857,0.214,0.214,0.243,0.243
0.693,23.614,-22.906,0.226,0.226,0.246,0.246
0.693,23.043,-22.897,0.209,0.209,0.252,0.252
0.693,22.717,-22.893,0.218,0.218,0.249,0.249
0.693,22.505,-22.906,0.209,0.209,0.252,0.252
0.698,22.309,-23.022,0.220,0.220,0.255,0.255
0.702,21.819,-23.103,0.209,0.209,0.262,0.262
0.706,21.395,-23.178,0.221,0.221,0.259,0.259
0.706,21.036,-23.185,0.203,0.203,0.270,0.270
0.707,20.595,-23.208,0.218,0.218,0.290,0.290
0.708,20.138,-23.231,0.209,0.209,0.305,0.305
0.709,19.404,-23.248,0.220,0.220,0.319,0.319
0.711,18.702,-23.287,0.203,0.203,0.333,0.333
0.713,18.066,-23.330,0.223,0.223,0.339,0.339
0.714,17.658,-23.338,0.209,0.209,0.328,0.328
0.715,17.168,-23.366,0.224,0.224,0.317,0.317
0.716,16.874,-23.375,0.221,0.221,0.319,0.319
0.715,16.809,-23.356,0.241,0.241,0.320,0.320
0.718,16.842,-23.402,0.233,0.233,0.327,0.327
0.720,16.874,-23.449,0.258,0.258,0.319,0.319
0.725,16.891,-23.534,0.235,0.235,0.295,0.295
0.728,16.874,-23.572,0.249,0.249,0.305,0.305
0.729,16.874,-23.595,0.238,0.238,0.311,0.311
0.729,16.842,-23.598,0.252,0.252,0.295,0.295
0.731,16.858,-23.621,0.237,0.237,0.285,0.285
0.733,16.646,-23.659,0.243,0.243,0.284,0.284
0.734,16.466,-23.675,0.237,0.237,0.284,0.284
0.735,16.336,-23.702,0.240,0.240,0.279,0.279
0.738,16.319,-23.742,0.232,0.232,0.281,0.281
0.738,16.172,-23.738,0.237,0.237,0.276,0.276
0.738,15.748,-23.736,0.237,0.237,0.273,0.273
0.739,15.405,-23.759,0.224,0.224,0.267,0.267
0.742,14.867,-23.803,0.233,0.233,0.287,0.287
0.747,14.067,-23.883,0.218,0.218,0.264,0.264
0.750,13.219,-23.917,0.232,0.232,0.259,0.259
0.751,12.435,-23.925,0.215,0.215,0.258,0.258
0.751,11.570,-23.934,0.240,0.240,0.252,0.252
0.752,10.771,-23.947,0.221,0.221,0.250,0.250
0.754,10.004,-23.967,0.233,0.233,0.247,0.247
0.756,9.481,-23.985,0.229,0.229,0.226,0.226
0.759,8.975,-24.007,0.235,0.235,0.250,0.250
0.760,8.355,-24.016,0.220,0.220,0.255,0.255
0.759,7.768,-24.010,0.232,0.232,0.246,0.246
0.759,7.066,-24.014,0.226,0.226,0.249,0.249
0.760,6.576,-24.016,0.240,0.240,0.230,0.230
0.766,6.168,-24.056,0.224,0.224,0.249,0.249
0.769,5.826,-24.075,0.247,0.247,0.255,0.255
0.771,5.140,-24.083,0.227,0.227,0.250,0.250
0.772,4.194,-24.089,0.250,0.250,0.244,0.244
0.773,2.970,-24.093,0.233,0.233,0.246,0.246
0.774,1.566,-24.094,0.258,0.258,0.244,0.244
0.776,0.358,-24.097,0.235,0.235,0.264,0.264
0.778,-0.751,-24.097,0.246,0.246,0.247,0.247
0.779,-1.731,-24.095,0.232,0.232,0.250,0.250
0.781,-2.547,-24.091,0.247,0.247,0.246,0.246
0.782,-3.493,-24.088,0.226,0.226,0.249,0.249
0.782,-4.766,-24.089,0.240,0.240,0.243,0.243
0.782,-6.121,-24.090,0.224,0.224,0.240,0.240
0.785,-7.410,-24.066,0.229,0.229,0.201,0.201
0.790,-8.422,-24.025,0.212,0.212,0.227,0.227
0.792,-9.270,-24.010,0.221,0.221,0.230,0.230
0.794,-10.315,-23.987,0.212,0.212,0.229,0.229
0.795,-11.490,-23.984,0.212,0.212,0.224,0.224
0.795,-12.355,-23.978,0.214,0.214,0.224,0.224
0.797,-12.763,-23.953,0.212,0.212,0.227,0.227
0.800,-13.204,-23.920,0.224,0.224,0.223,0.223
0.800,-13.938,-23.910,0.204,0.204,0.233,0.233
0.803,-14.917,-23.877,0.224,0.224,0.232,0.232
0.805,-15.554,-23.849,0.215,0.215,0.230,0.230
0.804,-15.733,-23.862,0.230,0.230,0.233,0.233
0.804,-15.864,-23.853,0.217,0.217,0.256,0.256
0.806,-16.239,-23.819,0.235,0.235,0.235,0.235
0.810,-16.516,-23.759,0.217,0.217,0.237,0.237
0.814,-16.680,-23.689,0.227,0.227,0.240,0.240
0.816,-16.614,-23.655,0.217,0.217,0.238,0.238
0.817,-16.598,-23.640,0.240,0.240,0.244,0.244
0.818,-16.321,-23.629,0.224,0.224,0.246,0.246
0.820,-16.141,-23.599,0.238,0.238,0.224,0.224
0.821,-15.831,-23.573,0.224,0.224,0.244,0.244
0.822,-15.374,-23.557,0.240,0.240,0.252,0.252
0.825,-14.689,-23.514,0.215,0.215,0.243,0.243
0.826,-14.199,-23.500,0.240,0.240,0.244,0.244
0.826,-13.791,-23.499,0.227,0.227,0.230,0.230
0.827,-13.399,-23.491,0.235,0.235,0.244,0.244
0.827,-12.926,-23.493,0.218,0.218,0.252,0.252
0.834,-12.436,-23.401,0.230,0.230,0.244,0.244
0.837,-11.702,-23.365,0.224,0.224,0.244,0.244
0.838,-11.017,-23.349,0.221,0.221,0.241,0.241
0.838,-10.445,-23.350,0.232,0.232,0.249,0.249
0.839,-9.940,-23.340,0.220,0.220,0.261,0.261
0.841,-9.483,-23.325,0.223,0.223,0.243,0.243
0.843,-8.993,-23.308,0.212,0.212,0.246,0.246
0.844,-8.716,-23.294,0.221,0.221,0.244,0.244
0.846,-8.422,-23.280,0.214,0.214,0.241,0.241
0.848,-8.030,-23.261,0.218,0.218,0.238,0.238
0.848,-7.557,-23.262,0.218,0.218,0.241,0.241
0.848,-7.279,-23.260,0.232,0.232,0.243,0.243
0.848,-6.969,-23.259,0.224,0.224,0.252,0.252
0.853,-6.790,-23.230,0.249,0.249,0.273,0.273
0.857,-6.512,-23.203,0.232,0.232,0.264,0.264
0.860,-6.300,-23.185,0.241,0.241,0.259,0.259
0.861,-6.202,-23.178,0.233,0.233,0.276,0.276
0.861,-6.202,-23.174,0.243,0.243,0.262,0.262
0.863,-6.219,-23.164,0.232,0.232,0.253,0.253
0.864,-6.039,-23.159,0.241,0.241,0.253,0.253
0.865,-5.827,-23.151,0.227,0.227,0.262,0.262
0.868,-5.517,-23.134,0.246,0.246,0.256,0.256
0.869,-5.305,-23.127,0.221,0.221,0.264,0.264
0.872,-5.190,-23.115,0.250,0.250,0.261,0.261
0.871,-4.995,-23.117,0.224,0.224,0.247,0.247
0.870,-4.815,-23.125,0.235,0.235,0.252,0.252
0.872,-4.750,-23.112,0.221,0.221,0.250,0.250
0.877,-4.554,-23.092,0.246,0.246,0.250,0.250
0.881,-4.489,-23.072,0.223,0.223,0.250,0.250
0.882,-4.652,-23.065,0.240,0.240,0.247,0.247
0.883,-4.766,-23.065,0.229,0.229,0.232,0.232
0.884,-4.782,-23.056,0.240,0.240,0.243,0.243
0.886,-4.782,-23.048,0.224,0.224,0.255,0.255
0.888,-4.766,-23.038,0.235,0.235,0.247,0.247
0.889,-4.799,-23.036,0.229,0.229,0.246,0.246
0.891,-4.766,-23.022,0.238,0.238,0.240,0.240
0.893,-4.766,-23.016,0.227,0.227,0.249,0.249
0.892,-4.962,-23.022,0.235,0.235,0.252,0.252
0.892,-5.158,-23.019,0.233,0.233,0.244,0.244
0.894,-5.321,-23.008,0.230,0.230,0.235,0.235
0.900,-5.305,-22.976,0.233,0.233,0.241,0.241
0.903,-5.452,-22.964,0.241,0.241,0.241,0.241
0.904,-5.696,-22.955,0.232,0.232,0.240,0.240
0.905,-5.990,-22.951,0.230,0.230,0.246,0.246
0.905,-6.235,-22.950,0.240,0.240,0.253,0.253
0.907,-6.496,-22.938,0.226,0.226,0.246,0.246
0.909,-6.904,-22.927,0.233,0.233,0.241,0.241
0.911,-7.198,-22.910,0.229,0.229,0.246,0.246
0.913,-7.312,-22.895,0.237,0.237,0.246,0.246
0.913,-7.475,-22.892,0.223,0.223,0.262,0.262
0.914,-7.671,-22.889,0.238,0.238,0.246,0.246
0.914,-7.932,-22.889,0.217,0.217,0.241,0.241
0.917,-8.193,-22.862,0.223,0.223,0.243,0.243
0.921,-8.454,-22.829,0.200,0.200,0.223,0.223
0.924,-8.683,-22.803,0.218,0.218,0.220,0.220
0.925,-8.977,-22.797,0.201,0.201,0.221,0.221
0.926,-9.368,-22.782,0.215,0.215,0.204,0.204
0.927,-9.662,-22.775,0.200,0.200,0.226,0.226
0.928,-9.760,-22.763,0.226,0.226,0.237,0.237
0.930,-9.532,-22.748,0.211,0.211,0.240,0.240
0.933,-9.270,-22.721,0.224,0.224,0.220,0.220
0.934,-9.026,-22.710,0.221,0.221,0.224,0.224
0.936,-8.977,-22.692,0.230,0.230,0.226,0.226
0.937,-9.042,-22.681,0.214,0.214,0.227,0.227
0.936,-9.009,-22.690,0.226,0.226,0.232,0.232
0.938,-8.797,-22.674,0.224,0.224,0.241,0.241
0.940,-8.699,-22.654,0.226,0.226,0.240,0.240
0.944,-8.667,-22.621,0.221,0.221,0.237,0.237
0.947,-8.716,-22.592,0.229,0.229,0.255,0.255
0.949,-8.911,-22.576,0.230,0.230,0.243,0.243
0.949,-9.140,-22.581,0.227,0.227,0.237,0.237
0.950,-9.205,-22.567,0.227,0.227,0.244,0.244
0.953,-9.238,-22.545,0.229,0.229,0.243,0.243
0.953,-9.221,-22.539,0.230,0.230,0.243,0.243
0.956,-9.172,-22.517,0.209,0.209,0.241,0.241
0.958,-9.009,-22.498,0.227,0.227,0.230,0.230
0.957,-8.781,-22.503,0.221,0.221,0.250,0.250
0.957,-8.667,-22.506,0.223,0.223,0.246,0.246
0.961,-8.471,-22.468,0.215,0.215,0.243,0.243
0.965,-8.259,-22.441,0.233,0.233,0.241,0.241
0.967,-8.177,-22.418,0.214,0.214,0.240,0.240
0.969,-8.389,-22.402,0.229,0.229,0.246,0.246
0.969,-8.389,-22.408,0.215,0.215,0.240,0.240
0.970,-8.259,-22.393,0.229,0.229,0.237,0.237
0.972,-7.981,-22.376,0.212,0.212,0.243,0.243
0.974,-7.557,-22.365,0.226,0.226,0.237,0.237
0.976,-7.198,-22.350,0.203,0.203,0.244,0.244
0.978,-7.100,-22.337,0.232,0.232,0.224,0.224
0.979,-6.757,-22.330,0.212,0.212,0.244,0.244
0.980,-5.957,-22.325,0.237,0.237,0.247,0.247
0.980,-5.288,-22.321,0.233,0.233,0.247,0.247
0.980,-4.701,-22.322,0.230,0.230,0.241,0.241
0.983,-4.325,-22.311,0.232,0.232,0.252,0.252
0.988,-4.211,-22.287,0.250,0.250,0.262,0.262
0.989,-4.211,-22.283,0.235,0.235,0.291,0.291
0.991,-4.260,-22.273,0.256,0.256,0.272,0.272
0.993,-4.048,-22.267,0.246,0.246,0.264,0.264
0.994,-3.852,-22.262,0.247,0.247,0.264,0.264
0.996,-3.771,-22.255,0.233,0.233,0.264,0.264
0.998,-3.738,-22.247,0.250,0.250,0.247,0.247
0.998,-3.771,-22.246,0.235,0.235,0.261,0.261
1.001,-3.542,-22.236,0.238,0.238,0.262,0.262
1.002,-3.150,-22.231,0.240,0.240,0.269,0.269
1.002,-2.840,-22.234,0.235,0.235,0.262,0.262
1.002,-2.726,-22.234,0.232,0.232,0.255,0.255
1.004,-2.759,-22.227,0.229,0.229,0.252,0.252
1.009,-2.612,-22.215,0.227,0.227,0.253,0.253
1.012,-2.612,-22.206,0.221,0.221,0.252,0.252
1.013,-2.710,-22.203,0.237,0.237,0.237,0.237
1.014,-2.791,-22.200,0.223,0.223,0.249,0.249
1.015,-2.824,-22.197,0.240,0.240,0.250,0.250
1.017,-2.579,-22.191,0.209,0.209,0.252,0.252
1.018,-2.367,-22.190,0.240,0.240,0.250,0.250
1.020,-2.057,-22.185,0.217,0.217,0.255,0.255
1.022,-1.649,-22.181,0.229,0.229,0.249,0.249
1.024,-1.323,-22.179,0.218,0.218,0.240,0.240
1.024,-1.469,-22.179,0.235,0.235,0.247,0.247
1.025,-1.682,-22.177,0.215,0.215,0.246,0.246
1.026,-1.649,-22.176,0.230,0.230,0.250,0.250
1.031,-1.420,-22.168,0.230,0.230,0.253,0.253
1.034,-1.290,-22.164,0.250,0.250,0.266,0.266
1.035,-1.257,-22.163,0.229,0.229,0.252,0.252
1.037,-1.306,-22.160,0.250,0.250,0.243,0.243
1.038,-1.306,-22.159,0.224,0.224,0.252,0.252
1.039,-1.274,-22.158,0.249,0.249,0.250,0.250
1.041,-1.078,-22.156,0.230,0.230,0.253,0.253
1.043,-0.653,-22.154,0.249,0.249,0.253,0.253
1.044,-0.311,-22.153,0.240,0.240,0.272,0.272
1.046,0.048,-22.153,0.247,0.247,0.247,0.247
1.047,0.228,-22.153,0.233,0.233,0.244,0.244
1.047,0.407,-22.153,0.244,0.244,0.247,0.247
1.048,0.587,-22.154,0.229,0.229,0.255,0.255
1.051,0.881,-22.156,0.230,0.230,0.241,0.241
1.054,1.272,-22.159,0.223,0.223,0.230,0.230
1.057,1.533,-22.164,0.218,0.218,0.218,0.218
1.059,1.697,-22.165,0.209,0.209,0.232,0.232
1.059,1.844,-22.166,0.212,0.212,0.235,0.235
1.061,2.252,-22.170,0.218,0.218,0.232,0.232
1.063,2.774,-22.175,0.217,0.217,0.227,0.227
1.063,3.068,-22.176,0.224,0.224,0.238,0.238
1.066,3.165,-22.185,0.214,0.214,0.230,0.230
1.067,3.084,-22.189,0.227,0.227,0.218,0.218
1.068,3.116,-22.192,0.209,0.209,0.230,0.230
1.070,3.263,-22.196,0.226,0.226,0.243,0.243
1.069,3.280,-22.194,0.220,0.220,0.237,0.237
1.070,3.165,-22.199,0.237,0.237,0.232,0.232
1.074,3.068,-22.210,0.204,0.204,0.238,0.238
1.078,2.904,-22.222,0.241,0.241,0.241,0.241
1.080,2.660,-22.228,0.220,0.220,0.230,0.230
1.082,2.349,-22.232,0.240,0.240,0.246,0.246
1.082,2.154,-22.232,0.232,0.232,0.253,0.253
1.083,2.088,-22.235,0.246,0.246,0.244,0.244
1.086,2.284,-22.242,0.229,0.229,0.246,0.246
1.087,2.562,-22.243,0.240,0.240,0.237,0.237
1.089,2.627,-22.249,0.229,0.229,0.252,0.252
1.091,2.660,-22.254,0.232,0.232,0.246,0.246
1.091,2.611,-22.254,0.229,0.229,0.253,0.253
1.091,2.611,-22.255,0.230,0.230,0.246,0.246
1.093,2.594,-22.259,0.233,0.233,0.246,0.246
1.094,2.627,-22.263,0.233,0.233,0.240,0.240
1.100,2.806,-22.277,0.224,0.224,0.233,0.233
1.102,3.019,-22.285,0.230,0.230,0.246,0.246
1.102,2.888,-22.284,0.229,0.229,0.253,0.253
1.104,2.708,-22.289,0.223,0.223,0.243,0.243
1.105,2.545,-22.293,0.227,0.227,0.247,0.247
1.107,2.578,-22.297,0.217,0.217,0.240,0.240
1.108,2.806,-22.301,0.221,0.221,0.249,0.249
1.110,3.035,-22.307,0.203,0.203,0.249,0.249
1.111,3.312,-22.310,0.229,0.229,0.249,0.249
1.112,3.557,-22.314,0.218,0.218,0.249,0.249
1.113,3.786,-22.315,0.237,0.237,0.249,0.249
1.114,4.047,-22.319,0.221,0.221,0.252,0.252
1.119,4.079,-22.338,0.246,0.246,0.258,0.258
1.122,4.112,-22.351,0.227,0.227,0.264,0.264
1.123,4.275,-22.358,0.247,0.247,0.267,0.267
1.125,4.520,-22.364,0.233,0.233,0.266,0.266
1.127,4.602,-22.373,0.256,0.256,0.279,0.279
1.127,4.797,-22.374,0.238,0.238,0.264,0.264
1.129,5.010,-22.386,0.259,0.259,0.261,0.261
1.130,5.287,-22.391,0.235,0.235,0.253,0.253
1.132,5.516,-22.400,0.249,0.249,0.264,0.264
1.134,5.777,-22.410,0.243,0.243,0.261,0.261
1.136,5.793,-22.425,0.256,0.256,0.264,0.264
1.135,5.646,-22.420,0.229,0.229,0.262,0.262
1.136,5.760,-22.424,0.252,0.252,0.259,0.259
1.137,5.907,-22.431,0.229,0.229,0.259,0.259
1.142,6.070,-22.457,0.249,0.249,0.243,0.243
1.145,6.021,-22.478,0.227,0.227,0.259,0.259
1.146,5.842,-22.485,0.259,0.259,0.253,0.253
1.147,5.597,-22.488,0.238,0.238,0.250,0.250
1.148,5.499,-22.496,0.249,0.249,0.250,0.250
1.150,5.303,-22.505,0.237,0.237,0.246,0.246
1.151,5.091,-22.512,0.243,0.243,0.246,0.246
1.154,4.863,-22.524,0.227,0.227,0.244,0.244
1.156,4.585,-22.534,0.249,0.249,0.246,0.246
1.157,4.716,-22.539,0.235,0.235,0.252,0.252
1.158,4.961,-22.543,0.246,0.246,0.249,0.249
1.158,5.124,-22.546,0.229,0.229,0.252,0.252
1.159,5.271,-22.548,0.237,0.237,0.255,0.255
1.161,5.483,-22.562,0.241,0.241,0.250,0.250
1.167,5.777,-22.596,0.226,0.226,0.255,0.255
1.169,5.989,-22.603,0.241,0.241,0.261,0.261
1.169,6.119,-22.603,0.227,0.227,0.258,0.258
1.171,6.070,-22.616,0.240,0.240,0.246,0.246
1.171,6.038,-22.620,0.218,0.218,0.250,0.250
1.174,6.038,-22.637,0.246,0.246,0.252,0.252
1.175,6.005,-22.644,0.233,0.233,0.258,0.258
1.177,6.070,-22.653,0.240,0.240,0.261,0.261
1.179,6.021,-22.663,0.233,0.233,0.259,0.259
1.180,6.021,-22.669,0.243,0.243,0.258,0.258
1.179,5.842,-22.666,0.218,0.218,0.250,0.250
1.180,5.581,-22.672,0.227,0.227,0.252,0.252
1.185,5.303,-22.700,0.221,0.221,0.252,0.252
1.188,5.091,-22.714,0.226,0.226,0.237,0.237
1.191,4.993,-22.729,0.204,0.204,0.232,0.232
1.191,4.846,-22.731,0.229,0.229,0.258,0.258
1.192,4.602,-22.733,0.208,0.208,0.233,0.233
1.194,4.553,-22.744,0.226,0.226,0.226,0.226
1.196,4.748,-22.753,0.211,0.211,0.237,0.237
1.197,4.993,-22.757,0.240,0.240,0.241,0.241
1.199,5.320,-22.770,0.220,0.220,0.232,0.232
1.201,5.711,-22.780,0.233,0.233,0.241,0.241
1.202,6.038,-22.784,0.221,0.221,0.221,0.221
1.201,6.299,-22.781,0.229,0.229,0.243,0.243
1.202,6.478,-22.783,0.223,0.223,0.249,0.249
1.205,6.544,-22.807,0.223,0.223,0.246,0.246
1.210,6.332,-22.837,0.233,0.233,0.246,0.246
1.211,6.087,-22.844,0.227,0.227,0.269,0.269
1.213,6.021,-22.853,0.230,0.230,0.249,0.249
1.214,5.972,-22.864,0.220,0.220,0.255,0.255
1.216,6.038,-22.872,0.237,0.237,0.252,0.252
1.216,5.809,-22.876,0.218,0.218,0.255,0.255
1.219,5.613,-22.892,0.227,0.227,0.258,0.258
1.221,5.483,-22.902,0.218,0.218,0.250,0.250
1.223,5.516,-22.911,0.233,0.233,0.223,0.223
1.224,5.516,-22.916,0.214,0.214,0.249,0.249
1.223,5.352,-22.912,0.240,0.240,0.255,0.255
1.223,5.287,-22.912,0.215,0.215,0.252,0.252
1.228,5.450,-22.938,0.237,0.237,0.255,0.255
1.232,5.564,-22.960,0.223,0.223,0.235,0.235
1.234,5.777,-22.971,0.243,0.243,0.252,0.252
1.235,6.005,-22.982,0.224,0.224,0.255,0.255
1.236,6.070,-22.983,0.238,0.238,0.246,0.246
1.237,6.070,-22.989,0.220,0.220,0.247,0.247
1.239,6.038,-23.003,0.233,0.233,0.246,0.246
1.241,6.038,-23.015,0.214,0.214,0.249,0.249
1.241,6.038,-23.018,0.226,0.226,0.267,0.267
1.244,6.038,-23.034,0.221,0.221,0.253,0.253
1.245,6.070,-23.038,0.233,0.233,0.244,0.244
1.245,6.038,-23.038,0.217,0.217,0.252,0.252
1.245,6.038,-23.038,0.247,0.247,0.250,0.250
1.250,5.826,-23.069,0.230,0.230,0.259,0.259
1.252,5.630,-23.083,0.247,0.247,0.256,0.256
1.255,5.499,-23.099,0.240,0.240,0.256,0.256
1.258,5.516,-23.115,0.244,0.244,0.275,0.275
1.257,5.352,-23.109,0.249,0.249,0.285,0.285
1.259,5.320,-23.121,0.244,0.244,0.275,0.275
1.261,5.483,-23.131,0.253,0.253,0.269,0.269
1.262,5.744,-23.135,0.250,0.250,0.269,0.269
1.264,6.005,-23.145,0.243,0.243,0.266,0.266
1.265,6.087,-23.156,0.243,0.243,0.266,0.266
1.267,6.250,-23.165,0.246,0.246,0.261,0.261
1.268,6.462,-23.173,0.226,0.226,0.275,0.275
1.268,6.527,-23.169,0.244,0.244,0.266,0.266
1.268,6.593,-23.174,0.224,0.224,0.259,0.259
1.272,6.723,-23.196,0.240,0.240,0.285,0.285
1.278,6.952,-23.237,0.223,0.223,0.261,0.261
1.278,7.017,-23.242,0.243,0.243,0.249,0.249
1.279,6.854,-23.250,0.229,0.229,0.250,0.250
1.281,6.625,-23.260,0.240,0.240,0.252,0.252
1.281,6.658,-23.260,0.230,0.230,0.252,0.252
1.283,6.707,-23.275,0.243,0.243,0.250,0.250
1.285,6.609,-23.290,0.224,0.224,0.255,0.255
1.286,6.511,-23.294,0.244,0.244,0.249,0.249
1.289,6.527,-23.314,0.230,0.230,0.256,0.256
1.289,6.560,-23.314,0.244,0.244,0.252,0.252
1.289,6.723,-23.314,0.227,0.227,0.256,0.256
1.290,6.952,-23.318,0.256,0.256,0.252,0.252
1.294,7.245,-23.348,0.235,0.235,0.252,0.252
1.298,7.702,-23.382,0.255,0.255,0.241,0.241
1.300,8.159,-23.396,0.235,0.235,0.247,0.247
1.301,8.698,-23.403,0.258,0.258,0.256,0.256
1.302,9.008,-23.412,0.233,0.233,0.259,0.259
1.304,9.253,-23.425,0.250,0.250,0.253,0.253
1.305,9.432,-23.443,0.243,0.243,0.253,0.253
1.307,9.547,-23.457,0.256,0.256,0.255,0.255
1.309,9.530,-23.473,0.243,0.243,0.259,0.259
1.311,9.351,-23.497,0.252,0.252,0.252,0.252
1.311,9.041,-23.498,0.249,0.249,0.255,0.255
1.311,8.926,-23.497,0.244,0.244,0.250,0.250
1.311,8.943,-23.498,0.246,0.246,0.252,0.252
1.314,8.992,-23.523,0.235,0.235,0.237,0.237
1.318,8.959,-23.559,0.230,0.230,0.250,0.250
1.323,8.796,-23.601,0.214,0.214,0.229,0.229
1.324,8.388,-23.610,0.224,0.224,0.229,0.229
1.324,8.404,-23.614,0.209,0.209,0.230,0.230
1.326,8.372,-23.627,0.224,0.224,0.232,0.232
1.327,8.143,-23.633,0.204,0.204,0.233,0.233
1.328,7.604,-23.647,0.229,0.229,0.256,0.256
1.331,7.294,-23.667,0.212,0.212,0.249,0.249
1.332,7.115,-23.674,0.224,0.224,0.224,0.224
1.334,6.658,-23.690,0.218,0.218,0.241,0.241
1.335,6.527,-23.697,0.237,0.237,0.233,0.233
1.334,6.446,-23.690,0.214,0.214,0.243,0.243
1.335,6.152,-23.696,0.229,0.229,0.243,0.243
1.337,5.826,-23.709,0.224,0.224,0.264,0.264
1.343,5.352,-23.742,0.232,0.232,0.247,0.247
1.346,4.863,-23.754,0.224,0.224,0.246,0.246
1.347,4.308,-23.759,0.243,0.243,0.246,0.246
1.347,3.884,-23.760,0.232,0.232,0.250,0.250
1.349,3.590,-23.766,0.243,0.243,0.249,0.249
1.350,3.329,-23.772,0.223,0.223,0.259,0.259
1.352,2.921,-23.776,0.240,0.240,0.244,0.244
1.353,2.627,-23.781,0.226,0.226,0.253,0.253
1.356,2.349,-23.787,0.229,0.229,0.258,0.258
1.356,2.154,-23.788,0.227,0.227,0.258,0.258
1.355,1.876,-23.785,0.230,0.230,0.256,0.256
1.357,1.680,-23.789,0.229,0.229,0.256,0.256
1.361,1.778,-23.795,0.220,0.220,0.253,0.253
1.365,1.844,-23.803,0.238,0.238,0.247,0.247
1.368,1.909,-23.808,0.223,0.223,0.252,0.252
1.368,1.827,-23.809,0.224,0.224,0.259,0.259
1.369,1.713,-23.811,0.218,0.218,0.258,0.258
1.371,1.631,-23.813,0.223,0.223,0.250,0.250
1.372,1.599,-23.816,0.209,0.209,0.244,0.244
1.374,1.827,-23.818,0.221,0.221,0.249,0.249
1.376,2.072,-23.822,0.206,0.206,0.256,0.256
1.378,2.349,-23.827,0.226,0.226,0.249,0.249
1.378,2.562,-23.828,0.204,0.204,0.252,0.252
1.379,2.660,-23.829,0.229,0.229,0.255,0.255
1.379,2.643,-23.829,0.221,0.221,0.256,0.256
1.379,2.611,-23.830,0.229,0.229,0.272,0.272
1.384,2.594,-23.842,0.226,0.226,0.258,0.258
1.388,2.578,-23.854,0.247,0.247,0.267,0.267
1.390,2.382,-23.857,0.230,0.230,0.276,0.276
1.392,1.974,-23.864,0.250,0.250,0.272,0.272
1.392,1.648,-23.862,0.237,0.237,0.279,0.279
1.394,1.338,-23.865,0.252,0.252,0.278,0.278
1.395,1.158,-23.866,0.230,0.230,0.255,0.255
1.398,1.109,-23.870,0.262,0.262,0.261,0.261
1.399,1.109,-23.871,0.237,0.237,0.285,0.285
1.400,0.913,-23.872,0.243,0.243,0.264,0.264
1.401,0.685,-23.873,0.233,0.233,0.272,0.272
1.401,0.587,-23.873,0.246,0.246,0.258,0.258
1.401,0.636,-23.873,0.227,0.227,0.270,0.270
1.404,0.832,-23.875,0.246,0.246,0.261,0.261
1.410,1.272,-23.882,0.226,0.226,0.267,0.267
1.413,1.811,-23.886,0.235,0.235,0.261,0.261
1.413,2.349,-23.887,0.227,0.227,0.261,0.261
1.414,2.806,-23.889,0.241,0.241,0.264,0.264
1.416,3.329,-23.895,0.233,0.233,0.279,0.279
1.416,3.753,-23.895,0.232,0.232,0.259,0.259
1.419,4.047,-23.907,0.235,0.235,0.267,0.267
1.420,4.145,-23.911,0.224,0.224,0.259,0.259
1.422,4.079,-23.918,0.232,0.232,0.259,0.259
1.423,4.079,-23.925,0.226,0.226,0.255,0.255
1.422,4.047,-23.919,0.238,0.238,0.258,0.258
1.423,3.835,-23.921,0.233,0.233,0.255,0.255
1.428,3.459,-23.943,0.233,0.233,0.258,0.258
1.431,3.084,-23.950,0.232,0.232,0.253,0.253
1.434,2.872,-23.960,0.240,0.240,0.259,0.259
1.435,2.594,-23.964,0.220,0.220,0.261,0.261
1.434,2.366,-23.960,0.240,0.240,0.267,0.267
1.436,2.154,-23.966,0.229,0.229,0.261,0.261
1.438,1.860,-23.969,0.240,0.240,0.253,0.253
1.440,1.631,-23.972,0.224,0.224,0.256,0.256
1.442,1.338,-23.975,0.249,0.249,0.262,0.262
1.443,0.946,-23.976,0.227,0.227,0.264,0.264
1.444,0.456,-23.977,0.241,0.241,0.264,0.264
1.445,-0.196,-23.977,0.230,0.230,0.252,0.252
1.445,-1.159,-23.977,0.243,0.243,0.253,0.253
1.446,-2.449,-23.975,0.220,0.220,0.255,0.255
1.451,-4.081,-23.957,0.229,0.229,0.250,0.250
1.454,-5.827,-23.943,0.204,0.204,0.233,0.233
1.457,-7.181,-23.925,0.227,0.227,0.227,0.227
1.458,-8.308,-23.919,0.206,0.206,0.246,0.246
1.458,-9.417,-23.919,0.227,0.227,0.227,0.227
1.458,-10.984,-23.911,0.211,0.211,0.241,0.241
1.461,-12.893,-23.881,0.220,0.220,0.238,0.238
1.462,-14.950,-23.869,0.211,0.211,0.249,0.249
1.464,-16.778,-23.825,0.233,0.233,0.237,0.237
1.466,-18.312,-23.805,0.223,0.223,0.273,0.273
1.466,-19.715,-23.802,0.227,0.227,0.240,0.240
1.466,-20.988,-23.794,0.221,0.221,0.244,0.244
1.467,-22.392,-23.776,0.220,0.220,0.246,0.246
1.468,-23.828,-23.747,0.227,0.227,0.252,0.252
1.475,-24.921,-23.590,0.220,0.220,0.244,0.244
1.477,-25.509,-23.525,0.241,0.241,0.250,0.250
1.477,-25.835,-23.542,0.226,0.226,0.233,0.233
1.478,-26.390,-23.501,0.230,0.230,0.255,0.255
1.479,-27.435,-23.473,0.211,0.211,0.258,0.258
1.480,-28.691,-23.444,0.230,0.230,0.253,0.253
1.482,-29.621,-23.392,0.218,0.218,0.252,0.252
1.484,-29.980,-23.320,0.230,0.230,0.244,0.244
1.485,-30.193,-23.301,0.223,0.223,0.256,0.256
1.484,-30.748,-23.320,0.229,0.229,0.246,0.246
1.484,-31.890,-23.338,0.211,0.211,0.255,0.255
1.487,-33.114,-23.252,0.221,0.221,0.256,0.256
1.492,-34.028,-23.070,0.215,0.215,0.261,0.261
1.494,-34.191,-22.984,0.246,0.246,0.255,0.255
1.496,-34.012,-22.929,0.217,0.217,0.267,0.267
1.496,-34.060,-22.922,0.247,0.247,0.250,0.250
1.498,-34.615,-22.854,0.208,0.208,0.247,0.247
1.498,-35.807,-22.851,0.223,0.223,0.253,0.253
1.499,-36.900,-22.815,0.206,0.206,0.258,0.258
1.502,-37.357,-22.709,0.240,0.240,0.253,0.253
1.502,-37.178,-22.706,0.218,0.218,0.255,0.255
1.505,-36.639,-22.591,0.226,0.226,0.252,0.252
1.505,-36.296,-22.614,0.220,0.220,0.256,0.256
1.504,-36.166,-22.628,0.227,0.227,0.255,0.255
1.505,-36.198,-22.597,0.218,0.218,0.259,0.259
1.510,-35.856,-22.424,0.249,0.249,0.258,0.258
1.514,-35.203,-22.287,0.241,0.241,0.266,0.266
1.517,-34.599,-22.195,0.241,0.241,0.273,0.273
1.516,-34.109,-22.225,0.240,0.240,0.261,0.261
1.517,-34.044,-22.174,0.241,0.241,0.270,0.270
1.518,-34.224,-22.155,0.246,0.246,0.285,0.285
1.519,-34.322,-22.104,0.255,0.255,0.269,0.269
1.521,-34.387,-22.049,0.250,0.250,0.273,0.273
1.521,-34.354,-22.029,0.250,0.250,0.267,0.267
1.524,-34.534,-21.937,0.230,0.230,0.279,0.279
1.525,-34.942,-21.908,0.237,0.237,0.266,0.266
1.525,-35.236,-21.908,0.226,0.226,0.275,0.275
1.525,-35.350,-21.914,0.240,0.240,0.272,0.272
1.525,-35.350,-21.898,0.252,0.252,0.269,0.269
1.531,-35.268,-21.702,0.235,0.235,0.266,0.266
1.534,-35.056,-21.586,0.232,0.232,0.288,0.288
1.535,-34.403,-21.565,0.218,0.218,0.262,0.262
1.536,-33.718,-21.528,0.229,0.229,0.258,0.258
1.535,-33.310,-21.549,0.221,0.221,0.266,0.266
1.537,-33.440,-21.482,0.232,0.232,0.261,0.261
1.539,-33.685,-21.418,0.218,0.218,0.261,0.261
1.541,-33.604,-21.355,0.229,0.229,0.258,0.258
1.542,-33.212,-21.304,0.209,0.209,0.237,0.237
1.542,-32.673,-21.303,0.232,0.232,0.259,0.259
1.543,-32.331,-21.291,0.224,0.224,0.272,0.272
1.543,-32.298,-21.293,0.244,0.244,0.256,0.256
1.545,-32.526,-21.229,0.230,0.230,0.259,0.259
1.550,-32.951,-21.055,0.238,0.238,0.252,0.252
1.552,-33.049,-21.004,0.215,0.215,0.259,0.259
1.553,-32.510,-20.956,0.230,0.230,0.255,0.255
1.553,-31.547,-20.955,0.221,0.221,0.261,0.261
1.554,-30.878,-20.928,0.250,0.250,0.258,0.258
1.556,-30.976,-20.862,0.233,0.233,0.259,0.259
1.556,-31.825,-20.852,0.249,0.249,0.262,0.262
1.558,-32.869,-20.810,0.230,0.230,0.243,0.243
1.560,-33.375,-20.746,0.250,0.250,0.258,0.258
1.561,-33.244,-20.694,0.221,0.221,0.267,0.267
1.561,-32.967,-20.697,0.252,0.252,0.258,0.258
1.561,-32.983,-20.693,0.233,0.233,0.262,0.262
1.562,-33.473,-20.675,0.238,0.238,0.256,0.256
1.566,-34.207,-20.548,0.221,0.221,0.259,0.259
1.569,-35.170,-20.437,0.226,0.226,0.270,0.270
1.570,-35.937,-20.391,0.215,0.215,0.240,0.240
1.571,-36.313,-20.373,0.215,0.215,0.223,0.223
1.571,-36.133,-20.351,0.221,0.221,0.238,0.238
1.572,-35.644,-20.313,0.209,0.209,0.237,0.237
1.573,-35.578,-20.274,0.208,0.208,0.244,0.244
1.575,-36.084,-20.195,0.203,0.203,0.246,0.246
1.576,-37.047,-20.174,0.217,0.217,0.253,0.253
1.578,-37.716,-20.089,0.206,0.206,0.244,0.244
1.580,-37.896,-20.038,0.212,0.212,0.258,0.258
1.578,-37.602,-20.088,0.208,0.208,0.246,0.246
1.577,-37.080,-20.120,0.220,0.220,0.250,0.250
1.579,-36.786,-20.049,0.200,0.200,0.249,0.249
1.584,-36.688,-19.881,0.212,0.212,0.255,0.255
1.588,-36.982,-19.739,0.215,0.215,0.240,0.240
1.588,-37.406,-19.744,0.230,0.230,0.253,0.253
1.589,-37.928,-19.703,0.209,0.209,0.266,0.266
1.590,-38.255,-19.672,0.233,0.233,0.253,0.253
1.591,-38.304,-19.631,0.209,0.209,0.261,0.261
1.591,-38.287,-19.625,0.224,0.224,0.259,0.259
1.594,-38.467,-19.519,0.209,0.209,0.259,0.259
1.595,-39.103,-19.480,0.244,0.244,0.258,0.258
1.595,-40.001,-19.472,0.221,0.221,0.261,0.261
1.594,-40.686,-19.487,0.235,0.235,0.261,0.261
1.595,-40.866,-19.482,0.217,0.217,0.258,0.258
1.597,-40.768,-19.364,0.235,0.235,0.255,0.255
1.603,-40.703,-19.149,0.220,0.220,0.278,0.278
1.604,-40.686,-19.103,0.229,0.229,0.258,0.258
1.606,-40.882,-19.036,0.217,0.217,0.253,0.253
1.606,-41.143,-19.029,0.220,0.220,0.258,0.258
1.605,-41.225,-19.045,0.209,0.209,0.261,0.261
1.607,-41.241,-18.982,0.227,0.227,0.255,0.255
1.609,-41.192,-18.909,0.217,0.217,0.258,0.258
1.610,-40.980,-18.849,0.214,0.214,0.252,0.252
1.611,-40.703,-18.827,0.227,0.227,0.258,0.258
1.612,-40.474,-18.773,0.217,0.217,0.259,0.259
1.611,-40.246,-18.815,0.218,0.218,0.261,0.261
1.611,-40.197,-18.801,0.208,0.208,0.258,0.258
1.612,-39.985,-18.784,0.224,0.224,0.255,0.255
1.618,-39.560,-18.531,0.212,0.212,0.256,0.256
1.620,-39.267,-18.465,0.226,0.226,0.258,0.258
1.621,-39.136,-18.413,0.233,0.233,0.279,0.279
1.622,-39.201,-18.384,0.249,0.249,0.293,0.293
1.622,-39.430,-18.372,0.226,0.226,0.278,0.278
1.622,-39.658,-18.365,0.243,0.243,0.278,0.278
1.623,-39.756,-18.315,0.227,0.227,0.273,0.273
1.624,-39.789,-18.286,0.246,0.246,0.278,0.278
1.626,-40.164,-18.199,0.224,0.224,0.267,0.267
1.627,-40.784,-18.154,0.238,0.238,0.275,0.275
1.628,-41.192,-18.141,0.224,0.224,0.273,0.273
1.627,-41.078,-18.156,0.230,0.230,0.281,0.281
1.628,-40.605,-18.149,0.221,0.221,0.270,0.270
1.628,-40.050,-18.133,0.241,0.241,0.279,0.279
1.634,-39.462,-17.881,0.212,0.212,0.270,0.270
1.637,-38.973,-17.773,0.249,0.249,0.262,0.262
1.637,-38.516,-17.784,0.218,0.218,0.255,0.255
1.637,-38.043,-17.780,0.224,0.224,0.249,0.249
1.638,-37.553,-17.751,0.215,0.215,0.264,0.264
1.639,-37.063,-17.714,0.243,0.243,0.258,0.258
1.639,-36.786,-17.684,0.220,0.220,0.273,0.273
1.642,-36.721,-17.591,0.233,0.233,0.253,0.253
1.642,-36.770,-17.578,0.227,0.227,0.252,0.252
1.642,-36.574,-17.580,0.240,0.240,0.259,0.259
1.641,-36.378,-17.623,0.229,0.229,0.262,0.262
1.642,-36.476,-17.576,0.237,0.237,0.256,0.256
1.646,-36.916,-17.456,0.227,0.227,0.264,0.264
1.650,-37.651,-17.307,0.235,0.235,0.270,0.270
1.650,-38.353,-17.282,0.220,0.220,0.264,0.264
1.650,-38.548,-17.282,0.240,0.240,0.270,0.270
1.652,-38.222,-17.223,0.232,0.232,0.262,0.262
1.653,-38.059,-17.175,0.230,0.230,0.256,0.256
1.654,-38.140,-17.140,0.237,0.237,0.261,0.261
1.654,-38.451,-17.136,0.240,0.240,0.264,0.264
1.656,-38.646,-17.065,0.240,0.240,0.281,0.281
1.656,-38.597,-17.049,0.243,0.243,0.261,0.261
1.657,-38.336,-17.033,0.244,0.244,0.261,0.261
1.656,-38.010,-17.063,0.230,0.230,0.262,0.262
1.656,-37.765,-17.057,0.224,0.224,0.264,0.264
1.658,-37.716,-16.973,0.221,0.221,0.256,0.256
1.664,-37.977,-16.762,0.227,0.227,0.259,0.259
1.665,-38.402,-16.725,0.217,0.217,0.270,0.270
1.666,-38.956,-16.686,0.233,0.233,0.235,0.235
1.665,-39.479,-16.706,0.201,0.201,0.243,0.243
1.666,-39.952,-16.670,0.214,0.214,0.241,0.241
1.667,-40.425,-16.640,0.197,0.197,0.235,0.235
1.669,-40.752,-16.584,0.224,0.224,0.237,0.237
1.670,-41.013,-16.533,0.208,0.208,0.240,0.240
1.671,-41.633,-16.480,0.226,0.226,0.237,0.237
1.671,-42.514,-16.466,0.203,0.203,0.240,0.240
1.670,-43.363,-16.527,0.235,0.235,0.258,0.258
1.670,-43.901,-16.514,0.208,0.208,0.243,0.243
1.671,-43.983,-16.460,0.233,0.233,0.247,0.247
1.674,-43.804,-16.342,0.227,0.227,0.253,0.253
1.678,-43.852,-16.168,0.233,0.233,0.249,0.249
1.680,-44.032,-16.073,0.220,0.220,0.235,0.235
1.679,-44.130,-16.110,0.233,0.233,0.252,0.252
1.679,-43.967,-16.111,0.224,0.224,0.266,0.266
1.680,-43.526,-16.081,0.220,0.220,0.259,0.259
1.682,-42.988,-15.998,0.226,0.226,0.262,0.262
1.682,-42.726,-15.988,0.227,0.227,0.250,0.250
1.683,-42.873,-15.945,0.227,0.227,0.255,0.255
1.685,-43.298,-15.872,0.230,0.230,0.238,0.238
1.684,-43.640,-15.897,0.217,0.217,0.264,0.264
1.683,-43.722,-15.939,0.229,0.229,0.269,0.269
1.684,-43.477,-15.907,0.233,0.233,0.262,0.262
1.689,-43.053,-15.709,0.218,0.218,0.258,0.258
1.692,-42.726,-15.588,0.230,0.230,0.246,0.246
1.692,-42.808,-15.556,0.211,0.211,0.255,0.255
1.692,-43.102,-15.581,0.215,0.215,0.262,0.262
1.692,-43.216,-15.555,0.212,0.212,0.258,0.258
1.693,-43.200,-15.510,0.221,0.221,0.252,0.252
1.695,-42.971,-15.434,0.212,0.212,0.262,0.262
1.695,-42.743,-15.431,0.224,0.224,0.259,0.259
1.696,-42.694,-15.379,0.203,0.203,0.261,0.261
1.698,-42.906,-15.323,0.218,0.218,0.253,0.253
1.697,-43.363,-15.348,0.200,0.200,0.255,0.255
1.696,-43.836,-15.397,0.227,0.227,0.243,0.243
1.698,-44.130,-15.328,0.206,0.206,0.259,0.259
1.699,-44.016,-15.271,0.237,0.237,0.255,0.255
1.703,-43.950,-15.070,0.208,0.208,0.266,0.266
1.706,-44.293,-14.965,0.243,0.243,0.279,0.279
1.705,-44.783,-15.000,0.232,0.232,0.276,0.276
1.707,-45.289,-14.930,0.250,0.250,0.279,0.279
1.706,-45.436,-14.951,0.243,0.243,0.282,0.282
1.708,-45.289,-14.873,0.259,0.259,0.284,0.284
1.707,-45.093,-14.897,0.229,0.229,0.278,0.278
1.709,-44.864,-14.819,0.252,0.252,0.276,0.276
1.710,-44.456,-14.800,0.232,0.232,0.259,0.259
1.710,-43.967,-14.757,0.249,0.249,0.284,0.284
1.711,-43.657,-14.754,0.233,0.233,0.287,0.287
1.709,-43.314,-14.808,0.258,0.258,0.273,0.273
1.710,-42.792,-14.799,0.232,0.232,0.272,0.272
1.712,-42.074,-14.680,0.237,0.237,0.266,0.266
1.716,-41.698,-14.520,0.224,0.224,0.270,0.270
1.719,-41.861,-14.412,0.238,0.238,0.252,0.252
1.719,-42.335,-14.401,0.229,0.229,0.272,0.272
1.718,-42.906,-14.456,0.246,0.246,0.269,0.269
1.719,-43.183,-14.397,0.229,0.229,0.266,0.266
1.720,-43.053,-14.371,0.230,0.230,0.259,0.259
1.721,-42.775,-14.327,0.227,0.227,0.258,0.258
1.722,-42.677,-14.266,0.229,0.229,0.266,0.266
1.723,-42.890,-14.249,0.237,0.237,0.258,0.258
1.723,-43.330,-14.245,0.220,0.220,0.259,0.259
1.721,-43.852,-14.294,0.240,0.240,0.267,0.267
1.721,-44.342,-14.337,0.223,0.223,0.261,0.261
1.725,-44.407,-14.139,0.223,0.223,0.255,0.255
1.727,-44.260,-14.042,0.218,0.218,0.255,0.255
1.730,-43.950,-13.922,0.229,0.229,0.258,0.258
1.730,-43.640,-13.925,0.232,0.232,0.266,0.266
1.730,-43.575,-13.914,0.240,0.240,0.261,0.261
1.731,-43.608,-13.886,0.232,0.232,0.259,0.259
1.731,-43.901,-13.865,0.235,0.235,0.261,0.261
1.732,-44.309,-13.846,0.212,0.212,0.264,0.264
1.732,-44.783,-13.820,0.241,0.241,0.266,0.266
1.734,-45.125,-13.735,0.230,0.230,0.262,0.262
1.733,-45.011,-13.782,0.244,0.244,0.258,0.258
1.732,-44.717,-13.832,0.223,0.223,0.259,0.259
1.731,-44.522,-13.859,0.243,0.243,0.258,0.258
1.737,-44.440,-13.607,0.218,0.218,0.262,0.262
1.738,-43.999,-13.542,0.237,0.237,0.256,0.256
1.741,-43.640,-13.419,0.215,0.215,0.250,0.250
1.741,-43.444,-13.427,0.238,0.238,0.232,0.232
1.741,-43.249,-13.442,0.206,0.206,0.244,0.244
1.740,-43.134,-13.472,0.221,0.221,0.241,0.241
1.742,-43.347,-13.397,0.201,0.201,0.238,0.238
1.743,-43.608,-13.361,0.217,0.217,0.258,0.258
1.744,-43.722,-13.316,0.208,0.208,0.246,0.246
1.745,-43.706,-13.279,0.224,0.224,0.241,0.241
1.744,-43.428,-13.286,0.218,0.218,0.244,0.244
1.744,-43.036,-13.303,0.223,0.223,0.249,0.249
1.743,-42.710,-13.340,0.217,0.217,0.240,0.240
1.744,-42.628,-13.282,0.212,0.212,0.246,0.246
1.748,-42.661,-13.110,0.227,0.227,0.243,0.243
1.750,-42.922,-13.027,0.215,0.215,0.253,0.253
1.751,-43.167,-12.987,0.224,0.224,0.261,0.261
1.752,-43.477,-12.974,0.211,0.211,0.249,0.249
1.750,-43.363,-13.030,0.227,0.227,0.249,0.249
1.751,-42.857,-12.988,0.206,0.206,0.252,0.252
1.753,-42.123,-12.923,0.230,0.230,0.258,0.258
1.753,-41.470,-12.905,0.221,0.221,0.250,0.250
1.753,-40.948,-12.909,0.229,0.229,0.256,0.256
1.755,-40.719,-12.826,0.215,0.215,0.264,0.264
1.754,-40.670,-12.857,0.235,0.235,0.262,0.262
1.754,-40.686,-12.861,0.209,0.209,0.252,0.252
1.754,-40.735,-12.887,0.227,0.227,0.267,0.267
1.757,-40.719,-12.752,0.215,0.215,0.259,0.259
1.760,-40.474,-12.632,0.232,0.232,0.253,0.253
1.762,-40.327,-12.568,0.215,0.215,0.259,0.259
1.760,-40.164,-12.619,0.237,0.237,0.259,0.259
1.760,-40.001,-12.612,0.215,0.215,0.255,0.255
1.761,-39.772,-12.592,0.233,0.233,0.252,0.252
1.763,-39.479,-12.518,0.211,0.211,0.267,0.267
1.763,-39.234,-12.526,0.230,0.230,0.250,0.250
1.764,-38.989,-12.487,0.212,0.212,0.252,0.252
1.765,-38.777,-12.431,0.218,0.218,0.253,0.253
1.762,-38.679,-12.536,0.214,0.214,0.258,0.258
1.761,-38.712,-12.581,0.226,0.226,0.253,0.253
1.766,-38.712,-12.410,0.220,0.220,0.258,0.258
1.766,-38.516,-12.406,0.232,0.232,0.255,0.255
1.769,-38.108,-12.283,0.230,0.230,0.261,0.261
1.770,-37.814,-12.236,0.238,0.238,0.264,0.264
1.769,-37.896,-12.290,0.230,0.230,0.279,0.279
1.769,-38.173,-12.265,0.243,0.243,0.276,0.276
1.771,-38.500,-12.221,0.238,0.238,0.279,0.279
1.771,-38.712,-12.209,0.240,0.240,0.282,0.282
1.772,-38.532,-12.181,0.246,0.246,0.273,0.273
1.773,-38.157,-12.140,0.232,0.232,0.273,0.273
1.773,-37.765,-12.130,0.233,0.233,0.267,0.267
1.773,-37.700,-12.125,0.237,0.237,0.279,0.279
1.772,-37.749,-12.170,0.237,0.237,0.272,0.272
1.770,-37.961,-12.237,0.232,0.232,0.298,0.298
1.773,-38.222,-12.109,0.243,0.243,0.275,0.275
1.776,-38.483,-11.994,0.226,0.226,0.267,0.267
1.779,-38.663,-11.904,0.232,0.232,0.266,0.266
1.779,-38.548,-11.900,0.212,0.212,0.264,0.264
1.779,-38.124,-11.900,0.232,0.232,0.266,0.266
1.778,-37.781,-11.917,0.221,0.221,0.261,0.261
1.779,-37.896,-11.883,0.232,0.232,0.238,0.238
1.780,-38.173,-11.841,0.220,0.220,0.261,0.261
1.780,-38.467,-11.855,0.233,0.233,0.275,0.275
1.782,-38.483,-11.799,0.211,0.211,0.258,0.258
1.781,-38.369,-11.809,0.229,0.229,0.252,0.252
1.781,-38.222,-11.823,0.218,0.218,0.249,0.249
1.780,-38.222,-11.871,0.240,0.240,0.256,0.256
1.780,-38.010,-11.857,0.214,0.214,0.270,0.270
1.786,-37.586,-11.647,0.243,0.243,0.249,0.249
1.786,-36.868,-11.643,0.221,0.221,0.261,0.261
1.786,-36.133,-11.621,0.237,0.237,0.258,0.258
1.787,-35.497,-11.589,0.227,0.227,0.264,0.264
1.787,-35.056,-11.596,0.246,0.246,0.276,0.276
1.787,-34.795,-11.589,0.227,0.227,0.259,0.259
1.788,-34.762,-11.574,0.240,0.240,0.253,0.253
1.789,-34.991,-11.528,0.230,0.230,0.262,0.262
1.789,-35.219,-11.528,0.241,0.241,0.264,0.264
1.789,-35.317,-11.542,0.227,0.227,0.267,0.267
1.788,-35.350,-11.548,0.250,0.250,0.259,0.259
1.787,-35.497,-11.580,0.235,0.235,0.264,0.264
1.788,-35.725,-11.564,0.249,0.249,0.259,0.259
1.793,-36.019,-11.379,0.223,0.223,0.259,0.259
1.794,-36.247,-11.357,0.237,0.237,0.256,0.256
1.796,-36.525,-11.275,0.218,0.218,0.262,0.262
1.794,-36.933,-11.351,0.209,0.209,0.247,0.247
1.794,-37.194,-11.338,0.215,0.215,0.240,0.240
1.794,-37.112,-11.336,0.209,0.209,0.221,0.221
1.796,-36.819,-11.283,0.215,0.215,0.233,0.233
1.797,-36.508,-11.243,0.203,0.203,0.247,0.247
1.796,-36.052,-11.268,0.220,0.220,0.237,0.237
1.797,-35.578,-11.247,0.204,0.204,0.246,0.246
1.797,-35.301,-11.244,0.220,0.220,0.240,0.240
1.795,-35.007,-11.313,0.201,0.201,0.252,0.252
1.796,-34.844,-11.274,0.224,0.224,0.235,0.235
1.799,-34.795,-11.163,0.206,0.206,0.243,0.243
1.801,-34.811,-11.087,0.221,0.221,0.246,0.246
1.802,-35.023,-11.075,0.211,0.211,0.249,0.249
1.802,-35.284,-11.064,0.235,0.235,0.249,0.249
1.801,-35.529,-11.089,0.215,0.215,0.270,0.270
1.802,-35.774,-11.074,0.237,0.237,0.250,0.250
1.803,-35.807,-11.044,0.223,0.223,0.250,0.250
1.802,-35.823,-11.049,0.233,0.233,0.253,0.253
1.804,-35.758,-10.999,0.220,0.220,0.261,0.261
1.803,-35.774,-11.014,0.246,0.246,0.253,0.253
1.804,-35.741,-11.005,0.224,0.224,0.255,0.255
1.802,-35.578,-11.073,0.233,0.233,0.230,0.230
1.802,-35.121,-11.066,0.227,0.227,0.262,0.262
1.803,-34.436,-11.029,0.232,0.232,0.259,0.259
1.807,-33.669,-10.888,0.224,0.224,0.258,0.258
1.809,-33.065,-10.832,0.233,0.233,0.252,0.252
1.808,-32.624,-10.870,0.224,0.224,0.238,0.238
1.808,-32.347,-10.855,0.233,0.233,0.253,0.253
1.808,-32.265,-10.869,0.218,0.218,0.266,0.266
1.809,-32.363,-10.841,0.224,0.224,0.256,0.256
1.809,-32.543,-10.811,0.214,0.214,0.256,0.256
1.810,-32.755,-10.788,0.217,0.217,0.250,0.250
1.810,-32.853,-10.778,0.212,0.212,0.252,0.252
1.810,-32.836,-10.793,0.215,0.215,0.258,0.258
1.808,-32.820,-10.846,0.220,0.220,0.255,0.255
1.808,-32.804,-10.865,0.209,0.209,0.252,0.252
1.808,-32.820,-10.869,0.233,0.233,0.259,0.259
1.813,-32.804,-10.684,0.215,0.215,0.258,0.258
1.814,-32.624,-10.669,0.220,0.220,0.266,0.266
1.813,-32.608,-10.689,0.224,0.224,0.258,0.258
1.814,-32.739,-10.648,0.240,0.240,0.285,0.285
1.813,-32.820,-10.680,0.223,0.223,0.276,0.276
1.814,-32.902,-10.662,0.241,0.241,0.264,0.264
1.814,-33.032,-10.649,0.233,0.233,0.284,0.284
1.814,-33.244,-10.661,0.249,0.249,0.279,0.279
1.816,-33.571,-10.605,0.230,0.230,0.278,0.278
1.816,-33.767,-10.589,0.250,0.250,0.264,0.264
1.814,-33.881,-10.653,0.230,0.230,0.295,0.295
1.814,-34.060,-10.659,0.238,0.238,0.266,0.266
1.813,-34.240,-10.705,0.227,0.227,0.270,0.270
1.816,-34.387,-10.599,0.240,0.240,0.270,0.270
1.819,-34.534,-10.491,0.224,0.224,0.267,0.267
1.819,-34.550,-10.477,0.243,0.243,0.264,0.264
1.819,-34.436,-10.475,0.221,0.221,0.269,0.269
1.819,-34.305,-10.502,0.243,0.243,0.253,0.253
1.820,-34.044,-10.455,0.220,0.220,0.258,0.258
1.819,-33.620,-10.474,0.249,0.249,0.258,0.258
1.820,-33.114,-10.471,0.226,0.226,0.256,0.256
1.821,-32.592,-10.415,0.240,0.240,0.256,0.256
1.821,-32.118,-10.425,0.226,0.226,0.258,0.258
1.820,-31.841,-10.462,0.249,0.249,0.256,0.256
1.819,-31.710,-10.486,0.224,0.224,0.240,0.240
1.818,-31.596,-10.521,0.238,0.238,0.255,0.255
1.820,-31.368,-10.457,0.233,0.233,0.259,0.259
1.824,-31.286,-10.328,0.244,0.244,0.253,0.253
1.824,-31.335,-10.331,0.227,0.227,0.259,0.259
1.825,-31.515,-10.304,0.240,0.240,0.256,0.256
1.824,-31.792,-10.334,0.229,0.229,0.261,0.261
1.824,-32.069,-10.342,0.240,0.240,0.253,0.253
1.824,-32.331,-10.320,0.233,0.233,0.259,0.259
1.824,-32.575,-10.320,0.238,0.238,0.256,0.256
1.824,-33.000,-10.327,0.243,0.243,0.258,0.258
1.826,-33.326,-10.272,0.233,0.233,0.256,0.256
1.826,-33.604,-10.265,0.246,0.246,0.250,0.250
1.823,-33.750,-10.359,0.237,0.237,0.258,0.258
1.822,-33.620,-10.396,0.233,0.233,0.262,0.262
1.823,-33.179,-10.365,0.235,0.235,0.255,0.255
1.827,-32.624,-10.237,0.233,0.233,0.253,0.253
1.829,-32.118,-10.172,0.223,0.223,0.253,0.253
1.829,-31.792,-10.156,0.224,0.224,0.250,0.250
1.828,-31.564,-10.194,0.212,0.212,0.237,0.237
1.828,-31.139,-10.217,0.220,0.220,0.233,0.233
1.829,-30.666,-10.184,0.197,0.197,0.235,0.235
1.829,-30.356,-10.178,0.226,0.226,0.235,0.235
1.829,-30.291,-10.181,0.203,0.203,0.241,0.241
1.828,-30.323,-10.194,0.224,0.224,0.230,0.230
1.830,-30.127,-10.139,0.206,0.206,0.238,0.238
1.829,-30.144,-10.174,0.235,0.235,0.259,0.259
1.826,-30.274,-10.262,0.214,0.214,0.243,0.243
1.826,-30.584,-10.248,0.232,0.232,0.227,0.227
1.830,-31.009,-10.139,0.217,0.217,0.240,0.240
1.832,-31.302,-10.073,0.237,0.237,0.244,0.244
1.833,-31.629,-10.045,0.224,0.224,0.249,0.249
1.833,-31.988,-10.050,0.232,0.232,0.244,0.244
1.833,-32.510,-10.060,0.230,0.230,0.246,0.246
1.832,-32.804,-10.085,0.230,0.230,0.255,0.255
1.832,-33.114,-10.074,0.223,0.223,0.264,0.264
1.832,-33.244,-10.063,0.227,0.227,0.255,0.255
1.832,-33.130,-10.063,0.229,0.229,0.256,0.256
1.833,-32.918,-10.043,0.223,0.223,0.252,0.252
1.832,-32.788,-10.085,0.217,0.217,0.253,0.253
1.830,-32.771,-10.139,0.227,0.227,0.238,0.238
1.829,-32.804,-10.163,0.227,0.227,0.256,0.256
1.833,-32.836,-10.050,0.221,0.221,0.255,0.255
1.835,-32.820,-9.982,0.227,0.227,0.259,0.259
1.836,-32.836,-9.943,0.218,0.218,0.256,0.256
1.836,-32.836,-9.946,0.224,0.224,0.261,0.261
1.835,-32.836,-9.975,0.209,0.209,0.252,0.252
1.835,-32.804,-9.991,0.226,0.226,0.249,0.249
1.835,-32.820,-9.991,0.206,0.206,0.253,0.253
1.835,-32.820,-9.974,0.221,0.221,0.252,0.252
1.836,-32.820,-9.954,0.203,0.203,0.256,0.256
1.836,-32.820,-9.954,0.227,0.227,0.256,0.256
1.835,-32.820,-9.969,0.203,0.203,0.267,0.267
1.834,-32.804,-10.021,0.224,0.224,0.255,0.255
1.832,-32.820,-10.088,0.201,0.201,0.253,0.253
1.833,-32.836,-10.035,0.224,0.224,0.252,0.252
1.837,-32.804,-9.900,0.204,0.204,0.252,0.252
1.838,-32.836,-9.882,0.241,0.241,0.258,0.258
1.838,-32.820,-9.871,0.215,0.215,0.264,0.264
1.837,-32.624,-9.917,0.244,0.244,0.256,0.256
1.836,-32.396,-9.943,0.233,0.233,0.279,0.279
1.838,-32.314,-9.890,0.259,0.259,0.284,0.284
1.837,-32.298,-9.900,0.237,0.237,0.278,0.278
1.838,-32.331,-9.878,0.253,0.253,0.273,0.273
1.837,-32.347,-9.901,0.233,0.233,0.270,0.270
1.838,-32.363,-9.878,0.246,0.246,0.269,0.269
1.837,-32.314,-9.928,0.229,0.229,0.272,0.272
1.835,-32.347,-9.988,0.249,0.249,0.273,0.273
1.835,-32.314,-9.977,0.226,0.226,0.281,0.281
1.835,-32.347,-9.983,0.240,0.240,0.269,0.269
1.839,-32.331,-9.853,0.233,0.233,0.261,0.261
1.841,-32.331,-9.775,0.243,0.243,0.288,0.288
1.839,-32.331,-9.842,0.227,0.227,0.269,0.269
1.839,-32.314,-9.853,0.240,0.240,0.255,0.255
1.839,-32.331,-9.861,0.229,0.229,0.262,0.262
1.839,-32.314,-9.853,0.232,0.232,0.258,0.258
1.840,-32.347,-9.805,0.220,0.220,0.259,0.259
1.839,-32.314,-9.857,0.232,0.232,0.255,0.255
1.840,-32.347,-9.826,0.229,0.229,0.247,0.247
1.838,-32.298,-9.870,0.224,0.224,0.258,0.258
1.837,-32.118,-9.921,0.240,0.240,0.273,0.273
1.836,-31.890,-9.958,0.223,0.223,0.261,0.261
1.840,-31.792,-9.826,0.230,0.230,0.261,0.261
1.841,-31.743,-9.771,0.221,0.221,0.252,0.252
1.841,-31.596,-9.771,0.232,0.232,0.258,0.258
1.841,-31.204,-9.779,0.227,0.227,0.255,0.255
1.841,-31.090,-9.799,0.230,0.230,0.249,0.249
1.840,-31.172,-9.822,0.224,0.224,0.255,0.255
1.840,-31.107,-9.801,0.246,0.246,0.259,0.259
1.840,-30.748,-9.813,0.226,0.226,0.255,0.255
1.840,-30.405,-9.816,0.243,0.243,0.252,0.252
1.841,-30.437,-9.795,0.230,0.230,0.258,0.258
1.839,-30.323,-9.834,0.246,0.246,0.259,0.259
1.837,-30.242,-9.901,0.224,0.224,0.258,0.258
1.836,-30.454,-9.933,0.252,0.252,0.255,0.255
1.839,-30.552,-9.848,0.224,0.224,0.252,0.252
1.841,-30.470,-9.772,0.237,0.237,0.252,0.252
1.842,-30.193,-9.750,0.223,0.223,0.267,0.267
1.842,-30.144,-9.757,0.235,0.235,0.249,0.249
1.840,-30.437,-9.812,0.214,0.214,0.244,0.244
1.841,-30.584,-9.793,0.227,0.227,0.227,0.227
1.841,-30.519,-9.799,0.215,0.215,0.232,0.232
1.841,-30.584,-9.785,0.230,0.230,0.233,0.233
1.842,-30.748,-9.745,0.212,0.212,0.237,0.237
1.842,-30.845,-9.762,0.224,0.224,0.212,0.212
1.842,-30.911,-9.759,0.212,0.212,0.250,0.250
1.840,-30.829,-9.807,0.230,0.230,0.246,0.246
1.838,-30.845,-9.882,0.211,0.211,0.249,0.249
1.837,-30.829,-9.902,0.227,0.227,0.233,0.233
1.839,-30.845,-9.855,0.226,0.226,0.233,0.233
1.843,-31.041,-9.728,0.218,0.218,0.243,0.243
1.843,-31.286,-9.712,0.229,0.229,0.241,0.241
1.843,-31.547,-9.714,0.214,0.214,0.247,0.247
1.842,-31.776,-9.766,0.232,0.232,0.250,0.250
1.842,-31.857,-9.750,0.212,0.212,0.255,0.255
1.841,-31.841,-9.785,0.230,0.230,0.247,0.247
1.842,-31.825,-9.745,0.218,0.218,0.267,0.267
1.842,-31.808,-9.748,0.233,0.233,0.250,0.250
1.840,-31.825,-9.821,0.209,0.209,0.249,0.249
1.838,-32.020,-9.887,0.233,0.233,0.253,0.253
1.837,-32.282,-9.919,0.221,0.221,0.253,0.253
1.837,-32.347,-9.924,0.226,0.226,0.241,0.241
1.839,-32.347,-9.853,0.223,0.223,0.249,0.249
1.843,-32.347,-9.721,0.232,0.232,0.249,0.249
1.842,-32.331,-9.762,0.211,0.211,0.252,0.252
1.842,-32.347,-9.766,0.237,0.237,0.250,0.250
1.841,-32.298,-9.800,0.215,0.215,0.250,0.250
1.840,-32.118,-9.831,0.230,0.230,0.249,0.249
1.840,-31.890,-9.807,0.212,0.212,0.240,0.240
1.840,-31.776,-9.805,0.237,0.237,0.253,0.253
1.841,-31.792,-9.777,0.211,0.211,0.258,0.258
1.841,-31.808,-9.777,0.233,0.233,0.243,0.243
1.839,-31.776,-9.852,0.201,0.201,0.246,0.246
1.838,-31.825,-9.893,0.232,0.232,0.244,0.244
1.837,-31.841,-9.913,0.218,0.218,0.253,0.253
1.839,-32.037,-9.853,0.221,0.221,0.270,0.270
1.842,-32.282,-9.746,0.235,0.235,0.255,0.255
1.841,-32.363,-9.790,0.230,0.230,0.247,0.247
1.841,-32.412,-9.789,0.235,0.235,0.261,0.261
1.840,-32.526,-9.804,0.240,0.240,0.258,0.258
1.839,-32.739,-9.852,0.244,0.244,0.272,0.272
1.839,-32.853,-9.835,0.240,0.240,0.269,0.269
1.839,-32.869,-9.853,0.250,0.250,0.261,0.261
1.840,-32.820,-9.821,0.237,0.237,0.270,0.270
1.840,-32.641,-9.823,0.249,0.249,0.278,0.278
1.839,-32.608,-9.851,0.230,0.230,0.261,0.261
1.838,-32.706,-9.890,0.253,0.253,0.264,0.264
1.835,-32.836,-9.994,0.229,0.229,0.250,0.250
1.836,-32.853,-9.953,0.238,0.238,0.266,0.266
1.837,-32.836,-9.902,0.232,0.232,0.253,0.253
1.841,-32.820,-9.790,0.244,0.244,0.258,0.258
1.841,-32.820,-9.796,0.221,0.221,0.255,0.255
1.839,-32.804,-9.843,0.241,0.241,0.255,0.255
1.840,-32.804,-9.822,0.237,0.237,0.250,0.250
1.839,-32.804,-9.860,0.246,0.246,0.270,0.270
1.837,-32.624,-9.898,0.227,0.227,0.246,0.246
1.837,-32.396,-9.905,0.249,0.249,0.240,0.240
1.839,-32.314,-9.863,0.232,0.232,0.249,0.249
1.837,-32.314,-9.903,0.244,0.244,0.250,0.250
1.836,-32.314,-9.954,0.230,0.230,0.249,0.249
1.832,-32.347,-10.073,0.246,0.246,0.249,0.249
1.834,-32.347,-10.010,0.233,0.233,0.240,0.240
1.838,-32.380,-9.889,0.244,0.244,0.243,0.243
1.838,-32.380,-9.874,0.243,0.243,0.244,0.244
1.838,-32.510,-9.897,0.244,0.244,0.247,0.247
1.837,-32.771,-9.921,0.237,0.237,0.249,0.249
1.836,-32.869,-9.931,0.237,0.237,0.247,0.247
1.835,-33.065,-9.971,0.240,0.240,0.253,0.253
1.835,-33.228,-9.975,0.235,0.235,0.241,0.241
1.835,-33.359,-9.972,0.230,0.230,0.252,0.252
1.836,-33.359,-9.951,0.240,0.240,0.252,0.252
1.836,-33.293,-9.956,0.238,0.238,0.249,0.249
1.833,-33.326,-10.050,0.226,0.226,0.250,0.250
1.831,-33.342,-10.103,0.244,0.244,0.246,0.246
1.831,-33.326,-10.100,0.227,0.227,0.255,0.255
1.835,-33.310,-9.977,0.243,0.243,0.252,0.252
1.836,-33.342,-9.946,0.215,0.215,0.247,0.247
1.835,-33.326,-9.980,0.238,0.238,0.246,0.246
1.834,-33.326,-10.006,0.215,0.215,0.249,0.249
1.834,-33.408,-10.007,0.224,0.224,0.243,0.243
1.833,-33.489,-10.034,0.204,0.204,0.247,0.247
1.833,-33.734,-10.055,0.221,0.221,0.240,0.240
1.832,-33.816,-10.073,0.208,0.208,0.232,0.232
1.832,-33.848,-10.067,0.214,0.214,0.233,0.233
1.833,-33.783,-10.049,0.206,0.206,0.240,0.240
1.832,-33.816,-10.089,0.215,0.215,0.243,0.243
1.830,-33.816,-10.164,0.215,0.215,0.240,0.240
1.827,-33.783,-10.249,0.208,0.208,0.264,0.264
1.830,-33.816,-10.137,0.221,0.221,0.241,0.241
1.833,-33.799,-10.054,0.208,0.208,0.243,0.243
1.832,-33.865,-10.089,0.214,0.214,0.250,0.250
1.832,-33.865,-10.077,0.209,0.209,0.249,0.249
1.832,-33.799,-10.097,0.226,0.226,0.243,0.243
1.831,-33.881,-10.112,0.208,0.208,0.249,0.249
1.830,-33.995,-10.152,0.224,0.224,0.249,0.249
1.830,-34.256,-10.156,0.211,0.211,0.255,0.255
1.829,-34.305,-10.173,0.229,0.229,0.261,0.261
1.829,-34.420,-10.188,0.212,0.212,0.255,0.255
1.827,-34.338,-10.266,0.232,0.232,0.249,0.249
1.825,-34.354,-10.307,0.221,0.221,0.256,0.256
1.825,-34.354,-10.310,0.233,0.233,0.256,0.256
1.828,-34.534,-10.207,0.211,0.211,0.237,0.237
1.829,-34.779,-10.169,0.233,0.233,0.255,0.255
1.828,-34.860,-10.204,0.215,0.215,0.258,0.258
1.827,-34.828,-10.263,0.226,0.226,0.259,0.259
1.827,-34.599,-10.259,0.214,0.214,0.262,0.262
1.826,-34.420,-10.295,0.230,0.230,0.249,0.249
1.826,-34.256,-10.283,0.217,0.217,0.255,0.255
1.825,-34.077,-10.304,0.223,0.223,0.246,0.246
1.825,-33.865,-10.318,0.226,0.226,0.256,0.256
1.826,-33.816,-10.299,0.226,0.226,0.250,0.250
1.823,-33.750,-10.395,0.220,0.220,0.250,0.250
1.821,-33.799,-10.444,0.209,0.209,0.249,0.249
1.822,-33.816,-10.408,0.224,0.224,0.233,0.233
1.824,-33.848,-10.343,0.212,0.212,0.250,0.250
1.825,-34.028,-10.326,0.215,0.215,0.259,0.259
1.825,-34.273,-10.311,0.214,0.214,0.250,0.250
1.823,-34.371,-10.390,0.220,0.220,0.252,0.252
1.823,-34.583,-10.405,0.215,0.215,0.256,0.256
1.823,-34.746,-10.404,0.249,0.249,0.262,0.262
1.822,-35.072,-10.433,0.229,0.229,0.304,0.304
1.822,-35.431,-10.433,0.249,0.249,0.272,0.272
1.822,-35.758,-10.440,0.229,0.229,0.264,0.264
1.820,-35.839,-10.491,0.252,0.252,0.269,0.269
1.821,-35.774,-10.472,0.227,0.227,0.272,0.272
1.817,-35.578,-10.591,0.244,0.244,0.264,0.264
1.816,-35.546,-10.624,0.220,0.220,0.275,0.275
1.818,-35.480,-10.555,0.243,0.243,0.275,0.275
1.819,-35.366,-10.537,0.227,0.227,0.273,0.273
1.820,-35.284,-10.495,0.246,0.246,0.275,0.275
1.820,-35.284,-10.497,0.233,0.233,0.272,0.272
1.818,-35.284,-10.567,0.238,0.238,0.259,0.259
1.817,-35.089,-10.585,0.223,0.223,0.262,0.262
1.817,-34.860,-10.617,0.237,0.237,0.259,0.259
1.817,-34.583,-10.607,0.224,0.224,0.255,0.255
1.817,-34.371,-10.612,0.224,0.224,0.259,0.259
1.816,-34.305,-10.639,0.230,0.230,0.258,0.258
1.816,-34.322,-10.629,0.223,0.223,0.252,0.252
1.813,-34.338,-10.722,0.233,0.233,0.249,0.249
1.812,-34.354,-10.768,0.224,0.224,0.276,0.276
1.811,-34.566,-10.796,0.238,0.238,0.258,0.258
1.814,-34.730,-10.720,0.230,0.230,0.246,0.246
1.815,-34.860,-10.653,0.227,0.227,0.253,0.253
1.814,-34.844,-10.718,0.224,0.224,0.255,0.255
1.813,-35.023,-10.744,0.233,0.233,0.252,0.252
1.812,-35.236,-10.790,0.220,0.220,0.252,0.252
1.811,-35.333,-10.795,0.230,0.230,0.258,0.258
1.811,-35.350,-10.821,0.224,0.224,0.252,0.252
1.810,-35.513,-10.836,0.243,0.243,0.250,0.250
1.811,-35.692,-10.815,0.221,0.221,0.253,0.253
1.809,-35.807,-10.875,0.255,0.255,0.256,0.256
1.808,-36.035,-10.930,0.230,0.230,0.256,0.256
1.805,-36.215,-11.008,0.255,0.255,0.250,0.250
1.805,-36.296,-11.020,0.226,0.226,0.241,0.241
1.808,-36.296,-10.924,0.255,0.255,0.252,0.252
1.810,-36.313,-10.855,0.233,0.233,0.258,0.258
1.808,-36.264,-10.922,0.235,0.235,0.250,0.250
1.807,-36.035,-10.952,0.224,0.224,0.252,0.252
1.807,-35.644,-10.943,0.229,0.229,0.230,0.230
1.806,-35.301,-10.988,0.215,0.215,0.246,0.246
1.806,-35.056,-10.997,0.214,0.214,0.227,0.227
1.805,-34.844,-11.019,0.218,0.218,0.233,0.233
1.805,-34.779,-11.035,0.214,0.214,0.230,0.230
1.803,-34.779,-11.085,0.215,0.215,0.235,0.235
1.803,-34.779,-11.079,0.206,0.206,0.233,0.233
1.800,-34.844,-11.209,0.226,0.226,0.252,0.252
1.800,-35.023,-11.199,0.203,0.203,0.229,0.229
1.798,-35.252,-11.255,0.217,0.217,0.243,0.243
1.802,-35.317,-11.133,0.211,0.211,0.229,0.229
1.803,-35.333,-11.104,0.233,0.233,0.229,0.229
1.803,-35.317,-11.105,0.214,0.214,0.237,0.237
1.800,-35.284,-11.192,0.226,0.226,0.243,0.243
1.800,-35.089,-11.206,0.221,0.221,0.229,0.229
1.798,-34.664,-11.272,0.238,0.238,0.243,0.243
1.798,-34.338,-11.276,0.226,0.226,0.250,0.250
1.798,-34.060,-11.261,0.237,0.237,0.243,0.243
1.797,-33.832,-11.313,0.224,0.224,0.250,0.250
1.797,-33.783,-11.309,0.230,0.230,0.261,0.261
1.794,-33.587,-11.400,0.217,0.217,0.249,0.249
1.793,-33.391,-11.442,0.233,0.233,0.241,0.241
1.791,-33.293,-11.493,0.229,0.229,0.256,0.256
1.795,-33.538,-11.371,0.221,0.221,0.255,0.255
1.795,-33.750,-11.374,0.224,0.224,0.249,0.249
1.795,-34.077,-11.371,0.223,0.223,0.247,0.247
1.793,-34.305,-11.445,0.229,0.229,0.243,0.243
1.791,-34.550,-11.490,0.223,0.223,0.247,0.247
1.792,-34.779,-11.487,0.230,0.230,0.249,0.249
1.791,-35.056,-11.511,0.212,0.212,0.249,0.249
1.790,-35.284,-11.534,0.221,0.221,0.246,0.246
1.789,-35.350,-11.558,0.212,0.212,0.233,0.233
1.789,-35.333,-11.568,0.227,0.227,0.249,0.249
1.786,-35.301,-11.667,0.211,0.211,0.253,0.253
1.786,-35.317,-11.694,0.217,0.217,0.246,0.246
1.785,-35.301,-11.707,0.212,0.212,0.247,0.247
1.788,-35.317,-11.603,0.230,0.230,0.246,0.246
1.789,-35.513,-11.583,0.208,0.208,0.253,0.253
1.786,-35.692,-11.670,0.246,0.246,0.267,0.267
1.786,-35.807,-11.694,0.224,0.224,0.246,0.246
1.785,-36.003,-11.727,0.252,0.252,0.246,0.246
1.783,-36.215,-11.779,0.229,0.229,0.255,0.255
1.784,-36.525,-11.751,0.256,0.256,0.267,0.267
1.782,-36.721,-11.814,0.241,0.241,0.273,0.273
1.782,-36.786,-11.822,0.243,0.243,0.273,0.273
1.781,-36.835,-11.861,0.249,0.249,0.252,0.252
1.779,-36.949,-11.935,0.252,0.252,0.267,0.267
1.777,-37.227,-12.010,0.240,0.240,0.266,0.266
1.777,-37.537,-12.023,0.244,0.244,0.269,0.269
1.777,-37.684,-12.013,0.244,0.244,0.262,0.262
1.780,-37.569,-11.885,0.238,0.238,0.285,0.285
1.779,-37.096,-11.928,0.233,0.233,0.266,0.266
1.778,-36.590,-11.962,0.230,0.230,0.250,0.250
1.777,-36.019,-12.017,0.232,0.232,0.262,0.262
1.775,-35.513,-12.079,0.215,0.215,0.253,0.253
1.776,-35.105,-12.053,0.235,0.235,0.256,0.256
1.774,-34.795,-12.099,0.211,0.211,0.249,0.249
1.773,-34.746,-12.146,0.232,0.232,0.264,0.264
1.774,-34.811,-12.111,0.218,0.218,0.253,0.253
1.772,-35.056,-12.185,0.233,0.233,0.261,0.261
1.769,-35.480,-12.283,0.220,0.220,0.253,0.253
1.768,-35.986,-12.334,0.229,0.229,0.252,0.252
1.768,-36.508,-12.311,0.220,0.220,0.253,0.253
1.771,-36.965,-12.199,0.237,0.237,0.255,0.255
1.771,-37.276,-12.220,0.214,0.214,0.249,0.249
1.769,-37.292,-12.277,0.235,0.235,0.250,0.250
1.769,-37.080,-12.304,0.229,0.229,0.258,0.258
1.768,-36.802,-12.319,0.240,0.240,0.259,0.259
1.766,-36.492,-12.411,0.221,0.221,0.255,0.255
1.765,-36.296,-12.425,0.255,0.255,0.238,0.238
1.765,-36.019,-12.440,0.230,0.230,0.252,0.252
1.765,-35.807,-12.435,0.244,0.244,0.258,0.258
1.763,-35.513,-12.521,0.233,0.233,0.261,0.261
1.760,-35.105,-12.630,0.243,0.243,0.255,0.255
1.759,-34.828,-12.638,0.233,0.233,0.258,0.258
1.760,-34.779,-12.632,0.221,0.221,0.258,0.258
1.763,-35.236,-12.526,0.241,0.241,0.275,0.275
1.760,-36.084,-12.630,0.224,0.224,0.255,0.255
1.761,-36.933,-12.564,0.229,0.229,0.249,0.249
1.758,-37.112,-12.675,0.220,0.220,0.247,0.247
1.757,-36.933,-12.733,0.232,0.232,0.249,0.249
1.757,-36.753,-12.714,0.212,0.212,0.244,0.244
1.756,-36.721,-12.749,0.215,0.215,0.229,0.229
1.756,-36.721,-12.781,0.200,0.200,0.211,0.211
1.755,-36.753,-12.807,0.217,0.217,0.221,0.221
1.754,-36.574,-12.821,0.204,0.204,0.238,0.238
1.751,-36.525,-12.932,0.221,0.221,0.227,0.227
1.749,-36.655,-13.006,0.206,0.206,0.237,0.237
1.751,-36.753,-12.949,0.224,0.224,0.240,0.240
1.753,-36.590,-12.885,0.203,0.203,0.240,0.240
1.752,-36.345,-12.910,0.229,0.229,0.224,0.224
1.751,-36.019,-12.930,0.229,0.229,0.238,0.238
1.750,-35.595,-12.995,0.230,0.230,0.243,0.243
1.749,-35.105,-13.023,0.221,0.221,0.246,0.246
1.747,-34.828,-13.089,0.220,0.220,0.243,0.243
1.746,-34.762,-13.107,0.224,0.224,0.241,0.241
1.746,-35.023,-13.128,0.217,0.217,0.249,0.249
1.745,-35.480,-13.154,0.221,0.221,0.261,0.261
1.744,-36.182,-13.186,0.217,0.217,0.247,0.247
1.742,-36.900,-13.283,0.227,0.227,0.246,0.246
1.739,-37.276,-13.371,0.209,0.209,0.238,0.238
1.739,-37.357,-13.378,0.226,0.226,0.250,0.250
1.742,-37.292,-13.270,0.218,0.218,0.232,0.232
1.742,-37.243,-13.265,0.232,0.232,0.250,0.250
1.741,-37.243,-13.302,0.212,0.212,0.247,0.247
1.739,-37.227,-13.383,0.233,0.233,0.249,0.249
1.738,-37.047,-13.407,0.217,0.217,0.249,0.249
1.737,-36.835,-13.471,0.226,0.226,0.243,0.243
1.737,-36.721,-13.466,0.208,0.208,0.252,0.252
1.736,-36.492,-13.502,0.232,0.232,0.246,0.246
1.735,-36.100,-13.533,0.212,0.212,0.250,0.250
1.734,-35.807,-13.564,0.227,0.227,0.250,0.250
1.731,-35.709,-13.675,0.217,0.217,0.250,0.250
1.728,-35.725,-13.788,0.230,0.230,0.240,0.240
1.728,-35.562,-13.778,0.208,0.208,0.244,0.244
1.732,-35.382,-13.633,0.237,0.237,0.246,0.246
1.732,-35.268,-13.639,0.218,0.218,0.252,0.252
1.730,-35.268,-13.709,0.230,0.230,0.252,0.252
1.728,-35.284,-13.778,0.223,0.223,0.253,0.253
1.727,-35.317,-13.825,0.233,0.233,0.241,0.241
1.727,-35.301,-13.816,0.230,0.230,0.261,0.261
1.726,-35.333,-13.859,0.240,0.240,0.261,0.261
1.724,-35.497,-13.908,0.246,0.246,0.273,0.273
1.724,-35.709,-13.914,0.235,0.235,0.276,0.276
1.722,-35.807,-13.994,0.243,0.243,0.279,0.279
1.721,-36.019,-14.027,0.247,0.247,0.269,0.269
1.718,-36.231,-14.136,0.246,0.246,0.299,0.299
1.717,-36.329,-14.185,0.232,0.232,0.266,0.266
1.716,-36.525,-14.207,0.243,0.243,0.270,0.270
1.720,-36.900,-14.049,0.226,0.226,0.261,0.261
1.719,-36.998,-14.082,0.237,0.237,0.262,0.262
1.718,-36.900,-14.147,0.232,0.232,0.267,0.267
1.717,-36.753,-14.172,0.233,0.233,0.262,0.262
1.715,-36.541,-14.257,0.227,0.227,0.241,0.241
1.714,-36.313,-14.290,0.227,0.227,0.258,0.258
1.712,-36.035,-14.337,0.233,0.233,0.258,0.258
1.712,-35.807,-14.348,0.237,0.237,0.255,0.255
1.711,-35.725,-14.384,0.212,0.212,0.250,0.250
1.711,-35.725,-14.385,0.229,0.229,0.261,0.261
1.708,-35.546,-14.506,0.220,0.220,0.249,0.249
1.705,-35.382,-14.602,0.230,0.230,0.233,0.233
1.703,-35.480,-14.661,0.215,0.215,0.247,0.247
1.707,-35.872,-14.524,0.249,0.249,0.256,0.256
1.708,-36.427,-14.494,0.217,0.217,0.252,0.252
1.706,-36.982,-14.565,0.243,0.243,0.246,0.246
1.705,-37.471,-14.598,0.223,0.223,0.243,0.243
1.703,-37.732,-14.668,0.243,0.243,0.247,0.247
1.702,-37.602,-14.735,0.217,0.217,0.255,0.255
1.701,-37.308,-14.770,0.244,0.244,0.249,0.249
1.700,-37.047,-14.801,0.226,0.226,0.255,0.255
1.698,-37.014,-14.872,0.249,0.249,0.238,0.238
1.698,-37.357,-14.870,0.237,0.237,0.250,0.250
1.694,-37.700,-15.001,0.252,0.252,0.259,0.259
1.692,-37.765,-15.097,0.235,0.235,0.256,0.256
1.691,-37.373,-15.126,0.249,0.249,0.252,0.252
1.694,-37.129,-15.021,0.237,0.237,0.256,0.256
1.696,-37.129,-14.956,0.246,0.246,0.253,0.253
1.693,-37.194,-15.038,0.237,0.237,0.275,0.275
1.694,-36.868,-15.035,0.230,0.230,0.250,0.250
1.691,-36.362,-15.126,0.235,0.235,0.249,0.249
1.690,-35.546,-15.150,0.226,0.226,0.240,0.240
1.689,-34.452,-15.206,0.215,0.215,0.243,0.243
1.688,-33.196,-15.242,0.221,0.221,0.227,0.227
1.687,-32.118,-15.278,0.212,0.212,0.230,0.230
1.686,-31.237,-15.288,0.209,0.209,0.209,0.209
1.684,-30.356,-15.358,0.214,0.214,0.233,0.233
1.681,-29.181,-15.454,0.217,0.217,0.243,0.243
1.678,-27.549,-15.519,0.220,0.220,0.237,0.237
1.679,-25.656,-15.517,0.206,0.206,0.226,0.226
1.681,-23.844,-15.448,0.218,0.218,0.233,0.233
1.682,-22.441,-15.436,0.209,0.209,0.235,0.235
1.681,-21.478,-15.448,0.232,0.232,0.232,0.232
1.679,-20.776,-15.504,0.217,0.217,0.246,0.246
1.677,-20.025,-15.538,0.243,0.243,0.240,0.240
1.675,-18.883,-15.575,0.217,0.217,0.244,0.244
1.676,-17.496,-15.564,0.230,0.230,0.246,0.246
1.675,-15.962,-15.577,0.215,0.215,0.261,0.261
1.674,-15.097,-15.590,0.240,0.240,0.246,0.246
1.672,-14.884,-15.621,0.220,0.220,0.253,0.253
1.669,-14.999,-15.660,0.238,0.238,0.252,0.252
1.667,-14.852,-15.691,0.229,0.229,0.249,0.249
1.665,-14.215,-15.719,0.237,0.237,0.249,0.249
1.670,-13.040,-15.652,0.223,0.223,0.252,0.252
1.670,-11.767,-15.661,0.233,0.233,0.233,0.233
1.669,-10.674,-15.672,0.229,0.229,0.253,0.253
1.667,-9.711,-15.693,0.233,0.233,0.250,0.250
1.665,-8.993,-15.709,0.223,0.223,0.259,0.259
1.664,-8.422,-15.717,0.233,0.233,0.247,0.247
1.662,-7.720,-15.730,0.223,0.223,0.253,0.253
1.662,-6.855,-15.735,0.212,0.212,0.249,0.249
1.661,-6.039,-15.741,0.223,0.223,0.252,0.252
1.660,-5.272,-15.747,0.224,0.224,0.250,0.250
1.657,-4.603,-15.760,0.223,0.223,0.249,0.249
1.654,-4.244,-15.774,0.215,0.215,0.247,0.247
1.654,-4.162,-15.774,0.223,0.223,0.250,0.250
1.658,-4.228,-15.758,0.208,0.208,0.247,0.247
1.657,-4.228,-15.759,0.218,0.218,0.249,0.249
1.657,-4.228,-15.760,0.217,0.217,0.249,0.249
1.656,-3.852,-15.766,0.226,0.226,0.253,0.253
1.653,-3.395,-15.776,0.220,0.220,0.252,0.252
1.652,-3.232,-15.779,0.241,0.241,0.246,0.246
1.651,-3.199,-15.784,0.227,0.227,0.264,0.264
1.650,-3.281,-15.785,0.249,0.249,0.264,0.264
1.648,-3.281,-15.791,0.227,0.227,0.269,0.269
1.648,-3.052,-15.792,0.250,0.250,0.272,0.272
1.646,-2.873,-15.798,0.233,0.233,0.269,0.269
1.642,-2.775,-15.808,0.244,0.244,0.264,0.264
1.641,-2.775,-15.811,0.227,0.227,0.290,0.290
1.640,-2.775,-15.815,0.246,0.246,0.275,0.275
1.644,-2.579,-15.804,0.226,0.226,0.255,0.255
1.644,-2.383,-15.804,0.249,0.249,0.259,0.259
1.642,-2.449,-15.808,0.232,0.232,0.269,0.269
1.641,-2.498,-15.811,0.243,0.243,0.259,0.259
1.639,-2.400,-15.817,0.221,0.221,0.258,0.258
1.639,-2.285,-15.816,0.246,0.246,0.244,0.244
1.637,-2.024,-15.820,0.224,0.224,0.264,0.264
1.636,-1.633,-15.822,0.238,0.238,0.262,0.262
1.636,-1.323,-15.822,0.230,0.230,0.261,0.261
1.634,-1.241,-15.825,0.243,0.243,0.252,0.252
1.631,-1.290,-15.828,0.224,0.224,0.246,0.246
1.630,-1.518,-15.831,0.246,0.246,0.250,0.250
1.628,-1.763,-15.834,0.229,0.229,0.247,0.247
1.630,-1.812,-15.830,0.246,0.246,0.255,0.255
1.631,-1.665,-15.827,0.218,0.218,0.259,0.259
1.630,-1.404,-15.829,0.243,0.243,0.253,0.253
1.628,-1.469,-15.832,0.232,0.232,0.255,0.255
1.626,-1.731,-15.835,0.226,0.226,0.262,0.262
1.626,-2.057,-15.836,0.237,0.237,0.256,0.256
1.625,-2.285,-15.839,0.235,0.235,0.244,0.244
1.625,-2.547,-15.836,0.247,0.247,0.253,0.253
1.624,-2.775,-15.841,0.229,0.229,0.249,0.249
1.623,-2.873,-15.843,0.243,0.243,0.256,0.256
1.619,-2.824,-15.853,0.229,0.229,0.259,0.259
1.618,-2.824,-15.858,0.237,0.237,0.247,0.247
1.616,-3.004,-15.863,0.235,0.235,0.253,0.253
1.616,-3.248,-15.862,0.247,0.247,0.249,0.249
1.620,-3.297,-15.851,0.224,0.224,0.253,0.253
1.618,-3.118,-15.855,0.240,0.240,0.249,0.249
1.616,-2.857,-15.863,0.223,0.223,0.240,0.240
1.615,-2.498,-15.865,0.237,0.237,0.250,0.250
1.614,-1.910,-15.868,0.215,0.215,0.252,0.252
1.612,-1.404,-15.870,0.229,0.229,0.238,0.238
1.612,-1.241,-15.871,0.192,0.192,0.230,0.230
1.610,-1.420,-15.873,0.220,0.220,0.230,0.230
1.610,-1.518,-15.874,0.204,0.204,0.226,0.226
1.610,-1.404,-15.874,0.224,0.224,0.255,0.255
1.606,-1.323,-15.878,0.211,0.211,0.237,0.237
1.604,-1.323,-15.881,0.227,0.227,0.233,0.233
1.603,-1.257,-15.882,0.214,0.214,0.230,0.230
1.605,-1.078,-15.880,0.240,0.240,0.235,0.235
1.607,-0.686,-15.879,0.220,0.220,0.232,0.232
1.606,-0.311,-15.879,0.229,0.229,0.235,0.235
1.603,-0.229,-15.880,0.223,0.223,0.229,0.229
1.602,-0.229,-15.880,0.235,0.235,0.240,0.240
1.600,-0.213,-15.881,0.223,0.223,0.252,0.252
1.599,0.032,-15.881,0.232,0.232,0.241,0.241
1.599,0.163,-15.881,0.223,0.223,0.249,0.249
1.597,0.195,-15.880,0.221,0.221,0.246,0.246
1.596,0.228,-15.880,0.220,0.220,0.246,0.246
1.594,0.163,-15.880,0.224,0.224,0.230,0.230
1.591,0.195,-15.879,0.237,0.237,0.249,0.249
1.590,0.358,-15.879,0.220,0.220,0.264,0.264
1.594,0.587,-15.881,0.237,0.237,0.252,0.252
1.594,0.701,-15.881,0.209,0.209,0.247,0.247
1.594,0.685,-15.881,0.223,0.223,0.235,0.235
1.590,0.620,-15.879,0.215,0.215,0.249,0.249
1.589,0.489,-15.878,0.230,0.230,0.256,0.256
1.588,0.440,-15.877,0.221,0.221,0.249,0.249
1.588,0.750,-15.877,0.215,0.215,0.243,0.243
1.587,1.076,-15.876,0.217,0.217,0.246,0.246
1.585,1.223,-15.874,0.233,0.233,0.247,0.247
1.584,1.174,-15.873,0.209,0.209,0.261,0.261
1.581,1.174,-15.869,0.233,0.233,0.244,0.244
1.580,1.125,-15.868,0.209,0.209,0.240,0.240
1.578,1.158,-15.866,0.227,0.227,0.243,0.243
1.582,1.321,-15.871,0.203,0.203,0.244,0.244
1.582,1.533,-15.871,0.233,0.233,0.247,0.247
1.579,1.631,-15.867,0.215,0.215,0.252,0.252
1.578,1.680,-15.864,0.235,0.235,0.243,0.243
1.578,1.860,-15.863,0.221,0.221,0.249,0.249
1.576,2.056,-15.861,0.253,0.253,0.253,0.253
1.576,1.925,-15.861,0.233,0.233,0.261,0.261
1.575,1.729,-15.858,0.249,0.249,0.267,0.267
1.574,1.566,-15.857,0.240,0.240,0.264,0.264
1.573,1.566,-15.855,0.253,0.253,0.270,0.270
1.570,1.599,-15.851,0.229,0.229,0.266,0.266
1.567,1.648,-15.846,0.253,0.253,0.269,0.269
1.566,1.599,-15.844,0.240,0.240,0.267,0.267
1.567,1.648,-15.845,0.240,0.240,0.272,0.272
1.569,1.615,-15.849,0.243,0.243,0.262,0.262
1.569,1.615,-15.848,0.237,0.237,0.281,0.281
1.566,1.599,-15.844,0.230,0.230,0.270,0.270
1.564,1.419,-15.841,0.233,0.233,0.264,0.264
1.563,1.207,-15.840,0.232,0.232,0.259,0.259
1.562,1.076,-15.838,0.223,0.223,0.256,0.256
1.561,1.093,-15.838,0.230,0.230,0.255,0.255
1.562,1.125,-15.838,0.227,0.227,0.252,0.252
1.561,1.109,-15.837,0.230,0.230,0.238,0.238
1.558,1.125,-15.834,0.217,0.217,0.252,0.252
1.555,1.338,-15.830,0.243,0.243,0.252,0.252
1.554,1.533,-15.829,0.218,0.218,0.255,0.255
1.557,1.664,-15.833,0.229,0.229,0.249,0.249
1.557,1.599,-15.834,0.220,0.220,0.264,0.264
1.556,1.436,-15.833,0.229,0.229,0.250,0.250
1.554,1.174,-15.830,0.223,0.223,0.247,0.247
1.552,1.109,-15.828,0.233,0.233,0.247,0.247
1.551,1.093,-15.827,0.224,0.224,0.253,0.253
1.550,0.913,-15.826,0.246,0.246,0.252,0.252
1.549,0.668,-15.825,0.215,0.215,0.249,0.249
1.548,0.424,-15.825,0.249,0.249,0.259,0.259
1.547,0.228,-15.824,0.229,0.229,0.244,0.244
1.546,0.114,-15.824,0.244,0.244,0.250,0.250
1.543,0.146,-15.824,0.232,0.232,0.256,0.256
1.542,0.146,-15.823,0.255,0.255,0.252,0.252
1.541,0.163,-15.823,0.229,0.229,0.256,0.256
1.544,0.146,-15.824,0.246,0.246,0.249,0.249
1.545,0.163,-15.824,0.233,0.233,0.255,0.255
1.543,0.179,-15.824,0.247,0.247,0.252,0.252
1.541,0.081,-15.823,0.237,0.237,0.249,0.249
1.539,-0.164,-15.823,0.237,0.237,0.253,0.253
1.538,-0.294,-15.824,0.224,0.224,0.246,0.246
1.538,-0.311,-15.824,0.221,0.221,0.258,0.258
1.537,-0.343,-15.824,0.206,0.206,0.230,0.230
1.536,-0.278,-15.824,0.218,0.218,0.227,0.227
1.535,-0.294,-15.825,0.212,0.212,0.226,0.226
1.532,-0.327,-15.825,0.208,0.208,0.230,0.230
1.530,-0.523,-15.826,0.211,0.211,0.233,0.233
1.528,-0.964,-15.828,0.218,0.218,0.240,0.240
1.529,-1.274,-15.827,0.221,0.221,0.206,0.206
1.531,-1.600,-15.825,0.206,0.206,0.238,0.238
1.532,-1.992,-15.823,0.221,0.221,0.243,0.243
1.529,-2.285,-15.829,0.209,0.209,0.232,0.232
1.528,-2.334,-15.831,0.227,0.227,0.235,0.235
1.526,-2.367,-15.835,0.204,0.204,0.240,0.240
1.525,-2.481,-15.838,0.227,0.227,0.241,0.241
1.524,-2.481,-15.839,0.218,0.218,0.238,0.238
1.524,-2.383,-15.841,0.233,0.233,0.249,0.249
1.523,-2.073,-15.844,0.211,0.211,0.250,0.250
1.520,-1.877,-15.849,0.244,0.244,0.246,0.246
1.516,-1.926,-15.856,0.220,0.220,0.250,0.250
1.516,-2.204,-15.857,0.232,0.232,0.233,0.233
1.519,-2.318,-15.849,0.220,0.220,0.252,0.252
1.520,-2.139,-15.848,0.233,0.233,0.258,0.258
1.518,-1.633,-15.851,0.218,0.218,0.256,0.256
1.517,-1.094,-15.853,0.237,0.237,0.249,0.249
1.515,-0.817,-15.855,0.218,0.218,0.252,0.252
1.515,-0.523,-15.855,0.227,0.227,0.246,0.246
1.513,-0.327,-15.856,0.218,0.218,0.249,0.249
1.513,-0.262,-15.856,0.232,0.232,0.249,0.249
1.512,-0.213,-15.856,0.226,0.226,0.249,0.249
1.511,-0.017,-15.856,0.221,0.221,0.249,0.249
1.509,0.163,-15.856,0.220,0.220,0.250,0.250
1.506,0.228,-15.855,0.214,0.214,0.243,0.243
1.503,0.081,-15.855,0.215,0.215,0.250,0.250
1.507,-0.164,-15.855,0.209,0.209,0.238,0.238
1.508,-0.327,-15.855,0.223,0.223,0.247,0.247
1.507,-0.327,-15.855,0.214,0.214,0.246,0.246
1.505,-0.245,-15.855,0.220,0.220,0.246,0.246
1.503,-0.001,-15.856,0.224,0.224,0.253,0.253
1.502,0.179,-15.855,0.230,0.230,0.269,0.269
1.500,0.212,-15.855,0.218,0.218,0.255,0.255
1.500,0.065,-15.855,0.240,0.240,0.258,0.258
1.498,-0.180,-15.855,0.232,0.232,0.285,0.285
1.498,-0.262,-15.855,0.240,0.240,0.270,0.270
1.497,-0.050,-15.855,0.227,0.227,0.270,0.270
1.494,0.163,-15.855,0.252,0.252,0.270,0.270
1.492,0.440,-15.854,0.224,0.224,0.249,0.249
1.493,0.815,-15.856,0.253,0.253,0.267,0.267
1.494,1.256,-15.856,0.227,0.227,0.285,0.285
1.494,1.403,-15.856,0.249,0.249,0.261,0.261
1.493,1.272,-15.855,0.220,0.220,0.259,0.259
1.490,1.093,-15.852,0.246,0.246,0.256,0.256
1.490,1.109,-15.851,0.220,0.220,0.261,0.261
1.488,1.125,-15.850,0.238,0.238,0.249,0.249
1.488,1.321,-15.849,0.218,0.218,0.258,0.258
1.487,1.566,-15.847,0.243,0.243,0.256,0.256
1.486,1.860,-15.846,0.226,0.226,0.256,0.256
1.484,2.105,-15.843,0.235,0.235,0.252,0.252
1.481,2.121,-15.836,0.226,0.226,0.272,0.272
1.479,1.909,-15.832,0.237,0.237,0.252,0.252
1.482,1.648,-15.837,0.212,0.212,0.241,0.241
1.483,1.354,-15.838,0.241,0.241,0.253,0.253
1.482,1.158,-15.837,0.223,0.223,0.256,0.256
1.481,1.125,-15.836,0.233,0.233,0.249,0.249
1.479,1.321,-15.834,0.223,0.223,0.250,0.250
1.478,1.778,-15.832,0.241,0.241,0.262,0.262
1.477,2.105,-15.830,0.235,0.235,0.253,0.253
1.476,2.382,-15.827,0.233,0.233,0.247,0.247
1.475,2.594,-15.826,0.238,0.238,0.255,0.255
1.474,2.660,-15.823,0.230,0.230,0.252,0.252
1.472,2.839,-15.818,0.230,0.230,0.255,0.255
1.469,3.035,-15.807,0.230,0.230,0.253,0.253
1.467,3.116,-15.802,0.237,0.237,0.250,0.250
1.468,3.329,-15.806,0.233,0.233,0.253,0.253
1.470,3.524,-15.814,0.233,0.233,0.255,0.255
1.469,3.655,-15.809,0.230,0.230,0.255,0.255
1.469,3.802,-15.807,0.243,0.243,0.258,0.258
1.467,4.047,-15.803,0.224,0.224,0.243,0.243
1.465,4.112,-15.794,0.238,0.238,0.258,0.258
1.465,4.112,-15.791,0.212,0.212,0.252,0.252
1.463,4.096,-15.785,0.221,0.221,0.243,0.243
1.463,4.063,-15.786,0.189,0.189,0.243,0.243
1.462,4.063,-15.779,0.226,0.226,0.232,0.232
1.461,4.079,-15.776,0.197,0.197,0.232,0.232
1.458,4.096,-15.765,0.221,0.221,0.243,0.243
1.456,4.079,-15.755,0.200,0.200,0.233,0.233
1.453,3.884,-15.745,0.223,0.223,0.224,0.224
1.457,4.079,-15.758,0.209,0.209,0.237,0.237
1.457,4.406,-15.762,0.218,0.218,0.230,0.230
1.456,4.585,-15.756,0.214,0.214,0.241,0.241
1.455,4.618,-15.751,0.223,0.223,0.232,0.232
1.453,4.536,-15.742,0.215,0.215,0.241,0.241
1.452,4.569,-15.735,0.218,0.218,0.240,0.240
1.450,4.536,-15.730,0.224,0.224,0.253,0.253
1.451,4.569,-15.733,0.227,0.227,0.243,0.243
1.449,4.797,-15.725,0.217,0.217,0.244,0.244
1.449,4.977,-15.721,0.233,0.233,0.247,0.247
1.446,5.091,-15.709,0.226,0.226,0.250,0.250
1.444,5.059,-15.697,0.226,0.226,0.233,0.233
1.442,5.059,-15.690,0.218,0.218,0.256,0.256
1.445,5.059,-15.703,0.227,0.227,0.262,0.262
1.445,5.222,-15.705,0.227,0.227,0.255,0.255
1.444,5.271,-15.699,0.208,0.208,0.246,0.246
1.443,5.124,-15.693,0.230,0.230,0.256,0.256
1.442,5.042,-15.685,0.209,0.209,0.250,0.250
1.439,5.026,-15.671,0.223,0.223,0.261,0.261
1.438,5.042,-15.669,0.211,0.211,0.252,0.252
1.438,5.026,-15.665,0.232,0.232,0.256,0.256
1.436,5.091,-15.658,0.208,0.208,0.259,0.259
1.435,5.287,-15.653,0.215,0.215,0.243,0.243
1.435,5.679,-15.652,0.208,0.208,0.259,0.259
1.432,5.809,-15.634,0.226,0.226,0.252,0.252
1.430,5.875,-15.625,0.201,0.201,0.252,0.252
1.431,5.777,-15.630,0.229,0.229,0.249,0.249
1.433,5.613,-15.641,0.206,0.206,0.250,0.250
1.433,5.516,-15.639,0.224,0.224,0.247,0.247
1.431,5.499,-15.631,0.206,0.206,0.246,0.246
1.429,5.532,-15.618,0.235,0.235,0.252,0.252
1.428,5.548,-15.611,0.214,0.214,0.258,0.258
1.427,5.760,-15.605,0.230,0.230,0.249,0.249
1.425,5.972,-15.597,0.224,0.224,0.255,0.255
1.425,6.038,-15.592,0.243,0.243,0.259,0.259
1.423,5.842,-15.584,0.235,0.235,0.295,0.295
1.423,5.613,-15.585,0.247,0.247,0.270,0.270
1.420,5.483,-15.569,0.238,0.238,0.264,0.264
1.418,5.499,-15.553,0.255,0.255,0.269,0.269
1.416,5.532,-15.543,0.237,0.237,0.275,0.275
1.419,5.548,-15.562,0.249,0.249,0.266,0.266
1.419,5.516,-15.564,0.238,0.238,0.273,0.273
1.419,5.516,-15.564,0.229,0.229,0.261,0.261
1.419,5.548,-15.559,0.238,0.238,0.270,0.270
1.416,5.581,-15.546,0.235,0.235,0.276,0.276
1.415,5.728,-15.537,0.224,0.224,0.262,0.262
1.413,5.777,-15.531,0.230,0.230,0.258,0.258
1.413,5.646,-15.527,0.233,0.233,0.258,0.258
1.412,5.532,-15.520,0.218,0.218,0.258,0.258
1.411,5.516,-15.516,0.233,0.233,0.243,0.243
1.409,5.532,-15.508,0.218,0.218,0.255,0.255
1.406,5.597,-15.489,0.227,0.227,0.258,0.258
1.403,5.760,-15.469,0.212,0.212,0.250,0.250
1.405,5.972,-15.481,0.235,0.235,0.246,0.246
1.407,6.070,-15.496,0.217,0.217,0.246,0.246
1.406,5.858,-15.488,0.227,0.227,0.255,0.255
1.405,5.646,-15.485,0.221,0.221,0.235,0.235
1.404,5.499,-15.478,0.235,0.235,0.250,0.250
1.402,5.287,-15.469,0.218,0.218,0.249,0.249
1.401,5.091,-15.461,0.237,0.237,0.249,0.249
1.400,4.830,-15.459,0.221,0.221,0.252,0.252
1.400,4.569,-15.458,0.241,0.241,0.241,0.241
1.399,4.340,-15.453,0.218,0.218,0.255,0.255
1.397,4.340,-15.445,0.246,0.246,0.258,0.258
1.394,4.504,-15.431,0.227,0.227,0.243,0.243
1.391,4.553,-15.419,0.243,0.243,0.252,0.252
1.394,4.634,-15.429,0.224,0.224,0.258,0.258
1.395,4.585,-15.438,0.261,0.261,0.252,0.252
1.395,4.585,-15.438,0.230,0.230,0.264,0.264
1.394,4.569,-15.430,0.249,0.249,0.249,0.249
1.391,4.569,-15.417,0.233,0.233,0.253,0.253
1.390,4.569,-15.411,0.240,0.240,0.250,0.250
1.388,4.585,-15.406,0.224,0.224,0.255,0.255
1.388,4.765,-15.403,0.227,0.227,0.246,0.246
1.387,4.977,-15.400,0.214,0.214,0.246,0.246
1.387,5.075,-15.400,0.220,0.220,0.240,0.240
1.385,5.075,-15.390,0.209,0.209,0.232,0.232
1.383,4.830,-15.378,0.215,0.215,0.227,0.227
1.380,4.406,-15.365,0.217,0.217,0.233,0.233
1.380,4.063,-15.365,0.211,0.211,0.230,0.230
1.380,3.786,-15.365,0.217,0.217,0.243,0.243
1.383,3.606,-15.374,0.212,0.212,0.233,0.233
1.381,3.557,-15.371,0.217,0.217,0.214,0.214
1.380,3.524,-15.364,0.198,0.198,0.233,0.233
1.378,3.361,-15.360,0.227,0.227,0.246,0.246
1.377,3.361,-15.355,0.212,0.212,0.238,0.238
1.376,3.280,-15.350,0.224,0.224,0.237,0.237
1.375,3.133,-15.348,0.214,0.214,0.233,0.233
1.374,3.051,-15.345,0.233,0.233,0.243,0.243
1.372,2.888,-15.340,0.218,0.218,0.246,0.246
1.370,2.594,-15.334,0.229,0.229,0.240,0.240
1.368,2.578,-15.329,0.218,0.218,0.250,0.250
1.368,2.790,-15.330,0.237,0.237,0.247,0.247
1.370,3.068,-15.334,0.223,0.223,0.247,0.247
1.371,3.378,-15.337,0.235,0.235,0.273,0.273
1.370,3.753,-15.334,0.221,0.221,0.253,0.253
1.368,4.047,-15.326,0.237,0.237,0.249,0.249
1.366,4.112,-15.318,0.218,0.218,0.246,0.246
1.365,4.096,-15.313,0.250,0.250,0.246,0.246
1.363,4.096,-15.306,0.224,0.224,0.253,0.253
1.363,4.047,-15.306,0.233,0.233,0.249,0.249
1.361,4.047,-15.300,0.217,0.217,0.243,0.243
1.360,3.818,-15.294,0.226,0.226,0.246,0.246
1.358,3.606,-15.287,0.215,0.215,0.255,0.255
1.355,3.345,-15.278,0.220,0.220,0.249,0.249
1.354,3.100,-15.274,0.227,0.227,0.249,0.249
1.358,3.019,-15.286,0.220,0.220,0.229,0.229
1.358,2.839,-15.287,0.221,0.221,0.244,0.244
1.358,2.660,-15.285,0.215,0.215,0.253,0.253
1.356,2.578,-15.280,0.221,0.221,0.250,0.250
1.353,2.333,-15.274,0.217,0.217,0.252,0.252
1.352,1.925,-15.272,0.221,0.221,0.249,0.249
1.351,1.631,-15.270,0.223,0.223,0.250,0.250
1.351,1.566,-15.269,0.233,0.233,0.267,0.267
1.350,1.795,-15.267,0.221,0.221,0.255,0.255
1.349,2.056,-15.266,0.247,0.247,0.282,0.282
1.347,2.170,-15.262,0.237,0.237,0.272,0.272
1.344,2.366,-15.256,0.244,0.244,0.270,0.270
1.342,2.594,-15.251,0.240,0.240,0.270,0.270
1.342,2.872,-15.249,0.243,0.243,0.273,0.273
1.346,3.035,-15.260,0.224,0.224,0.253,0.253
1.345,3.133,-15.260,0.237,0.237,0.272,0.272
1.343,2.921,-15.252,0.221,0.221,0.276,0.276
1.341,2.643,-15.246,0.233,0.233,0.267,0.267
1.341,2.317,-15.246,0.218,0.218,0.264,0.264
1.340,1.958,-15.244,0.244,0.244,0.270,0.270
1.338,1.844,-15.242,0.221,0.221,0.264,0.264
1.338,1.746,-15.241,0.238,0.238,0.258,0.258
1.337,1.648,-15.239,0.220,0.220,0.256,0.256
1.335,1.370,-15.236,0.238,0.238,0.253,0.253
1.332,0.930,-15.232,0.220,0.220,0.256,0.256
1.330,0.685,-15.231,0.233,0.233,0.252,0.252
1.332,0.783,-15.233,0.221,0.221,0.259,0.259
1.333,1.028,-15.233,0.238,0.238,0.252,0.252
1.333,1.174,-15.233,0.221,0.221,0.264,0.264
1.330,1.370,-15.230,0.244,0.244,0.255,0.255
1.329,1.566,-15.228,0.229,0.229,0.246,0.246
1.328,1.860,-15.226,0.240,0.240,0.250,0.250
1.327,2.268,-15.223,0.230,0.230,0.250,0.250
1.326,2.611,-15.221,0.243,0.243,0.252,0.252
1.326,2.855,-15.222,0.227,0.227,0.258,0.258
1.325,3.084,-15.218,0.227,0.227,0.253,0.253
1.323,3.312,-15.211,0.237,0.237,0.252,0.252
1.320,3.312,-15.202,0.235,0.235,0.249,0.249
1.319,3.182,-15.199,0.233,0.233,0.258,0.258
1.320,3.084,-15.202,0.246,0.246,0.255,0.255
1.321,3.068,-15.206,0.240,0.240,0.252,0.252
1.320,3.263,-15.201,0.235,0.235,0.261,0.261
1.318,3.557,-15.197,0.237,0.237,0.259,0.259
1.317,3.590,-15.191,0.229,0.229,0.255,0.255
1.316,3.165,-15.189,0.233,0.233,0.256,0.256
1.315,2.480,-15.185,0.214,0.214,0.269,0.269
1.314,1.664,-15.183,0.230,0.230,0.250,0.250
1.312,1.142,-15.181,0.212,0.212,0.249,0.249
1.312,1.011,-15.180,0.215,0.215,0.244,0.244
1.310,1.076,-15.178,0.198,0.198,0.237,0.237
1.308,1.142,-15.176,0.223,0.223,0.237,0.237
1.307,1.305,-15.175,0.201,0.201,0.230,0.230
1.307,1.305,-15.175,0.217,0.217,0.212,0.212
1.307,1.223,-15.175,0.209,0.209,0.233,0.233
1.308,1.125,-15.176,0.224,0.224,0.249,0.249
1.308,1.305,-15.176,0.204,0.204,0.235,0.235
1.305,1.338,-15.173,0.224,0.224,0.235,0.235
1.304,1.207,-15.171,0.217,0.217,0.238,0.238
1.303,1.142,-15.169,0.233,0.233,0.235,0.235
1.301,1.093,-15.168,0.221,0.221,0.237,0.237
1.301,1.109,-15.167,0.238,0.238,0.243,0.243
1.300,1.387,-15.166,0.227,0.227,0.252,0.252
1.299,1.762,-15.164,0.232,0.232,0.240,0.240
1.297,2.284,-15.161,0.218,0.218,0.255,0.255
1.295,2.611,-15.155,0.230,0.230,0.267,0.267
1.292,2.676,-15.148,0.226,0.226,0.256,0.256
1.292,2.594,-15.149,0.221,0.221,0.244,0.244
1.296,2.382,-15.159,0.223,0.223,0.250,0.250
1.295,1.974,-15.157,0.226,0.226,0.252,0.252
1.293,1.631,-15.154,0.224,0.224,0.253,0.253
1.292,1.566,-15.152,0.220,0.220,0.250,0.250
1.291,1.762,-15.149,0.229,0.229,0.247,0.247
1.289,1.827,-15.146,0.215,0.215,0.249,0.249
1.289,1.729,-15.146,0.221,0.221,0.249,0.249
1.288,1.615,-15.144,0.214,0.214,0.247,0.247
1.287,1.615,-15.142,0.226,0.226,0.247,0.247
1.285,1.550,-15.140,0.212,0.212,0.250,0.250
1.282,1.631,-15.135,0.224,0.224,0.246,0.246
1.280,1.615,-15.132,0.209,0.209,0.244,0.244
1.279,1.631,-15.130,0.229,0.229,0.247,0.247
1.283,1.631,-15.137,0.201,0.201,0.258,0.258
1.282,1.631,-15.135,0.230,0.230,0.243,0.243
1.281,1.631,-15.133,0.208,0.208,0.246,0.246
1.279,1.615,-15.130,0.227,0.227,0.237,0.237
1.279,1.860,-15.130,0.209,0.209,0.252,0.252
1.277,2.007,-15.126,0.237,0.237,0.243,0.243
1.277,1.958,-15.125,0.212,0.212,0.255,0.255
1.275,1.697,-15.123,0.238,0.238,0.258,0.258
1.275,1.566,-15.122,0.235,0.235,0.259,0.259
1.274,1.533,-15.120,0.250,0.250,0.267,0.267
1.271,1.615,-15.116,0.238,0.238,0.262,0.262
1.268,1.615,-15.111,0.255,0.255,0.275,0.275
1.266,1.599,-15.109,0.238,0.238,0.259,0.259
1.269,1.370,-15.113,0.247,0.247,0.272,0.272
1.269,0.962,-15.113,0.240,0.240,0.281,0.281
1.270,0.440,-15.113,0.240,0.240,0.276,0.276
1.268,0.163,-15.113,0.233,0.233,0.267,0.267
1.267,0.048,-15.113,0.238,0.238,0.255,0.255
1.264,0.163,-15.112,0.235,0.235,0.270,0.270
1.263,0.358,-15.112,0.241,0.241,0.256,0.256
1.263,0.571,-15.112,0.223,0.223,0.269,0.269
1.263,0.456,-15.112,0.226,0.226,0.264,0.264
1.262,0.260,-15.112,0.224,0.224,0.264,0.264
1.260,0.130,-15.111,0.223,0.223,0.256,0.256
1.257,0.342,-15.111,0.230,0.230,0.282,0.282
1.256,0.799,-15.110,0.220,0.220,0.253,0.253
1.255,1.321,-15.109,0.227,0.227,0.253,0.253
1.259,1.631,-15.115,0.217,0.217,0.255,0.255
1.258,1.909,-15.114,0.232,0.232,0.258,0.258
1.256,2.088,-15.110,0.218,0.218,0.255,0.255
1.255,2.186,-15.107,0.230,0.230,0.256,0.256
1.253,2.137,-15.102,0.218,0.218,0.258,0.258
1.252,2.121,-15.100,0.230,0.230,0.247,0.247
1.250,2.105,-15.096,0.215,0.215,0.252,0.252
1.250,2.121,-15.096,0.232,0.232,0.255,0.255
1.249,2.105,-15.095,0.224,0.224,0.253,0.253
1.247,2.121,-15.090,0.238,0.238,0.253,0.253
1.245,2.105,-15.085,0.227,0.227,0.255,0.255
1.242,1.892,-15.081,0.244,0.244,0.252,0.252
1.244,1.452,-15.084,0.235,0.235,0.256,0.256
1.246,1.125,-15.087,0.252,0.252,0.258,0.258
1.246,0.848,-15.086,0.229,0.229,0.255,0.255
1.245,0.636,-15.085,0.250,0.250,0.249,0.249
1.241,0.407,-15.084,0.232,0.232,0.243,0.243
1.241,0.228,-15.083,0.240,0.240,0.255,0.255
1.240,0.342,-15.083,0.230,0.230,0.261,0.261
1.239,0.766,-15.082,0.243,0.243,0.249,0.249
1.238,1.289,-15.082,0.221,0.221,0.244,0.244
1.236,1.664,-15.079,0.237,0.237,0.240,0.240
1.236,1.909,-15.079,0.209,0.209,0.227,0.227
1.234,2.072,-15.074,0.218,0.218,0.237,0.237
1.230,2.121,-15.066,0.209,0.209,0.224,0.224
1.229,2.154,-15.063,0.220,0.220,0.241,0.241
1.232,2.105,-15.070,0.211,0.211,0.244,0.244
1.232,2.121,-15.071,0.217,0.217,0.240,0.240
1.233,2.349,-15.073,0.217,0.217,0.240,0.240
1.231,2.545,-15.067,0.212,0.212,0.243,0.243
1.229,2.643,-15.064,0.226,0.226,0.214,0.214
1.228,2.643,-15.060,0.209,0.209,0.233,0.233
1.227,2.643,-15.057,0.243,0.243,0.250,0.250
1.226,2.855,-15.054,0.218,0.218,0.243,0.243
1.225,3.198,-15.052,0.230,0.230,0.237,0.237
1.224,3.312,-15.048,0.209,0.209,0.238,0.238
1.222,2.806,-15.041,0.238,0.238,0.246,0.246
1.218,2.072,-15.033,0.211,0.211,0.243,0.243
1.217,1.811,-15.031,0.237,0.237,0.244,0.244
1.218,1.974,-15.032,0.224,0.224,0.252,0.252
1.221,2.333,-15.038,0.243,0.243,0.243,0.243
1.220,2.562,-15.035,0.224,0.224,0.258,0.258
1.219,2.692,-15.033,0.233,0.233,0.266,0.266
1.216,2.611,-15.025,0.218,0.218,0.252,0.252
1.216,2.398,-15.025,0.235,0.235,0.246,0.246
1.215,1.941,-15.023,0.214,0.214,0.255,0.255
1.213,1.664,-15.021,0.235,0.235,0.253,0.253
1.213,1.550,-15.020,0.221,0.221,0.258,0.258
1.212,1.566,-15.019,0.229,0.229,0.250,0.250
1.210,1.648,-15.016,0.209,0.209,0.243,0.243
1.207,1.811,-15.010,0.233,0.233,0.243,0.243
1.205,1.811,-15.007,0.223,0.223,0.256,0.256
1.203,1.501,-15.004,0.224,0.224,0.249,0.249
1.208,1.011,-15.010,0.217,0.217,0.255,0.255
1.208,0.652,-15.009,0.215,0.215,0.249,0.249
1.207,0.587,-15.009,0.209,0.209,0.252,0.252
1.205,0.799,-15.008,0.214,0.214,0.247,0.247
1.203,1.044,-15.006,0.223,0.223,0.253,0.253
1.202,0.962,-15.005,0.221,0.221,0.255,0.255
1.200,0.701,-15.003,0.224,0.224,0.258,0.258
1.200,0.424,-15.003,0.223,0.223,0.262,0.262
1.201,0.375,-15.003,0.241,0.241,0.262,0.262
1.199,0.538,-15.003,0.224,0.224,0.282,0.282
1.197,0.652,-15.002,0.244,0.244,0.287,0.287
1.194,0.620,-14.999,0.227,0.227,0.275,0.275
1.192,0.456,-14.999,0.235,0.235,0.266,0.266
1.192,0.114,-14.998,0.233,0.233,0.269,0.269
1.195,-0.229,-14.998,0.246,0.246,0.269,0.269
1.195,-0.360,-14.998,0.232,0.232,0.267,0.267
1.192,-0.294,-14.999,0.240,0.240,0.256,0.256
1.191,0.016,-14.999,0.227,0.227,0.275,0.275
1.190,0.195,-14.999,0.240,0.240,0.273,0.273
1.188,0.179,-14.999,0.221,0.221,0.264,0.264
1.188,0.179,-14.999,0.238,0.238,0.287,0.287
1.186,0.146,-14.999,0.221,0.221,0.261,0.261
1.186,0.163,-14.999,0.227,0.227,0.258,0.258
1.185,0.065,-14.998,0.224,0.224,0.252,0.252
1.181,-0.164,-14.999,0.238,0.238,0.253,0.253
1.181,-0.360,-14.999,0.217,0.217,0.253,0.253
1.180,-0.588,-14.999,0.246,0.246,0.255,0.255
1.183,-0.768,-14.997,0.223,0.223,0.229,0.229
1.182,-0.833,-14.998,0.241,0.241,0.249,0.249
1.180,-0.588,-14.999,0.218,0.218,0.269,0.269
1.179,-0.343,-15.000,0.246,0.246,0.250,0.250
1.177,0.048,-15.000,0.224,0.224,0.255,0.255
1.176,0.228,-15.000,0.237,0.237,0.237,0.237
1.175,0.391,-15.000,0.229,0.229,0.256,0.256
1.175,0.620,-14.999,0.243,0.243,0.264,0.264
1.174,0.864,-14.999,0.230,0.230,0.261,0.261
1.171,1.093,-14.996,0.240,0.240,0.256,0.256
1.168,1.158,-14.993,0.240,0.240,0.258,0.258
1.167,1.174,-14.991,0.237,0.237,0.261,0.261
1.170,1.321,-14.995,0.230,0.230,0.278,0.278
1.171,1.305,-14.996,0.238,0.238,0.259,0.259
1.170,1.011,-14.995,0.238,0.238,0.255,0.255
1.170,0.489,-14.995,0.232,0.232,0.252,0.252
1.167,0.130,-14.994,0.235,0.235,0.256,0.256
1.166,0.065,-14.994,0.230,0.230,0.253,0.253
1.165,0.114,-14.994,0.240,0.240,0.256,0.256
1.164,0.081,-14.994,0.218,0.218,0.249,0.249
1.163,-0.180,-14.994,0.224,0.224,0.247,0.247
1.161,-0.311,-14.994,0.220,0.220,0.247,0.247
1.160,-0.278,-14.995,0.218,0.218,0.229,0.229
1.157,-0.001,-14.995,0.203,0.203,0.229,0.229
1.155,0.424,-14.995,0.223,0.223,0.226,0.226
1.154,0.832,-14.994,0.204,0.204,0.227,0.227
1.156,1.338,-14.996,0.218,0.218,0.226,0.226
1.158,1.844,-14.999,0.209,0.209,0.241,0.241
1.156,2.349,-14.995,0.238,0.238,0.230,0.230
1.155,2.839,-14.992,0.215,0.215,0.237,0.237
1.155,3.084,-14.992,0.237,0.237,0.232,0.232
1.153,3.149,-14.985,0.221,0.221,0.253,0.253
1.153,3.312,-14.985,0.232,0.232,0.243,0.243
1.150,3.280,-14.978,0.224,0.224,0.249,0.249
1.150,2.970,-14.978,0.237,0.237,0.249,0.249
1.149,2.415,-14.975,0.224,0.224,0.252,0.252
1.146,2.137,-14.968,0.240,0.240,0.249,0.249
1.143,2.039,-14.962,0.227,0.227,0.253,0.253
1.144,2.088,-14.963,0.238,0.238,0.233,0.233
1.146,2.088,-14.968,0.235,0.235,0.253,0.253
1.146,1.860,-14.968,0.224,0.224,0.264,0.264
1.144,1.256,-14.965,0.233,0.233,0.255,0.255
1.143,0.734,-14.964,0.221,0.221,0.250,0.250
1.141,0.522,-14.962,0.230,0.230,0.246,0.246
1.140,0.603,-14.962,0.218,0.218,0.249,0.249
1.139,0.815,-14.961,0.233,0.233,0.256,0.256
1.138,0.881,-14.960,0.218,0.218,0.252,0.252
1.138,0.701,-14.960,0.221,0.221,0.249,0.249
1.137,0.424,-14.960,0.224,0.224,0.252,0.252
1.133,0.097,-14.959,0.232,0.232,0.244,0.244
1.131,-0.229,-14.959,0.215,0.215,0.250,0.250
1.130,-0.343,-14.959,0.221,0.221,0.249,0.249
1.133,-0.360,-14.958,0.212,0.212,0.249,0.249
1.134,-0.327,-14.958,0.224,0.224,0.247,0.247
1.132,-0.523,-14.959,0.206,0.206,0.246,0.246
1.131,-0.735,-14.959,0.230,0.230,0.253,0.253
1.129,-0.882,-14.961,0.209,0.209,0.250,0.250
1.127,-1.061,-14.963,0.237,0.237,0.261,0.261
1.126,-1.241,-14.964,0.212,0.212,0.253,0.253
1.125,-1.323,-14.965,0.249,0.249,0.249,0.249
1.126,-1.372,-14.965,0.223,0.223,0.256,0.256
1.123,-1.502,-14.968,0.246,0.246,0.256,0.256
1.122,-1.943,-14.970,0.238,0.238,0.278,0.278
1.120,-2.024,-14.975,0.249,0.249,0.275,0.275
1.118,-1.959,-14.978,0.227,0.227,0.262,0.262
1.120,-1.780,-14.975,0.258,0.258,0.276,0.276
1.119,-1.567,-14.975,0.235,0.235,0.285,0.285
1.121,-1.355,-14.974,0.246,0.246,0.266,0.266
1.119,-1.323,-14.976,0.241,0.241,0.273,0.273
1.117,-1.502,-14.979,0.244,0.244,0.273,0.273
1.115,-1.731,-14.981,0.233,0.233,0.272,0.272
1.114,-1.828,-14.983,0.237,0.237,0.266,0.266
1.114,-1.584,-14.984,0.237,0.237,0.272,0.272
1.112,-1.176,-14.986,0.229,0.229,0.270,0.270
1.112,-1.045,-14.987,0.223,0.223,0.264,0.264
1.111,-1.143,-14.988,0.237,0.237,0.258,0.258
1.108,-1.110,-14.991,0.233,0.233,0.282,0.282
1.105,-0.882,-14.994,0.227,0.227,0.256,0.256
1.105,-0.833,-14.994,0.232,0.232,0.253,0.253
1.107,-0.980,-14.992,0.230,0.230,0.259,0.259
1.109,-1.274,-14.990,0.232,0.232,0.261,0.261
1.107,-1.323,-14.993,0.221,0.221,0.255,0.255
1.104,-1.143,-14.996,0.235,0.235,0.255,0.255
1.103,-0.849,-14.997,0.224,0.224,0.258,0.258
1.102,-0.800,-14.998,0.221,0.221,0.255,0.255
1.102,-0.784,-14.998,0.224,0.224,0.252,0.252
1.100,-1.012,-15.000,0.240,0.240,0.255,0.255
1.100,-1.225,-15.000,0.221,0.221,0.262,0.262
1.098,-1.159,-15.002,0.243,0.243,0.256,0.256
1.095,-0.931,-15.005,0.227,0.227,0.259,0.259
1.093,-0.784,-15.007,0.243,0.243,0.247,0.247
1.095,-0.768,-15.005,0.221,0.221,0.249,0.249
1.096,-0.784,-15.004,0.249,0.249,0.253,0.253
1.095,-0.588,-15.005,0.227,0.227,0.258,0.258
1.094,-0.392,-15.006,0.253,0.253,0.259,0.259
1.092,-0.278,-15.006,0.230,0.230,0.255,0.255
1.090,-0.213,-15.007,0.252,0.252,0.256,0.256
1.089,-0.017,-15.007,0.230,0.230,0.249,0.249
1.090,0.212,-15.007,0.240,0.240,0.255,0.255
1.088,0.391,-15.006,0.229,0.229,0.258,0.258
1.088,0.620,-15.006,0.238,0.238,0.247,0.247
1.086,0.864,-15.005,0.209,0.209,0.247,0.247
1.084,1.109,-15.003,0.224,0.224,0.229,0.229
1.082,1.387,-15.001,0.218,0.218,0.246,0.246
1.081,1.582,-14.999,0.217,0.217,0.218,0.218
1.083,1.648,-15.002,0.217,0.217,0.237,0.237
1.083,1.631,-15.002,0.223,0.223,0.237,0.237
1.082,1.599,-15.000,0.223,0.223,0.253,0.253
1.080,1.582,-14.998,0.220,0.220,0.237,0.237
1.079,1.582,-14.996,0.220,0.220,0.243,0.243
1.077,1.403,-14.993,0.218,0.218,0.240,0.240
1.076,1.207,-14.992,0.224,0.224,0.232,0.232
1.075,1.028,-14.991,0.204,0.204,0.244,0.244
1.075,0.881,-14.990,0.235,0.235,0.244,0.244
1.073,0.668,-14.989,0.215,0.215,0.246,0.246
1.073,0.375,-14.989,0.237,0.237,0.246,0.246
1.070,0.179,-14.988,0.214,0.214,0.269,0.269
1.068,0.130,-14.988,0.246,0.246,0.252,0.252
1.070,0.163,-14.988,0.215,0.215,0.252,0.252
1.071,0.326,-14.989,0.243,0.243,0.249,0.249
1.069,0.587,-14.988,0.224,0.224,0.252,0.252
1.068,0.685,-14.987,0.241,0.241,0.255,0.255
1.067,0.881,-14.986,0.220,0.220,0.255,0.255
1.065,1.044,-14.984,0.243,0.243,0.267,0.267
1.064,1.158,-14.983,0.226,0.226,0.250,0.250
1.063,1.354,-14.982,0.240,0.240,0.249,0.249
1.063,1.533,-14.981,0.221,0.221,0.247,0.247
1.059,1.648,-14.976,0.243,0.243,0.250,0.250
1.058,1.648,-14.974,0.230,0.230,0.255,0.255
1.057,1.599,-14.972,0.237,0.237,0.246,0.246
1.059,1.599,-14.975,0.227,0.227,0.249,0.249
1.060,1.566,-14.977,0.230,0.230,0.249,0.249
1.060,1.370,-14.976,0.224,0.224,0.258,0.258
1.057,0.979,-14.973,0.217,0.217,0.255,0.255
1.056,0.358,-14.972,0.221,0.221,0.250,0.250
1.054,-0.409,-14.972,0.215,0.215,0.244,0.244
1.053,-1.045,-14.973,0.214,0.214,0.250,0.250
1.052,-1.404,-14.974,0.226,0.226,0.252,0.252
1.052,-1.600,-14.975,0.224,0.224,0.258,0.258
1.051,-1.731,-14.976,0.232,0.232,0.259,0.259
1.050,-1.649,-14.978,0.237,0.237,0.258,0.258
1.047,-1.600,-14.982,0.223,0.223,0.264,0.264
1.046,-1.731,-14.984,0.241,0.241,0.273,0.273
1.045,-1.828,-14.986,0.220,0.220,0.273,0.273
1.046,-1.894,-14.985,0.246,0.246,0.276,0.276
1.046,-1.763,-14.985,0.237,0.237,0.273,0.273
1.044,-1.828,-14.987,0.229,0.229,0.279,0.279
1.044,-1.780,-14.987,0.226,0.226,0.267,0.267
1.042,-1.633,-14.991,0.250,0.250,0.281,0.281
1.042,-1.355,-14.991,0.224,0.224,0.298,0.298
1.041,-1.061,-14.993,0.243,0.243,0.267,0.267
1.039,-0.817,-14.994,0.218,0.218,0.262,0.262
1.038,-0.833,-14.995,0.237,0.237,0.266,0.266
1.037,-0.980,-14.996,0.212,0.212,0.266,0.266
1.036,-1.274,-14.997,0.244,0.244,0.267,0.267
1.034,-1.567,-15.000,0.218,0.218,0.266,0.266
1.032,-1.780,-15.003,0.237,0.237,0.238,0.238
1.033,-1.845,-15.002,0.224,0.224,0.258,0.258
1.034,-1.812,-14.999,0.240,0.240,0.262,0.262
1.033,-1.845,-15.002,0.217,0.217,0.259,0.259
1.031,-1.763,-15.005,0.237,0.237,0.252,0.252
1.029,-1.845,-15.009,0.224,0.224,0.252,0.252
1.028,-1.975,-15.011,0.243,0.243,0.261,0.261
1.028,-2.236,-15.012,0.224,0.224,0.256,0.256
1.028,-2.318,-15.012,0.243,0.243,0.250,0.250
1.027,-2.285,-15.013,0.226,0.226,0.256,0.256
1.025,-2.073,-15.016,0.240,0.240,0.255,0.255
1.023,-1.633,-15.021,0.235,0.235,0.258,0.258
1.020,-1.078,-15.025,0.246,0.246,0.275,0.275
1.021,-0.572,-15.024,0.237,0.237,0.259,0.259
1.022,-0.294,-15.023,0.233,0.233,0.255,0.255
1.022,-0.245,-15.024,0.238,0.238,0.256,0.256
1.021,-0.278,-15.024,0.235,0.235,0.262,0.262
1.020,-0.213,-15.024,0.233,0.233,0.262,0.262
1.017,-0.001,-15.024,0.238,0.238,0.259,0.259
1.017,0.163,-15.024,0.246,0.246,0.252,0.252
1.016,0.179,-15.024,0.230,0.230,0.255,0.255
1.015,0.146,-15.024,0.241,0.241,0.258,0.258
1.014,0.097,-15.024,0.223,0.223,0.258,0.258
1.012,0.146,-15.024,0.237,0.237,0.255,0.255
1.010,0.375,-15.023,0.209,0.209,0.232,0.232
1.009,0.554,-15.023,0.229,0.229,0.244,0.244
1.009,0.652,-15.022,0.206,0.206,0.224,0.224
1.008,0.897,-15.022,0.220,0.220,0.233,0.233
1.010,1.028,-15.024,0.195,0.195,0.237,0.237
1.009,1.142,-15.023,0.232,0.232,0.235,0.235
1.007,1.142,-15.020,0.211,0.211,0.230,0.230
1.005,1.174,-15.018,0.224,0.224,0.264,0.264
1.005,1.321,-15.017,0.220,0.220,0.237,0.237
1.004,1.550,-15.016,0.232,0.232,0.233,0.233
1.003,1.631,-15.015,0.218,0.218,0.241,0.241
1.002,1.811,-15.013,0.224,0.224,0.233,0.233
1.001,1.844,-15.012,0.223,0.223,0.247,0.247
1.000,1.697,-15.009,0.226,0.226,0.250,0.250
0.996,1.599,-15.003,0.227,0.227,0.237,0.237
0.994,1.550,-15.000,0.224,0.224,0.246,0.246
0.994,1.370,-15.000,0.233,0.233,0.255,0.255
0.997,1.174,-15.004,0.229,0.229,0.246,0.246
0.997,1.076,-15.004,0.221,0.221,0.252,0.252
0.995,1.093,-15.002,0.233,0.233,0.243,0.243
0.994,1.125,-15.000,0.229,0.229,0.255,0.255
0.993,1.142,-15.000,0.218,0.218,0.249,0.249
0.991,1.125,-14.998,0.232,0.232,0.252,0.252
0.991,1.109,-14.997,0.206,0.206,0.258,0.258
0.990,0.897,-14.996,0.230,0.230,0.250,0.250
0.989,0.913,-14.995,0.209,0.209,0.252,0.252
0.987,1.011,-14.993,0.237,0.237,0.255,0.255
0.985,1.142,-14.991,0.212,0.212,0.253,0.253
0.982,1.142,-14.988,0.233,0.233,0.255,0.255
0.982,1.142,-14.988,0.215,0.215,0.252,0.252
0.985,1.093,-14.991,0.237,0.237,0.244,0.244
0.984,1.125,-14.990,0.212,0.212,0.246,0.246
0.982,1.076,-14.988,0.226,0.226,0.246,0.246
0.981,0.881,-14.986,0.217,0.217,0.267,0.267
0.980,0.489,-14.986,0.235,0.235,0.243,0.243
0.980,0.195,-14.986,0.208,0.208,0.247,0.247
0.979,0.048,-14.986,0.240,0.240,0.246,0.246
0.978,0.130,-14.986,0.218,0.218,0.252,0.252
0.977,0.081,-14.986,0.241,0.241,0.253,0.253
0.976,-0.148,-14.986,0.227,0.227,0.255,0.255
0.972,-0.327,-14.986,0.247,0.247,0.278,0.278
0.970,-0.343,-14.987,0.240,0.240,0.259,0.259
0.970,-0.588,-14.987,0.241,0.241,0.267,0.267
0.972,-0.915,-14.986,0.246,0.246,0.279,0.279
0.972,-1.274,-14.985,0.247,0.247,0.284,0.284
0.971,-1.567,-14.987,0.240,0.240,0.278,0.278
0.970,-1.796,-14.989,0.249,0.249,0.270,0.270
0.967,-2.057,-14.995,0.240,0.240,0.258,0.258
0.967,-2.236,-14.995,0.246,0.246,0.273,0.273
0.965,-2.334,-14.999,0.240,0.240,0.276,0.276
0.964,-2.285,-15.000,0.235,0.235,0.276,0.276
0.965,-2.073,-15.000,0.237,0.237,0.273,0.273
0.963,-1.812,-15.003,0.224,0.224,0.264,0.264
0.961,-1.551,-15.007,0.238,0.238,0.266,0.266
0.959,-1.127,-15.010,0.227,0.227,0.244,0.244
0.957,-0.817,-15.011,0.230,0.230,0.261,0.261
0.960,-0.556,-15.009,0.224,0.224,0.267,0.267
0.960,-0.556,-15.009,0.237,0.237,0.258,0.258
0.959,-0.751,-15.010,0.218,0.218,0.255,0.255
0.957,-1.012,-15.011,0.233,0.233,0.258,0.258
0.956,-1.110,-15.013,0.209,0.209,0.256,0.256
0.955,-1.143,-15.014,0.233,0.233,0.224,0.224
0.953,-1.437,-15.016,0.218,0.218,0.253,0.253
0.953,-1.763,-15.017,0.240,0.240,0.267,0.267
0.951,-1.877,-15.019,0.214,0.214,0.256,0.256
0.951,-1.877,-15.021,0.237,0.237,0.255,0.255
0.948,-2.024,-15.025,0.220,0.220,0.256,0.256
0.946,-2.253,-15.031,0.241,0.241,0.256,0.256
0.944,-2.318,-15.034,0.232,0.232,0.255,0.255
0.945,-2.318,-15.031,0.233,0.233,0.259,0.259
0.949,-2.285,-15.024,0.240,0.240,0.262,0.262
0.948,-2.253,-15.026,0.243,0.243,0.261,0.261
0.945,-2.057,-15.032,0.227,0.227,0.264,0.264
0.944,-1.404,-15.034,0.244,0.244,0.250,0.250
0.942,-0.653,-15.035,0.237,0.237,0.267,0.267
0.941,0.048,-15.036,0.241,0.241,0.262,0.262
0.941,0.505,-15.036,0.229,0.229,0.256,0.256
0.940,0.864,-15.035,0.246,0.246,0.258,0.258
0.939,1.109,-15.034,0.230,0.230,0.261,0.261
0.936,1.354,-15.031,0.226,0.226,0.252,0.252
0.934,1.566,-15.028,0.230,0.230,0.267,0.267
0.932,1.631,-15.024,0.208,0.208,0.252,0.252
0.935,1.631,-15.029,0.214,0.214,0.244,0.244
0.935,1.599,-15.029,0.198,0.198,0.238,0.238
0.934,1.599,-15.027,0.215,0.215,0.233,0.233
0.933,1.631,-15.025,0.200,0.200,0.237,0.237
0.933,1.582,-15.026,0.212,0.212,0.233,0.233
0.931,1.403,-15.022,0.203,0.203,0.230,0.230
0.929,1.158,-15.021,0.229,0.229,0.237,0.237
0.929,0.897,-15.020,0.204,0.204,0.255,0.255
0.927,0.652,-15.019,0.229,0.229,0.235,0.235
0.927,0.603,-15.019,0.212,0.212,0.232,0.232
0.926,0.636,-15.018,0.232,0.232,0.241,0.241
0.923,0.864,-15.016,0.212,0.212,0.249,0.249
0.921,1.044,-15.014,0.233,0.233,0.247,0.247
0.920,0.979,-15.013,0.220,0.220,0.246,0.246
0.922,0.717,-15.015,0.237,0.237,0.250,0.250
0.922,0.620,-15.015,0.220,0.220,0.249,0.249
0.921,0.571,-15.014,0.235,0.235,0.255,0.255
0.919,0.620,-15.013,0.230,0.230,0.273,0.273
0.917,0.652,-15.012,0.232,0.232,0.255,0.255
0.918,0.668,-15.012,0.230,0.230,0.249,0.249
0.916,0.832,-15.011,0.227,0.227,0.252,0.252
0.916,1.044,-15.011,0.229,0.229,0.262,0.262
0.915,1.109,-15.009,0.215,0.215,0.255,0.255
0.914,0.946,-15.009,0.227,0.227,0.253,0.253
0.910,0.668,-15.006,0.212,0.212,0.270,0.270
0.909,0.587,-15.005,0.224,0.224,0.252,0.252
0.908,0.407,-15.004,0.218,0.218,0.244,0.244
0.911,0.097,-15.005,0.227,0.227,0.255,0.255
0.910,-0.213,-15.005,0.217,0.217,0.256,0.256
0.908,-0.588,-15.006,0.218,0.218,0.253,0.253
0.907,-0.800,-15.007,0.209,0.209,0.252,0.252
0.906,-0.866,-15.008,0.215,0.215,0.259,0.259
0.905,-0.621,-15.009,0.198,0.198,0.249,0.249
0.904,-0.376,-15.009,0.218,0.218,0.247,0.247
0.903,-0.474,-15.009,0.206,0.206,0.250,0.250
0.902,-0.490,-15.010,0.227,0.227,0.255,0.255
0.901,-0.409,-15.010,0.204,0.204,0.256,0.256
0.898,-0.278,-15.011,0.249,0.249,0.261,0.261
0.896,-0.196,-15.012,0.224,0.224,0.255,0.255
0.899,0.048,-15.012,0.249,0.249,0.253,0.253
0.896,0.358,-15.011,0.233,0.233,0.282,0.282
0.898,0.620,-15.012,0.255,0.255,0.272,0.272
0.898,0.668,-15.012,0.233,0.233,0.275,0.275
0.896,0.636,-15.011,0.253,0.253,0.272,0.272
0.893,0.424,-15.010,0.235,0.235,0.276,0.276
0.892,0.195,-15.009,0.252,0.252,0.252,0.252
0.891,-0.001,-15.009,0.233,0.233,0.273,0.273
0.891,-0.229,-15.009,0.253,0.253,0.273,0.273
0.890,-0.311,-15.010,0.233,0.233,0.273,0.273
0.889,-0.327,-15.010,0.243,0.243,0.267,0.267
0.887,-0.294,-15.010,0.238,0.238,0.281,0.281
0.883,-0.327,-15.011,0.233,0.233,0.266,0.266
0.881,-0.311,-15.012,0.227,0.227,0.256,0.256
0.885,-0.523,-15.011,0.235,0.235,0.266,0.266
0.886,-0.768,-15.010,0.233,0.233,0.255,0.255
0.886,-1.078,-15.010,0.230,0.230,0.255,0.255
0.884,-1.290,-15.012,0.224,0.224,0.259,0.259
0.883,-1.372,-15.014,0.232,0.232,0.259,0.259
0.881,-1.306,-15.017,0.233,0.233,0.258,0.258
0.881,-1.094,-15.016,0.224,0.224,0.261,0.261
0.878,-0.866,-15.019,0.235,0.235,0.255,0.255
0.878,-0.768,-15.019,0.221,0.221,0.252,0.252
0.877,-0.768,-15.020,0.229,0.229,0.255,0.255
0.876,-0.621,-15.021,0.220,0.220,0.253,0.253
0.871,-0.409,-15.023,0.235,0.235,0.244,0.244
0.869,-0.458,-15.024,0.223,0.223,0.252,0.252
0.873,-0.441,-15.023,0.240,0.240,0.259,0.259
0.873,-0.099,-15.022,0.227,0.227,0.258,0.258
0.872,0.163,-15.022,0.247,0.247,0.258,0.258
0.872,0.244,-15.022,0.220,0.220,0.235,0.235
0.870,0.554,-15.021,0.253,0.253,0.250,0.250
0.869,0.587,-15.021,0.226,0.226,0.259,0.259
0.867,0.309,-15.020,0.256,0.256,0.256,0.256
0.867,0.114,-15.020,0.223,0.223,0.255,0.255
0.865,0.081,-15.020,0.255,0.255,0.258,0.258
0.865,0.163,-15.020,0.229,0.229,0.258,0.258
0.863,0.048,-15.020,0.246,0.246,0.273,0.273
0.861,-0.148,-15.020,0.233,0.233,0.255,0.255
0.857,-0.311,-15.020,0.238,0.238,0.243,0.243
0.859,-0.327,-15.020,0.224,0.224,0.249,0.249
0.859,-0.327,-15.020,0.221,0.221,0.232,0.232
0.860,-0.278,-15.020,0.215,0.215,0.240,0.240
0.860,-0.294,-15.020,0.215,0.215,0.233,0.233
0.857,-0.196,-15.020,0.212,0.212,0.214,0.214
0.856,-0.033,-15.020,0.218,0.218,0.230,0.230
0.855,0.146,-15.020,0.218,0.218,0.249,0.249
0.854,0.244,-15.020,0.211,0.211,0.230,0.230
0.853,0.391,-15.020,0.215,0.215,0.237,0.237
0.853,0.799,-15.020,0.220,0.220,0.230,0.230
0.852,1.109,-15.019,0.227,0.227,0.238,0.238
0.850,0.995,-15.017,0.212,0.212,0.240,0.240
0.847,0.930,-15.014,0.223,0.223,0.246,0.246
0.844,0.815,-15.011,0.206,0.206,0.249,0.249
0.844,0.685,-15.011,0.226,0.226,0.247,0.247
0.849,0.620,-15.014,0.214,0.214,0.249,0.249
0.848,0.620,-15.014,0.233,0.233,0.273,0.273
0.846,0.652,-15.013,0.221,0.221,0.256,0.256
0.843,0.636,-15.011,0.233,0.233,0.250,0.250
0.843,0.636,-15.011,0.220,0.220,0.253,0.253
0.842,0.424,-15.010,0.250,0.250,0.255,0.255
0.840,0.244,-15.010,0.220,0.220,0.246,0.246
0.839,0.048,-15.009,0.229,0.229,0.256,0.256
0.839,-0.213,-15.009,0.221,0.221,0.244,0.244
0.837,-0.539,-15.010,0.235,0.235,0.255,0.255
0.835,-0.784,-15.012,0.221,0.221,0.258,0.258
0.833,-0.849,-15.014,0.227,0.227,0.253,0.253
0.835,-0.817,-15.012,0.224,0.224,0.255,0.255
0.836,-0.588,-15.011,0.224,0.224,0.249,0.249
0.835,-0.360,-15.011,0.221,0.221,0.255,0.255
0.834,-0.262,-15.012,0.223,0.223,0.255,0.255
0.832,-0.245,-15.012,0.226,0.226,0.250,0.250
0.830,-0.294,-15.013,0.215,0.215,0.252,0.252
0.830,-0.294,-15.013,0.217,0.217,0.255,0.255
0.828,-0.294,-15.013,0.212,0.212,0.256,0.256
0.828,-0.311,-15.013,0.220,0.220,0.258,0.258
0.827,-0.311,-15.013,0.208,0.208,0.249,0.249
0.825,-0.311,-15.014,0.229,0.229,0.247,0.247
0.822,-0.441,-15.015,0.220,0.220,0.256,0.256
0.819,-0.196,-15.016,0.224,0.224,0.259,0.259
0.821,0.032,-15.016,0.238,0.238,0.261,0.261
0.823,0.195,-15.016,0.243,0.243,0.273,0.273
0.823,0.065,-15.016,0.232,0.232,0.266,0.266
0.823,-0.360,-15.017,0.240,0.240,0.282,0.282
0.820,-0.751,-15.018,0.233,0.233,0.284,0.284
0.819,-0.915,-15.019,0.249,0.249,0.275,0.275
0.817,-0.817,-15.021,0.218,0.218,0.270,0.270
0.816,-0.817,-15.021,0.249,0.249,0.276,0.276
0.816,-0.800,-15.021,0.220,0.220,0.270,0.270
0.815,-0.817,-15.023,0.247,0.247,0.252,0.252
0.813,-0.817,-15.024,0.223,0.223,0.273,0.273
0.812,-0.800,-15.025,0.246,0.246,0.276,0.276
0.809,-0.784,-15.027,0.220,0.220,0.262,0.262
0.807,-0.523,-15.028,0.238,0.238,0.259,0.259
0.807,-0.066,-15.028,0.218,0.218,0.256,0.256
0.810,0.260,-15.029,0.243,0.243,0.256,0.256
0.809,0.456,-15.028,0.218,0.218,0.256,0.256
0.807,0.815,-15.027,0.249,0.249,0.252,0.252
0.807,1.044,-15.026,0.221,0.221,0.256,0.256
0.805,1.191,-15.025,0.238,0.238,0.256,0.256
0.804,1.142,-15.024,0.230,0.230,0.252,0.252
0.804,1.109,-15.023,0.243,0.243,0.252,0.252
0.802,1.109,-15.022,0.224,0.224,0.258,0.258
0.802,1.109,-15.021,0.232,0.232,0.264,0.264
0.799,1.109,-15.018,0.237,0.237,0.252,0.252
0.796,1.142,-15.015,0.223,0.223,0.253,0.253
0.796,1.354,-15.015,0.226,0.226,0.252,0.252
0.796,1.550,-15.015,0.237,0.237,0.250,0.250
0.798,1.860,-15.018,0.238,0.238,0.267,0.267
0.797,2.056,-15.016,0.233,0.233,0.258,0.258
0.795,2.186,-15.011,0.235,0.235,0.253,0.253
0.794,2.203,-15.009,0.232,0.232,0.258,0.258
0.793,2.333,-15.008,0.235,0.235,0.256,0.256
0.792,2.333,-15.004,0.220,0.220,0.261,0.261
0.791,2.415,-15.002,0.244,0.244,0.258,0.258
0.791,2.562,-15.003,0.227,0.227,0.281,0.281
0.790,2.611,-14.999,0.237,0.237,0.253,0.253
0.789,2.855,-14.996,0.224,0.224,0.249,0.249
0.785,3.019,-14.985,0.241,0.241,0.256,0.256
0.783,2.937,-14.981,0.211,0.211,0.256,0.256
0.782,2.725,-14.978,0.226,0.226,0.246,0.246
0.784,2.562,-14.983,0.206,0.206,0.227,0.227
0.785,2.398,-14.986,0.229,0.229,0.220,0.220
0.785,2.186,-14.984,0.203,0.203,0.230,0.230
0.782,2.088,-14.978,0.229,0.229,0.241,0.241
0.780,1.827,-14.975,0.208,0.208,0.237,0.237
0.779,1.468,-14.973,0.229,0.229,0.241,0.241
0.778,1.158,-14.972,0.209,0.209,0.226,0.226
0.778,0.848,-14.972,0.230,0.230,0.243,0.243
0.777,0.456,-14.972,0.223,0.223,0.226,0.226
0.776,0.195,-14.971,0.235,0.235,0.232,0.232
0.774,-0.001,-14.971,0.224,0.224,0.253,0.253
0.772,-0.099,-14.971,0.229,0.229,0.247,0.247
0.769,-0.017,-14.971,0.223,0.223,0.252,0.252
0.773,-0.001,-14.971,0.217,0.217,0.240,0.240
0.774,-0.376,-14.971,0.235,0.235,0.250,0.250
0.773,-0.751,-14.972,0.217,0.217,0.244,0.244
0.772,-0.898,-14.972,0.233,0.233,0.250,0.250
0.768,-0.800,-14.975,0.215,0.215,0.253,0.253
0.767,-0.817,-14.976,0.233,0.233,0.253,0.253
0.767,-0.784,-14.976,0.224,0.224,0.256,0.256
0.766,-0.817,-14.977,0.227,0.227,0.282,0.282
0.765,-0.817,-14.978,0.220,0.220,0.255,0.255
0.763,-0.866,-14.980,0.229,0.229,0.246,0.246
0.760,-0.768,-14.982,0.215,0.215,0.255,0.255
0.757,-0.523,-14.984,0.227,0.227,0.256,0.256
0.759,-0.050,-14.983,0.218,0.218,0.253,0.253
0.761,0.130,-14.983,0.233,0.233,0.253,0.253
0.762,-0.131,-14.983,0.214,0.214,0.250,0.250
0.761,-0.523,-14.984,0.240,0.240,0.252,0.252
0.758,-1.029,-14.986,0.217,0.217,0.250,0.250
0.756,-1.306,-14.988,0.237,0.237,0.244,0.244
0.756,-1.355,-14.988,0.209,0.209,0.249,0.249
0.755,-1.339,-14.989,0.237,0.237,0.235,0.235
0.754,-1.535,-14.991,0.212,0.212,0.256,0.256
0.753,-1.780,-14.993,0.223,0.223,0.259,0.259
0.752,-1.828,-14.994,0.221,0.221,0.255,0.255
0.749,-1.812,-14.999,0.226,0.226,0.249,0.249
0.746,-1.600,-15.006,0.229,0.229,0.253,0.253
0.745,-1.110,-15.006,0.238,0.238,0.259,0.259
0.747,-0.572,-15.004,0.246,0.246,0.276,0.276
0.748,-0.001,-15.004,0.244,0.244,0.275,0.275
0.748,0.277,-15.004,0.241,0.241,0.266,0.266
0.746,0.407,-15.003,0.246,0.246,0.281,0.281
0.745,0.636,-15.003,0.246,0.246,0.278,0.278
0.743,0.864,-15.002,0.229,0.229,0.270,0.270
0.743,1.076,-15.001,0.249,0.249,0.262,0.262
0.741,0.930,-14.999,0.233,0.233,0.252,0.252
0.740,0.734,-14.999,0.238,0.238,0.267,0.267
0.740,0.620,-14.999,0.235,0.235,0.278,0.278
0.739,0.603,-14.998,0.244,0.244,0.281,0.281
0.736,0.620,-14.996,0.227,0.227,0.259,0.259
0.733,0.636,-14.994,0.233,0.233,0.258,0.258
0.732,0.620,-14.993,0.227,0.227,0.264,0.264
0.735,0.620,-14.995,0.235,0.235,0.252,0.252
0.737,0.603,-14.996,0.211,0.211,0.262,0.262
0.734,0.620,-14.995,0.247,0.247,0.258,0.258
0.732,0.620,-14.993,0.220,0.220,0.259,0.259
0.731,0.652,-14.993,0.241,0.241,0.255,0.255
0.730,0.848,-14.992,0.221,0.221,0.249,0.249
0.728,1.272,-14.990,0.250,0.250,0.250,0.250
0.729,1.615,-14.992,0.221,0.221,0.244,0.244
0.728,2.137,-14.989,0.241,0.241,0.247,0.247
0.726,2.741,-14.986,0.226,0.226,0.249,0.249
0.722,3.133,-14.973,0.246,0.246,0.253,0.253
0.721,3.622,-14.968,0.223,0.223,0.255,0.255
0.720,4.030,-14.968,0.252,0.252,0.249,0.249
0.723,4.340,-14.979,0.232,0.232,0.252,0.252
0.725,4.504,-14.987,0.247,0.247,0.258,0.258
0.721,4.569,-14.970,0.233,0.233,0.255,0.255
0.721,4.340,-14.968,0.253,0.253,0.253,0.253
0.719,3.900,-14.961,0.241,0.241,0.255,0.255
0.718,3.378,-14.957,0.243,0.243,0.258,0.258
0.717,3.068,-14.954,0.246,0.246,0.281,0.281
0.716,2.774,-14.952,0.241,0.241,0.261,0.261
0.715,2.431,-14.948,0.243,0.243,0.252,0.252
0.715,1.925,-14.947,0.238,0.238,0.249,0.249
0.712,1.419,-14.943,0.243,0.243,0.253,0.253
0.708,1.109,-14.938,0.229,0.229,0.253,0.253
0.707,1.044,-14.937,0.220,0.220,0.252,0.252
0.711,1.109,-14.941,0.221,0.221,0.262,0.262
0.712,1.125,-14.943,0.221,0.221,0.235,0.235
0.711,1.142,-14.941,0.201,0.201,0.241,0.241
0.710,1.125,-14.940,0.214,0.214,0.237,0.237
0.707,1.109,-14.936,0.203,0.203,0.241,0.241
0.706,0.881,-14.935,0.215,0.215,0.235,0.235
0.705,0.750,-14.935,0.198,0.198,0.252,0.252
0.703,0.815,-14.933,0.230,0.230,0.217,0.217
0.703,1.044,-14.933,0.209,0.209,0.246,0.246
0.702,1.125,-14.932,0.235,0.235,0.255,0.255
0.700,1.174,-14.930,0.208,0.208,0.235,0.235
0.697,1.093,-14.926,0.243,0.243,0.237,0.237
0.694,0.881,-14.923,0.215,0.215,0.241,0.241
0.695,0.473,-14.924,0.230,0.230,0.250,0.250
0.698,0.048,-14.925,0.215,0.215,0.247,0.247
0.699,-0.490,-14.925,0.232,0.232,0.253,0.253
0.698,-1.061,-14.925,0.220,0.220,0.259,0.259
0.695,-1.535,-14.929,0.227,0.227,0.253,0.253
0.694,-1.812,-14.930,0.229,0.229,0.256,0.256
0.692,-1.845,-14.933,0.224,0.224,0.270,0.270
0.691,-1.600,-14.936,0.227,0.227,0.261,0.261
0.691,-1.339,-14.936,0.226,0.226,0.247,0.247
0.689,-1.029,-14.938,0.229,0.229,0.258,0.258
0.689,-0.849,-14.938,0.220,0.220,0.256,0.256
0.683,-0.980,-14.943,0.220,0.220,0.264,0.264
0.682,-1.192,-14.944,0.215,0.215,0.255,0.255
0.684,-1.094,-14.942,0.227,0.227,0.262,0.262
0.686,-0.670,-14.940,0.208,0.208,0.249,0.249
0.686,-0.033,-14.941,0.227,0.227,0.253,0.253
0.683,0.260,-14.940,0.218,0.218,0.258,0.258
0.682,0.440,-14.940,0.218,0.218,0.256,0.256
0.681,0.587,-14.939,0.206,0.206,0.255,0.255
0.681,0.652,-14.939,0.223,0.223,0.255,0.255
0.679,0.407,-14.938,0.204,0.204,0.252,0.252
0.678,0.228,-14.938,0.221,0.221,0.249,0.249
0.678,0.065,-14.938,0.209,0.209,0.252,0.252
0.675,0.081,-14.938,0.226,0.226,0.256,0.256
0.673,0.130,-14.938,0.212,0.212,0.258,0.258
0.672,0.130,-14.937,0.240,0.240,0.270,0.270
0.671,0.179,-14.937,0.227,0.227,0.261,0.261
0.673,0.048,-14.938,0.253,0.253,0.255,0.255
0.674,-0.180,-14.938,0.227,0.227,0.272,0.272
0.671,-0.523,-14.939,0.252,0.252,0.272,0.272
0.671,-0.572,-14.939,0.235,0.235,0.279,0.279
0.668,-0.409,-14.940,0.253,0.253,0.273,0.273
0.668,-0.294,-14.940,0.240,0.240,0.255,0.255
0.666,-0.229,-14.941,0.253,0.253,0.262,0.262
0.665,0.016,-14.941,0.232,0.232,0.282,0.282
0.665,0.391,-14.941,0.247,0.247,0.269,0.269
0.665,0.815,-14.941,0.237,0.237,0.267,0.267
0.662,1.174,-14.938,0.247,0.247,0.264,0.264
0.658,1.419,-14.933,0.235,0.235,0.267,0.267
0.658,1.566,-14.933,0.241,0.241,0.258,0.258
0.662,1.664,-14.939,0.230,0.230,0.266,0.266
0.661,1.876,-14.937,0.227,0.227,0.266,0.266
0.660,2.268,-14.935,0.232,0.232,0.258,0.258
0.659,2.594,-14.933,0.230,0.230,0.253,0.253
0.657,2.888,-14.926,0.227,0.227,0.278,0.278
0.655,3.100,-14.922,0.238,0.238,0.253,0.253
0.655,3.116,-14.921,0.233,0.233,0.258,0.258
0.654,3.133,-14.916,0.226,0.226,0.253,0.253
0.653,3.084,-14.914,0.230,0.230,0.258,0.258
0.651,3.068,-14.908,0.223,0.223,0.256,0.256
0.648,2.888,-14.900,0.233,0.233,0.256,0.256
0.646,2.415,-14.893,0.217,0.217,0.255,0.255
0.649,1.925,-14.900,0.233,0.233,0.255,0.255
0.651,1.599,-14.904,0.226,0.226,0.258,0.258
0.649,1.338,-14.902,0.240,0.240,0.255,0.255
0.648,1.158,-14.900,0.223,0.223,0.258,0.258
0.645,1.076,-14.897,0.250,0.250,0.259,0.259
0.644,0.897,-14.896,0.218,0.218,0.258,0.258
0.643,0.717,-14.895,0.240,0.240,0.249,0.249
0.643,0.832,-14.895,0.230,0.230,0.256,0.256
0.643,1.272,-14.895,0.252,0.252,0.258,0.258
0.641,1.566,-14.893,0.227,0.227,0.258,0.258
0.640,1.648,-14.890,0.249,0.249,0.256,0.256
0.636,1.680,-14.884,0.232,0.232,0.241,0.241
0.635,1.827,-14.882,0.246,0.246,0.249,0.249
0.633,2.088,-14.879,0.223,0.223,0.261,0.261
0.635,2.349,-14.883,0.241,0.241,0.243,0.243
0.636,2.594,-14.886,0.212,0.212,0.249,0.249
0.635,2.643,-14.883,0.226,0.226,0.232,0.232
0.634,2.594,-14.880,0.212,0.212,0.233,0.233
0.633,2.366,-14.877,0.223,0.223,0.247,0.247
0.631,2.154,-14.874,0.214,0.214,0.244,0.244
0.631,1.827,-14.873,0.215,0.215,0.229,0.229
0.630,1.403,-14.871,0.220,0.220,0.247,0.247
0.629,0.897,-14.870,0.218,0.218,0.233,0.233
0.627,0.424,-14.869,0.220,0.220,0.241,0.241
0.626,0.146,-14.868,0.217,0.217,0.240,0.240
0.623,0.097,-14.868,0.226,0.226,0.255,0.255
0.620,0.130,-14.868,0.227,0.227,0.243,0.243
0.620,0.146,-14.868,0.224,0.224,0.247,0.247
0.624,0.130,-14.868,0.221,0.221,0.244,0.244
0.623,0.130,-14.868,0.227,0.227,0.252,0.252
0.622,0.146,-14.868,0.212,0.212,0.249,0.249
0.621,0.179,-14.868,0.227,0.227,0.250,0.250
0.619,0.342,-14.867,0.220,0.220,0.240,0.240
0.617,0.587,-14.867,0.237,0.237,0.256,0.256
0.618,0.652,-14.867,0.212,0.212,0.267,0.267
0.617,0.652,-14.866,0.243,0.243,0.252,0.252
0.616,0.440,-14.866,0.218,0.218,0.246,0.246
0.614,0.195,-14.865,0.233,0.233,0.241,0.241
0.612,0.097,-14.865,0.212,0.212,0.252,0.252
0.610,0.097,-14.865,0.241,0.241,0.250,0.250
0.609,0.163,-14.865,0.218,0.218,0.258,0.258
0.613,0.048,-14.865,0.241,0.241,0.252,0.252
0.610,-0.213,-14.865,0.223,0.223,0.252,0.252
0.609,-0.556,-14.866,0.233,0.233,0.255,0.255
0.608,-0.817,-14.867,0.227,0.227,0.243,0.243
0.607,-0.849,-14.867,0.233,0.233,0.247,0.247
0.605,-0.621,-14.869,0.221,0.221,0.258,0.258
0.605,-0.360,-14.869,0.227,0.227,0.252,0.252
0.604,-0.196,-14.869,0.208,0.208,0.253,0.253
0.603,0.032,-14.869,0.227,0.227,0.253,0.253
0.601,0.163,-14.869,0.217,0.217,0.252,0.252
0.600,0.228,-14.869,0.221,0.221,0.266,0.266
0.597,0.358,-14.868,0.224,0.224,0.253,0.253
0.597,0.554,-14.868,0.233,0.233,0.255,0.255
0.600,0.456,-14.869,0.233,0.233,0.261,0.261
0.600,0.424,-14.869,0.235,0.235,0.261,0.261
0.598,0.538,-14.868,0.246,0.246,0.278,0.278
0.597,0.668,-14.868,0.233,0.233,0.273,0.273
0.595,0.652,-14.866,0.235,0.235,0.262,0.262
0.594,0.620,-14.866,0.233,0.233,0.269,0.269
0.593,0.456,-14.865,0.241,0.241,0.279,0.279
0.592,0.391,-14.865,0.226,0.226,0.266,0.266
0.591,0.522,-14.864,0.247,0.247,0.267,0.267
0.590,0.407,-14.864,0.220,0.220,0.295,0.295
0.588,0.212,-14.863,0.240,0.240,0.276,0.276
0.584,0.130,-14.863,0.227,0.227,0.267,0.267
0.584,0.342,-14.863,0.237,0.237,0.264,0.264
0.583,0.832,-14.862,0.221,0.221,0.261,0.261
0.587,1.533,-14.867,0.232,0.232,0.259,0.259
0.586,2.300,-14.865,0.221,0.221,0.261,0.261
0.585,2.839,-14.863,0.240,0.240,0.240,0.240
0.583,3.361,-14.855,0.217,0.217,0.255,0.255
0.582,3.769,-14.852,0.240,0.240,0.255,0.255
0.580,4.030,-14.845,0.229,0.229,0.253,0.253
0.580,3.900,-14.846,0.237,0.237,0.246,0.246
0.579,3.655,-14.840,0.224,0.224,0.252,0.252
0.578,3.753,-14.835,0.244,0.244,0.253,0.253
0.576,3.949,-14.829,0.224,0.224,0.247,0.247
0.573,4.079,-14.816,0.240,0.240,0.255,0.255
0.571,4.063,-14.810,0.226,0.226,0.258,0.258
0.572,3.867,-14.813,0.244,0.244,0.267,0.267
0.574,3.622,-14.821,0.230,0.230,0.252,0.252
0.573,3.524,-14.818,0.247,0.247,0.267,0.267
0.571,3.524,-14.810,0.232,0.232,0.258,0.258
0.571,3.378,-14.810,0.246,0.246,0.253,0.253
0.569,3.149,-14.803,0.227,0.227,0.264,0.264
0.569,2.839,-14.802,0.244,0.244,0.258,0.258
0.568,2.627,-14.799,0.240,0.240,0.259,0.259
0.567,2.513,-14.797,0.237,0.237,0.258,0.258
0.565,2.366,-14.794,0.244,0.244,0.252,0.252
0.564,2.170,-14.789,0.229,0.229,0.256,0.256
0.561,2.088,-14.784,0.250,0.250,0.259,0.259
0.559,1.876,-14.780,0.221,0.221,0.252,0.252
0.560,1.664,-14.782,0.243,0.243,0.252,0.252
0.562,1.338,-14.785,0.220,0.220,0.246,0.246
0.562,1.142,-14.785,0.217,0.217,0.252,0.252
0.561,1.044,-14.784,0.211,0.211,0.221,0.221
0.558,0.881,-14.781,0.215,0.215,0.233,0.233
0.557,0.881,-14.780,0.201,0.201,0.232,0.232
0.556,0.815,-14.779,0.212,0.212,0.233,0.233
0.555,0.668,-14.779,0.203,0.203,0.235,0.235
0.555,0.407,-14.778,0.227,0.227,0.250,0.250
0.554,0.048,-14.778,0.209,0.209,0.230,0.230
0.553,-0.441,-14.779,0.230,0.230,0.240,0.240
0.551,-0.800,-14.780,0.221,0.221,0.240,0.240
0.547,-0.931,-14.783,0.233,0.233,0.233,0.233
0.547,-0.849,-14.783,0.215,0.215,0.246,0.246
0.548,-0.621,-14.782,0.237,0.237,0.244,0.244
0.550,-0.588,-14.781,0.224,0.224,0.233,0.233
0.548,-0.751,-14.782,0.230,0.230,0.252,0.252
0.546,-0.817,-14.784,0.218,0.218,0.256,0.256
0.545,-1.094,-14.785,0.241,0.241,0.246,0.246
0.543,-1.241,-14.787,0.227,0.227,0.253,0.253
0.542,-1.339,-14.788,0.237,0.237,0.255,0.255
0.541,-1.110,-14.790,0.227,0.227,0.255,0.255
0.541,-0.882,-14.790,0.229,0.229,0.243,0.243
0.540,-0.800,-14.791,0.227,0.227,0.253,0.253
0.538,-0.996,-14.793,0.221,0.221,0.258,0.258
0.536,-1.241,-14.794,0.229,0.229,0.252,0.252
0.535,-1.323,-14.796,0.220,0.220,0.252,0.252
0.537,-1.159,-14.793,0.226,0.226,0.270,0.270
0.537,-0.882,-14.793,0.221,0.221,0.256,0.256
0.535,-0.556,-14.795,0.232,0.232,0.249,0.249
0.534,-0.311,-14.795,0.208,0.208,0.250,0.250
0.532,-0.262,-14.796,0.237,0.237,0.256,0.256
0.532,-0.229,-14.796,0.214,0.214,0.258,0.258
0.530,-0.017,-14.796,0.217,0.217,0.249,0.249
0.530,0.163,-14.796,0.206,0.206,0.243,0.243
0.528,0.146,-14.796,0.227,0.227,0.247,0.247
0.527,0.130,-14.796,0.212,0.212,0.253,0.253
0.525,0.179,-14.795,0.227,0.227,0.252,0.252
0.524,0.032,-14.795,0.212,0.212,0.255,0.255
0.522,-0.213,-14.795,0.238,0.238,0.241,0.241
0.524,-0.294,-14.795,0.223,0.223,0.255,0.255
0.524,-0.360,-14.795,0.238,0.238,0.258,0.258
0.524,-0.294,-14.795,0.233,0.233,0.262,0.262
0.523,-0.343,-14.795,0.249,0.249,0.279,0.279
0.520,-0.507,-14.796,0.227,0.227,0.272,0.272
0.521,-0.735,-14.796,0.256,0.256,0.279,0.279
0.519,-0.849,-14.797,0.240,0.240,0.296,0.296
0.518,-0.653,-14.798,0.249,0.249,0.278,0.278
0.517,-0.294,-14.799,0.237,0.237,0.264,0.264
0.516,0.097,-14.799,0.250,0.250,0.270,0.270
0.514,0.424,-14.798,0.233,0.233,0.267,0.267
0.511,0.864,-14.797,0.247,0.247,0.272,0.272
0.509,1.338,-14.794,0.233,0.233,0.276,0.276
0.509,1.795,-14.794,0.240,0.240,0.253,0.253
0.511,2.317,-14.799,0.227,0.227,0.267,0.267
0.512,2.611,-14.801,0.238,0.238,0.269,0.269
0.509,2.904,-14.792,0.226,0.226,0.266,0.266
0.508,3.051,-14.788,0.227,0.227,0.258,0.258
0.507,3.149,-14.787,0.240,0.240,0.264,0.264
0.506,3.296,-14.784,0.224,0.224,0.255,0.255
0.506,3.524,-14.782,0.237,0.237,0.241,0.241
0.505,3.590,-14.779,0.221,0.221,0.258,0.258
0.504,3.361,-14.776,0.237,0.237,0.273,0.273
0.502,3.133,-14.769,0.220,0.220,0.253,0.253
0.499,2.823,-14.760,0.227,0.227,0.243,0.243
0.497,2.611,-14.755,0.223,0.223,0.244,0.244
0.499,2.349,-14.761,0.240,0.240,0.259,0.259
0.500,2.121,-14.763,0.220,0.220,0.258,0.258
0.500,1.909,-14.762,0.240,0.240,0.255,0.255
0.498,1.876,-14.759,0.232,0.232,0.261,0.261
0.496,2.023,-14.755,0.243,0.243,0.255,0.255
0.494,2.105,-14.751,0.226,0.226,0.252,0.252
0.494,2.154,-14.751,0.246,0.246,0.238,0.238
0.492,2.088,-14.747,0.230,0.230,0.259,0.259
0.492,1.860,-14.746,0.249,0.249,0.264,0.264
0.492,1.648,-14.747,0.235,0.235,0.258,0.258
0.490,1.550,-14.743,0.240,0.240,0.252,0.252
0.487,1.599,-14.739,0.233,0.233,0.259,0.259
0.485,1.615,-14.736,0.253,0.253,0.255,0.255
0.488,1.615,-14.739,0.233,0.233,0.261,0.261
0.488,1.631,-14.739,0.249,0.249,0.249,0.249
0.488,1.582,-14.740,0.218,0.218,0.249,0.249
0.486,1.387,-14.737,0.233,0.233,0.249,0.249
0.483,1.174,-14.734,0.215,0.215,0.238,0.238
0.484,0.881,-14.734,0.221,0.221,0.235,0.235
0.482,0.456,-14.733,0.206,0.206,0.237,0.237
0.481,0.081,-14.733,0.221,0.221,0.255,0.255
0.480,-0.458,-14.733,0.217,0.217,0.238,0.238
0.479,-0.604,-14.734,0.209,0.209,0.244,0.244
0.478,-0.604,-14.734,0.229,0.229,0.235,0.235
0.476,-0.523,-14.735,0.214,0.214,0.244,0.244
0.473,-0.327,-14.737,0.227,0.227,0.243,0.243
0.472,-0.278,-14.737,0.209,0.209,0.238,0.238
0.472,-0.262,-14.737,0.229,0.229,0.235,0.235
0.475,-0.311,-14.736,0.209,0.209,0.241,0.241
0.475,-0.311,-14.736,0.227,0.227,0.246,0.246
0.473,-0.245,-14.737,0.212,0.212,0.253,0.253
0.471,0.032,-14.737,0.238,0.238,0.246,0.246
0.470,0.195,-14.737,0.218,0.218,0.250,0.250
0.469,0.212,-14.737,0.230,0.230,0.250,0.250
0.468,0.130,-14.736,0.227,0.227,0.243,0.243
0.467,0.195,-14.736,0.241,0.241,0.247,0.247
0.465,0.342,-14.736,0.221,0.221,0.258,0.258
0.464,0.587,-14.735,0.238,0.238,0.253,0.253
0.460,0.668,-14.732,0.223,0.223,0.252,0.252
0.459,0.685,-14.732,0.233,0.233,0.259,0.259
0.459,0.620,-14.732,0.215,0.215,0.258,0.258
0.462,0.652,-14.734,0.240,0.240,0.255,0.255
0.463,0.603,-14.734,0.227,0.227,0.250,0.250
0.461,0.440,-14.733,0.237,0.237,0.246,0.246
0.458,0.114,-14.733,0.226,0.226,0.252,0.252
0.457,-0.229,-14.733,0.230,0.230,0.255,0.255
0.457,-0.572,-14.733,0.224,0.224,0.262,0.262
0.455,-0.833,-14.734,0.215,0.215,0.252,0.252
0.455,-1.061,-14.734,0.226,0.226,0.253,0.253
0.455,-1.241,-14.734,0.217,0.217,0.249,0.249
0.451,-1.306,-14.739,0.212,0.212,0.253,0.253
0.448,-1.339,-14.743,0.223,0.223,0.243,0.243
0.445,-1.127,-14.747,0.227,0.227,0.255,0.255
0.448,-0.882,-14.744,0.218,0.218,0.258,0.258
0.450,-0.784,-14.742,0.238,0.238,0.256,0.256
0.450,-0.800,-14.743,0.221,0.221,0.258,0.258
0.449,-0.784,-14.743,0.243,0.243,0.261,0.261
0.446,-0.588,-14.745,0.227,0.227,0.269,0.269
0.446,-0.294,-14.745,0.253,0.253,0.293,0.293
0.445,0.032,-14.745,0.230,0.230,0.276,0.276
0.444,0.195,-14.745,0.246,0.246,0.266,0.266
0.443,0.440,-14.745,0.232,0.232,0.275,0.275
0.442,0.783,-14.745,0.250,0.250,0.264,0.264
0.441,1.060,-14.743,0.237,0.237,0.276,0.276
0.439,1.174,-14.741,0.243,0.243,0.264,0.264
0.435,1.125,-14.737,0.232,0.232,0.273,0.273
0.434,0.881,-14.735,0.241,0.241,0.267,0.267
0.435,0.489,-14.736,0.218,0.218,0.267,0.267
0.438,0.114,-14.737,0.240,0.240,0.261,0.261
0.437,-0.294,-14.737,0.224,0.224,0.261,0.261
0.436,-0.588,-14.737,0.237,0.237,0.261,0.261
0.433,-0.800,-14.740,0.223,0.223,0.261,0.261
0.432,-0.866,-14.741,0.247,0.247,0.241,0.241
0.431,-0.817,-14.741,0.220,0.220,0.252,0.252
0.430,-0.588,-14.742,0.249,0.249,0.255,0.255
0.429,-0.392,-14.742,0.224,0.224,0.253,0.253
0.430,-0.278,-14.742,0.240,0.240,0.250,0.250
0.427,-0.229,-14.743,0.221,0.221,0.256,0.256
0.424,0.032,-14.743,0.249,0.249,0.252,0.252
0.422,0.391,-14.743,0.224,0.224,0.261,0.261
0.421,0.832,-14.742,0.237,0.237,0.253,0.253
0.426,1.338,-14.748,0.233,0.233,0.250,0.250
0.424,1.844,-14.744,0.240,0.240,0.253,0.253
0.423,2.072,-14.742,0.240,0.240,0.255,0.255
0.421,1.958,-14.739,0.233,0.233,0.270,0.270
0.419,1.680,-14.735,0.237,0.237,0.259,0.259
0.419,1.321,-14.735,0.237,0.237,0.258,0.258
0.418,0.913,-14.733,0.233,0.233,0.264,0.264
0.417,0.456,-14.733,0.237,0.237,0.255,0.255
0.416,0.163,-14.732,0.244,0.244,0.253,0.253
0.414,-0.033,-14.732,0.230,0.230,0.256,0.256
0.410,-0.392,-14.733,0.238,0.238,0.258,0.258
0.409,-0.800,-14.734,0.237,0.237,0.259,0.259
0.412,-1.110,-14.731,0.238,0.238,0.256,0.256
0.414,-1.274,-14.729,0.221,0.221,0.255,0.255
0.413,-1.355,-14.730,0.232,0.232,0.247,0.247
0.411,-1.306,-14.732,0.209,0.209,0.241,0.241
0.409,-1.306,-14.735,0.212,0.212,0.237,0.237
0.407,-1.274,-14.737,0.197,0.197,0.233,0.233
0.407,-1.061,-14.738,0.224,0.224,0.232,0.232
0.405,-0.588,-14.739,0.206,0.206,0.240,0.240
0.405,-0.033,-14.739,0.226,0.226,0.241,0.241
0.403,0.244,-14.739,0.211,0.211,0.246,0.246
0.403,0.212,-14.739,0.235,0.235,0.255,0.255
0.400,0.163,-14.739,0.215,0.215,0.235,0.235
0.398,0.326,-14.738,0.232,0.232,0.237,0.237
0.397,0.358,-14.737,0.218,0.218,0.237,0.237
0.398,0.244,-14.738,0.232,0.232,0.246,0.246
0.399,0.130,-14.738,0.217,0.217,0.252,0.252
0.400,0.114,-14.738,0.233,0.233,0.244,0.244
0.397,0.130,-14.738,0.224,0.224,0.240,0.240
0.396,0.163,-14.738,0.237,0.237,0.255,0.255
0.394,0.130,-14.737,0.224,0.224,0.264,0.264
0.393,0.146,-14.737,0.233,0.233,0.255,0.255
0.393,0.163,-14.737,0.233,0.233,0.253,0.253
0.392,0.065,-14.737,0.221,0.221,0.252,0.252
0.392,-0.196,-14.737,0.229,0.229,0.261,0.261
0.388,-0.327,-14.738,0.218,0.218,0.233,0.233
0.385,-0.572,-14.739,0.224,0.224,0.253,0.253
0.383,-0.784,-14.741,0.212,0.212,0.252,0.252
0.388,-0.849,-14.737,0.230,0.230,0.252,0.252
0.388,-0.849,-14.737,0.215,0.215,0.253,0.253
0.387,-0.849,-14.738,0.226,0.226,0.237,0.237
0.385,-0.817,-14.739,0.223,0.223,0.252,0.252
0.382,-0.800,-14.741,0.229,0.229,0.261,0.261
0.382,-0.849,-14.742,0.214,0.214,0.252,0.252
0.382,-0.817,-14.741,0.215,0.215,0.250,0.250
0.381,-0.833,-14.743,0.208,0.208,0.255,0.255
0.380,-0.588,-14.743,0.223,0.223,0.250,0.250
0.379,-0.392,-14.744,0.200,0.200,0.258,0.258
0.377,-0.278,-14.745,0.227,0.227,0.250,0.250
0.374,-0.278,-14.745,0.209,0.209,0.258,0.258
0.372,-0.278,-14.746,0.233,0.233,0.256,0.256
0.371,-0.360,-14.746,0.215,0.215,0.256,0.256
0.374,-0.556,-14.745,0.249,0.249,0.250,0.250
0.376,-0.751,-14.744,0.226,0.226,0.256,0.256
0.374,-0.849,-14.746,0.246,0.246,0.279,0.279
0.371,-0.866,-14.747,0.243,0.243,0.278,0.278
0.371,-0.849,-14.748,0.250,0.250,0.266,0.266
0.369,-0.817,-14.750,0.233,0.233,0.272,0.272
0.368,-0.817,-14.751,0.259,0.259,0.272,0.272
0.367,-0.800,-14.751,0.241,0.241,0.275,0.275
0.367,-0.817,-14.751,0.246,0.246,0.267,0.267
0.366,-0.572,-14.752,0.247,0.247,0.291,0.291
0.363,-0.294,-14.753,0.243,0.243,0.266,0.266
0.359,0.065,-14.753,0.240,0.240,0.262,0.262
0.359,0.424,-14.753,0.238,0.238,0.272,0.272
0.361,0.652,-14.754,0.241,0.241,0.272,0.272
0.363,0.864,-14.756,0.232,0.232,0.270,0.270
0.362,0.881,-14.755,0.224,0.224,0.262,0.262
0.360,0.946,-14.753,0.230,0.230,0.259,0.259
0.358,1.028,-14.751,0.232,0.232,0.258,0.258
0.356,1.125,-14.750,0.227,0.227,0.261,0.261
0.357,1.142,-14.750,0.237,0.237,0.256,0.256
0.354,1.109,-14.747,0.229,0.229,0.258,0.258
0.354,1.142,-14.747,0.237,0.237,0.255,0.255
0.353,1.093,-14.746,0.220,0.220,0.255,0.255
0.349,0.913,-14.742,0.237,0.237,0.232,0.232
0.347,0.668,-14.740,0.220,0.220,0.250,0.250
0.348,0.391,-14.741,0.229,0.229,0.255,0.255
0.349,0.195,-14.741,0.223,0.223,0.252,0.252
0.351,-0.001,-14.741,0.240,0.240,0.255,0.255
0.349,-0.148,-14.741,0.224,0.224,0.250,0.250
0.348,0.032,-14.742,0.250,0.250,0.259,0.259
0.346,0.358,-14.741,0.223,0.223,0.259,0.259
0.344,0.587,-14.740,0.249,0.249,0.252,0.252
0.344,0.701,-14.740,0.221,0.221,0.249,0.249
0.343,0.636,-14.739,0.249,0.249,0.255,0.255
0.343,0.603,-14.739,0.227,0.227,0.258,0.258
0.340,0.424,-14.738,0.252,0.252,0.259,0.259
0.338,0.097,-14.737,0.233,0.233,0.256,0.256
0.334,-0.196,-14.738,0.255,0.255,0.253,0.253
0.333,-0.343,-14.738,0.235,0.235,0.258,0.258
0.338,-0.392,-14.736,0.241,0.241,0.255,0.255
0.338,-0.327,-14.736,0.237,0.237,0.255,0.255
0.336,-0.245,-14.737,0.238,0.238,0.249,0.249
0.336,0.016,-14.737,0.215,0.215,0.270,0.270
0.334,0.146,-14.736,0.220,0.220,0.235,0.235
0.333,0.212,-14.736,0.212,0.212,0.233,0.233
0.332,0.065,-14.736,0.209,0.209,0.230,0.230
0.331,-0.213,-14.736,0.208,0.208,0.237,0.237
0.330,-0.556,-14.736,0.218,0.218,0.240,0.240
0.329,-0.768,-14.737,0.217,0.217,0.246,0.246
0.327,-0.588,-14.738,0.212,0.212,0.230,0.230
0.324,-0.033,-14.739,0.223,0.223,0.240,0.240
0.322,0.473,-14.739,0.214,0.214,0.253,0.253
0.322,1.321,-14.740,0.230,0.230,0.233,0.233
0.325,2.235,-14.745,0.206,0.206,0.240,0.240
0.326,3.149,-14.747,0.230,0.230,0.244,0.244
0.325,4.226,-14.742,0.217,0.217,0.247,0.247
0.323,5.222,-14.733,0.230,0.230,0.226,0.226
0.320,6.119,-14.718,0.212,0.212,0.253,0.253
0.320,7.001,-14.713,0.252,0.252,0.266,0.266
0.319,8.176,-14.710,0.217,0.217,0.259,0.259
0.318,9.383,-14.697,0.243,0.243,0.247,0.247
0.317,10.477,-14.690,0.223,0.223,0.243,0.243
0.316,11.440,-14.683,0.241,0.241,0.253,0.253
0.313,12.354,-14.642,0.218,0.218,0.255,0.255
0.311,13.121,-14.618,0.233,0.233,0.256,0.256
0.311,13.708,-14.621,0.212,0.212,0.249,0.249
0.315,14.132,-14.673,0.237,0.237,0.252,0.252
0.314,14.622,-14.663,0.221,0.221,0.255,0.255
0.314,15.095,-14.654,0.235,0.235,0.252,0.252
0.311,15.601,-14.612,0.227,0.227,0.255,0.255
0.309,15.928,-14.590,0.227,0.227,0.256,0.256
0.309,16.385,-14.583,0.218,0.218,0.244,0.244
0.308,16.744,-14.559,0.221,0.221,0.252,0.252
0.307,17.168,-14.552,0.223,0.223,0.259,0.259
0.306,17.576,-14.540,0.214,0.214,0.253,0.253
0.306,18.066,-14.529,0.224,0.224,0.270,0.270
0.303,18.572,-14.474,0.215,0.215,0.246,0.246
0.300,19.061,-14.414,0.215,0.215,0.247,0.247
0.299,19.534,-14.399,0.226,0.226,0.258,0.258
0.302,19.812,-14.453,0.229,0.229,0.256,0.256
0.304,19.893,-14.510,0.224,0.224,0.256,0.256
0.302,20.073,-14.464,0.237,0.237,0.259,0.259
0.301,20.497,-14.444,0.230,0.230,0.255,0.255
0.300,21.150,-14.409,0.246,0.246,0.281,0.281
0.298,21.476,-14.371,0.226,0.226,0.288,0.288
0.297,21.460,-14.353,0.253,0.253,0.287,0.287
0.297,21.509,-14.359,0.237,0.237,0.273,0.273
0.296,21.476,-14.338,0.247,0.247,0.269,0.269
0.295,21.313,-14.322,0.232,0.232,0.270,0.270
0.294,21.281,-14.297,0.249,0.249,0.272,0.272
0.290,21.493,-14.214,0.232,0.232,0.267,0.267
0.289,21.738,-14.189,0.232,0.232,0.273,0.273
0.288,21.819,-14.170,0.224,0.224,0.272,0.272
0.291,21.819,-14.217,0.249,0.249,0.264,0.264
0.293,21.787,-14.268,0.217,0.217,0.291,0.291
0.290,21.770,-14.211,0.249,0.249,0.259,0.259
0.289,21.787,-14.191,0.224,0.224,0.255,0.255
0.288,21.803,-14.153,0.244,0.244,0.256,0.256
0.288,21.770,-14.159,0.230,0.230,0.256,0.256
0.287,21.803,-14.143,0.247,0.247,0.252,0.252
0.285,21.819,-14.102,0.226,0.226,0.256,0.256
0.287,21.999,-14.131,0.244,0.244,0.240,0.240
0.284,22.227,-14.069,0.229,0.229,0.258,0.258
0.280,22.325,-13.994,0.237,0.237,0.270,0.270
0.280,22.325,-13.982,0.224,0.224,0.261,0.261
0.281,22.554,-14.004,0.246,0.246,0.255,0.255
0.283,22.945,-14.062,0.232,0.232,0.252,0.252
0.283,23.451,-14.051,0.246,0.246,0.252,0.252
0.281,23.778,-14.010,0.233,0.233,0.249,0.249
0.280,24.055,-13.977,0.243,0.243,0.256,0.256
0.279,24.463,-13.946,0.243,0.243,0.256,0.256
0.278,24.969,-13.923,0.229,0.229,0.255,0.255
0.278,25.459,-13.931,0.246,0.246,0.261,0.261
0.277,25.981,-13.911,0.237,0.237,0.256,0.256
0.276,26.470,-13.886,0.238,0.238,0.258,0.258
0.275,27.221,-13.859,0.235,0.235,0.250,0.250
0.271,27.890,-13.758,0.249,0.249,0.258,0.258
0.269,28.690,-13.681,0.233,0.233,0.258,0.258
0.271,29.571,-13.741,0.247,0.247,0.256,0.256
0.275,30.616,-13.853,0.229,0.229,0.255,0.255
0.274,31.628,-13.845,0.237,0.237,0.243,0.243
0.273,32.852,-13.794,0.214,0.214,0.250,0.250
0.271,34.010,-13.736,0.230,0.230,0.250,0.250
0.270,35.087,-13.693,0.208,0.208,0.233,0.233
0.269,36.067,-13.681,0.223,0.223,0.237,0.237
0.269,37.046,-13.654,0.201,0.201,0.235,0.235
0.268,38.253,-13.620,0.233,0.233,0.233,0.233
0.268,39.869,-13.632,0.214,0.214,0.258,0.258
0.267,41.534,-13.573,0.224,0.224,0.243,0.243
0.263,42.970,-13.437,0.214,0.214,0.227,0.227
0.262,44.210,-13.383,0.230,0.230,0.241,0.241
0.261,45.548,-13.324,0.221,0.221,0.246,0.246
0.265,46.789,-13.514,0.230,0.230,0.237,0.237
0.265,47.915,-13.518,0.223,0.223,0.250,0.250
0.265,48.829,-13.497,0.227,0.227,0.246,0.246
0.263,49.580,-13.434,0.224,0.224,0.249,0.249
0.262,50.069,-13.351,0.224,0.224,0.250,0.250
0.261,50.347,-13.300,0.233,0.233,0.261,0.261
0.261,50.575,-13.298,0.232,0.232,0.249,0.249
0.260,51.016,-13.268,0.227,0.227,0.255,0.255
0.259,51.473,-13.215,0.227,0.227,0.258,0.258
0.259,51.799,-13.210,0.230,0.230,0.233,0.233
0.256,52.076,-13.057,0.214,0.214,0.255,0.255
0.254,52.240,-12.958,0.229,0.229,0.267,0.267
0.253,52.305,-12.928,0.220,0.220,0.258,0.258
0.257,52.321,-13.124,0.232,0.232,0.252,0.252
0.258,52.223,-13.152,0.215,0.215,0.243,0.243
0.257,51.799,-13.109,0.241,0.241,0.255,0.255
0.255,51.179,-13.012,0.215,0.215,0.262,0.262
0.254,50.526,-12.944,0.230,0.230,0.249,0.249
0.252,50.020,-12.869,0.215,0.215,0.246,0.246
0.252,49.351,-12.882,0.238,0.238,0.247,0.247
0.252,48.421,-12.857,0.215,0.215,0.253,0.253
0.252,47.425,-12.841,0.224,0.224,0.270,0.270
0.251,46.593,-12.803,0.214,0.214,0.252,0.252
0.250,46.054,-12.751,0.233,0.233,0.246,0.246
0.247,45.597,-12.608,0.208,0.208,0.252,0.252
0.246,45.140,-12.586,0.232,0.232,0.249,0.249
0.248,44.635,-12.660,0.227,0.227,0.256,0.256
0.251,44.161,-12.801,0.240,0.240,0.252,0.252
0.251,43.460,-12.785,0.224,0.224,0.252,0.252
0.249,42.529,-12.697,0.241,0.241,0.256,0.256
0.248,41.713,-12.668,0.237,0.237,0.262,0.262
0.246,40.897,-12.585,0.237,0.237,0.278,0.278
0.246,40.065,-12.577,0.249,0.249,0.275,0.275
0.245,39.282,-12.541,0.246,0.246,0.266,0.266
0.245,38.710,-12.563,0.249,0.249,0.272,0.272
0.244,38.466,-12.496,0.249,0.249,0.267,0.267
0.244,38.221,-12.527,0.249,0.249,0.270,0.270
0.241,38.074,-12.391,0.230,0.230,0.276,0.276
0.239,37.992,-12.324,0.237,0.237,0.272,0.272
0.238,37.976,-12.270,0.237,0.237,0.270,0.270
0.241,38.025,-12.402,0.240,0.240,0.304,0.304
0.243,38.237,-12.471,0.220,0.220,0.262,0.262
0.242,38.433,-12.440,0.237,0.237,0.255,0.255
0.240,38.531,-12.359,0.224,0.224,0.259,0.259
0.240,38.531,-12.366,0.229,0.229,0.259,0.259
0.239,38.515,-12.319,0.226,0.226,0.259,0.259
0.239,38.482,-12.320,0.238,0.238,0.255,0.255
0.237,38.498,-12.254,0.218,0.218,0.255,0.255
0.238,38.515,-12.274,0.232,0.232,0.258,0.258
0.236,38.743,-12.196,0.221,0.221,0.259,0.259
0.234,38.955,-12.147,0.243,0.243,0.253,0.253
0.232,39.037,-12.061,0.211,0.211,0.253,0.253
0.234,39.037,-12.142,0.243,0.243,0.255,0.255
0.236,39.037,-12.215,0.218,0.218,0.258,0.258
0.238,39.200,-12.281,0.237,0.237,0.246,0.246
0.235,39.526,-12.184,0.224,0.224,0.258,0.258
0.234,39.967,-12.113,0.255,0.255,0.255,0.255
0.234,40.636,-12.124,0.227,0.227,0.256,0.256
0.233,41.207,-12.102,0.243,0.243,0.252,0.252
0.233,41.713,-12.090,0.230,0.230,0.237,0.237
0.232,42.203,-12.049,0.241,0.241,0.253,0.253
0.233,42.644,-12.066,0.229,0.229,0.270,0.270
0.231,43.149,-12.002,0.250,0.250,0.258,0.258
0.228,43.623,-11.881,0.235,0.235,0.259,0.259
0.228,44.145,-11.852,0.253,0.253,0.252,0.252
0.226,44.618,-11.783,0.233,0.233,0.259,0.259
0.230,45.124,-11.942,0.253,0.253,0.269,0.269
0.231,45.565,-11.993,0.233,0.233,0.259,0.259
0.230,45.891,-11.963,0.230,0.230,0.243,0.243
0.228,46.087,-11.891,0.232,0.232,0.252,0.252
0.228,46.332,-11.856,0.223,0.223,0.244,0.244
0.228,46.609,-11.872,0.215,0.215,0.232,0.232
0.226,47.066,-11.783,0.206,0.206,0.238,0.238
0.227,47.344,-11.810,0.218,0.218,0.215,0.215
0.225,47.637,-11.747,0.209,0.209,0.233,0.233
0.226,47.850,-11.761,0.223,0.223,0.246,0.246
0.225,48.143,-11.740,0.209,0.209,0.246,0.246
0.223,48.551,-11.620,0.226,0.226,0.233,0.233
0.221,49.057,-11.537,0.206,0.206,0.230,0.230
0.220,49.580,-11.470,0.217,0.217,0.238,0.238
0.223,49.857,-11.638,0.212,0.212,0.218,0.218
0.226,49.857,-11.776,0.235,0.235,0.244,0.244
0.224,49.857,-11.677,0.221,0.221,0.252,0.252
0.224,49.890,-11.658,0.233,0.233,0.243,0.243
0.223,50.036,-11.648,0.221,0.221,0.241,0.241
0.223,50.314,-11.610,0.238,0.238,0.240,0.240
0.221,50.314,-11.547,0.230,0.230,0.250,0.250
0.222,50.347,-11.593,0.246,0.246,0.250,0.250
0.221,50.314,-11.540,0.223,0.223,0.250,0.250
0.220,50.330,-11.502,0.235,0.235,0.255,0.255
0.219,50.265,-11.422,0.223,0.223,0.261,0.261
0.216,50.249,-11.305,0.233,0.233,0.255,0.255
0.217,50.298,-11.307,0.230,0.230,0.264,0.264
0.220,50.102,-11.480,0.224,0.224,0.250,0.250
0.221,50.069,-11.518,0.230,0.230,0.261,0.261
0.219,50.232,-11.433,0.227,0.227,0.255,0.255
0.219,50.298,-11.445,0.224,0.224,0.258,0.258
0.218,50.330,-11.366,0.227,0.227,0.253,0.253
0.218,50.281,-11.376,0.227,0.227,0.258,0.258
0.217,50.102,-11.341,0.220,0.220,0.272,0.272
0.217,49.873,-11.317,0.221,0.221,0.252,0.252
0.217,49.775,-11.322,0.212,0.212,0.252,0.252
0.216,49.547,-11.280,0.218,0.218,0.253,0.253
0.213,49.155,-11.117,0.204,0.204,0.253,0.253
0.212,48.845,-11.094,0.229,0.229,0.249,0.249
0.214,48.323,-11.199,0.212,0.212,0.255,0.255
0.216,47.915,-11.262,0.227,0.227,0.250,0.250
0.217,47.540,-11.331,0.211,0.211,0.252,0.252
0.216,47.132,-11.294,0.232,0.232,0.250,0.250
0.215,46.626,-11.229,0.220,0.220,0.255,0.255
0.213,46.136,-11.143,0.235,0.235,0.259,0.259
0.214,45.663,-11.169,0.230,0.230,0.273,0.273
0.213,45.173,-11.155,0.250,0.250,0.282,0.282
0.214,44.879,-11.178,0.233,0.233,0.270,0.270
0.213,44.798,-11.160,0.258,0.258,0.267,0.267
0.213,44.847,-11.152,0.233,0.233,0.276,0.276
0.212,44.684,-11.087,0.252,0.252,0.267,0.267
0.208,44.439,-10.933,0.233,0.233,0.275,0.275
0.207,44.324,-10.880,0.250,0.250,0.296,0.296
0.210,44.161,-11.011,0.232,0.232,0.273,0.273
0.213,43.965,-11.134,0.241,0.241,0.259,0.259
0.214,43.868,-11.173,0.230,0.230,0.264,0.264
0.213,43.704,-11.122,0.238,0.238,0.262,0.262
0.212,43.443,-11.091,0.221,0.221,0.259,0.259
0.211,43.378,-11.042,0.252,0.252,0.256,0.256
0.211,43.378,-11.055,0.227,0.227,0.244,0.244
0.209,43.394,-10.981,0.243,0.243,0.258,0.258
0.209,43.411,-10.983,0.230,0.230,0.262,0.262
0.210,43.427,-11.006,0.232,0.232,0.255,0.255
0.208,43.427,-10.928,0.230,0.230,0.252,0.252
0.206,43.411,-10.836,0.224,0.224,0.252,0.252
0.206,43.411,-10.823,0.232,0.232,0.256,0.256
0.207,43.411,-10.888,0.233,0.233,0.243,0.243
0.210,43.443,-11.011,0.235,0.235,0.256,0.256
0.211,43.606,-11.049,0.227,0.227,0.246,0.246
0.209,43.868,-10.965,0.243,0.243,0.255,0.255
0.209,44.145,-10.950,0.227,0.227,0.256,0.256
0.207,44.373,-10.883,0.232,0.232,0.267,0.267
0.208,44.422,-10.906,0.226,0.226,0.252,0.252
0.208,44.422,-10.912,0.243,0.243,0.246,0.246
0.208,44.422,-10.930,0.221,0.221,0.255,0.255
0.207,44.618,-10.890,0.246,0.246,0.256,0.256
0.205,44.814,-10.794,0.227,0.227,0.258,0.258
0.204,44.912,-10.749,0.246,0.246,0.253,0.253
0.204,44.912,-10.722,0.227,0.227,0.264,0.264
0.206,44.912,-10.841,0.247,0.247,0.255,0.255
0.209,45.108,-10.973,0.227,0.227,0.255,0.255
0.208,45.271,-10.914,0.241,0.241,0.255,0.255
0.208,45.206,-10.902,0.223,0.223,0.250,0.250
0.206,45.189,-10.821,0.238,0.238,0.249,0.249
0.205,45.287,-10.805,0.214,0.214,0.246,0.246
0.206,45.385,-10.836,0.224,0.224,0.209,0.209
0.206,45.402,-10.826,0.211,0.211,0.232,0.232
0.205,45.385,-10.769,0.227,0.227,0.243,0.243
0.205,45.369,-10.785,0.206,0.206,0.233,0.233
0.205,45.353,-10.793,0.230,0.230,0.230,0.230
0.203,45.353,-10.692,0.217,0.217,0.238,0.238
0.201,45.353,-10.617,0.221,0.221,0.237,0.237
0.203,45.369,-10.699,0.212,0.212,0.229,0.229
0.206,45.369,-10.821,0.226,0.226,0.240,0.240
0.206,45.402,-10.829,0.220,0.220,0.243,0.243
0.207,45.385,-10.875,0.220,0.220,0.243,0.243
0.205,45.402,-10.781,0.227,0.227,0.243,0.243
0.203,45.369,-10.699,0.218,0.218,0.241,0.241
0.203,45.418,-10.714,0.232,0.232,0.247,0.247
0.203,45.369,-10.707,0.212,0.212,0.249,0.249
0.203,45.173,-10.713,0.240,0.240,0.255,0.255
0.204,44.912,-10.720,0.214,0.214,0.249,0.249
0.204,44.651,-10.737,0.227,0.227,0.244,0.244
0.201,44.439,-10.617,0.214,0.214,0.252,0.252
0.200,44.586,-10.558,0.238,0.238,0.258,0.258
0.199,44.798,-10.494,0.212,0.212,0.256,0.256
0.203,44.945,-10.686,0.227,0.227,0.258,0.258
0.204,44.912,-10.759,0.221,0.221,0.253,0.253
0.204,44.896,-10.740,0.237,0.237,0.252,0.252
0.203,44.847,-10.712,0.218,0.218,0.250,0.250
0.203,44.879,-10.688,0.237,0.237,0.249,0.249
0.203,44.879,-10.691,0.215,0.215,0.246,0.246
0.203,44.879,-10.680,0.238,0.238,0.247,0.247
0.202,44.879,-10.671,0.209,0.209,0.255,0.255
0.202,44.879,-10.671,0.233,0.233,0.252,0.252
0.202,44.879,-10.652,0.218,0.218,0.256,0.256
0.200,44.651,-10.582,0.230,0.230,0.237,0.237
0.198,44.488,-10.492,0.217,0.217,0.246,0.246
0.199,44.373,-10.532,0.229,0.229,0.252,0.252
0.204,44.373,-10.735,0.218,0.218,0.253,0.253
0.205,44.357,-10.791,0.224,0.224,0.250,0.250
0.204,44.145,-10.720,0.224,0.224,0.258,0.258
0.203,43.753,-10.710,0.229,0.229,0.255,0.255
0.203,43.443,-10.703,0.218,0.218,0.275,0.275
0.202,43.345,-10.664,0.240,0.240,0.256,0.256
0.203,43.362,-10.683,0.240,0.240,0.275,0.275
0.202,43.394,-10.640,0.235,0.235,0.273,0.273
0.201,43.427,-10.627,0.253,0.253,0.276,0.276
0.203,43.411,-10.687,0.237,0.237,0.270,0.270
0.201,43.427,-10.607,0.243,0.243,0.275,0.275
0.198,43.574,-10.483,0.233,0.233,0.246,0.246
0.197,43.639,-10.446,0.241,0.241,0.272,0.272
0.199,43.508,-10.517,0.226,0.226,0.275,0.275
0.202,43.411,-10.660,0.229,0.229,0.262,0.262
0.206,43.394,-10.815,0.226,0.226,0.267,0.267
0.205,43.378,-10.799,0.237,0.237,0.259,0.259
0.204,43.215,-10.731,0.221,0.221,0.264,0.264
0.203,42.986,-10.709,0.233,0.233,0.255,0.255
0.202,42.888,-10.669,0.224,0.224,0.255,0.255
0.203,42.872,-10.679,0.224,0.224,0.249,0.249
0.203,42.741,-10.700,0.223,0.223,0.255,0.255
0.202,42.497,-10.672,0.237,0.237,0.253,0.253
0.203,42.399,-10.685,0.221,0.221,0.264,0.264
0.200,42.203,-10.571,0.224,0.224,0.250,0.250
0.198,41.991,-10.488,0.221,0.221,0.252,0.252
0.200,41.909,-10.572,0.246,0.246,0.255,0.255
0.203,41.713,-10.679,0.218,0.218,0.255,0.255
0.206,41.501,-10.798,0.249,0.249,0.244,0.244
0.205,41.224,-10.787,0.224,0.224,0.253,0.253
0.203,40.995,-10.710,0.241,0.241,0.270,0.270
0.204,40.946,-10.720,0.220,0.220,0.253,0.253
0.203,40.930,-10.678,0.249,0.249,0.247,0.247
0.203,40.734,-10.685,0.226,0.226,0.255,0.255
0.203,40.522,-10.706,0.238,0.238,0.252,0.252
0.203,40.163,-10.693,0.237,0.237,0.256,0.256
0.205,39.804,-10.756,0.247,0.247,0.255,0.255
0.201,39.526,-10.626,0.241,0.241,0.252,0.252
0.199,39.428,-10.529,0.241,0.241,0.250,0.250
0.200,39.477,-10.591,0.244,0.244,0.258,0.258
0.203,39.494,-10.680,0.233,0.233,0.261,0.261
0.207,39.298,-10.841,0.230,0.230,0.259,0.259
0.206,39.037,-10.813,0.229,0.229,0.249,0.249
0.205,38.743,0.000,0.230,0.230,0.247,0.247
0.205,38.531,0.008,0.218,0.218,0.247,0.247
0.204,38.433,0.043,0.226,0.226,0.246,0.246
0.205,38.270,0.004,0.208,0.208,0.237,0.237
0.205,38.090,0.009,0.218,0.218,0.230,0.230
0.205,38.188,0.001,0.201,0.201,0.226,0.226
0.205,38.221,-0.014,0.218,0.218,0.233,0.233
0.204,38.123,0.017,0.201,0.201,0.229,0.229
0.203,37.992,0.081,0.223,0.223,0.227,0.227
0.201,37.976,0.153,0.201,0.201,0.235,0.235
0.203,37.813,0.087,0.227,0.227,0.237,0.237
0.207,37.601,-0.093,0.212,0.212,0.235,0.235
0.208,37.503,-0.119,0.229,0.229,0.233,0.233
0.208,37.486,-0.113,0.215,0.215,0.255,0.255
0.207,37.535,-0.068,0.241,0.241,0.238,0.238
0.207,37.519,-0.074,0.218,0.218,0.243,0.243
0.206,37.323,-0.049,0.235,0.235,0.240,0.240
0.206,37.078,-0.057,0.227,0.227,0.249,0.249
0.207,36.980,-0.086,0.243,0.243,0.243,0.243
0.207,36.785,-0.090,0.223,0.223,0.252,0.252
0.207,36.605,-0.075,0.237,0.237,0.230,0.230
0.205,36.491,0.011,0.223,0.223,0.252,0.252
0.202,36.491,0.091,0.227,0.227,0.266,0.266
0.204,36.540,0.041,0.217,0.217,0.252,0.252
0.209,36.556,-0.141,0.230,0.230,0.250,0.250
0.210,36.524,-0.179,0.230,0.230,0.252,0.252
0.211,36.556,-0.215,0.220,0.220,0.247,0.247
0.209,36.475,-0.148,0.230,0.230,0.252,0.252
0.209,36.540,-0.169,0.215,0.215,0.253,0.253
0.208,36.540,-0.127,0.226,0.226,0.252,0.252
0.209,36.507,-0.155,0.214,0.214,0.247,0.247
0.209,36.328,-0.158,0.226,0.226,0.250,0.250
0.209,36.132,-0.167,0.215,0.215,0.235,0.235
0.211,35.969,-0.210,0.218,0.218,0.249,0.249
0.208,35.789,-0.132,0.215,0.215,0.253,0.253
0.206,35.414,-0.037,0.223,0.223,0.249,0.249
0.205,35.087,-0.027,0.208,0.208,0.246,0.246
0.209,34.989,-0.137,0.223,0.223,0.246,0.246
0.214,34.989,-0.308,0.211,0.211,0.249,0.249
0.212,34.859,-0.266,0.227,0.227,0.267,0.267
0.212,34.647,-0.261,0.211,0.211,0.252,0.252
0.211,34.549,-0.219,0.240,0.240,0.247,0.247
0.212,34.565,-0.258,0.224,0.224,0.258,0.258
0.212,34.532,-0.272,0.252,0.252,0.273,0.273
0.212,34.369,-0.244,0.233,0.233,0.275,0.275
0.212,34.353,-0.253,0.261,0.261,0.267,0.267
0.213,34.239,-0.305,0.233,0.233,0.253,0.253
0.212,34.141,-0.272,0.256,0.256,0.267,0.267
0.211,33.863,-0.215,0.233,0.233,0.282,0.282
0.209,33.798,-0.143,0.249,0.249,0.269,0.269
0.210,33.814,-0.177,0.226,0.226,0.264,0.264
0.213,33.651,-0.293,0.258,0.258,0.264,0.264
0.216,33.390,-0.377,0.230,0.230,0.273,0.273
0.216,33.113,-0.389,0.237,0.237,0.240,0.240
0.216,32.819,-0.382,0.233,0.233,0.262,0.262
0.215,32.444,-0.341,0.246,0.246,0.270,0.270
0.215,32.313,-0.346,0.226,0.226,0.262,0.262
0.215,32.280,-0.371,0.238,0.238,0.252,0.252
0.216,32.150,-0.398,0.227,0.227,0.256,0.256
0.216,32.101,-0.395,0.230,0.230,0.255,0.255
0.216,32.117,-0.397,0.223,0.223,0.258,0.258
0.215,32.084,-0.354,0.232,0.232,0.233,0.233
0.214,32.150,-0.311,0.230,0.230,0.252,0.252
0.213,32.133,-0.297,0.226,0.226,0.249,0.249
0.219,32.150,-0.474,0.238,0.238,0.253,0.253
0.220,32.346,-0.521,0.230,0.230,0.272,0.272
0.220,32.525,-0.532,0.233,0.233,0.252,0.252
0.219,32.656,-0.482,0.224,0.224,0.247,0.247
0.219,32.607,-0.488,0.230,0.230,0.255,0.255
0.219,32.639,-0.488,0.224,0.224,0.253,0.253
0.219,32.590,-0.497,0.229,0.229,0.253,0.253
0.220,32.395,-0.530,0.224,0.224,0.252,0.252
0.220,32.378,-0.520,0.240,0.240,0.269,0.269
0.221,32.492,-0.551,0.223,0.223,0.253,0.253
0.219,32.411,-0.483,0.249,0.249,0.249,0.249
0.218,32.182,-0.443,0.227,0.227,0.258,0.258
0.218,32.084,-0.453,0.247,0.247,0.246,0.246
0.219,32.084,-0.484,0.221,0.221,0.252,0.252
0.223,32.117,-0.622,0.247,0.247,0.252,0.252
0.225,32.117,-0.663,0.218,0.218,0.270,0.270
0.224,32.117,-0.630,0.235,0.235,0.249,0.249
0.223,32.133,-0.626,0.217,0.217,0.246,0.246
0.223,32.117,-0.624,0.229,0.229,0.240,0.240
0.224,32.133,-0.653,0.214,0.214,0.233,0.233
0.224,32.117,-0.651,0.221,0.221,0.235,0.235
0.225,32.166,-0.675,0.212,0.212,0.232,0.232
0.225,32.150,-0.675,0.223,0.223,0.209,0.209
0.226,32.117,-0.695,0.204,0.204,0.235,0.235
0.223,32.117,-0.628,0.221,0.221,0.249,0.249
0.222,32.117,-0.567,0.220,0.220,0.237,0.237
0.223,32.133,-0.609,0.218,0.218,0.227,0.227
0.228,32.084,-0.757,0.218,0.218,0.223,0.223
0.230,31.905,-0.824,0.221,0.221,0.232,0.232
0.231,31.709,-0.858,0.220,0.220,0.246,0.246
0.229,31.579,-0.818,0.223,0.223,0.243,0.243
0.229,31.660,-0.810,0.215,0.215,0.247,0.247
0.229,31.856,-0.810,0.221,0.221,0.247,0.247
0.229,32.280,-0.812,0.229,0.229,0.249,0.249
0.231,32.574,-0.862,0.211,0.211,0.266,0.266
0.231,32.688,-0.872,0.237,0.237,0.250,0.250
0.231,32.852,-0.882,0.217,0.217,0.243,0.243
0.229,33.064,-0.799,0.230,0.230,0.247,0.247
0.227,33.325,-0.745,0.211,0.211,0.253,0.253
0.229,33.782,-0.815,0.237,0.237,0.253,0.253
0.233,34.092,-0.927,0.212,0.212,0.250,0.250
0.235,34.402,-1.015,0.230,0.230,0.255,0.255
0.235,34.532,-1.008,0.211,0.211,0.244,0.244
0.234,34.614,-0.991,0.235,0.235,0.243,0.243
0.233,34.565,-0.954,0.209,0.209,0.249,0.249
0.235,34.565,-0.993,0.232,0.232,0.247,0.247
0.235,34.549,-1.001,0.211,0.211,0.252,0.252
0.236,34.565,-1.032,0.237,0.237,0.247,0.247
0.236,34.565,-1.048,0.212,0.212,0.246,0.246
0.237,34.565,-1.070,0.238,0.238,0.246,0.246
0.234,34.565,-0.977,0.220,0.220,0.250,0.250
0.233,34.598,-0.952,0.227,0.227,0.247,0.247
0.234,34.532,-0.991,0.218,0.218,0.246,0.246
0.238,34.353,-1.114,0.224,0.224,0.243,0.243
0.241,34.141,-1.219,0.218,0.218,0.253,0.253
0.242,34.076,-1.239,0.226,0.226,0.249,0.249
0.240,34.043,-1.183,0.232,0.232,0.252,0.252
0.240,34.092,-1.188,0.233,0.233,0.252,0.252
0.241,34.043,-1.217,0.230,0.230,0.256,0.256
0.242,33.896,-1.240,0.252,0.252,0.267,0.267
0.242,33.651,-1.239,0.240,0.240,0.273,0.273
0.243,33.553,-1.278,0.240,0.240,0.276,0.276
0.243,33.325,-1.278,0.246,0.246,0.252,0.252
0.243,32.917,-1.283,0.237,0.237,0.267,0.267
0.241,32.623,-1.224,0.243,0.243,0.275,0.275
0.241,32.297,-1.210,0.233,0.233,0.272,0.272
0.241,31.921,-1.210,0.243,0.243,0.269,0.269
0.248,31.399,-1.438,0.227,0.227,0.255,0.255
0.248,30.926,-1.448,0.238,0.238,0.269,0.269
0.249,30.599,-1.477,0.227,0.227,0.256,0.256
0.247,30.550,-1.417,0.241,0.241,0.267,0.267
0.247,30.616,-1.421,0.217,0.217,0.267,0.267
0.248,30.860,-1.453,0.238,0.238,0.256,0.256
0.248,31.105,-1.440,0.220,0.220,0.253,0.253
0.250,31.432,-1.492,0.232,0.232,0.258,0.258
0.250,31.823,-1.502,0.218,0.218,0.256,0.256
0.249,32.117,-1.483,0.235,0.235,0.249,0.249
0.248,32.166,-1.436,0.221,0.221,0.253,0.253
0.248,32.150,-1.431,0.235,0.235,0.256,0.256
0.250,31.938,-1.502,0.226,0.226,0.250,0.250
0.255,31.644,-1.650,0.240,0.240,0.249,0.249
0.254,31.595,-1.634,0.217,0.217,0.269,0.269
0.256,31.383,-1.699,0.249,0.249,0.246,0.246
0.254,31.171,-1.637,0.224,0.224,0.243,0.243
0.254,31.089,-1.636,0.241,0.241,0.250,0.250
0.255,31.105,-1.654,0.224,0.224,0.252,0.252
0.256,31.089,-1.681,0.253,0.253,0.255,0.255
0.257,31.171,-1.710,0.229,0.229,0.255,0.255
0.257,31.334,-1.720,0.249,0.249,0.249,0.249
0.257,31.823,-1.728,0.237,0.237,0.255,0.255
0.256,32.362,-1.685,0.247,0.247,0.255,0.255
0.255,32.884,-1.669,0.235,0.235,0.256,0.256
0.257,33.390,-1.716,0.246,0.246,0.252,0.252
0.261,33.798,-1.842,0.232,0.232,0.250,0.250
0.263,34.076,-1.931,0.240,0.240,0.255,0.255
0.264,34.353,-1.974,0.223,0.223,0.252,0.252
0.263,34.565,-1.928,0.232,0.232,0.250,0.250
0.262,34.598,-1.902,0.230,0.230,0.252,0.252
0.263,34.565,-1.936,0.215,0.215,0.241,0.241
0.264,34.337,-1.958,0.221,0.221,0.230,0.230
0.265,33.896,-1.993,0.206,0.206,0.232,0.232
0.265,33.390,-2.011,0.215,0.215,0.237,0.237
0.267,33.015,-2.048,0.198,0.198,0.224,0.224
0.266,32.835,-2.019,0.221,0.221,0.229,0.229
0.264,32.639,-1.957,0.198,0.198,0.232,0.232
0.264,32.590,-1.958,0.218,0.218,0.227,0.227
0.269,32.574,-2.127,0.208,0.208,0.235,0.235
0.271,32.607,-2.183,0.230,0.230,0.255,0.255
0.273,32.607,-2.241,0.215,0.215,0.230,0.230
0.272,32.607,-2.214,0.230,0.230,0.227,0.227
0.271,32.590,-2.195,0.215,0.215,0.238,0.238
0.272,32.607,-2.231,0.238,0.238,0.237,0.237
0.272,32.590,-2.239,0.218,0.218,0.241,0.241
0.273,32.607,-2.244,0.237,0.237,0.243,0.243
0.274,32.590,-2.289,0.224,0.224,0.229,0.229
0.275,32.607,-2.327,0.232,0.232,0.249,0.249
0.274,32.639,-2.279,0.217,0.217,0.259,0.259
0.272,32.819,-2.218,0.246,0.246,0.244,0.244
0.274,33.031,-2.286,0.223,0.223,0.247,0.247
0.274,33.374,-2.305,0.240,0.240,0.241,0.241
0.280,33.586,-2.481,0.224,0.224,0.253,0.253
0.280,33.651,-2.499,0.233,0.233,0.252,0.252
0.279,33.635,-2.463,0.224,0.224,0.252,0.252
0.280,33.602,-2.490,0.221,0.221,0.246,0.246
0.280,33.635,-2.483,0.227,0.227,0.255,0.255
0.282,33.782,-2.544,0.224,0.224,0.247,0.247
0.282,34.043,-2.553,0.226,0.226,0.256,0.256
0.282,34.108,-2.560,0.220,0.220,0.249,0.249
0.284,34.092,-2.627,0.232,0.232,0.244,0.244
0.282,34.124,-2.567,0.211,0.211,0.240,0.240
0.282,34.304,-2.554,0.214,0.214,0.255,0.255
0.282,34.549,-2.542,0.208,0.208,0.253,0.253
0.283,34.810,-2.604,0.214,0.214,0.247,0.247
0.288,35.022,-2.772,0.197,0.197,0.250,0.250
0.290,35.120,-2.828,0.221,0.221,0.249,0.249
0.289,35.283,-2.792,0.203,0.203,0.253,0.253
0.290,35.463,-2.827,0.227,0.227,0.252,0.252
0.290,35.348,-2.835,0.218,0.218,0.262,0.262
0.290,34.924,-2.845,0.241,0.241,0.258,0.258
0.292,34.353,-2.902,0.227,0.227,0.275,0.275
0.293,33.896,-2.924,0.240,0.240,0.243,0.243
0.293,33.586,-2.935,0.229,0.229,0.273,0.273
0.293,33.488,-2.953,0.249,0.249,0.282,0.282
0.293,33.586,-2.925,0.224,0.224,0.272,0.272
0.291,33.586,-2.876,0.247,0.247,0.264,0.264
0.292,33.635,-2.893,0.227,0.227,0.270,0.270
0.296,33.831,-3.057,0.244,0.244,0.266,0.266
0.300,34.467,-3.170,0.224,0.224,0.243,0.243
0.301,35.202,-3.208,0.250,0.250,0.264,0.264
0.301,35.610,-3.200,0.227,0.227,0.266,0.266
0.300,35.871,-3.174,0.237,0.237,0.262,0.262
0.301,36.050,-3.217,0.224,0.224,0.255,0.255
0.302,36.067,-3.243,0.238,0.238,0.253,0.253
0.303,36.067,-3.284,0.217,0.217,0.259,0.259
0.304,36.034,-3.321,0.241,0.241,0.258,0.258
0.304,36.067,-3.315,0.226,0.226,0.261,0.261
0.303,36.034,-3.268,0.232,0.232,0.253,0.253
0.301,36.034,-3.225,0.227,0.227,0.255,0.255
0.304,36.050,-3.335,0.227,0.227,0.250,0.250
0.309,36.034,-3.494,0.227,0.227,0.267,0.267
0.310,36.050,-3.521,0.220,0.220,0.255,0.255
0.310,36.034,-3.547,0.233,0.233,0.258,0.258
0.310,36.034,-3.540,0.218,0.218,0.252,0.252
0.311,36.050,-3.580,0.226,0.226,0.250,0.250
0.312,36.050,-3.596,0.223,0.223,0.250,0.250
0.313,36.034,-3.656,0.227,0.227,0.255,0.255
0.314,36.034,-3.665,0.227,0.227,0.267,0.267
0.314,36.083,-3.692,0.232,0.232,0.255,0.255
0.315,36.262,-3.712,0.224,0.224,0.253,0.253
0.315,36.491,-3.705,0.240,0.240,0.256,0.256
0.315,36.785,-3.706,0.215,0.215,0.255,0.255
0.313,37.193,-3.653,0.240,0.240,0.258,0.258
0.319,37.470,-3.869,0.221,0.221,0.258,0.258
0.320,37.356,-3.921,0.237,0.237,0.249,0.249
0.322,37.323,-3.985,0.217,0.217,0.252,0.252
0.322,37.421,-3.990,0.250,0.250,0.255,0.255
0.322,37.535,-3.995,0.218,0.218,0.255,0.255
0.323,37.535,-4.004,0.233,0.233,0.246,0.246
0.324,37.748,-4.047,0.212,0.212,0.224,0.224
0.325,37.960,-4.080,0.230,0.230,0.233,0.233
0.326,38.270,-4.137,0.206,0.206,0.229,0.229
0.326,38.678,-4.133,0.220,0.220,0.229,0.229
0.326,38.939,-4.120,0.204,0.204,0.237,0.237
0.325,39.069,-4.089,0.220,0.220,0.233,0.233
0.325,39.265,-4.081,0.203,0.203,0.232,0.232
0.328,39.428,-4.196,0.224,0.224,0.252,0.252
0.332,39.331,-4.386,0.215,0.215,0.243,0.243
0.334,39.314,-4.447,0.223,0.223,0.235,0.235
0.335,39.396,-4.481,0.217,0.217,0.233,0.233
0.334,39.510,-4.455,0.221,0.221,0.247,0.247
0.335,39.510,-4.491,0.223,0.223,0.244,0.244
0.335,39.526,-4.477,0.215,0.215,0.252,0.252
0.336,39.477,-4.527,0.227,0.227,0.269,0.269
0.337,39.477,-4.552,0.212,0.212,0.250,0.250
0.338,39.494,-4.601,0.230,0.230,0.238,0.238
0.339,39.265,-4.625,0.208,0.208,0.243,0.243
0.336,39.037,-4.535,0.233,0.233,0.250,0.250
0.338,38.923,-4.619,0.218,0.218,0.252,0.252
0.341,38.743,-4.734,0.226,0.226,0.252,0.252
0.345,38.564,-4.858,0.217,0.217,0.244,0.244
0.346,38.727,-4.908,0.233,0.233,0.249,0.249
0.346,39.151,-4.899,0.212,0.212,0.255,0.255
0.346,39.477,-4.895,0.223,0.223,0.250,0.250
0.347,39.543,-4.945,0.217,0.217,0.250,0.250
0.348,39.526,-4.995,0.232,0.232,0.250,0.250
0.349,39.461,-5.024,0.208,0.208,0.255,0.255
0.350,39.510,-5.072,0.238,0.238,0.244,0.244
0.351,39.461,-5.111,0.220,0.220,0.252,0.252
0.350,39.282,-5.070,0.235,0.235,0.249,0.249
0.350,39.053,-5.063,0.209,0.209,0.253,0.253
0.349,38.939,-5.045,0.227,0.227,0.250,0.250
0.353,38.759,-5.196,0.215,0.215,0.233,0.233
0.358,38.531,-5.367,0.217,0.217,0.249,0.249
0.358,38.237,-5.388,0.215,0.215,0.256,0.256
0.360,38.074,-5.442,0.226,0.226,0.246,0.246
0.359,37.943,-5.433,0.223,0.223,0.255,0.255
0.360,37.992,-5.454,0.232,0.232,0.252,0.252
0.361,38.204,-5.479,0.235,0.235,0.259,0.259
0.362,38.253,-5.538,0.238,0.238,0.272,0.272
0.363,38.107,-5.562,0.229,0.229,0.281,0.281
0.364,38.009,-5.594,0.241,0.241,0.285,0.285
0.365,38.025,-5.648,0.237,0.237,0.279,0.279
0.365,37.960,-5.638,0.230,0.230,0.266,0.266
0.363,37.796,-5.585,0.246,0.246,0.269,0.269
0.364,37.601,-5.623,0.235,0.235,0.266,0.266
0.366,37.470,-5.673,0.233,0.233,0.253,0.253
0.371,37.535,-5.879,0.240,0.240,0.269,0.269
0.374,37.682,-5.975,0.243,0.243,0.275,0.275
0.373,37.731,-5.953,0.226,0.226,0.272,0.272
0.373,37.633,-5.936,0.232,0.232,0.259,0.259
0.375,37.715,-6.011,0.218,0.218,0.267,0.267
0.375,37.715,-6.014,0.226,0.226,0.262,0.262
0.376,37.601,-6.049,0.212,0.212,0.252,0.252
0.377,37.340,-6.085,0.233,0.233,0.256,0.256
0.379,37.291,-6.158,0.218,0.218,0.253,0.253
0.377,37.421,-6.112,0.233,0.233,0.258,0.258
0.376,37.519,-6.066,0.214,0.214,0.258,0.258
0.377,37.552,-6.096,0.232,0.232,0.256,0.256
0.382,37.535,-6.275,0.209,0.209,0.255,0.255
0.384,37.535,-6.352,0.240,0.240,0.256,0.256
0.387,37.503,-6.464,0.218,0.218,0.253,0.253
0.387,37.519,-6.479,0.237,0.237,0.252,0.252
0.387,37.503,-6.477,0.217,0.217,0.252,0.252
0.388,37.307,-6.499,0.243,0.243,0.253,0.253
0.389,37.062,-6.547,0.227,0.227,0.247,0.247
0.390,36.980,-6.569,0.240,0.240,0.253,0.253
0.391,36.980,-6.616,0.229,0.229,0.259,0.259
0.392,37.013,-6.643,0.246,0.246,0.250,0.250
0.391,36.980,-6.621,0.230,0.230,0.252,0.252
0.390,36.817,-6.598,0.238,0.238,0.235,0.235
0.393,36.866,-6.687,0.237,0.237,0.262,0.262
0.397,37.176,-6.846,0.241,0.241,0.266,0.266
0.399,37.699,-6.908,0.233,0.233,0.256,0.256
0.401,38.025,-6.993,0.237,0.237,0.249,0.249
0.400,38.107,-6.956,0.230,0.230,0.256,0.256
0.401,38.041,-6.982,0.243,0.243,0.249,0.249
0.402,38.041,-7.017,0.226,0.226,0.261,0.261
0.403,38.221,-7.086,0.227,0.227,0.249,0.249
0.404,38.433,-7.095,0.223,0.223,0.247,0.247
0.406,38.547,-7.189,0.203,0.203,0.232,0.232
0.407,38.547,-7.210,0.218,0.218,0.232,0.232
0.407,38.743,-7.216,0.201,0.201,0.233,0.233
0.406,38.939,-7.180,0.217,0.217,0.233,0.233
0.405,38.988,-7.163,0.195,0.195,0.250,0.250
0.410,39.053,-7.330,0.221,0.221,0.235,0.235
0.413,39.249,-7.480,0.203,0.203,0.233,0.233
0.415,39.445,-7.549,0.224,0.224,0.237,0.237
0.417,39.739,-7.612,0.208,0.208,0.238,0.238
0.417,40.212,-7.610,0.227,0.227,0.227,0.227
0.417,40.652,-7.612,0.209,0.209,0.243,0.243
0.418,40.995,-7.643,0.226,0.226,0.229,0.229
0.420,41.224,-7.722,0.215,0.215,0.249,0.249
0.421,41.436,-7.771,0.235,0.235,0.252,0.252
0.421,41.468,-7.788,0.218,0.218,0.246,0.246
0.423,41.517,-7.858,0.232,0.232,0.250,0.250
0.421,41.452,-7.795,0.229,0.229,0.253,0.253
0.421,41.468,-7.775,0.229,0.229,0.247,0.247
0.424,41.436,-7.916,0.220,0.220,0.227,0.227
0.429,41.240,-8.116,0.232,0.232,0.249,0.249
0.430,40.995,-8.172,0.229,0.229,0.267,0.267
0.431,40.914,-8.217,0.226,0.226,0.255,0.255
0.432,40.897,-8.238,0.221,0.221,0.256,0.256
0.432,40.767,-8.257,0.223,0.223,0.237,0.237
0.434,40.718,-8.309,0.224,0.224,0.249,0.249
0.435,40.865,-8.348,0.217,0.217,0.255,0.255
0.436,40.979,-8.393,0.227,0.227,0.253,0.253
0.438,41.191,-8.502,0.217,0.217,0.252,0.252
0.438,41.387,-8.499,0.218,0.218,0.253,0.253
0.438,41.485,-8.486,0.218,0.218,0.250,0.250
0.437,41.468,-8.426,0.215,0.215,0.267,0.267
0.441,41.468,-8.598,0.206,0.206,0.249,0.249
0.444,41.501,-8.751,0.214,0.214,0.244,0.244
0.446,41.452,-8.801,0.208,0.208,0.249,0.249
0.446,41.240,-8.810,0.221,0.221,0.249,0.249
0.447,40.963,-8.837,0.200,0.200,0.250,0.250
0.449,40.669,-8.932,0.237,0.237,0.255,0.255
0.449,40.293,-8.952,0.212,0.212,0.258,0.258
0.451,40.032,-9.026,0.233,0.233,0.252,0.252
0.453,39.918,-9.086,0.221,0.221,0.258,0.258
0.454,40.147,-9.134,0.243,0.243,0.272,0.272
0.455,40.391,-9.177,0.227,0.227,0.272,0.272
0.455,40.310,-9.175,0.246,0.246,0.273,0.273
0.455,40.310,-9.162,0.229,0.229,0.279,0.279
0.455,40.359,-9.174,0.250,0.250,0.253,0.253
0.460,40.440,-9.391,0.229,0.229,0.270,0.270
0.464,40.489,-9.541,0.253,0.253,0.285,0.285
0.464,40.440,-9.547,0.230,0.230,0.273,0.273
0.466,40.261,-9.612,0.241,0.241,0.261,0.261
0.465,40.000,-9.598,0.223,0.223,0.264,0.264
0.467,39.673,-9.664,0.240,0.240,0.262,0.262
0.468,39.282,-9.687,0.226,0.226,0.264,0.264
0.469,38.776,-9.744,0.237,0.237,0.266,0.266
0.471,38.270,-9.799,0.215,0.215,0.267,0.267
0.472,37.960,-9.866,0.237,0.237,0.253,0.253
0.473,37.699,-9.875,0.221,0.221,0.255,0.255
0.473,37.340,-9.886,0.238,0.238,0.276,0.276
0.473,37.258,-9.875,0.227,0.227,0.258,0.258
0.474,37.405,-9.926,0.220,0.220,0.243,0.243
0.480,37.535,-10.137,0.230,0.230,0.258,0.258
0.482,37.764,-10.234,0.221,0.221,0.252,0.252
0.481,38.009,-10.210,0.224,0.224,0.256,0.256
0.483,38.253,-10.274,0.215,0.215,0.255,0.255
0.483,38.678,-10.265,0.232,0.232,0.261,0.261
0.485,38.710,-10.329,0.217,0.217,0.256,0.256
0.487,38.384,-10.407,0.230,0.230,0.255,0.255
0.488,38.041,-10.464,0.221,0.221,0.258,0.258
0.488,37.943,-10.471,0.233,0.233,0.261,0.261
0.490,37.960,-10.538,0.218,0.218,0.252,0.252
0.488,37.976,-10.476,0.238,0.238,0.253,0.253
0.489,37.764,-10.513,0.221,0.221,0.247,0.247
0.494,37.388,-10.674,0.241,0.241,0.258,0.258
0.497,37.258,-10.808,0.221,0.221,0.259,0.259
0.498,37.405,-10.843,0.246,0.246,0.259,0.259
0.499,37.764,-10.867,0.230,0.230,0.256,0.256
0.501,38.221,-10.961,0.240,0.240,0.241,0.241
0.502,38.727,-10.977,0.227,0.227,0.258,0.258
0.503,38.972,-11.013,0.235,0.235,0.258,0.258
0.504,38.874,-11.064,0.215,0.215,0.250,0.250
0.506,38.825,-11.145,0.220,0.220,0.241,0.241
0.507,38.955,-11.163,0.209,0.209,0.243,0.243
0.508,39.445,-11.241,0.220,0.220,0.233,0.233
0.508,40.114,-11.211,0.206,0.206,0.252,0.252
0.507,40.701,-11.192,0.214,0.214,0.230,0.230
0.510,40.995,-11.294,0.212,0.212,0.226,0.226
0.512,41.289,-11.368,0.218,0.218,0.235,0.235
0.517,41.664,-11.606,0.206,0.206,0.243,0.243
0.519,42.154,-11.671,0.218,0.218,0.240,0.240
0.519,42.676,-11.674,0.217,0.217,0.243,0.243
0.520,43.117,-11.726,0.212,0.212,0.252,0.252
0.521,43.378,-11.748,0.211,0.211,0.241,0.241
0.522,43.215,-11.811,0.212,0.212,0.241,0.241
0.524,42.790,-11.905,0.223,0.223,0.243,0.243
0.527,42.464,-12.003,0.211,0.211,0.246,0.246
0.527,42.350,-12.018,0.229,0.229,0.247,0.247
0.527,42.431,-12.021,0.215,0.215,0.250,0.250
0.526,42.627,-11.996,0.229,0.229,0.233,0.233
0.527,42.660,-12.035,0.203,0.203,0.249,0.249
0.531,42.546,-12.185,0.232,0.232,0.264,0.264
0.534,42.448,-12.310,0.220,0.220,0.250,0.250
0.538,42.660,-12.507,0.229,0.229,0.249,0.249
0.537,43.100,-12.455,0.214,0.214,0.249,0.249
0.539,43.606,-12.526,0.233,0.233,0.255,0.255
0.539,44.161,-12.545,0.212,0.212,0.262,0.262
0.541,44.651,-12.629,0.229,0.229,0.252,0.252
0.543,45.108,-12.700,0.226,0.226,0.252,0.252
0.544,45.630,-12.745,0.230,0.230,0.256,0.256
0.545,45.875,-12.820,0.211,0.211,0.250,0.250
0.546,45.924,-12.871,0.227,0.227,0.246,0.246
0.545,45.908,-12.821,0.211,0.211,0.256,0.256
0.546,45.859,-12.847,0.218,0.218,0.258,0.258
0.548,45.826,-12.938,0.209,0.209,0.246,0.246
0.553,45.663,-13.170,0.220,0.220,0.247,0.247
0.557,45.434,-13.341,0.217,0.217,0.247,0.247
0.557,45.124,-13.353,0.218,0.218,0.252,0.252
0.558,44.896,-13.414,0.215,0.215,0.258,0.258
0.559,44.602,-13.424,0.220,0.220,0.252,0.252
0.561,44.227,-13.510,0.218,0.218,0.258,0.258
0.561,43.672,-13.551,0.226,0.226,0.258,0.258
0.565,43.215,-13.693,0.229,0.229,0.261,0.261
0.565,42.872,-13.683,0.230,0.230,0.275,0.275
0.567,42.660,-13.800,0.235,0.235,0.272,0.272
0.567,42.464,-13.798,0.226,0.226,0.288,0.288
0.567,42.415,-13.784,0.243,0.243,0.275,0.275
0.568,42.480,-13.852,0.224,0.224,0.267,0.267
0.572,42.872,-13.988,0.249,0.249,0.272,0.272
0.575,43.329,-14.151,0.218,0.218,0.279,0.279
0.579,43.688,-14.288,0.227,0.227,0.270,0.270
0.579,43.900,-14.309,0.218,0.218,0.262,0.262
0.579,43.753,-14.322,0.233,0.233,0.288,0.288
0.581,43.476,-14.398,0.217,0.217,0.264,0.264
0.581,43.166,-14.403,0.240,0.240,0.259,0.259
0.584,42.954,-14.505,0.215,0.215,0.258,0.258
0.586,42.888,-14.594,0.233,0.233,0.255,0.255
0.586,42.921,-14.619,0.215,0.215,0.262,0.262
0.588,43.117,-14.714,0.237,0.237,0.255,0.255
0.587,43.378,-14.630,0.220,0.220,0.281,0.281
0.587,43.672,-14.669,0.237,0.237,0.252,0.252
0.590,43.900,-14.785,0.223,0.223,0.243,0.243
0.595,43.982,-15.008,0.233,0.233,0.259,0.259
0.599,43.965,-15.156,0.217,0.217,0.255,0.255
0.599,44.145,-15.197,0.237,0.237,0.258,0.258
0.599,44.553,-15.199,0.218,0.218,0.261,0.261
0.601,44.863,-15.246,0.244,0.244,0.264,0.264
0.602,44.977,-15.316,0.218,0.218,0.247,0.247
0.605,44.912,-15.428,0.244,0.244,0.249,0.249
0.606,44.847,-15.479,0.224,0.224,0.253,0.253
0.608,44.667,-15.597,0.230,0.230,0.258,0.258
0.608,44.455,-15.578,0.230,0.230,0.256,0.256
0.608,44.129,-15.600,0.233,0.233,0.253,0.253
0.609,43.721,-15.644,0.232,0.232,0.264,0.264
0.609,43.427,-15.640,0.221,0.221,0.256,0.256
0.618,43.329,-16.006,0.240,0.240,0.255,0.255
0.619,43.198,-16.080,0.224,0.224,0.258,0.258
0.621,43.166,-16.135,0.241,0.241,0.255,0.255
0.622,43.117,-16.191,0.227,0.227,0.256,0.256
0.622,42.954,-16.170,0.247,0.247,0.253,0.253
0.624,42.480,-16.272,0.214,0.214,0.253,0.253
0.625,41.811,-16.316,0.230,0.230,0.246,0.246
0.627,41.224,-16.395,0.208,0.208,0.244,0.244
0.629,40.897,-16.497,0.226,0.226,0.227,0.227
0.631,40.669,-16.570,0.200,0.200,0.227,0.227
0.631,40.228,-16.549,0.215,0.215,0.227,0.227
0.630,39.559,-16.504,0.198,0.198,0.238,0.238
0.632,38.841,-16.615,0.215,0.215,0.215,0.215
0.634,38.482,-16.665,0.206,0.206,0.235,0.235
0.639,38.400,-16.863,0.235,0.235,0.241,0.241
0.644,38.237,-17.054,0.218,0.218,0.240,0.240
0.644,37.829,-17.052,0.221,0.221,0.237,0.237
0.645,37.095,-17.098,0.204,0.204,0.227,0.227
0.646,36.377,-17.150,0.214,0.214,0.241,0.241
0.646,35.952,-17.142,0.215,0.215,0.250,0.250
0.649,35.756,-17.254,0.218,0.218,0.244,0.244
0.651,35.593,-17.303,0.218,0.218,0.243,0.243
0.653,35.593,-17.380,0.209,0.209,0.246,0.246
0.654,35.789,-17.412,0.221,0.221,0.249,0.249
0.653,36.230,-17.383,0.203,0.203,0.258,0.258
0.654,36.736,-17.425,0.224,0.224,0.253,0.253
0.656,37.258,-17.495,0.215,0.215,0.243,0.243
0.661,37.503,-17.688,0.224,0.224,0.249,0.249
0.665,37.340,-17.838,0.208,0.208,0.256,0.256
0.666,36.589,-17.856,0.227,0.227,0.253,0.253
0.666,35.430,-17.882,0.203,0.203,0.253,0.253
0.667,34.157,-17.913,0.217,0.217,0.269,0.269
0.668,33.096,-17.948,0.214,0.214,0.255,0.255
0.671,32.297,-18.029,0.232,0.232,0.247,0.247
0.673,31.611,-18.091,0.215,0.215,0.259,0.259
0.674,30.648,-18.143,0.221,0.221,0.252,0.252
0.676,29.718,-18.185,0.209,0.209,0.252,0.252
0.675,28.935,-18.176,0.224,0.224,0.250,0.250
0.674,28.559,-18.139,0.209,0.209,0.272,0.272
0.677,28.380,-18.230,0.226,0.226,0.252,0.252
0.684,28.200,-18.429,0.209,0.209,0.252,0.252
0.685,27.907,-18.453,0.209,0.209,0.252,0.252
0.688,27.466,-18.529,0.201,0.201,0.255,0.255
0.690,26.764,-18.575,0.208,0.208,0.252,0.252
0.689,25.997,-18.561,0.215,0.215,0.258,0.258
0.691,25.230,-18.605,0.214,0.214,0.258,0.258
0.692,24.528,-18.640,0.233,0.233,0.259,0.259
0.694,23.973,-18.672,0.221,0.221,0.259,0.259
0.696,23.729,-18.729,0.227,0.227,0.290,0.290
0.697,23.712,-18.763,0.223,0.223,0.276,0.276
0.698,23.761,-18.781,0.241,0.241,0.276,0.276
0.698,23.729,-18.778,0.218,0.218,0.276,0.276
0.699,23.549,-18.798,0.233,0.233,0.243,0.243
0.699,23.060,-18.811,0.218,0.218,0.269,0.269
0.707,22.554,-18.975,0.233,0.233,0.285,0.285
0.710,21.999,-19.048,0.209,0.209,0.270,0.270
0.710,21.542,-19.058,0.241,0.241,0.266,0.266
0.712,21.020,-19.085,0.220,0.220,0.264,0.264
0.713,20.334,-19.122,0.246,0.246,0.262,0.262
0.713,19.665,-19.117,0.215,0.215,0.259,0.259
0.715,19.012,-19.161,0.233,0.233,0.256,0.256
0.717,18.555,-19.199,0.203,0.203,0.261,0.261
0.719,18.147,-19.219,0.230,0.230,0.258,0.258
0.720,17.658,-19.249,0.224,0.224,0.261,0.261
0.720,17.380,-19.244,0.232,0.232,0.282,0.282
0.720,17.299,-19.236,0.215,0.215,0.262,0.262
0.722,17.348,-19.286,0.238,0.238,0.244,0.244
0.729,17.364,-19.399,0.215,0.215,0.261,0.261
0.731,17.135,-19.432,0.235,0.235,0.253,0.253
0.732,16.940,-19.458,0.224,0.224,0.258,0.258
0.732,16.809,-19.453,0.235,0.235,0.255,0.255
0.733,16.629,-19.476,0.226,0.226,0.259,0.259
0.735,16.678,-19.505,0.215,0.215,0.253,0.253
0.737,16.793,-19.543,0.223,0.223,0.258,0.258
0.739,16.891,-19.568,0.223,0.223,0.255,0.255
0.741,16.874,-19.595,0.223,0.223,0.255,0.255
0.741,16.662,-19.609,0.227,0.227,0.253,0.253
0.740,16.678,-19.585,0.237,0.237,0.259,0.259
0.742,16.776,-19.627,0.218,0.218,0.259,0.259
0.744,16.858,-19.655,0.227,0.227,0.261,0.261
0.751,16.711,-19.767,0.224,0.224,0.264,0.264
0.753,16.483,-19.803,0.233,0.233,0.253,0.253
0.755,16.368,-19.829,0.214,0.214,0.252,0.252
0.754,16.319,-19.824,0.240,0.240,0.235,0.235
0.755,16.401,-19.841,0.212,0.212,0.253,0.253
0.758,16.368,-19.884,0.226,0.226,0.258,0.258
0.758,16.221,-19.893,0.203,0.203,0.252,0.252
0.761,16.124,-19.936,0.218,0.218,0.243,0.243
0.763,16.058,-19.969,0.206,0.206,0.235,0.235
0.764,15.993,-19.984,0.221,0.221,0.230,0.230
0.764,16.107,-19.985,0.201,0.201,0.259,0.259
0.764,16.303,-19.986,0.218,0.218,0.227,0.227
0.765,16.385,-19.996,0.198,0.198,0.229,0.229
0.769,16.156,-20.059,0.218,0.218,0.237,0.237
0.774,15.732,-20.149,0.214,0.214,0.243,0.243
0.776,15.373,-20.177,0.224,0.224,0.238,0.238
0.777,15.046,-20.191,0.212,0.212,0.237,0.237
0.778,14.704,-20.208,0.221,0.221,0.226,0.226
0.779,14.394,-20.215,0.223,0.223,0.241,0.241
0.780,14.084,-20.239,0.217,0.217,0.253,0.253
0.783,13.480,-20.271,0.212,0.212,0.247,0.247
0.784,12.745,-20.291,0.220,0.220,0.246,0.246
0.785,12.141,-20.306,0.221,0.221,0.247,0.247
0.786,11.456,-20.317,0.206,0.206,0.252,0.252
0.785,10.966,-20.298,0.217,0.217,0.237,0.237
0.788,10.428,-20.339,0.204,0.204,0.250,0.250
0.793,9.791,-20.388,0.220,0.220,0.262,0.262
0.795,9.236,-20.408,0.203,0.203,0.250,0.250
0.798,8.698,-20.428,0.233,0.233,0.255,0.255
0.798,8.241,-20.434,0.208,0.208,0.272,0.272
0.799,7.735,-20.441,0.217,0.217,0.252,0.252
0.800,7.262,-20.450,0.203,0.203,0.246,0.246
0.802,6.772,-20.460,0.220,0.220,0.249,0.249
0.804,6.283,-20.472,0.208,0.208,0.249,0.249
0.806,5.777,-20.487,0.221,0.221,0.261,0.261
0.808,5.075,-20.496,0.203,0.203,0.250,0.250
0.807,4.389,-20.493,0.223,0.223,0.266,0.266
0.807,3.753,-20.494,0.206,0.206,0.249,0.249
0.810,3.116,-20.502,0.224,0.224,0.244,0.244
0.813,2.415,-20.512,0.209,0.209,0.250,0.250
0.816,1.648,-20.518,0.226,0.226,0.249,0.249
0.820,0.913,-20.523,0.203,0.203,0.250,0.250
0.821,0.358,-20.523,0.224,0.224,0.247,0.247
0.821,-0.229,-20.523,0.211,0.211,0.244,0.244
0.823,-0.931,-20.522,0.217,0.217,0.258,0.258
0.823,-1.567,-20.521,0.223,0.223,0.261,0.261
0.826,-2.090,-20.517,0.233,0.233,0.250,0.250
0.828,-2.547,-20.512,0.227,0.227,0.258,0.258
0.828,-2.808,-20.511,0.247,0.247,0.264,0.264
0.831,-3.085,-20.504,0.237,0.237,0.276,0.276
0.831,-3.265,-20.503,0.237,0.237,0.270,0.270
0.830,-3.281,-20.506,0.229,0.229,0.275,0.275
0.831,-3.085,-20.501,0.226,0.226,0.275,0.275
0.837,-2.840,-20.484,0.230,0.230,0.273,0.273
0.841,-2.563,-20.475,0.224,0.224,0.270,0.270
0.843,-2.302,-20.470,0.238,0.238,0.291,0.291
0.843,-2.057,-20.469,0.226,0.226,0.264,0.264
0.843,-1.796,-20.469,0.232,0.232,0.261,0.261
0.846,-1.535,-20.464,0.224,0.224,0.262,0.262
0.848,-1.127,-20.462,0.233,0.233,0.267,0.267
0.848,-0.784,-20.461,0.211,0.211,0.261,0.261
0.850,-0.196,-20.461,0.229,0.229,0.256,0.256
0.853,0.097,-20.461,0.211,0.211,0.241,0.241
0.853,0.260,-20.461,0.233,0.233,0.249,0.249
0.853,0.407,-20.461,0.206,0.206,0.255,0.255
0.853,0.799,-20.461,0.232,0.232,0.250,0.250
0.859,1.093,-20.466,0.223,0.223,0.250,0.250
0.862,1.403,-20.470,0.229,0.229,0.253,0.253
0.864,1.615,-20.473,0.218,0.218,0.255,0.255
0.864,1.892,-20.474,0.233,0.233,0.229,0.229
0.866,2.300,-20.477,0.212,0.212,0.249,0.249
0.868,2.594,-20.481,0.243,0.243,0.249,0.249
0.869,2.904,-20.485,0.221,0.221,0.249,0.249
0.870,3.051,-20.489,0.240,0.240,0.252,0.252
0.873,3.165,-20.497,0.220,0.220,0.243,0.243
0.874,3.329,-20.499,0.244,0.244,0.250,0.250
0.873,3.541,-20.498,0.226,0.226,0.256,0.256
0.874,3.835,-20.502,0.246,0.246,0.243,0.243
0.875,4.047,-20.503,0.215,0.215,0.252,0.252
0.881,4.340,-20.528,0.250,0.250,0.255,0.255
0.885,4.553,-20.545,0.233,0.233,0.258,0.258
0.885,4.814,-20.548,0.237,0.237,0.259,0.259
0.886,4.993,-20.552,0.230,0.230,0.255,0.255
0.888,5.108,-20.562,0.230,0.230,0.253,0.253
0.888,5.303,-20.563,0.227,0.227,0.255,0.255
0.891,5.711,-20.577,0.224,0.224,0.249,0.249
0.892,6.005,-20.585,0.229,0.229,0.247,0.247
0.893,6.152,-20.592,0.215,0.215,0.246,0.246
0.896,6.495,-20.607,0.212,0.212,0.256,0.256
0.896,6.903,-20.609,0.206,0.206,0.230,0.230
0.895,7.082,-20.602,0.211,0.211,0.221,0.221
0.897,7.278,-20.618,0.198,0.198,0.226,0.226
0.903,7.441,-20.659,0.211,0.211,0.226,0.226
0.906,7.539,-20.682,0.203,0.203,0.226,0.226
0.908,7.735,-20.698,0.218,0.218,0.230,0.230
0.909,7.947,-20.705,0.203,0.203,0.256,0.256
0.909,8.029,-20.705,0.227,0.227,0.237,0.237
0.910,8.012,-20.719,0.215,0.215,0.223,0.223
0.913,7.784,-20.736,0.226,0.226,0.237,0.237
0.914,7.751,-20.748,0.211,0.211,0.241,0.241
0.916,7.637,-20.764,0.235,0.235,0.235,0.235
0.918,7.523,-20.778,0.218,0.218,0.241,0.241
0.919,7.262,-20.783,0.232,0.232,0.253,0.253
0.918,7.050,-20.777,0.215,0.215,0.249,0.249
0.919,6.952,-20.787,0.227,0.227,0.252,0.252
0.922,6.968,-20.802,0.218,0.218,0.249,0.249
0.927,7.001,-20.842,0.223,0.223,0.250,0.250
0.929,7.001,-20.855,0.224,0.224,0.249,0.249
0.929,7.001,-20.854,0.224,0.224,0.246,0.246
0.931,6.772,-20.866,0.218,0.218,0.237,0.237
0.933,6.576,-20.879,0.218,0.218,0.249,0.249
0.934,6.446,-20.890,0.221,0.221,0.253,0.253
0.936,6.266,-20.900,0.217,0.217,0.252,0.252
0.938,6.103,-20.914,0.217,0.217,0.252,0.252
0.938,6.005,-20.914,0.214,0.214,0.252,0.252
0.937,6.021,-20.909,0.220,0.220,0.249,0.249
0.938,6.250,-20.915,0.204,0.204,0.240,0.240
0.943,6.495,-20.945,0.223,0.223,0.247,0.247
0.948,6.788,-20.978,0.208,0.208,0.253,0.253
0.950,6.952,-20.989,0.220,0.220,0.250,0.250
0.950,7.033,-20.989,0.203,0.203,0.243,0.243
0.952,7.033,-21.004,0.221,0.221,0.223,0.223
0.953,7.001,-21.012,0.204,0.204,0.246,0.246
0.954,7.001,-21.019,0.214,0.214,0.252,0.252
0.956,6.984,-21.033,0.206,0.206,0.249,0.249
0.958,6.984,-21.049,0.224,0.224,0.246,0.246
0.959,6.805,-21.058,0.220,0.220,0.252,0.252
0.961,6.756,-21.071,0.243,0.243,0.256,0.256
0.963,6.462,-21.079,0.230,0.230,0.298,0.298
0.961,5.679,-21.068,0.246,0.246,0.269,0.269
0.962,4.895,-21.075,0.226,0.226,0.267,0.267
0.965,4.275,-21.088,0.252,0.252,0.270,0.270
0.970,3.786,-21.109,0.230,0.230,0.276,0.276
0.972,3.345,-21.115,0.238,0.238,0.269,0.269
0.973,2.888,-21.118,0.233,0.233,0.276,0.276
0.974,2.611,-21.121,0.240,0.240,0.258,0.258
0.976,2.545,-21.126,0.227,0.227,0.261,0.261
0.978,2.594,-21.132,0.247,0.247,0.276,0.276
0.978,2.839,-21.133,0.229,0.229,0.261,0.261
0.981,3.263,-21.140,0.235,0.235,0.264,0.264
0.982,3.590,-21.145,0.224,0.224,0.259,0.259
0.984,3.851,-21.150,0.229,0.229,0.262,0.262
0.983,3.818,-21.149,0.226,0.226,0.246,0.246
0.985,3.639,-21.154,0.215,0.215,0.255,0.255
0.988,3.296,-21.164,0.237,0.237,0.255,0.255
0.992,2.921,-21.176,0.220,0.220,0.252,0.252
0.994,2.594,-21.183,0.226,0.226,0.249,0.249
0.995,2.300,-21.186,0.218,0.218,0.247,0.247
0.996,1.909,-21.187,0.233,0.233,0.252,0.252
0.997,1.403,-21.190,0.215,0.215,0.246,0.246
0.999,1.109,-21.191,0.221,0.221,0.247,0.247
1.000,0.815,-21.193,0.215,0.215,0.243,0.243
1.003,0.456,-21.194,0.230,0.230,0.244,0.244
1.004,0.212,-21.195,0.212,0.212,0.252,0.252
1.006,-0.033,-21.195,0.237,0.237,0.270,0.270
1.007,-0.458,-21.195,0.221,0.221,0.253,0.253
1.006,-0.964,-21.196,0.233,0.233,0.246,0.246
1.007,-1.339,-21.194,0.224,0.224,0.253,0.253
1.013,-1.600,-21.185,0.241,0.241,0.252,0.252
1.014,-1.763,-21.183,0.229,0.229,0.253,0.253
1.018,-1.828,-21.177,0.240,0.240,0.252,0.252
1.018,-2.057,-21.176,0.227,0.227,0.261,0.261
1.019,-2.220,-21.175,0.243,0.243,0.249,0.249
1.020,-2.334,-21.172,0.229,0.229,0.249,0.249
1.023,-2.285,-21.165,0.238,0.238,0.252,0.252
1.023,-2.302,-21.165,0.224,0.224,0.253,0.253
1.025,-2.302,-21.161,0.233,0.233,0.240,0.240
1.028,-2.302,-21.154,0.206,0.206,0.240,0.240
1.028,-2.285,-21.154,0.227,0.227,0.208,0.208
1.029,-2.302,-21.151,0.206,0.206,0.232,0.232
1.031,-2.334,-21.148,0.212,0.212,0.241,0.241
1.031,-2.285,-21.147,0.204,0.204,0.229,0.229
1.036,-2.269,-21.135,0.211,0.211,0.227,0.227
1.039,-2.334,-21.129,0.209,0.209,0.224,0.224
1.040,-2.318,-21.126,0.204,0.204,0.232,0.232
1.041,-2.302,-21.123,0.217,0.217,0.227,0.227
1.043,-2.106,-21.120,0.209,0.209,0.233,0.233
1.044,-1.828,-21.118,0.224,0.224,0.235,0.235
1.045,-1.763,-21.116,0.203,0.203,0.240,0.240
1.047,-1.535,-21.113,0.233,0.233,0.238,0.238
1.049,-1.372,-21.110,0.208,0.208,0.250,0.250
1.051,-1.290,-21.107,0.223,0.223,0.237,0.237
1.052,-1.274,-21.106,0.212,0.212,0.240,0.240
1.051,-1.274,-21.107,0.232,0.232,0.249,0.249
1.054,-1.094,-21.104,0.211,0.211,0.249,0.249
1.056,-0.833,-21.101,0.227,0.227,0.244,0.244
1.059,-0.539,-21.099,0.215,0.215,0.249,0.249
1.062,-0.343,-21.098,0.233,0.233,0.258,0.258
1.064,-0.262,-21.098,0.220,0.220,0.252,0.252
1.063,-0.294,-21.098,0.233,0.233,0.246,0.246
1.065,-0.474,-21.097,0.218,0.218,0.252,0.252
1.068,-0.539,-21.096,0.227,0.227,0.252,0.252
1.068,-0.409,-21.096,0.211,0.211,0.255,0.255
1.071,-0.523,-21.094,0.238,0.238,0.253,0.253
1.072,-0.947,-21.093,0.220,0.220,0.243,0.243
1.072,-1.274,-21.093,0.218,0.218,0.241,0.241
1.072,-1.616,-21.093,0.220,0.220,0.252,0.252
1.074,-1.992,-21.090,0.223,0.223,0.250,0.250
1.077,-2.318,-21.083,0.218,0.218,0.249,0.249
1.082,-2.579,-21.071,0.209,0.209,0.247,0.247
1.084,-2.775,-21.066,0.214,0.214,0.247,0.247
1.084,-3.020,-21.065,0.209,0.209,0.246,0.246
1.086,-3.248,-21.060,0.204,0.204,0.249,0.249
1.087,-3.330,-21.056,0.218,0.218,0.249,0.249
1.088,-3.297,-21.052,0.221,0.221,0.250,0.250
1.091,-3.297,-21.043,0.212,0.212,0.249,0.249
1.093,-3.460,-21.036,0.237,0.237,0.237,0.237
1.094,-3.754,-21.034,0.224,0.224,0.258,0.258
1.095,-3.803,-21.028,0.240,0.240,0.267,0.267
1.095,-3.787,-21.028,0.223,0.223,0.261,0.261
1.096,-3.803,-21.027,0.237,0.237,0.270,0.270
1.098,-4.015,-21.017,0.226,0.226,0.270,0.270
1.104,-4.423,-20.992,0.240,0.240,0.267,0.267
1.105,-4.766,-20.987,0.224,0.224,0.298,0.298
1.107,-5.060,-20.977,0.238,0.238,0.272,0.272
1.108,-5.272,-20.970,0.224,0.224,0.258,0.258
1.108,-5.452,-20.975,0.246,0.246,0.259,0.259
1.111,-5.517,-20.958,0.223,0.223,0.270,0.270
1.111,-5.549,-20.955,0.240,0.240,0.259,0.259
1.113,-5.696,-20.942,0.215,0.215,0.261,0.261
1.115,-5.957,-20.933,0.237,0.237,0.252,0.252
1.117,-6.186,-20.923,0.220,0.220,0.262,0.262
1.118,-6.268,-20.917,0.232,0.232,0.261,0.261
1.118,-6.268,-20.914,0.224,0.224,0.258,0.258
1.119,-6.219,-20.908,0.241,0.241,0.249,0.249
1.124,-5.990,-20.877,0.221,0.221,0.249,0.249
1.128,-5.582,-20.856,0.246,0.246,0.249,0.249
1.129,-5.044,-20.848,0.226,0.226,0.227,0.227
1.130,-4.554,-20.846,0.233,0.233,0.249,0.249
1.130,-4.260,-20.844,0.224,0.224,0.269,0.269
1.131,-4.407,-20.840,0.233,0.233,0.253,0.253
1.133,-4.652,-20.830,0.227,0.227,0.249,0.249
1.136,-4.603,-20.818,0.223,0.223,0.247,0.247
1.136,-4.342,-20.815,0.235,0.235,0.250,0.250
1.138,-4.293,-20.807,0.227,0.227,0.247,0.247
1.139,-4.440,-20.803,0.232,0.232,0.250,0.250
1.139,-4.929,-20.806,0.223,0.223,0.252,0.252
1.141,-5.239,-20.795,0.240,0.240,0.258,0.258
1.144,-5.337,-20.776,0.229,0.229,0.258,0.258
1.148,-5.272,-20.755,0.230,0.230,0.246,0.246
1.150,-5.288,-20.744,0.227,0.227,0.253,0.253
1.151,-5.256,-20.739,0.233,0.233,0.249,0.249
1.151,-5.500,-20.740,0.224,0.224,0.250,0.250
1.153,-5.941,-20.729,0.249,0.249,0.256,0.256
1.155,-6.219,-20.717,0.226,0.226,0.252,0.252
1.157,-6.300,-20.708,0.238,0.238,0.247,0.247
1.159,-6.072,-20.694,0.214,0.214,0.235,0.235
1.160,-5.827,-20.686,0.226,0.226,0.243,0.243
1.161,-5.696,-20.684,0.203,0.203,0.224,0.224
1.161,-5.713,-20.682,0.215,0.215,0.227,0.227
1.161,-5.762,-20.680,0.198,0.198,0.235,0.235
1.165,-6.039,-20.659,0.223,0.223,0.230,0.230
1.169,-6.414,-20.635,0.212,0.212,0.233,0.233
1.173,-6.692,-20.608,0.215,0.215,0.227,0.227
1.174,-6.610,-20.600,0.211,0.211,0.235,0.235
1.175,-6.545,-20.596,0.227,0.227,0.221,0.221
1.176,-6.414,-20.589,0.218,0.218,0.240,0.240
1.176,-6.072,-20.585,0.220,0.220,0.238,0.238
1.179,-5.827,-20.571,0.227,0.227,0.241,0.241
1.180,-5.925,-20.565,0.220,0.220,0.243,0.243
1.182,-6.170,-20.554,0.218,0.218,0.238,0.238
1.184,-6.561,-20.541,0.223,0.223,0.243,0.243
1.184,-7.394,-20.537,0.221,0.221,0.240,0.240
1.183,-8.095,-20.545,0.223,0.223,0.246,0.246
1.187,-8.487,-20.510,0.224,0.224,0.249,0.249
1.191,-8.226,-20.478,0.221,0.221,0.250,0.250
1.193,-7.426,-20.460,0.227,0.227,0.249,0.249
1.194,-6.545,-20.453,0.208,0.208,0.264,0.264
1.197,-5.941,-20.437,0.230,0.230,0.244,0.244
1.196,-5.713,-20.440,0.211,0.211,0.240,0.240
1.198,-5.925,-20.431,0.227,0.227,0.249,0.249
1.201,-6.382,-20.415,0.211,0.211,0.250,0.250
1.202,-6.708,-20.409,0.230,0.230,0.250,0.250
1.204,-6.790,-20.392,0.211,0.211,0.252,0.252
1.206,-6.496,-20.379,0.227,0.227,0.267,0.267
1.205,-5.827,-20.386,0.221,0.221,0.249,0.249
1.206,-5.092,-20.381,0.237,0.237,0.243,0.243
1.207,-4.733,-20.375,0.218,0.218,0.250,0.250
1.213,-4.668,-20.349,0.230,0.230,0.249,0.249
1.215,-4.733,-20.336,0.212,0.212,0.250,0.250
1.217,-4.782,-20.329,0.221,0.221,0.246,0.246
1.218,-4.799,-20.324,0.206,0.206,0.249,0.249
1.218,-4.782,-20.321,0.227,0.227,0.249,0.249
1.221,-4.766,-20.310,0.212,0.212,0.247,0.247
1.221,-4.962,-20.309,0.227,0.227,0.246,0.246
1.225,-5.207,-20.291,0.223,0.223,0.252,0.252
1.226,-5.484,-20.285,0.233,0.233,0.249,0.249
1.227,-5.713,-20.276,0.235,0.235,0.258,0.258
1.227,-5.566,-20.277,0.235,0.235,0.264,0.264
1.227,-5.354,-20.278,0.240,0.240,0.273,0.273
1.228,-5.223,-20.273,0.232,0.232,0.279,0.279
1.230,-5.174,-20.261,0.232,0.232,0.273,0.273
1.235,-5.011,-20.235,0.244,0.244,0.264,0.264
1.239,-4.603,-20.219,0.241,0.241,0.279,0.279
1.241,-4.309,-20.209,0.229,0.229,0.270,0.270
1.242,-4.456,-20.205,0.244,0.244,0.261,0.261
1.242,-5.109,-20.206,0.221,0.221,0.273,0.273
1.244,-6.072,-20.192,0.227,0.227,0.273,0.273
1.245,-6.692,-20.183,0.221,0.221,0.255,0.255
1.247,-6.855,-20.171,0.235,0.235,0.261,0.261
1.249,-6.578,-20.160,0.221,0.221,0.270,0.270
1.251,-6.284,-20.146,0.235,0.235,0.256,0.256
1.250,-6.170,-20.154,0.218,0.218,0.258,0.258
1.249,-6.170,-20.157,0.230,0.230,0.255,0.255
1.252,-6.235,-20.139,0.220,0.220,0.253,0.253
1.256,-6.219,-20.114,0.238,0.238,0.252,0.252
1.261,-6.023,-20.083,0.217,0.217,0.250,0.250
1.262,-5.794,-20.079,0.233,0.233,0.227,0.227
1.262,-5.745,-20.079,0.215,0.215,0.255,0.255
1.264,-5.957,-20.068,0.237,0.237,0.261,0.261
1.266,-6.137,-20.056,0.223,0.223,0.253,0.253
1.267,-6.039,-20.051,0.241,0.241,0.253,0.253
1.269,-5.615,-20.038,0.233,0.233,0.237,0.237
1.271,-5.239,-20.027,0.246,0.246,0.244,0.244
1.271,-4.750,-20.027,0.221,0.221,0.261,0.261
1.271,-4.325,-20.027,0.240,0.240,0.249,0.249
1.272,-3.983,-20.021,0.229,0.229,0.252,0.252
1.274,-3.803,-20.016,0.246,0.246,0.252,0.252
1.278,-3.966,-19.997,0.235,0.235,0.255,0.255
1.283,-4.162,-19.978,0.252,0.252,0.275,0.275
1.284,-4.097,-19.975,0.233,0.233,0.256,0.256
1.284,-3.868,-19.974,0.230,0.230,0.249,0.249
1.285,-3.771,-19.969,0.247,0.247,0.256,0.256
1.287,-3.934,-19.964,0.243,0.243,0.252,0.252
1.289,-4.195,-19.957,0.244,0.244,0.255,0.255
1.291,-4.489,-19.945,0.227,0.227,0.255,0.255
1.291,-4.505,-19.944,0.230,0.230,0.246,0.246
1.294,-4.342,-19.933,0.211,0.211,0.246,0.246
1.296,-3.999,-19.926,0.212,0.212,0.240,0.240
1.295,-3.787,-19.930,0.209,0.209,0.229,0.229
1.295,-3.754,-19.930,0.221,0.221,0.227,0.227
1.299,-3.934,-19.913,0.206,0.206,0.224,0.224
1.302,-4.195,-19.903,0.214,0.214,0.232,0.232
1.306,-4.276,-19.885,0.206,0.206,0.227,0.227
1.306,-4.276,-19.884,0.224,0.224,0.232,0.232
1.306,-4.064,-19.883,0.197,0.197,0.230,0.230
1.308,-3.836,-19.875,0.227,0.227,0.240,0.240
1.310,-3.738,-19.869,0.217,0.217,0.233,0.233
1.312,-3.754,-19.861,0.224,0.224,0.259,0.259
1.313,-3.966,-19.856,0.203,0.203,0.252,0.252
1.315,-4.228,-19.847,0.230,0.230,0.240,0.240
1.317,-4.309,-19.840,0.226,0.226,0.246,0.246
1.317,-4.505,-19.839,0.235,0.235,0.244,0.244
1.317,-4.701,-19.840,0.217,0.217,0.252,0.252
1.317,-4.799,-19.839,0.230,0.230,0.256,0.256
1.324,-4.799,-19.806,0.223,0.223,0.256,0.256
1.328,-4.750,-19.790,0.214,0.214,0.255,0.255
1.328,-4.538,-19.788,0.230,0.230,0.262,0.262
1.329,-4.554,-19.782,0.226,0.226,0.258,0.258
1.330,-4.701,-19.779,0.224,0.224,0.249,0.249
1.331,-4.978,-19.771,0.223,0.223,0.255,0.255
1.333,-5.223,-19.764,0.224,0.224,0.255,0.255
1.335,-5.305,-19.752,0.215,0.215,0.249,0.249
1.337,-5.239,-19.745,0.227,0.227,0.253,0.253
1.338,-5.076,-19.739,0.218,0.218,0.258,0.258
1.338,-4.995,-19.736,0.226,0.226,0.258,0.258
1.338,-5.125,-19.740,0.206,0.206,0.246,0.246
1.339,-4.995,-19.733,0.221,0.221,0.241,0.241
1.346,-4.603,-19.700,0.206,0.206,0.255,0.255
1.348,-4.244,-19.691,0.221,0.221,0.255,0.255
1.351,-3.771,-19.680,0.203,0.203,0.253,0.253
1.352,-3.379,-19.677,0.221,0.221,0.249,0.249
1.352,-3.477,-19.676,0.206,0.206,0.249,0.249
1.353,-3.901,-19.670,0.217,0.217,0.249,0.249
1.355,-4.472,-19.662,0.214,0.214,0.252,0.252
1.357,-4.799,-19.655,0.230,0.230,0.255,0.255
1.359,-5.060,-19.642,0.214,0.214,0.264,0.264
1.361,-5.190,-19.635,0.243,0.243,0.256,0.256
1.360,-5.060,-19.640,0.227,0.227,0.279,0.279
1.360,-4.831,-19.639,0.249,0.249,0.279,0.279
1.361,-4.733,-19.635,0.227,0.227,0.281,0.281
1.364,-4.733,-19.618,0.262,0.262,0.299,0.299
1.369,-4.766,-19.594,0.243,0.243,0.273,0.273
1.373,-4.995,-19.577,0.249,0.249,0.264,0.264
1.374,-5.223,-19.573,0.233,0.233,0.276,0.276
1.375,-5.239,-19.569,0.238,0.238,0.269,0.269
1.375,-5.223,-19.564,0.227,0.227,0.266,0.266
1.376,-5.011,-19.559,0.249,0.249,0.272,0.272
1.378,-4.554,-19.550,0.235,0.235,0.249,0.249
1.381,-4.015,-19.538,0.238,0.238,0.264,0.264
1.382,-3.771,-19.536,0.227,0.227,0.273,0.273
1.383,-3.901,-19.529,0.232,0.232,0.261,0.261
1.384,-3.934,-19.525,0.232,0.232,0.256,0.256
1.383,-3.836,-19.532,0.226,0.226,0.250,0.250
1.385,-3.575,-19.522,0.240,0.240,0.258,0.258
1.392,-3.542,-19.498,0.227,0.227,0.261,0.261
1.393,-3.868,-19.493,0.221,0.221,0.252,0.252
1.395,-4.211,-19.485,0.208,0.208,0.256,0.256
1.397,-4.276,-19.480,0.230,0.230,0.250,0.250
1.397,-4.081,-19.480,0.227,0.227,0.252,0.252
1.398,-3.868,-19.473,0.229,0.229,0.281,0.281
1.401,-3.966,-19.463,0.227,0.227,0.253,0.253
1.402,-4.423,-19.460,0.230,0.230,0.249,0.249
1.404,-5.141,-19.449,0.209,0.209,0.253,0.253
1.406,-5.435,-19.440,0.238,0.238,0.253,0.253
1.404,-5.141,-19.450,0.223,0.223,0.256,0.256
1.405,-4.130,-19.443,0.238,0.238,0.258,0.258
1.406,-3.150,-19.438,0.226,0.226,0.255,0.255
1.412,-2.432,-19.424,0.246,0.246,0.255,0.255
1.416,-2.008,-19.415,0.220,0.220,0.266,0.266
1.417,-1.502,-19.412,0.246,0.246,0.264,0.264
1.418,-1.078,-19.411,0.230,0.230,0.262,0.262
1.419,-0.621,-19.410,0.252,0.252,0.243,0.243
1.421,-0.556,-19.409,0.223,0.223,0.256,0.256
1.421,-0.915,-19.409,0.243,0.243,0.259,0.259
1.423,-1.257,-19.407,0.215,0.215,0.255,0.255
1.425,-1.600,-19.405,0.240,0.240,0.253,0.253
1.427,-1.780,-19.401,0.211,0.211,0.252,0.252
1.427,-1.845,-19.400,0.235,0.235,0.235,0.235
1.427,-1.812,-19.402,0.215,0.215,0.253,0.253
1.427,-1.992,-19.401,0.223,0.223,0.237,0.237
1.432,-2.220,-19.390,0.209,0.209,0.224,0.224
1.435,-2.318,-19.383,0.217,0.217,0.233,0.233
1.438,-2.579,-19.377,0.217,0.217,0.243,0.243
1.440,-3.036,-19.370,0.209,0.209,0.240,0.240
1.440,-3.966,-19.370,0.221,0.221,0.241,0.241
1.442,-5.141,-19.362,0.208,0.208,0.249,0.249
1.442,-6.447,-19.359,0.215,0.215,0.237,0.237
1.444,-7.459,-19.346,0.198,0.198,0.243,0.243
1.447,-8.340,-19.326,0.232,0.232,0.246,0.246
1.448,-9.434,-19.311,0.220,0.220,0.249,0.249
1.450,-10.870,-19.298,0.220,0.220,0.250,0.250
1.449,-12.567,-19.306,0.212,0.212,0.253,0.253
1.448,-14.281,-19.314,0.221,0.221,0.246,0.246
1.453,-15.635,-19.244,0.211,0.211,0.253,0.253
1.458,-16.680,-19.172,0.232,0.232,0.262,0.262
1.460,-17.855,-19.137,0.215,0.215,0.258,0.258
1.460,-19.209,-19.128,0.230,0.230,0.255,0.255
1.461,-20.776,-19.113,0.206,0.206,0.261,0.261
1.461,-22.424,-19.104,0.232,0.232,0.258,0.258
1.464,-23.926,-19.051,0.215,0.215,0.237,0.237
1.466,-25.036,-18.995,0.238,0.238,0.252,0.252
1.467,-25.803,-18.969,0.223,0.223,0.258,0.258
1.469,-26.765,-18.923,0.232,0.232,0.256,0.256
1.468,-27.957,-18.930,0.214,0.214,0.259,0.259
1.468,-29.001,-18.936,0.214,0.214,0.240,0.240
1.469,-29.507,-18.924,0.224,0.224,0.255,0.255
1.474,-29.491,-18.762,0.221,0.221,0.262,0.262
1.477,-29.426,-18.678,0.221,0.221,0.258,0.258
1.480,-29.850,-18.595,0.206,0.206,0.249,0.249
1.481,-30.682,-18.569,0.218,0.218,0.250,0.250
1.482,-31.743,-18.539,0.206,0.206,0.255,0.255
1.483,-32.347,-18.497,0.217,0.217,0.270,0.270
1.484,-32.477,-18.463,0.218,0.218,0.258,0.258
1.486,-32.657,-18.393,0.230,0.230,0.250,0.250
1.487,-33.228,-18.368,0.211,0.211,0.252,0.252
1.489,-34.191,-18.297,0.224,0.224,0.255,0.255
1.490,-35.219,-18.245,0.214,0.214,0.261,0.261
1.490,-35.741,-18.260,0.246,0.246,0.276,0.276
1.490,-35.448,-18.267,0.227,0.227,0.278,0.278
1.491,-34.746,-18.237,0.255,0.255,0.276,0.276
1.496,-34.387,-18.040,0.230,0.230,0.284,0.284
1.500,-34.925,-17.930,0.241,0.241,0.279,0.279
1.500,-36.019,-17.910,0.230,0.230,0.273,0.273
1.499,-36.965,-17.933,0.252,0.252,0.273,0.273
1.502,-37.112,-17.838,0.233,0.233,0.273,0.273
1.502,-36.704,-17.829,0.249,0.249,0.241,0.241
1.504,-36.084,-17.758,0.230,0.230,0.279,0.279
1.506,-35.709,-17.707,0.237,0.237,0.275,0.275
1.508,-35.480,-17.641,0.215,0.215,0.269,0.269
1.509,-35.284,-17.603,0.247,0.247,0.258,0.258
1.511,-34.795,-17.530,0.235,0.235,0.256,0.256
1.509,-33.963,-17.600,0.243,0.243,0.261,0.261
1.509,-33.163,-17.590,0.233,0.233,0.255,0.255
1.516,-32.788,-17.372,0.224,0.224,0.256,0.256
1.518,-32.983,-17.305,0.227,0.227,0.264,0.264
1.520,-33.277,-17.223,0.218,0.218,0.252,0.252
1.520,-33.391,-17.213,0.240,0.240,0.255,0.255
1.520,-33.326,-17.215,0.229,0.229,0.247,0.247
1.521,-33.130,-17.188,0.233,0.233,0.256,0.256
1.523,-33.098,-17.111,0.217,0.217,0.249,0.249
1.525,-33.228,-17.047,0.230,0.230,0.253,0.253
1.527,-33.310,-16.988,0.215,0.215,0.256,0.256
1.528,-33.342,-16.959,0.247,0.247,0.259,0.259
1.528,-33.342,-16.959,0.229,0.229,0.253,0.253
1.528,-33.293,-16.956,0.247,0.247,0.252,0.252
1.528,-33.277,-16.949,0.211,0.211,0.253,0.253
1.533,-32.869,-16.787,0.241,0.241,0.259,0.259
1.536,-32.249,-16.688,0.217,0.217,0.258,0.258
1.538,-31.857,-16.646,0.250,0.250,0.258,0.258
1.539,-31.939,-16.607,0.233,0.233,0.262,0.262
1.539,-32.216,-16.593,0.261,0.261,0.261,0.261
1.541,-32.380,-16.541,0.232,0.232,0.275,0.275
1.542,-32.118,-16.516,0.237,0.237,0.261,0.261
1.542,-31.661,-16.493,0.227,0.227,0.256,0.256
1.545,-31.368,-16.414,0.243,0.243,0.258,0.258
1.545,-31.270,-16.395,0.229,0.229,0.258,0.258
1.547,-31.531,-16.334,0.224,0.224,0.252,0.252
1.547,-31.955,-16.358,0.214,0.214,0.243,0.243
1.546,-32.053,-16.393,0.206,0.206,0.255,0.255
1.548,-31.433,-16.317,0.201,0.201,0.235,0.235
1.554,-30.486,-16.143,0.212,0.212,0.233,0.233
1.556,-29.654,-16.073,0.215,0.215,0.240,0.240
1.557,-29.311,-16.027,0.220,0.220,0.241,0.241
1.557,-29.524,-16.048,0.212,0.212,0.244,0.244
1.557,-29.997,-16.029,0.203,0.203,0.241,0.241
1.559,-30.340,-15.974,0.214,0.214,0.240,0.240
1.561,-30.209,-15.934,0.197,0.197,0.238,0.238
1.561,-29.948,-15.922,0.223,0.223,0.256,0.256
1.563,-29.866,-15.851,0.215,0.215,0.249,0.249
1.564,-30.307,-15.822,0.224,0.224,0.246,0.246
1.564,-31.204,-15.824,0.203,0.203,0.253,0.253
1.565,-32.282,-15.801,0.238,0.238,0.258,0.258
1.566,-33.081,-15.771,0.217,0.217,0.240,0.240
1.568,-33.587,-15.703,0.235,0.235,0.249,0.249
1.574,-33.620,-15.506,0.217,0.217,0.262,0.262
1.573,-33.457,-15.520,0.233,0.233,0.253,0.253
1.574,-33.538,-15.488,0.214,0.214,0.255,0.255
1.576,-34.012,-15.445,0.224,0.224,0.256,0.256
1.576,-34.730,-15.422,0.217,0.217,0.258,0.258
1.578,-35.252,-15.367,0.237,0.237,0.233,0.233
1.579,-34.925,-15.311,0.224,0.224,0.261,0.261
1.581,-34.207,-15.253,0.235,0.235,0.259,0.259
1.581,-33.587,-15.247,0.218,0.218,0.261,0.261
1.581,-33.244,-15.257,0.226,0.226,0.253,0.253
1.582,-33.261,-15.227,0.209,0.209,0.259,0.259
1.581,-33.571,-15.256,0.229,0.229,0.256,0.256
1.586,-34.044,-15.086,0.226,0.226,0.255,0.255
1.591,-34.730,-14.912,0.217,0.217,0.255,0.255
1.591,-34.974,-14.897,0.214,0.214,0.255,0.255
1.592,-34.958,-14.895,0.209,0.209,0.249,0.249
1.592,-34.860,-14.884,0.215,0.215,0.256,0.256
1.594,-35.056,-14.803,0.218,0.218,0.252,0.252
1.594,-35.692,-14.794,0.224,0.224,0.258,0.258
1.595,-36.443,-14.770,0.215,0.215,0.252,0.252
1.597,-37.014,-14.700,0.215,0.215,0.259,0.259
1.598,-37.276,-14.645,0.214,0.214,0.267,0.267
1.598,-37.080,-14.678,0.229,0.229,0.262,0.262
1.598,-36.590,-14.681,0.224,0.224,0.272,0.272
1.599,-36.329,-14.632,0.241,0.241,0.278,0.278
1.603,-36.460,-14.495,0.232,0.232,0.281,0.281
1.606,-36.884,-14.389,0.246,0.246,0.261,0.261
1.608,-36.998,-14.287,0.224,0.224,0.276,0.276
1.607,-36.916,-14.326,0.244,0.244,0.285,0.285
1.609,-36.770,-14.254,0.221,0.221,0.273,0.273
1.610,-36.721,-14.226,0.240,0.240,0.269,0.269
1.610,-36.737,-14.208,0.221,0.221,0.261,0.261
1.612,-36.753,-14.164,0.244,0.244,0.276,0.276
1.613,-36.770,-14.117,0.214,0.214,0.258,0.258
1.615,-36.557,-14.055,0.244,0.244,0.262,0.262
1.615,-36.345,-14.036,0.224,0.224,0.269,0.269
1.615,-36.215,-14.057,0.237,0.237,0.264,0.264
1.614,-36.019,-14.086,0.226,0.226,0.267,0.267
1.617,-35.872,-13.957,0.243,0.243,0.252,0.252
1.621,-35.954,-13.808,0.220,0.220,0.261,0.261
1.624,-36.198,-13.708,0.227,0.227,0.258,0.258
1.624,-36.313,-13.729,0.220,0.220,0.258,0.258
1.623,-36.362,-13.750,0.229,0.229,0.267,0.267
1.624,-36.541,-13.701,0.223,0.223,0.261,0.261
1.627,-36.998,-13.613,0.244,0.244,0.252,0.252
1.628,-37.667,-13.579,0.227,0.227,0.258,0.258
1.628,-38.189,-13.571,0.238,0.238,0.258,0.258
1.630,-38.385,-13.498,0.224,0.224,0.264,0.264
1.629,-38.304,-13.543,0.233,0.233,0.261,0.261
1.628,-37.994,-13.581,0.224,0.224,0.258,0.258
1.630,-37.553,-13.492,0.223,0.223,0.258,0.258
1.633,-37.047,-13.391,0.232,0.232,0.264,0.264
1.637,-36.541,-13.223,0.232,0.232,0.266,0.266
1.639,-36.035,-13.170,0.243,0.243,0.259,0.259
1.639,-35.562,-13.163,0.226,0.226,0.258,0.258
1.639,-35.056,-13.152,0.241,0.241,0.264,0.264
1.640,-34.599,-13.142,0.226,0.226,0.262,0.262
1.641,-34.338,-13.086,0.237,0.237,0.275,0.275
1.643,-34.256,-13.021,0.227,0.227,0.258,0.258
1.643,-34.109,-13.017,0.237,0.237,0.270,0.270
1.645,-33.897,-12.967,0.212,0.212,0.255,0.255
1.646,-34.044,-12.936,0.233,0.233,0.246,0.246
1.645,-34.517,-12.959,0.204,0.204,0.252,0.252
1.643,-35.236,-13.027,0.217,0.217,0.237,0.237
1.646,-35.937,-12.902,0.201,0.201,0.243,0.243
1.647,-36.117,-12.885,0.221,0.221,0.238,0.238
1.653,-35.921,-12.668,0.209,0.209,0.246,0.246
1.655,-35.774,-12.598,0.214,0.214,0.241,0.241
1.655,-35.921,-12.607,0.200,0.200,0.253,0.253
1.655,-36.198,-12.601,0.217,0.217,0.243,0.243
1.655,-36.329,-12.591,0.211,0.211,0.244,0.244
1.657,-36.329,-12.515,0.224,0.224,0.250,0.250
1.657,-36.264,-12.519,0.221,0.221,0.246,0.246
1.658,-36.019,-12.493,0.221,0.221,0.224,0.224
1.660,-35.856,-12.419,0.212,0.212,0.249,0.249
1.660,-35.970,-12.411,0.223,0.223,0.259,0.259
1.659,-36.198,-12.446,0.224,0.224,0.258,0.258
1.660,-36.329,-12.406,0.227,0.227,0.253,0.253
1.664,-36.590,-12.257,0.221,0.221,0.249,0.249
1.668,-36.933,-12.138,0.215,0.215,0.262,0.262
1.668,-37.471,-12.114,0.212,0.212,0.255,0.255
1.668,-37.765,-12.111,0.209,0.209,0.261,0.261
1.669,-38.043,-12.097,0.217,0.217,0.269,0.269
1.670,-38.255,-12.059,0.221,0.221,0.264,0.264
1.670,-38.761,-12.035,0.230,0.230,0.253,0.253
1.672,-39.854,-11.977,0.204,0.204,0.267,0.267
1.672,-41.062,-11.950,0.223,0.223,0.262,0.262
1.674,-41.927,-11.865,0.204,0.204,0.266,0.266
1.674,-42.090,-11.885,0.215,0.215,0.253,0.253
1.673,-41.878,-11.926,0.212,0.212,0.256,0.256
1.674,-41.910,-11.896,0.227,0.227,0.253,0.253
1.676,-42.057,-11.800,0.208,0.208,0.258,0.258
1.681,-42.172,-11.608,0.218,0.218,0.278,0.278
1.681,-41.992,-11.576,0.206,0.206,0.261,0.261
1.682,-41.486,-11.536,0.223,0.223,0.252,0.252
1.682,-40.768,-11.539,0.211,0.211,0.255,0.255
1.682,-40.295,-11.550,0.230,0.230,0.255,0.255
1.684,-40.376,-11.475,0.208,0.208,0.258,0.258
1.685,-40.866,-11.442,0.224,0.224,0.255,0.255
1.686,-41.421,-11.397,0.201,0.201,0.259,0.259
1.686,-41.682,-11.367,0.232,0.232,0.264,0.264
1.687,-41.323,-11.324,0.223,0.223,0.270,0.270
1.686,-40.621,-11.364,0.243,0.243,0.266,0.266
1.686,-40.229,-11.365,0.237,0.237,0.279,0.279
1.688,-40.148,-11.322,0.246,0.246,0.278,0.278
1.692,-40.409,-11.150,0.224,0.224,0.285,0.285
1.694,-40.670,-11.071,0.244,0.244,0.262,0.262
1.695,-40.752,-11.028,0.241,0.241,0.285,0.285
1.696,-40.735,-10.965,0.247,0.247,0.288,0.288
1.696,-40.735,-10.984,0.224,0.224,0.281,0.281
1.696,-40.784,-10.968,0.238,0.238,0.272,0.272
1.697,-41.176,-10.936,0.229,0.229,0.264,0.264
1.699,-41.845,-10.853,0.226,0.226,0.276,0.276
1.700,-42.416,-10.821,0.246,0.246,0.267,0.267
1.701,-42.514,-10.770,0.230,0.230,0.267,0.267
1.701,-42.318,-10.753,0.221,0.221,0.269,0.269
1.701,-42.188,-10.777,0.217,0.217,0.264,0.264
1.700,-42.204,-10.826,0.224,0.224,0.261,0.261
1.705,-42.433,-10.609,0.212,0.212,0.282,0.282
1.706,-42.857,-10.558,0.233,0.233,0.256,0.256
1.708,-43.167,-10.458,0.220,0.220,0.252,0.252
1.709,-43.216,-10.425,0.240,0.240,0.261,0.261
1.708,-42.988,-10.483,0.214,0.214,0.264,0.264
1.708,-42.498,-10.472,0.227,0.227,0.259,0.259
1.709,-42.237,-10.414,0.214,0.214,0.258,0.258
1.711,-42.155,-10.346,0.227,0.227,0.253,0.253
1.712,-42.172,-10.321,0.223,0.223,0.256,0.256
1.713,-41.976,-10.271,0.246,0.246,0.255,0.255
1.713,-41.551,-10.243,0.220,0.220,0.258,0.258
1.711,-41.241,-10.324,0.227,0.227,0.258,0.258
1.712,-41.192,-10.321,0.218,0.218,0.264,0.264
1.717,-41.437,-10.092,0.240,0.240,0.259,0.259
1.719,-41.910,-10.020,0.229,0.229,0.258,0.258
1.721,-42.204,-9.940,0.258,0.258,0.258,0.258
1.720,-42.253,-9.968,0.233,0.233,0.259,0.259
1.720,-42.237,-9.975,0.246,0.246,0.262,0.262
1.720,-42.220,-9.954,0.226,0.226,0.261,0.261
1.722,-42.433,-9.883,0.243,0.243,0.252,0.252
1.722,-42.890,-9.879,0.233,0.233,0.266,0.266
1.723,-43.640,-9.827,0.241,0.241,0.264,0.264
1.724,-44.358,-9.779,0.237,0.237,0.259,0.259
1.724,-44.913,-9.803,0.230,0.230,0.255,0.255
1.723,-45.174,-9.843,0.218,0.218,0.253,0.253
1.724,-45.191,-9.804,0.209,0.209,0.233,0.233
1.724,-45.109,-9.794,0.220,0.220,0.255,0.255
1.729,-44.881,-9.567,0.208,0.208,0.235,0.235
1.732,-44.522,-9.451,0.209,0.209,0.237,0.237
1.732,-44.358,-9.444,0.201,0.201,0.237,0.237
1.731,-44.554,-9.463,0.212,0.212,0.235,0.235
1.732,-44.881,-9.451,0.200,0.200,0.241,0.241
1.733,-45.289,-9.393,0.211,0.211,0.244,0.244
1.733,-45.403,-9.384,0.209,0.209,0.224,0.224
1.735,-45.223,-9.319,0.233,0.233,0.238,0.238
1.735,-45.093,-9.293,0.217,0.217,0.255,0.255
1.736,-44.864,-9.275,0.227,0.227,0.249,0.249
1.736,-44.668,-9.252,0.215,0.215,0.247,0.247
1.734,-44.571,-9.334,0.226,0.226,0.241,0.241
1.735,-44.195,-9.307,0.211,0.211,0.255,0.255
1.739,-43.787,-9.115,0.243,0.243,0.252,0.252
1.742,-43.820,-8.997,0.218,0.218,0.255,0.255
1.742,-44.293,-9.013,0.229,0.229,0.259,0.259
1.743,-44.848,-8.963,0.214,0.214,0.258,0.258
1.742,-45.142,-8.979,0.233,0.233,0.253,0.253
1.743,-45.191,-8.943,0.221,0.221,0.262,0.262
1.744,-44.897,-8.915,0.229,0.229,0.258,0.258
1.745,-44.685,-8.863,0.227,0.227,0.267,0.267
1.745,-44.358,-8.878,0.224,0.224,0.261,0.261
1.747,-44.195,-8.785,0.214,0.214,0.259,0.259
1.746,-44.309,-8.817,0.221,0.221,0.252,0.252
1.745,-44.424,-8.881,0.217,0.217,0.259,0.259
1.746,-44.668,-8.836,0.217,0.217,0.259,0.259
1.748,-44.783,-8.719,0.218,0.218,0.261,0.261
1.753,-44.766,-8.516,0.209,0.209,0.253,0.253
1.752,-44.783,-8.553,0.221,0.221,0.256,0.256
1.752,-44.571,-8.554,0.197,0.197,0.258,0.258
1.752,-43.836,-8.541,0.223,0.223,0.279,0.279
1.754,-42.988,-8.456,0.204,0.204,0.256,0.256
1.754,-42.416,-8.459,0.212,0.212,0.247,0.247
1.755,-42.139,-8.425,0.197,0.197,0.252,0.252
1.755,-42.172,-8.410,0.221,0.221,0.261,0.261
1.757,-42.400,-8.351,0.212,0.212,0.262,0.262
1.755,-42.661,-8.436,0.226,0.226,0.262,0.262
1.754,-42.743,-8.454,0.226,0.226,0.261,0.261
1.755,-42.710,-8.436,0.241,0.241,0.278,0.278
1.760,-42.661,-8.201,0.230,0.230,0.288,0.288
1.761,-42.482,-8.153,0.249,0.249,0.285,0.285
1.762,-42.302,-8.130,0.220,0.220,0.279,0.279
1.762,-42.416,-8.106,0.243,0.243,0.278,0.278
1.763,-42.580,-8.095,0.229,0.229,0.279,0.279
1.763,-42.482,-8.088,0.244,0.244,0.276,0.276
1.763,-42.090,-8.091,0.229,0.229,0.284,0.284
1.765,-41.698,-8.006,0.243,0.243,0.273,0.273
1.764,-41.421,-8.030,0.223,0.223,0.276,0.276
1.766,-41.241,-7.973,0.247,0.247,0.264,0.264
1.766,-41.160,-7.934,0.220,0.220,0.299,0.299
1.765,-40.948,-8.007,0.249,0.249,0.267,0.267
1.764,-40.572,-8.026,0.223,0.223,0.261,0.261
1.766,-40.295,-7.967,0.235,0.235,0.261,0.261
1.770,-40.425,-7.800,0.220,0.220,0.261,0.261
1.772,-41.094,-7.718,0.227,0.227,0.258,0.258
1.772,-41.633,-7.693,0.224,0.224,0.258,0.258
1.771,-41.829,-7.750,0.227,0.227,0.244,0.244
1.772,-41.764,-7.723,0.240,0.240,0.255,0.255
1.772,-41.715,-7.733,0.223,0.223,0.267,0.267
1.773,-41.698,-7.687,0.224,0.224,0.264,0.264
1.774,-41.747,-7.624,0.221,0.221,0.261,0.261
1.775,-41.927,-7.568,0.223,0.223,0.256,0.256
1.774,-42.139,-7.620,0.218,0.218,0.255,0.255
1.774,-42.237,-7.638,0.227,0.227,0.250,0.250
1.773,-42.220,-7.680,0.217,0.217,0.259,0.259
1.774,-41.976,-7.645,0.232,0.232,0.262,0.262
1.779,-41.535,-7.417,0.212,0.212,0.259,0.259
1.780,-41.225,-7.364,0.235,0.235,0.258,0.258
1.780,-41.176,-7.386,0.227,0.227,0.249,0.249
1.781,-41.176,-7.343,0.243,0.243,0.261,0.261
1.781,-41.225,-7.343,0.229,0.229,0.269,0.269
1.780,-41.225,-7.374,0.246,0.246,0.259,0.259
1.782,-41.225,-7.293,0.218,0.218,0.258,0.258
1.782,-41.241,-7.313,0.233,0.233,0.261,0.261
1.783,-41.192,-7.251,0.230,0.230,0.262,0.262
1.783,-41.209,-7.251,0.244,0.244,0.256,0.256
1.782,-40.980,-7.308,0.220,0.220,0.252,0.252
1.781,-40.752,-7.353,0.238,0.238,0.244,0.244
1.783,-40.409,-7.265,0.214,0.214,0.237,0.237
1.787,-39.805,-7.093,0.217,0.217,0.235,0.235
1.788,-39.087,-7.042,0.203,0.203,0.238,0.238
1.788,-38.679,-7.040,0.215,0.215,0.233,0.233
1.789,-38.451,-7.026,0.209,0.209,0.246,0.246
1.788,-38.238,-7.067,0.214,0.214,0.237,0.237
1.788,-38.043,-7.044,0.208,0.208,0.246,0.246
1.789,-38.010,-7.008,0.211,0.211,0.237,0.237
1.789,-38.157,-7.001,0.218,0.218,0.243,0.243
1.791,-38.238,-6.928,0.198,0.198,0.227,0.227
1.790,-38.336,-6.973,0.229,0.229,0.247,0.247
1.792,-38.679,-6.913,0.211,0.211,0.230,0.230
1.789,-39.136,-7.008,0.221,0.221,0.249,0.249
1.789,-39.511,-7.035,0.203,0.203,0.256,0.256
1.791,-39.952,-6.948,0.226,0.226,0.250,0.250
1.794,-40.213,-6.809,0.208,0.208,0.261,0.261
1.798,-40.278,-6.671,0.230,0.230,0.243,0.243
1.796,-40.213,-6.727,0.217,0.217,0.256,0.256
1.796,-39.952,-6.747,0.233,0.233,0.243,0.243
1.796,-39.495,-6.748,0.217,0.217,0.258,0.258
1.797,-39.005,-6.716,0.230,0.230,0.266,0.266
1.796,-38.500,-6.721,0.218,0.218,0.261,0.261
1.798,-38.222,-6.655,0.232,0.232,0.252,0.252
1.797,-37.945,-6.685,0.209,0.209,0.244,0.244
1.799,-37.798,-6.614,0.241,0.241,0.256,0.256
1.798,-37.732,-6.674,0.215,0.215,0.273,0.273
1.796,-37.732,-6.734,0.227,0.227,0.256,0.256
1.797,-37.781,-6.687,0.209,0.209,0.253,0.253
1.802,-37.994,-6.518,0.233,0.233,0.249,0.249
1.805,-38.222,-6.408,0.220,0.220,0.255,0.255
1.804,-38.483,-6.446,0.220,0.220,0.269,0.269
1.803,-38.695,-6.484,0.223,0.223,0.258,0.258
1.802,-38.761,-6.495,0.212,0.212,0.246,0.246
1.803,-38.777,-6.457,0.209,0.209,0.256,0.256
1.803,-38.728,-6.473,0.214,0.214,0.252,0.252
1.805,-38.695,-6.402,0.218,0.218,0.255,0.255
1.804,-38.679,-6.421,0.212,0.212,0.256,0.256
1.806,-38.500,-6.361,0.221,0.221,0.272,0.272
1.805,-38.059,-6.393,0.220,0.220,0.261,0.261
1.802,-37.553,-6.512,0.237,0.237,0.262,0.262
1.803,-37.259,-6.474,0.220,0.220,0.281,0.281
1.803,-37.178,-6.455,0.246,0.246,0.282,0.282
1.810,-37.014,-6.219,0.223,0.223,0.278,0.278
1.810,-36.819,-6.208,0.237,0.237,0.276,0.276
1.810,-36.721,-6.201,0.224,0.224,0.264,0.264
1.809,-36.753,-6.260,0.241,0.241,0.281,0.281
1.810,-36.753,-6.224,0.227,0.227,0.278,0.278
1.809,-36.770,-6.241,0.240,0.240,0.276,0.276
1.810,-36.770,-6.203,0.224,0.224,0.273,0.273
1.811,-36.721,-6.184,0.240,0.240,0.276,0.276
1.811,-36.721,-6.190,0.218,0.218,0.270,0.270
1.812,-36.753,-6.131,0.243,0.243,0.244,0.244
1.809,-36.721,-6.231,0.224,0.224,0.267,0.267
1.811,-36.541,-6.191,0.233,0.233,0.273,0.273
1.810,-36.296,-6.214,0.220,0.220,0.266,0.266
1.812,-36.215,-6.130,0.237,0.237,0.262,0.262
1.816,-36.052,-6.003,0.221,0.221,0.261,0.261
1.815,-36.035,-6.029,0.238,0.238,0.256,0.256
1.815,-36.182,-6.015,0.226,0.226,0.246,0.246
1.814,-36.264,-6.059,0.241,0.241,0.255,0.255
1.816,-36.280,-6.012,0.218,0.218,0.261,0.261
1.816,-36.280,-6.007,0.241,0.241,0.258,0.258
1.816,-36.280,-5.986,0.223,0.223,0.258,0.258
1.817,-36.492,-5.956,0.233,0.233,0.253,0.253
1.817,-36.688,-5.970,0.226,0.226,0.261,0.261
1.816,-36.786,-6.010,0.233,0.233,0.262,0.262
1.815,-36.786,-6.035,0.233,0.233,0.261,0.261
1.814,-36.770,-6.059,0.224,0.224,0.256,0.256
1.820,-36.737,-5.848,0.238,0.238,0.261,0.261
1.821,-36.721,-5.817,0.229,0.229,0.259,0.259
1.821,-36.525,-5.808,0.230,0.230,0.269,0.269
1.820,-36.068,-5.856,0.230,0.230,0.258,0.258
1.820,-35.546,-5.847,0.238,0.238,0.255,0.255
1.820,-35.056,-5.851,0.229,0.229,0.256,0.256
1.821,-34.762,-5.825,0.229,0.229,0.255,0.255
1.821,-34.534,-5.814,0.230,0.230,0.269,0.269
1.822,-34.126,-5.779,0.233,0.233,0.256,0.256
1.821,-33.832,-5.801,0.220,0.220,0.273,0.273
1.821,-33.555,-5.818,0.229,0.229,0.253,0.253
1.819,-33.359,-5.867,0.209,0.209,0.246,0.246
1.819,-33.506,-5.868,0.217,0.217,0.233,0.233
1.823,-33.783,-5.741,0.201,0.201,0.240,0.240
1.826,-34.093,-5.657,0.218,0.218,0.240,0.240
1.825,-34.305,-5.660,0.200,0.200,0.241,0.241
1.826,-34.583,-5.653,0.220,0.220,0.221,0.221
1.825,-34.860,-5.661,0.204,0.204,0.249,0.249
1.824,-35.056,-5.709,0.235,0.235,0.252,0.252
1.825,-35.268,-5.663,0.209,0.209,0.243,0.243
1.826,-35.301,-5.655,0.226,0.226,0.237,0.237
1.825,-35.301,-5.660,0.220,0.220,0.233,0.233
1.827,-35.072,-5.614,0.220,0.220,0.253,0.253
1.825,-34.860,-5.662,0.214,0.214,0.256,0.256
1.824,-34.713,-5.728,0.220,0.220,0.255,0.255
1.823,-34.534,-5.756,0.220,0.220,0.261,0.261
1.825,-34.093,-5.662,0.226,0.226,0.255,0.255
1.828,-33.604,-5.568,0.214,0.214,0.259,0.259
1.829,-33.293,-5.540,0.224,0.224,0.275,0.275
1.830,-33.016,-5.520,0.227,0.227,0.258,0.258
1.829,-32.885,-5.546,0.215,0.215,0.266,0.266
1.828,-32.771,-5.583,0.229,0.229,0.264,0.264
1.830,-32.804,-5.521,0.214,0.214,0.267,0.267
1.830,-32.820,-5.520,0.224,0.224,0.259,0.259
1.830,-32.836,-5.503,0.203,0.203,0.255,0.255
1.830,-32.820,-5.512,0.230,0.230,0.249,0.249
1.830,-32.869,-5.524,0.206,0.206,0.258,0.258
1.828,-33.032,-5.571,0.224,0.224,0.261,0.261
1.827,-33.244,-5.600,0.212,0.212,0.259,0.259
1.828,-33.375,-5.580,0.226,0.226,0.256,0.256
1.833,-33.587,-5.401,0.212,0.212,0.241,0.241
1.833,-33.734,-5.392,0.218,0.218,0.256,0.256
1.833,-33.881,-5.412,0.206,0.206,0.261,0.261
1.832,-33.848,-5.429,0.224,0.224,0.255,0.255
1.833,-34.028,-5.395,0.203,0.203,0.250,0.250
1.832,-34.240,-5.440,0.226,0.226,0.255,0.255
1.833,-34.371,-5.419,0.206,0.206,0.262,0.262
1.833,-34.403,-5.407,0.232,0.232,0.276,0.276
1.834,-34.338,-5.357,0.206,0.206,0.256,0.256
1.834,-34.338,-5.377,0.243,0.243,0.253,0.253
1.832,-34.387,-5.442,0.224,0.224,0.258,0.258
1.830,-34.371,-5.494,0.238,0.238,0.264,0.264
1.830,-34.338,-5.498,0.237,0.237,0.281,0.281
1.833,-34.109,-5.421,0.244,0.244,0.279,0.279
1.837,-33.816,-5.277,0.229,0.229,0.261,0.261
1.837,-33.555,-5.279,0.249,0.249,0.276,0.276
1.835,-33.293,-5.328,0.243,0.243,0.285,0.285
1.835,-33.244,-5.333,0.243,0.243,0.279,0.279
1.835,-33.098,-5.324,0.238,0.238,0.276,0.276
1.835,-32.869,-5.335,0.238,0.238,0.273,0.273
1.835,-32.788,-5.324,0.230,0.230,0.272,0.272
1.836,-32.804,-5.316,0.223,0.223,0.269,0.269
1.836,-32.869,-5.305,0.235,0.235,0.275,0.275
1.836,-33.049,-5.302,0.226,0.226,0.269,0.269
1.834,-33.261,-5.386,0.223,0.223,0.266,0.266
1.834,-33.359,-5.378,0.224,0.224,0.259,0.259
1.833,-33.326,-5.391,0.230,0.230,0.288,0.288
1.838,-33.326,-5.228,0.224,0.224,0.258,0.258
1.838,-33.326,-5.253,0.230,0.230,0.253,0.253
1.839,-33.342,-5.210,0.212,0.212,0.258,0.258
1.839,-33.522,-5.220,0.232,0.232,0.258,0.258
1.837,-33.538,-5.263,0.211,0.211,0.258,0.258
1.838,-33.424,-5.255,0.233,0.233,0.256,0.256
1.838,-33.326,-5.251,0.217,0.217,0.240,0.240
1.838,-33.310,-5.225,0.229,0.229,0.252,0.252
1.838,-33.277,-5.246,0.220,0.220,0.256,0.256
1.837,-33.098,-5.264,0.244,0.244,0.258,0.258
1.834,-32.853,-5.368,0.221,0.221,0.261,0.261
1.836,-32.592,-5.318,0.246,0.246,0.253,0.253
1.836,-32.347,-5.294,0.223,0.223,0.252,0.252
1.841,-32.298,-5.146,0.243,0.243,0.244,0.244
1.840,-32.298,-5.167,0.215,0.215,0.256,0.256
1.839,-32.331,-5.200,0.255,0.255,0.256,0.256
1.840,-32.347,-5.189,0.227,0.227,0.256,0.256
1.839,-32.331,-5.214,0.250,0.250,0.258,0.258
1.839,-32.347,-5.198,0.230,0.230,0.244,0.244
1.840,-32.331,-5.186,0.253,0.253,0.252,0.252
1.839,-32.347,-5.214,0.237,0.237,0.264,0.264
1.839,-32.347,-5.197,0.241,0.241,0.255,0.255
1.839,-32.314,-5.207,0.237,0.237,0.256,0.256
1.836,-32.347,-5.302,0.233,0.233,0.253,0.253
1.836,-32.298,-5.312,0.217,0.217,0.255,0.255
1.835,-32.118,-5.325,0.217,0.217,0.261,0.261
1.842,-31.874,-5.114,0.221,0.221,0.233,0.233
1.843,-31.759,-5.093,0.208,0.208,0.227,0.227
1.842,-31.580,-5.126,0.209,0.209,0.232,0.232
1.841,-31.368,-5.134,0.215,0.215,0.237,0.237
1.840,-31.286,-5.171,0.218,0.218,0.237,0.237
1.841,-31.074,-5.155,0.209,0.209,0.237,0.237
1.840,-30.862,-5.163,0.223,0.223,0.215,0.215
1.841,-30.780,-5.152,0.211,0.211,0.241,0.241
1.841,-30.568,-5.153,0.229,0.229,0.244,0.244
1.841,-30.405,-5.151,0.201,0.201,0.240,0.240
1.839,-30.356,-5.213,0.230,0.230,0.240,0.240
1.838,-30.568,-5.249,0.215,0.215,0.243,0.243
1.836,-30.748,-5.291,0.232,0.232,0.244,0.244
1.840,-30.862,-5.168,0.212,0.212,0.247,0.247
1.842,-30.845,-5.119,0.247,0.247,0.249,0.249
1.841,-30.862,-5.135,0.211,0.211,0.246,0.246
1.841,-31.041,-5.140,0.233,0.233,0.247,0.247
1.840,-31.270,-5.170,0.215,0.215,0.250,0.250
1.841,-31.384,-5.133,0.230,0.230,0.282,0.282
1.841,-31.547,-5.140,0.218,0.218,0.258,0.258
1.842,-31.547,-5.111,0.229,0.229,0.247,0.247
1.841,-31.400,-5.147,0.224,0.224,0.256,0.256
1.842,-31.302,-5.109,0.233,0.233,0.256,0.256
1.840,-31.302,-5.164,0.224,0.224,0.266,0.266
1.838,-31.302,-5.244,0.221,0.221,0.255,0.255
1.837,-31.335,-5.268,0.224,0.224,0.267,0.267
1.842,-31.335,-5.098,0.221,0.221,0.252,0.252
1.844,-31.368,-5.052,0.224,0.224,0.256,0.256
1.844,-31.547,-5.045,0.217,0.217,0.256,0.256
1.843,-31.759,-5.088,0.215,0.215,0.259,0.259
1.842,-31.874,-5.123,0.204,0.204,0.249,0.249
1.842,-31.890,-5.104,0.215,0.215,0.249,0.249
1.842,-32.086,-5.117,0.209,0.209,0.247,0.247
1.841,-32.282,-5.135,0.212,0.212,0.255,0.255
1.841,-32.575,-5.139,0.215,0.215,0.262,0.262
1.841,-32.820,-5.142,0.221,0.221,0.258,0.258
1.840,-32.853,-5.178,0.212,0.212,0.258,0.258
1.838,-32.853,-5.252,0.221,0.221,0.243,0.243
1.837,-32.804,-5.288,0.223,0.223,0.262,0.262
1.838,-32.624,-5.246,0.237,0.237,0.267,0.267
1.842,-32.575,-5.129,0.221,0.221,0.276,0.276
1.843,-32.559,-5.085,0.240,0.240,0.279,0.279
1.842,-32.592,-5.123,0.227,0.227,0.278,0.278
1.841,-32.771,-5.139,0.246,0.246,0.273,0.273
1.841,-32.836,-5.141,0.226,0.226,0.305,0.305
1.840,-32.836,-5.172,0.243,0.243,0.267,0.267
1.840,-32.836,-5.168,0.220,0.220,0.256,0.256
1.841,-32.804,-5.156,0.240,0.240,0.266,0.266
1.840,-32.804,-5.170,0.220,0.220,0.276,0.276
1.841,-32.804,-5.145,0.238,0.238,0.267,0.267
1.839,-32.804,-5.214,0.212,0.212,0.264,0.264
1.837,-32.836,-5.265,0.243,0.243,0.259,0.259
1.835,-32.804,-5.345,0.221,0.221,0.259,0.259
1.840,-32.836,-5.171,0.237,0.237,0.264,0.264
1.842,-32.820,-5.124,0.224,0.224,0.259,0.259
1.842,-32.820,-5.130,0.238,0.238,0.255,0.255
1.841,-32.804,-5.144,0.214,0.214,0.258,0.258
1.840,-32.804,-5.185,0.229,0.229,0.255,0.255
1.839,-32.853,-5.198,0.224,0.224,0.240,0.240
1.840,-33.049,-5.184,0.232,0.232,0.256,0.256
1.840,-33.261,-5.186,0.217,0.217,0.261,0.261
1.840,-33.342,-5.182,0.246,0.246,0.250,0.250
1.838,-33.359,-5.238,0.229,0.229,0.253,0.253
1.836,-33.277,-5.326,0.235,0.235,0.250,0.250
1.834,-33.081,-5.379,0.232,0.232,0.256,0.256
1.837,-32.885,-5.266,0.229,0.229,0.256,0.256
1.840,-32.771,-5.184,0.235,0.235,0.249,0.249
1.841,-32.771,-5.149,0.218,0.218,0.253,0.253
1.840,-32.804,-5.176,0.237,0.237,0.255,0.255
1.840,-32.853,-5.184,0.230,0.230,0.256,0.256
1.838,-32.820,-5.253,0.235,0.235,0.273,0.273
1.837,-32.820,-5.272,0.233,0.233,0.259,0.259
1.838,-32.804,-5.255,0.247,0.247,0.249,0.249
1.838,-32.804,-5.257,0.227,0.227,0.258,0.258
1.838,-32.836,-5.258,0.240,0.240,0.258,0.258
1.838,-33.065,-5.254,0.226,0.226,0.247,0.247
1.834,-33.261,-5.369,0.233,0.233,0.249,0.249
1.834,-33.391,-5.392,0.206,0.206,0.256,0.256
1.834,-33.293,-5.367,0.238,0.238,0.247,0.247
1.837,-33.114,-5.272,0.200,0.200,0.241,0.241
1.839,-32.869,-5.226,0.227,0.227,0.227,0.227
1.838,-32.788,-5.248,0.203,0.203,0.227,0.227
1.836,-33.049,-5.300,0.224,0.224,0.230,0.230
1.836,-33.261,-5.328,0.211,0.211,0.237,0.237
1.835,-33.391,-5.331,0.221,0.221,0.212,0.212
1.836,-33.375,-5.329,0.208,0.208,0.237,0.237
1.835,-33.359,-5.340,0.224,0.224,0.244,0.244
1.835,-33.326,-5.352,0.214,0.214,0.240,0.240
1.834,-33.555,-5.372,0.221,0.221,0.233,0.233
1.833,-33.734,-5.413,0.224,0.224,0.229,0.229
1.832,-33.848,-5.460,0.227,0.227,0.238,0.238
1.831,-33.816,-5.475,0.223,0.223,0.238,0.238
1.833,-33.799,-5.410,0.226,0.226,0.244,0.244
1.835,-33.783,-5.351,0.221,0.221,0.250,0.250
1.836,-33.783,-5.328,0.223,0.223,0.250,0.250
1.835,-33.816,-5.358,0.226,0.226,0.253,0.253
1.833,-33.816,-5.403,0.220,0.220,0.269,0.269
1.832,-33.799,-5.437,0.224,0.224,0.249,0.249
1.832,-33.799,-5.433,0.211,0.211,0.238,0.238
1.832,-33.816,-5.433,0.224,0.224,0.250,0.250
1.833,-33.816,-5.421,0.214,0.214,0.252,0.252
1.832,-33.816,-5.456,0.232,0.232,0.246,0.246
1.829,-33.799,-5.536,0.208,0.208,0.250,0.250
1.827,-33.816,-5.617,0.233,0.233,0.255,0.255
1.830,-34.044,-5.529,0.214,0.214,0.243,0.243
1.832,-34.289,-5.450,0.221,0.221,0.241,0.241
1.832,-34.354,-5.450,0.211,0.211,0.244,0.244
1.832,-34.371,-5.438,0.230,0.230,0.247,0.247
1.831,-34.305,-5.471,0.209,0.209,0.250,0.250
1.829,-34.322,-5.564,0.224,0.224,0.246,0.246
1.829,-34.289,-5.554,0.211,0.211,0.241,0.241
1.830,-34.077,-5.512,0.229,0.229,0.246,0.246
1.829,-33.865,-5.557,0.209,0.209,0.247,0.247
1.828,-33.799,-5.574,0.230,0.230,0.247,0.247
1.829,-33.767,-5.541,0.209,0.209,0.247,0.247
1.828,-33.816,-5.583,0.230,0.230,0.244,0.244
1.824,-33.848,-5.714,0.215,0.215,0.252,0.252
1.824,-33.881,-5.716,0.232,0.232,0.258,0.258
1.824,-34.044,-5.709,0.227,0.227,0.261,0.261
1.828,-34.305,-5.598,0.240,0.240,0.276,0.276
1.828,-34.371,-5.569,0.240,0.240,0.270,0.270
1.828,-34.387,-5.568,0.250,0.250,0.270,0.270
1.826,-34.354,-5.636,0.235,0.235,0.276,0.276
1.826,-34.305,-5.662,0.247,0.247,0.272,0.272
1.825,-34.077,-5.679,0.240,0.240,0.264,0.264
1.826,-33.848,-5.663,0.237,0.237,0.266,0.266
1.824,-33.783,-5.732,0.227,0.227,0.272,0.272
1.824,-33.767,-5.708,0.232,0.232,0.267,0.267
1.825,-33.799,-5.700,0.233,0.233,0.270,0.270
1.822,-33.620,-5.781,0.224,0.224,0.288,0.288
1.821,-33.424,-5.825,0.238,0.238,0.266,0.266
1.821,-33.522,-5.821,0.223,0.223,0.249,0.249
1.822,-33.734,-5.780,0.226,0.226,0.258,0.258
1.824,-33.881,-5.720,0.221,0.221,0.258,0.258
1.823,-34.093,-5.746,0.224,0.224,0.255,0.255
1.822,-34.305,-5.796,0.211,0.211,0.255,0.255
1.821,-34.599,-5.804,0.230,0.230,0.235,0.235
1.819,-34.991,-5.874,0.212,0.212,0.255,0.255
1.820,-35.284,-5.843,0.227,0.227,0.261,0.261
1.820,-35.350,-5.848,0.215,0.215,0.255,0.255
1.820,-35.317,-5.868,0.235,0.235,0.252,0.252
1.820,-35.301,-5.863,0.218,0.218,0.253,0.253
1.819,-35.284,-5.903,0.232,0.232,0.250,0.250
1.815,-35.284,-6.021,0.214,0.214,0.249,0.249
1.815,-35.317,-6.021,0.233,0.233,0.253,0.253
1.819,-35.252,-5.884,0.218,0.218,0.258,0.258
1.819,-35.072,-5.896,0.237,0.237,0.253,0.253
1.819,-34.860,-5.900,0.224,0.224,0.253,0.253
1.818,-34.762,-5.934,0.241,0.241,0.252,0.252
1.817,-34.550,-5.977,0.227,0.227,0.255,0.255
1.816,-34.142,-5.983,0.253,0.253,0.246,0.246
1.816,-33.620,-6.002,0.230,0.230,0.253,0.253
1.815,-33.359,-6.012,0.253,0.253,0.255,0.255
1.815,-33.489,-6.024,0.235,0.235,0.256,0.256
1.815,-33.734,-6.036,0.246,0.246,0.253,0.253
1.814,-33.897,-6.051,0.226,0.226,0.241,0.241
1.811,-34.077,-6.174,0.230,0.230,0.252,0.252
1.810,-34.322,-6.208,0.229,0.229,0.255,0.255
1.809,-34.599,-6.220,0.223,0.223,0.244,0.244
1.812,-35.007,-6.117,0.215,0.215,0.246,0.246
1.813,-35.317,-6.098,0.212,0.212,0.229,0.229
1.813,-35.578,-6.097,0.220,0.220,0.230,0.230
1.811,-35.986,-6.161,0.206,0.206,0.229,0.229
1.811,-36.247,-6.159,0.206,0.206,0.241,0.241
1.811,-36.329,-6.178,0.208,0.208,0.229,0.229
1.810,-36.329,-6.188,0.218,0.218,0.233,0.233
1.810,-36.280,-6.206,0.194,0.194,0.235,0.235
1.809,-36.280,-6.239,0.218,0.218,0.237,0.237
1.809,-36.052,-6.244,0.209,0.209,0.232,0.232
1.807,-35.807,-6.324,0.226,0.226,0.249,0.249
1.806,-35.497,-6.358,0.214,0.214,0.240,0.240
1.803,-35.105,-6.451,0.237,0.237,0.237,0.237
1.806,-34.811,-6.343,0.212,0.212,0.243,0.243
1.808,-34.730,-6.282,0.230,0.230,0.244,0.244
1.807,-34.550,-6.302,0.212,0.212,0.247,0.247
1.806,-34.403,-6.339,0.238,0.238,0.246,0.246
1.805,-34.305,-6.386,0.220,0.220,0.272,0.272
1.804,-34.354,-6.418,0.235,0.235,0.252,0.252
1.804,-34.583,-6.427,0.220,0.220,0.243,0.243
1.803,-34.958,-6.433,0.241,0.241,0.246,0.246
1.802,-35.284,-6.472,0.217,0.217,0.252,0.252
1.803,-35.595,-6.464,0.237,0.237,0.249,0.249
1.801,-35.758,-6.536,0.220,0.220,0.255,0.255
1.799,-35.807,-6.597,0.229,0.229,0.269,0.269
1.797,-35.758,-6.652,0.212,0.212,0.247,0.247
1.801,-35.562,-6.538,0.235,0.235,0.237,0.237
1.802,-35.301,-6.501,0.220,0.220,0.253,0.253
1.801,-35.056,-6.535,0.226,0.226,0.244,0.244
1.799,-34.779,-6.579,0.227,0.227,0.252,0.252
1.799,-34.289,-6.607,0.217,0.217,0.246,0.246
1.797,-33.685,-6.654,0.220,0.220,0.264,0.264
1.797,-33.293,-6.647,0.209,0.209,0.240,0.240
1.797,-33.032,-6.674,0.215,0.215,0.246,0.246
1.796,-32.820,-6.698,0.209,0.209,0.246,0.246
1.795,-32.624,-6.710,0.212,0.212,0.246,0.246
1.794,-32.608,-6.766,0.215,0.215,0.249,0.249
1.791,-32.771,-6.860,0.226,0.226,0.250,0.250
1.790,-33.114,-6.883,0.221,0.221,0.269,0.269
1.792,-33.522,-6.831,0.232,0.232,0.256,0.256
1.794,-34.060,-6.757,0.237,0.237,0.258,0.258
1.794,-34.583,-6.762,0.243,0.243,0.264,0.264
1.794,-35.023,-6.761,0.229,0.229,0.272,0.272
1.791,-35.546,-6.867,0.246,0.246,0.272,0.272
1.791,-35.807,-6.876,0.232,0.232,0.273,0.273
1.790,-36.035,-6.910,0.235,0.235,0.291,0.291
1.789,-36.296,-6.919,0.237,0.237,0.264,0.264
1.788,-36.492,-6.951,0.247,0.247,0.258,0.258
1.789,-36.492,-6.948,0.224,0.224,0.266,0.266
1.788,-36.362,-6.964,0.244,0.244,0.270,0.270
1.785,-35.986,-7.078,0.224,0.224,0.255,0.255
1.784,-35.627,-7.097,0.233,0.233,0.255,0.255
1.782,-35.546,-7.187,0.217,0.217,0.282,0.282
1.786,-35.660,-7.045,0.238,0.238,0.249,0.249
1.786,-35.790,-7.028,0.218,0.218,0.244,0.244
1.786,-35.807,-7.053,0.237,0.237,0.247,0.247
1.784,-35.774,-7.125,0.223,0.223,0.249,0.249
1.783,-35.807,-7.165,0.241,0.241,0.247,0.247
1.781,-35.986,-7.223,0.223,0.223,0.246,0.246
1.782,-36.443,-7.190,0.240,0.240,0.269,0.269
1.781,-36.753,-7.236,0.224,0.224,0.247,0.247
1.780,-36.868,-7.250,0.235,0.235,0.240,0.240
1.779,-37.047,-7.285,0.224,0.224,0.252,0.252
1.776,-37.422,-7.390,0.243,0.243,0.250,0.250
1.775,-37.700,-7.451,0.224,0.224,0.252,0.252
1.775,-37.553,-7.426,0.232,0.232,0.243,0.243
1.778,-37.161,-7.332,0.230,0.230,0.250,0.250
1.780,-36.737,-7.270,0.249,0.249,0.246,0.246
1.777,-36.492,-7.360,0.230,0.230,0.252,0.252
1.776,-36.296,-7.396,0.240,0.240,0.249,0.249
1.775,-36.264,-7.457,0.237,0.237,0.252,0.252
1.774,-36.280,-7.493,0.238,0.238,0.252,0.252
1.774,-36.296,-7.493,0.230,0.230,0.252,0.252
1.773,-36.508,-7.524,0.238,0.238,0.246,0.246
1.772,-36.753,-7.546,0.233,0.233,0.252,0.252
1.771,-37.047,-7.591,0.227,0.227,0.250,0.250
1.769,-37.227,-7.676,0.240,0.240,0.249,0.249
1.766,-37.324,-7.778,0.221,0.221,0.249,0.249
1.766,-37.243,-7.768,0.233,0.233,0.233,0.233
1.770,-37.047,-7.635,0.217,0.217,0.244,0.244
1.770,-36.802,-7.611,0.220,0.220,0.214,0.214
1.769,-36.541,-7.666,0.204,0.204,0.220,0.220
1.767,-36.296,-7.723,0.209,0.209,0.230,0.230
1.766,-36.247,-7.779,0.198,0.198,0.223,0.223
1.765,-36.280,-7.823,0.223,0.223,0.224,0.224
1.765,-36.035,-7.811,0.204,0.204,0.218,0.218
1.764,-35.578,-7.836,0.224,0.224,0.229,0.229
1.763,-35.105,-7.877,0.212,0.212,0.223,0.223
1.763,-34.991,-7.874,0.227,0.227,0.232,0.232
1.762,-35.219,-7.926,0.211,0.211,0.237,0.237
1.758,-35.790,-8.055,0.232,0.232,0.235,0.235
1.756,-36.688,-8.118,0.220,0.220,0.232,0.232
1.757,-37.455,-8.105,0.227,0.227,0.230,0.230
1.760,-37.602,-7.983,0.214,0.214,0.244,0.244
1.760,-37.439,-7.976,0.233,0.233,0.237,0.237
1.759,-37.210,-7.999,0.221,0.221,0.243,0.243
1.757,-36.982,-8.098,0.232,0.232,0.244,0.244
1.755,-36.786,-8.154,0.223,0.223,0.244,0.244
1.754,-36.541,-8.206,0.224,0.224,0.244,0.244
1.754,-36.313,-8.193,0.227,0.227,0.249,0.249
1.754,-36.264,-8.213,0.218,0.218,0.250,0.250
1.752,-36.492,-8.262,0.229,0.229,0.241,0.241
1.751,-36.704,-8.293,0.218,0.218,0.252,0.252
1.749,-36.802,-8.380,0.214,0.214,0.243,0.243
1.748,-36.819,-8.425,0.215,0.215,0.246,0.246
1.747,-36.737,-8.440,0.232,0.232,0.246,0.246
1.749,-36.541,-8.369,0.215,0.215,0.232,0.232
1.751,-36.345,-8.318,0.224,0.224,0.247,0.247
1.749,-36.264,-8.385,0.204,0.204,0.258,0.258
1.746,-36.280,-8.480,0.220,0.220,0.247,0.247
1.746,-36.525,-8.490,0.195,0.195,0.240,0.240
1.744,-36.949,-8.559,0.229,0.229,0.240,0.240
1.745,-37.259,-8.530,0.203,0.203,0.246,0.246
1.743,-37.569,-8.591,0.220,0.220,0.237,0.237
1.743,-37.700,-8.617,0.197,0.197,0.243,0.243
1.741,-37.537,-8.665,0.226,0.226,0.247,0.247
1.738,-37.292,-8.778,0.209,0.209,0.247,0.247
1.738,-36.982,-8.802,0.227,0.227,0.246,0.246
1.735,-36.819,-8.882,0.223,0.223,0.250,0.250
1.740,-36.965,-8.720,0.246,0.246,0.252,0.252
1.740,-37.210,-8.698,0.217,0.217,0.295,0.295
1.739,-37.308,-8.759,0.247,0.247,0.269,0.269
1.737,-37.308,-8.812,0.229,0.229,0.259,0.259
1.735,-37.292,-8.889,0.249,0.249,0.272,0.272
1.735,-37.276,-8.897,0.230,0.230,0.269,0.269
1.734,-37.276,-8.936,0.256,0.256,0.264,0.264
1.733,-37.292,-8.991,0.227,0.227,0.261,0.261
1.732,-37.243,-9.014,0.243,0.243,0.282,0.282
1.733,-37.047,-8.985,0.229,0.229,0.262,0.262
1.730,-36.786,-9.077,0.240,0.240,0.261,0.261
1.726,-36.508,-9.228,0.226,0.226,0.266,0.266
1.725,-36.019,-9.269,0.241,0.241,0.258,0.258
1.723,-35.578,-9.333,0.221,0.221,0.258,0.258
1.727,-35.284,-9.191,0.230,0.230,0.258,0.258
1.729,-35.252,-9.129,0.233,0.233,0.250,0.250
1.726,-35.203,-9.221,0.229,0.229,0.256,0.256
1.725,-35.089,-9.271,0.233,0.233,0.258,0.258
1.724,-35.105,-9.315,0.220,0.220,0.250,0.250
1.722,-35.464,-9.372,0.227,0.227,0.255,0.255
1.722,-35.954,-9.358,0.221,0.221,0.244,0.244
1.721,-36.525,-9.410,0.223,0.223,0.247,0.247
1.720,-37.031,-9.458,0.226,0.226,0.218,0.218
1.720,-37.488,-9.438,0.233,0.233,0.247,0.247
1.716,-37.961,-9.615,0.224,0.224,0.247,0.247
1.713,-38.222,-9.713,0.235,0.235,0.250,0.250
1.714,-38.320,-9.657,0.223,0.223,0.246,0.246
1.717,-38.222,-9.551,0.232,0.232,0.246,0.246
1.717,-37.977,-9.558,0.212,0.212,0.247,0.247
1.715,-37.781,-9.642,0.237,0.237,0.244,0.244
1.712,-37.732,-9.738,0.227,0.227,0.247,0.247
1.712,-37.684,-9.743,0.238,0.238,0.247,0.247
1.711,-37.537,-9.797,0.226,0.226,0.246,0.246
1.711,-37.292,-9.798,0.247,0.247,0.252,0.252
1.710,-36.965,-9.825,0.227,0.227,0.237,0.237
1.708,-36.737,-9.882,0.250,0.250,0.250,0.250
1.707,-36.737,-9.940,0.224,0.224,0.252,0.252
1.705,-36.753,-10.019,0.246,0.246,0.243,0.243
1.702,-36.802,-10.124,0.211,0.211,0.240,0.240
1.701,-37.047,-10.161,0.240,0.240,0.243,0.243
1.703,-37.684,-10.062,0.212,0.212,0.244,0.244
1.705,-38.189,-10.021,0.226,0.226,0.243,0.243
1.705,-38.353,-10.006,0.203,0.203,0.220,0.220
1.702,-38.287,-10.138,0.224,0.224,0.223,0.223
1.700,-38.271,-10.192,0.211,0.211,0.224,0.224
1.699,-38.451,-10.231,0.214,0.214,0.227,0.227
1.697,-38.924,-10.306,0.218,0.218,0.232,0.232
1.697,-39.397,-10.312,0.221,0.221,0.240,0.240
1.696,-39.675,-10.362,0.220,0.220,0.256,0.256
1.695,-39.528,-10.404,0.211,0.211,0.235,0.235
1.694,-39.054,-10.420,0.226,0.226,0.218,0.218
1.691,-38.500,-10.564,0.212,0.212,0.227,0.227
1.689,-37.994,-10.612,0.223,0.223,0.232,0.232
1.688,-37.471,-10.662,0.218,0.218,0.237,0.237
1.692,-36.982,-10.521,0.227,0.227,0.237,0.237
1.691,-36.247,-10.549,0.221,0.221,0.247,0.247
1.690,-35.072,-10.596,0.227,0.227,0.244,0.244
1.689,-33.669,-10.627,0.218,0.218,0.241,0.241
1.686,-32.314,-10.722,0.224,0.224,0.238,0.238
1.685,-31.221,-10.743,0.211,0.211,0.243,0.243
1.684,-30.258,-10.773,0.237,0.237,0.243,0.243
1.683,-29.116,-10.814,0.223,0.223,0.246,0.246
1.683,-27.712,-10.818,0.233,0.233,0.220,0.220
1.681,-25.998,-10.868,0.209,0.209,0.247,0.247
1.678,-24.285,-10.943,0.237,0.237,0.253,0.253
1.676,-22.947,-10.995,0.214,0.214,0.247,0.247
1.675,-22.114,-11.018,0.240,0.240,0.240,0.240
1.680,-21.412,-10.912,0.218,0.218,0.243,0.243
1.678,-20.531,-10.946,0.233,0.233,0.244,0.244
1.677,-19.291,-10.973,0.217,0.217,0.241,0.241
1.676,-17.871,-10.975,0.226,0.226,0.246,0.246
1.674,-16.614,-11.011,0.209,0.209,0.247,0.247
1.674,-15.766,-11.021,0.226,0.226,0.243,0.243
1.672,-15.488,-11.042,0.212,0.212,0.247,0.247
1.672,-15.684,-11.055,0.232,0.232,0.224,0.224
1.671,-15.749,-11.065,0.227,0.227,0.243,0.243
1.669,-15.178,-11.091,0.221,0.221,0.250,0.250
1.667,-13.987,-11.127,0.224,0.224,0.252,0.252
1.664,-12.436,-11.167,0.214,0.214,0.246,0.246
1.662,-10.919,-11.185,0.227,0.227,0.253,0.253
1.667,-9.678,-11.140,0.226,0.226,0.247,0.247
1.667,-8.879,-11.139,0.247,0.247,0.290,0.290
1.666,-8.356,-11.149,0.237,0.237,0.267,0.267
1.663,-7.900,-11.167,0.238,0.238,0.258,0.258
1.662,-7.279,-11.179,0.243,0.243,0.267,0.267
1.660,-6.529,-11.191,0.241,0.241,0.267,0.267
1.659,-5.957,-11.195,0.230,0.230,0.269,0.269
1.659,-5.484,-11.200,0.243,0.243,0.258,0.258
1.658,-5.256,-11.205,0.226,0.226,0.279,0.279
1.658,-5.174,-11.201,0.243,0.243,0.261,0.261
1.656,-5.239,-11.214,0.220,0.220,0.264,0.264
1.652,-5.256,-11.232,0.230,0.230,0.255,0.255
1.650,-4.995,-11.243,0.220,0.220,0.256,0.256
1.651,-4.538,-11.240,0.233,0.233,0.255,0.255
1.654,-4.081,-11.225,0.220,0.220,0.259,0.259
1.654,-3.738,-11.225,0.240,0.240,0.232,0.232
1.652,-3.722,-11.234,0.201,0.201,0.244,0.244
1.650,-3.966,-11.242,0.233,0.233,0.252,0.252
1.648,-4.195,-11.249,0.209,0.209,0.255,0.255
1.648,-4.260,-11.250,0.235,0.235,0.247,0.247
1.647,-4.081,-11.254,0.214,0.214,0.246,0.246
1.645,-3.852,-11.260,0.241,0.241,0.249,0.249
1.645,-3.917,-11.263,0.217,0.217,0.250,0.250
1.642,-3.950,-11.274,0.230,0.230,0.246,0.246
1.639,-3.868,-11.284,0.229,0.229,0.247,0.247
1.638,-3.950,-11.290,0.241,0.241,0.246,0.246
1.640,-3.950,-11.279,0.224,0.224,0.249,0.249
1.643,-3.852,-11.270,0.240,0.240,0.266,0.266
1.642,-3.754,-11.274,0.224,0.224,0.256,0.256
1.640,-3.722,-11.282,0.237,0.237,0.247,0.247
1.638,-3.542,-11.287,0.221,0.221,0.252,0.252
1.636,-3.297,-11.293,0.243,0.243,0.247,0.247
1.636,-3.004,-11.295,0.233,0.233,0.250,0.250
1.635,-2.612,-11.298,0.240,0.240,0.247,0.247
1.634,-2.563,-11.300,0.240,0.240,0.247,0.247
1.633,-2.906,-11.303,0.237,0.237,0.252,0.252
1.631,-3.199,-11.308,0.238,0.238,0.253,0.253
1.628,-3.363,-11.318,0.223,0.223,0.247,0.247
1.626,-3.297,-11.325,0.232,0.232,0.247,0.247
1.626,-3.265,-11.325,0.220,0.220,0.230,0.230
1.629,-3.265,-11.317,0.217,0.217,0.243,0.243
1.628,-3.281,-11.319,0.204,0.204,0.224,0.224
1.627,-3.558,-11.322,0.218,0.218,0.223,0.223
1.627,-3.934,-11.322,0.206,0.206,0.229,0.229
1.624,-4.260,-11.334,0.217,0.217,0.226,0.226
1.623,-4.309,-11.339,0.200,0.200,0.230,0.230
1.622,-4.293,-11.345,0.220,0.220,0.249,0.249
1.622,-4.276,-11.343,0.197,0.197,0.230,0.230
1.621,-4.276,-11.348,0.224,0.224,0.223,0.223
1.619,-4.456,-11.355,0.208,0.208,0.235,0.235
1.618,-4.684,-11.363,0.230,0.230,0.230,0.230
1.614,-4.538,-11.379,0.208,0.208,0.235,0.235
1.613,-4.113,-11.385,0.233,0.233,0.235,0.235
1.614,-3.575,-11.382,0.218,0.218,0.227,0.227
1.616,-3.265,-11.374,0.229,0.229,0.240,0.240
1.616,-2.987,-11.373,0.220,0.220,0.250,0.250
1.613,-2.579,-11.381,0.237,0.237,0.243,0.243
1.612,-2.318,-11.384,0.230,0.230,0.247,0.247
1.611,-2.220,-11.387,0.215,0.215,0.244,0.244
1.610,-2.285,-11.389,0.227,0.227,0.249,0.249
1.610,-2.057,-11.389,0.217,0.217,0.233,0.233
1.609,-1.861,-11.391,0.220,0.220,0.243,0.243
1.608,-1.747,-11.393,0.218,0.218,0.252,0.252
1.604,-1.535,-11.399,0.229,0.229,0.250,0.250
1.602,-1.339,-11.403,0.224,0.224,0.249,0.249
1.601,-1.257,-11.403,0.218,0.218,0.249,0.249
1.602,-1.274,-11.402,0.208,0.208,0.247,0.247
1.604,-1.274,-11.400,0.218,0.218,0.243,0.243
1.603,-1.094,-11.401,0.206,0.206,0.247,0.247
1.601,-0.849,-11.402,0.223,0.223,0.244,0.244
1.600,-0.784,-11.404,0.209,0.209,0.244,0.244
1.599,-0.784,-11.405,0.220,0.220,0.241,0.241
1.597,-0.784,-11.406,0.201,0.201,0.255,0.255
1.597,-0.588,-11.406,0.229,0.229,0.243,0.243
1.596,-0.360,-11.406,0.206,0.206,0.246,0.246
1.594,-0.245,-11.407,0.226,0.226,0.237,0.237
1.593,-0.196,-11.407,0.204,0.204,0.243,0.243
1.590,0.016,-11.407,0.230,0.230,0.244,0.244
1.589,0.163,-11.407,0.206,0.206,0.249,0.249
1.589,0.179,-11.407,0.237,0.237,0.241,0.241
1.592,0.179,-11.408,0.230,0.230,0.256,0.256
1.591,0.163,-11.408,0.250,0.250,0.276,0.276
1.589,0.146,-11.407,0.232,0.232,0.269,0.269
1.587,0.146,-11.407,0.256,0.256,0.264,0.264
1.586,0.195,-11.407,0.238,0.238,0.266,0.266
1.585,0.391,-11.406,0.243,0.243,0.267,0.267
1.585,0.603,-11.406,0.235,0.235,0.258,0.258
1.584,0.668,-11.406,0.244,0.244,0.262,0.262
1.583,0.701,-11.405,0.229,0.229,0.278,0.278
1.581,0.832,-11.404,0.249,0.249,0.261,0.261
1.578,1.060,-11.401,0.237,0.237,0.261,0.261
1.576,1.125,-11.399,0.237,0.237,0.270,0.270
1.575,1.403,-11.397,0.226,0.226,0.259,0.259
1.579,1.550,-11.403,0.240,0.240,0.249,0.249
1.579,1.664,-11.404,0.233,0.233,0.258,0.258
1.578,1.648,-11.401,0.227,0.227,0.255,0.255
1.576,1.615,-11.399,0.229,0.229,0.252,0.252
1.575,1.582,-11.396,0.218,0.218,0.252,0.252
1.573,1.599,-11.394,0.220,0.220,0.252,0.252
1.573,1.566,-11.394,0.226,0.226,0.243,0.243
1.572,1.403,-11.391,0.232,0.232,0.246,0.246
1.571,1.158,-11.391,0.224,0.224,0.240,0.240
1.570,1.109,-11.389,0.230,0.230,0.249,0.249
1.567,1.076,-11.386,0.214,0.214,0.249,0.249
1.565,1.142,-11.384,0.224,0.224,0.246,0.246
1.564,1.125,-11.383,0.212,0.212,0.238,0.238
1.567,1.142,-11.387,0.233,0.233,0.243,0.243
1.566,1.093,-11.385,0.226,0.226,0.252,0.252
1.565,1.109,-11.384,0.235,0.235,0.250,0.250
1.563,1.125,-11.382,0.221,0.221,0.247,0.247
1.561,1.125,-11.380,0.241,0.241,0.229,0.229
1.562,1.142,-11.380,0.229,0.229,0.249,0.249
1.561,1.109,-11.380,0.244,0.244,0.255,0.255
1.560,1.142,-11.379,0.230,0.230,0.252,0.252
1.558,1.370,-11.376,0.240,0.240,0.243,0.243
1.558,1.550,-11.376,0.221,0.221,0.247,0.247
1.556,1.631,-11.373,0.250,0.250,0.246,0.246
1.552,1.631,-11.367,0.224,0.224,0.264,0.264
1.551,1.419,-11.364,0.241,0.241,0.249,0.249
1.554,1.191,-11.368,0.218,0.218,0.237,0.237
1.555,1.044,-11.369,0.241,0.241,0.235,0.235
1.554,0.848,-11.368,0.214,0.214,0.226,0.226
1.552,0.701,-11.367,0.218,0.218,0.226,0.226
1.549,0.587,-11.365,0.209,0.209,0.230,0.230
1.548,0.603,-11.365,0.215,0.215,0.215,0.215
1.548,0.652,-11.364,0.211,0.211,0.230,0.230
1.547,0.620,-11.363,0.209,0.209,0.235,0.235
1.546,0.652,-11.363,0.218,0.218,0.240,0.240
1.546,0.620,-11.363,0.212,0.212,0.224,0.224
1.545,0.652,-11.362,0.218,0.218,0.235,0.235
1.541,0.620,-11.360,0.208,0.208,0.227,0.227
1.539,0.620,-11.358,0.226,0.226,0.214,0.214
1.538,0.440,-11.358,0.211,0.211,0.243,0.243
1.542,0.212,-11.360,0.220,0.220,0.247,0.247
1.541,0.114,-11.359,0.211,0.211,0.233,0.233
1.541,0.146,-11.359,0.229,0.229,0.237,0.237
1.539,0.179,-11.359,0.208,0.208,0.233,0.233
1.536,0.179,-11.359,0.233,0.233,0.244,0.244
1.536,0.326,-11.358,0.221,0.221,0.249,0.249
1.535,0.358,-11.358,0.240,0.240,0.241,0.241
1.534,0.260,-11.358,0.209,0.209,0.255,0.255
1.533,0.032,-11.358,0.237,0.237,0.246,0.246
1.531,-0.196,-11.358,0.217,0.217,0.246,0.246
1.528,-0.343,-11.358,0.233,0.233,0.272,0.272
1.526,-0.588,-11.360,0.212,0.212,0.246,0.246
1.528,-0.980,-11.357,0.235,0.235,0.240,0.240
1.530,-1.045,-11.356,0.220,0.220,0.249,0.249
1.528,-0.915,-11.357,0.229,0.229,0.246,0.246
1.528,-1.045,-11.358,0.217,0.217,0.243,0.243
1.526,-1.192,-11.360,0.235,0.235,0.240,0.240
1.524,-1.094,-11.362,0.212,0.212,0.258,0.258
1.524,-0.866,-11.362,0.230,0.230,0.244,0.244
1.522,-0.539,-11.363,0.214,0.214,0.249,0.249
1.523,-0.311,-11.363,0.217,0.217,0.244,0.244
1.521,-0.294,-11.364,0.206,0.206,0.247,0.247
1.518,-0.409,-11.365,0.221,0.221,0.246,0.246
1.516,-0.507,-11.366,0.218,0.218,0.249,0.249
1.514,-0.376,-11.367,0.217,0.217,0.246,0.246
1.513,-0.278,-11.367,0.232,0.232,0.249,0.249
1.517,-0.196,-11.366,0.224,0.224,0.250,0.250
1.517,0.016,-11.366,0.232,0.232,0.253,0.253
1.516,0.179,-11.366,0.227,0.227,0.269,0.269
1.514,0.195,-11.365,0.244,0.244,0.272,0.272
1.513,0.179,-11.365,0.232,0.232,0.266,0.266
1.511,0.163,-11.365,0.238,0.238,0.250,0.250
1.511,0.146,-11.365,0.232,0.232,0.264,0.264
1.509,0.146,-11.365,0.237,0.237,0.278,0.278
1.508,0.163,-11.365,0.226,0.226,0.258,0.258
1.507,0.130,-11.364,0.240,0.240,0.262,0.262
1.505,0.146,-11.364,0.226,0.226,0.261,0.261
1.503,0.130,-11.364,0.227,0.227,0.269,0.269
1.502,0.146,-11.364,0.221,0.221,0.241,0.241
1.501,0.163,-11.364,0.232,0.232,0.259,0.259
1.504,0.179,-11.364,0.217,0.217,0.267,0.267
1.504,0.048,-11.364,0.230,0.230,0.258,0.258
1.501,-0.180,-11.364,0.217,0.217,0.261,0.261
1.500,-0.311,-11.365,0.235,0.235,0.249,0.249
1.498,-0.360,-11.365,0.214,0.214,0.258,0.258
1.499,-0.294,-11.365,0.246,0.246,0.243,0.243
1.498,-0.327,-11.365,0.218,0.218,0.252,0.252
1.497,-0.229,-11.365,0.237,0.237,0.258,0.258
1.496,0.048,-11.366,0.221,0.221,0.252,0.252
1.493,0.407,-11.365,0.235,0.235,0.247,0.247
1.490,0.603,-11.363,0.223,0.223,0.247,0.247
1.490,0.717,-11.363,0.226,0.226,0.250,0.250
1.493,0.652,-11.365,0.232,0.232,0.259,0.259
1.492,0.636,-11.365,0.229,0.229,0.249,0.249
1.492,0.652,-11.365,0.235,0.235,0.250,0.250
1.489,0.815,-11.363,0.230,0.230,0.247,0.247
1.488,1.109,-11.361,0.235,0.235,0.253,0.253
1.486,1.370,-11.359,0.230,0.230,0.264,0.264
1.486,1.599,-11.359,0.233,0.233,0.256,0.256
1.484,1.648,-11.356,0.224,0.224,0.243,0.243
1.484,1.582,-11.355,0.237,0.237,0.237,0.237
1.483,1.387,-11.354,0.220,0.220,0.250,0.250
1.482,1.142,-11.353,0.241,0.241,0.250,0.250
1.479,0.881,-11.350,0.224,0.224,0.252,0.252
1.478,0.668,-11.349,0.238,0.238,0.269,0.269
1.480,0.620,-11.351,0.215,0.215,0.249,0.249
1.479,0.848,-11.350,0.238,0.238,0.240,0.240
1.480,1.289,-11.351,0.209,0.209,0.244,0.244
1.477,1.648,-11.347,0.220,0.220,0.227,0.227
1.476,1.892,-11.345,0.206,0.206,0.229,0.229
1.474,2.088,-11.340,0.218,0.218,0.229,0.229
1.474,2.137,-11.341,0.201,0.201,0.221,0.221
1.472,2.105,-11.337,0.215,0.215,0.237,0.237
1.472,2.154,-11.336,0.211,0.211,0.237,0.237
1.470,2.317,-11.333,0.226,0.226,0.235,0.235
1.469,2.578,-11.330,0.214,0.214,0.227,0.227
1.467,2.904,-11.323,0.227,0.227,0.235,0.235
1.464,3.068,-11.315,0.217,0.217,0.230,0.230
1.464,3.133,-11.315,0.220,0.220,0.220,0.220
1.467,3.312,-11.326,0.217,0.217,0.243,0.243
1.468,3.312,-11.327,0.217,0.217,0.255,0.255
1.466,3.394,-11.321,0.221,0.221,0.241,0.241
1.465,3.492,-11.316,0.212,0.212,0.246,0.246
1.463,3.361,-11.312,0.220,0.220,0.233,0.233
1.462,3.165,-11.308,0.215,0.215,0.249,0.249
1.460,3.084,-11.303,0.232,0.232,0.249,0.249
1.460,3.051,-11.301,0.208,0.208,0.252,0.252
1.459,3.116,-11.298,0.233,0.233,0.255,0.255
1.457,3.296,-11.292,0.212,0.212,0.246,0.246
1.454,3.492,-11.282,0.233,0.233,0.241,0.241
1.452,3.622,-11.276,0.211,0.211,0.273,0.273
1.451,3.622,-11.270,0.238,0.238,0.249,0.249
1.455,3.786,-11.286,0.211,0.211,0.244,0.244
1.454,4.014,-11.281,0.230,0.230,0.249,0.249
1.452,4.112,-11.275,0.217,0.217,0.249,0.249
1.452,4.308,-11.272,0.230,0.230,0.243,0.243
1.450,4.504,-11.265,0.220,0.220,0.246,0.246
1.449,4.585,-11.263,0.221,0.221,0.252,0.252
1.448,4.618,-11.257,0.220,0.220,0.247,0.247
1.448,4.748,-11.256,0.221,0.221,0.243,0.243
1.447,4.993,-11.252,0.209,0.209,0.250,0.250
1.446,5.026,-11.244,0.218,0.218,0.249,0.249
1.443,5.091,-11.229,0.215,0.215,0.244,0.244
1.441,5.026,-11.219,0.212,0.212,0.241,0.241
1.440,5.059,-11.216,0.215,0.215,0.247,0.247
1.440,5.026,-11.218,0.223,0.223,0.250,0.250
1.442,5.042,-11.227,0.224,0.224,0.253,0.253
1.441,5.059,-11.220,0.221,0.221,0.253,0.253
1.439,5.059,-11.210,0.241,0.241,0.266,0.266
1.438,5.059,-11.206,0.227,0.227,0.296,0.296
1.436,5.254,-11.196,0.230,0.230,0.272,0.272
1.435,5.450,-11.191,0.232,0.232,0.258,0.258
1.436,5.581,-11.193,0.238,0.238,0.267,0.267
1.435,5.777,-11.189,0.226,0.226,0.269,0.269
1.433,5.989,-11.180,0.241,0.241,0.259,0.259
1.432,5.858,-11.173,0.224,0.224,0.267,0.267
1.430,5.630,-11.158,0.244,0.244,0.255,0.255
1.427,5.483,-11.142,0.218,0.218,0.270,0.270
1.427,5.483,-11.144,0.244,0.244,0.267,0.267
1.428,5.564,-11.151,0.218,0.218,0.256,0.256
1.430,5.744,-11.159,0.233,0.233,0.253,0.253
1.429,5.989,-11.154,0.220,0.220,0.253,0.253
1.426,6.087,-11.140,0.238,0.238,0.258,0.258
1.425,6.087,-11.129,0.217,0.217,0.256,0.256
1.423,6.038,-11.120,0.237,0.237,0.252,0.252
1.423,6.054,-11.118,0.221,0.221,0.249,0.249
1.422,6.038,-11.113,0.237,0.237,0.259,0.259
1.421,6.087,-11.104,0.223,0.223,0.249,0.249
1.419,6.021,-11.093,0.240,0.240,0.272,0.272
1.417,6.054,-11.081,0.221,0.221,0.258,0.258
1.415,6.021,-11.070,0.230,0.230,0.240,0.240
1.416,6.054,-11.077,0.226,0.226,0.252,0.252
1.418,6.021,-11.089,0.227,0.227,0.250,0.250
1.418,6.054,-11.086,0.227,0.227,0.255,0.255
1.416,6.038,-11.077,0.229,0.229,0.246,0.246
1.413,6.038,-11.060,0.233,0.233,0.250,0.250
1.413,6.070,-11.057,0.233,0.233,0.255,0.255
1.411,6.038,-11.047,0.227,0.227,0.255,0.255
1.411,6.070,-11.045,0.229,0.229,0.252,0.252
1.410,6.005,-11.040,0.237,0.237,0.255,0.255
1.409,6.054,-11.034,0.226,0.226,0.246,0.246
1.406,6.070,-11.017,0.232,0.232,0.253,0.253
1.404,6.038,-11.002,0.220,0.220,0.261,0.261
1.402,6.054,-10.992,0.237,0.237,0.255,0.255
1.402,6.054,-10.993,0.212,0.212,0.249,0.249
1.405,6.250,-11.010,0.237,0.237,0.255,0.255
1.405,6.429,-11.007,0.204,0.204,0.250,0.250
1.402,6.299,-10.993,0.220,0.220,0.252,0.252
1.403,5.875,-10.998,0.204,0.204,0.227,0.227
1.400,5.532,-10.982,0.218,0.218,0.217,0.217
1.399,5.450,-10.975,0.194,0.194,0.233,0.233
1.399,5.516,-10.976,0.215,0.215,0.233,0.233
1.398,5.548,-10.968,0.203,0.203,0.233,0.233
1.397,5.548,-10.964,0.224,0.224,0.230,0.230
1.396,5.516,-10.958,0.208,0.208,0.232,0.232
1.394,5.564,-10.944,0.221,0.221,0.233,0.233
1.390,5.548,-10.925,0.215,0.215,0.249,0.249
1.389,5.516,-10.917,0.224,0.224,0.230,0.230
1.391,5.564,-10.931,0.208,0.208,0.241,0.241
1.392,5.516,-10.937,0.229,0.229,0.243,0.243
1.392,5.581,-10.934,0.218,0.218,0.249,0.249
1.390,5.744,-10.922,0.223,0.223,0.235,0.235
1.387,6.005,-10.909,0.221,0.221,0.244,0.244
1.387,6.087,-10.909,0.227,0.227,0.246,0.246
1.386,6.070,-10.903,0.226,0.226,0.252,0.252
1.386,6.070,-10.902,0.221,0.221,0.249,0.249
1.385,6.005,-10.893,0.223,0.223,0.262,0.262
1.384,5.777,-10.888,0.209,0.209,0.255,0.255
1.381,5.548,-10.872,0.220,0.220,0.243,0.243
1.379,5.254,-10.863,0.209,0.209,0.244,0.244
1.377,5.059,-10.851,0.224,0.224,0.255,0.255
1.379,5.010,-10.863,0.214,0.214,0.252,0.252
1.380,4.814,-10.866,0.214,0.214,0.250,0.250
1.380,4.634,-10.864,0.214,0.214,0.266,0.266
1.378,4.748,-10.855,0.224,0.224,0.252,0.252
1.375,4.944,-10.843,0.204,0.204,0.253,0.253
1.374,5.091,-10.835,0.226,0.226,0.244,0.244
1.373,5.059,-10.832,0.201,0.201,0.247,0.247
1.372,5.026,-10.828,0.220,0.220,0.244,0.244
1.371,4.863,-10.824,0.191,0.191,0.252,0.252
1.372,4.846,-10.826,0.224,0.224,0.240,0.240
1.369,4.961,-10.813,0.201,0.201,0.247,0.247
1.367,5.091,-10.800,0.224,0.224,0.247,0.247
1.367,5.303,-10.804,0.218,0.218,0.253,0.253
1.365,5.516,-10.792,0.227,0.227,0.253,0.253
1.369,5.793,-10.811,0.208,0.208,0.240,0.240
1.368,6.005,-10.808,0.230,0.230,0.250,0.250
1.365,5.858,-10.793,0.223,0.223,0.264,0.264
1.365,5.597,-10.788,0.244,0.244,0.273,0.273
1.362,5.516,-10.776,0.224,0.224,0.278,0.278
1.362,5.483,-10.772,0.252,0.252,0.278,0.278
1.360,5.320,-10.764,0.229,0.229,0.278,0.278
1.361,5.091,-10.766,0.253,0.253,0.282,0.282
1.358,4.993,-10.754,0.237,0.237,0.275,0.275
1.357,5.026,-10.750,0.249,0.249,0.256,0.256
1.355,5.026,-10.738,0.226,0.226,0.273,0.273
1.354,5.026,-10.732,0.243,0.243,0.262,0.262
1.351,4.814,-10.718,0.221,0.221,0.270,0.270
1.355,4.569,-10.735,0.235,0.235,0.266,0.266
1.355,4.308,-10.737,0.224,0.224,0.246,0.246
1.354,4.112,-10.732,0.235,0.235,0.261,0.261
1.353,3.998,-10.726,0.232,0.232,0.269,0.269
1.351,3.851,-10.719,0.226,0.226,0.256,0.256
1.350,3.639,-10.716,0.230,0.230,0.256,0.256
1.348,3.606,-10.709,0.220,0.220,0.252,0.252
1.348,3.802,-10.708,0.220,0.220,0.258,0.258
1.346,3.998,-10.701,0.226,0.226,0.249,0.249
1.345,4.128,-10.696,0.229,0.229,0.250,0.250
1.343,4.112,-10.688,0.218,0.218,0.252,0.252
1.341,4.079,-10.680,0.221,0.221,0.255,0.255
1.340,4.096,-10.676,0.224,0.224,0.247,0.247
1.340,4.047,-10.676,0.229,0.229,0.262,0.262
1.343,4.063,-10.688,0.221,0.221,0.253,0.253
1.342,3.851,-10.683,0.229,0.229,0.247,0.247
1.340,3.639,-10.676,0.221,0.221,0.253,0.253
1.338,3.590,-10.671,0.226,0.226,0.255,0.255
1.338,3.786,-10.669,0.220,0.220,0.258,0.258
1.337,4.014,-10.666,0.230,0.230,0.253,0.253
1.335,4.079,-10.659,0.220,0.220,0.264,0.264
1.335,3.884,-10.658,0.240,0.240,0.252,0.252
1.333,3.622,-10.650,0.227,0.227,0.255,0.255
1.330,3.557,-10.641,0.247,0.247,0.255,0.255
1.328,3.557,-10.634,0.224,0.224,0.252,0.252
1.326,3.590,-10.625,0.246,0.246,0.252,0.252
1.330,3.622,-10.639,0.212,0.212,0.252,0.252
1.331,3.573,-10.644,0.240,0.240,0.244,0.244
1.330,3.655,-10.640,0.212,0.212,0.252,0.252
1.327,3.786,-10.630,0.243,0.243,0.249,0.249
1.326,3.884,-10.626,0.206,0.206,0.233,0.233
1.326,4.112,-10.627,0.218,0.218,0.227,0.227
1.324,4.438,-10.618,0.212,0.212,0.233,0.233
1.323,4.634,-10.614,0.218,0.218,0.230,0.230
1.323,4.618,-10.612,0.208,0.208,0.233,0.233
1.322,4.602,-10.608,0.209,0.209,0.233,0.233
1.321,4.569,-10.601,0.208,0.208,0.249,0.249
1.318,4.569,-10.587,0.212,0.212,0.244,0.244
1.315,4.797,-10.575,0.214,0.214,0.240,0.240
1.313,4.993,-10.566,0.215,0.215,0.247,0.247
1.317,5.059,-10.586,0.218,0.218,0.240,0.240
1.318,4.781,-10.589,0.214,0.214,0.241,0.241
1.316,4.128,-10.580,0.218,0.218,0.241,0.241
1.315,3.410,-10.575,0.221,0.221,0.249,0.249
1.313,2.823,-10.569,0.223,0.223,0.246,0.246
1.312,2.562,-10.567,0.204,0.204,0.256,0.256
1.311,2.513,-10.564,0.226,0.226,0.272,0.272
1.310,2.349,-10.562,0.214,0.214,0.253,0.253
1.310,1.925,-10.562,0.226,0.226,0.235,0.235
1.308,1.648,-10.559,0.208,0.208,0.253,0.253
1.306,1.533,-10.555,0.238,0.238,0.252,0.252
1.304,1.582,-10.552,0.215,0.215,0.259,0.259
1.303,1.631,-10.551,0.227,0.227,0.252,0.252
1.306,1.876,-10.556,0.206,0.206,0.270,0.270
1.306,2.072,-10.555,0.232,0.232,0.247,0.247
1.304,2.382,-10.552,0.211,0.211,0.238,0.238
1.302,2.578,-10.547,0.227,0.227,0.249,0.249
1.301,2.611,-10.543,0.208,0.208,0.250,0.250
1.300,2.708,-10.542,0.230,0.230,0.249,0.249
1.298,3.068,-10.537,0.206,0.206,0.250,0.250
1.298,3.688,-10.535,0.232,0.232,0.258,0.258
1.297,4.079,-10.533,0.218,0.218,0.249,0.249
1.296,4.161,-10.526,0.224,0.224,0.243,0.243
1.293,3.835,-10.515,0.206,0.206,0.250,0.250
1.291,3.410,-10.509,0.226,0.226,0.252,0.252
1.290,2.872,-10.507,0.217,0.217,0.252,0.252
1.292,2.594,-10.510,0.221,0.221,0.255,0.255
1.294,2.545,-10.517,0.226,0.226,0.252,0.252
1.292,2.578,-10.511,0.233,0.233,0.249,0.249
1.290,2.382,-10.506,0.226,0.226,0.258,0.258
1.289,2.186,-10.505,0.250,0.250,0.273,0.273
1.288,2.072,-10.501,0.241,0.241,0.273,0.273
1.287,2.088,-10.500,0.238,0.238,0.269,0.269
1.286,2.137,-10.497,0.238,0.238,0.279,0.279
1.285,2.333,-10.495,0.243,0.243,0.259,0.259
1.284,2.562,-10.493,0.237,0.237,0.270,0.270
1.282,2.643,-10.489,0.230,0.230,0.259,0.259
1.280,2.627,-10.482,0.241,0.241,0.272,0.272
1.278,2.643,-10.477,0.229,0.229,0.261,0.261
1.276,2.839,-10.472,0.233,0.233,0.273,0.273
1.279,3.035,-10.479,0.230,0.230,0.267,0.267
1.280,3.149,-10.483,0.235,0.235,0.261,0.261
1.279,3.100,-10.481,0.212,0.212,0.259,0.259
1.278,3.068,-10.476,0.223,0.223,0.256,0.256
1.276,2.839,-10.470,0.209,0.209,0.258,0.258
1.275,2.660,-10.467,0.230,0.230,0.252,0.252
1.273,2.545,-10.465,0.215,0.215,0.284,0.284
1.273,2.594,-10.462,0.235,0.235,0.252,0.252
1.272,2.578,-10.460,0.226,0.226,0.249,0.249
1.271,2.398,-10.458,0.226,0.226,0.252,0.252
1.268,2.154,-10.452,0.218,0.218,0.255,0.255
1.266,1.860,-10.447,0.233,0.233,0.255,0.255
1.264,1.419,-10.445,0.212,0.212,0.252,0.252
1.265,1.125,-10.446,0.237,0.237,0.241,0.241
1.268,1.093,-10.449,0.223,0.223,0.249,0.249
1.267,1.321,-10.447,0.240,0.240,0.255,0.255
1.264,1.795,-10.443,0.212,0.212,0.258,0.258
1.263,2.105,-10.441,0.249,0.249,0.256,0.256
1.263,2.121,-10.441,0.220,0.220,0.243,0.243
1.262,1.925,-10.440,0.243,0.243,0.252,0.252
1.261,1.664,-10.437,0.229,0.229,0.262,0.262
1.260,1.599,-10.436,0.250,0.250,0.256,0.256
1.258,1.827,-10.433,0.227,0.227,0.256,0.256
1.256,2.300,-10.429,0.241,0.241,0.258,0.258
1.253,2.611,-10.421,0.233,0.233,0.259,0.259
1.252,2.660,-10.418,0.238,0.238,0.267,0.267
1.252,2.415,-10.419,0.230,0.230,0.255,0.255
1.256,2.154,-10.427,0.240,0.240,0.241,0.241
1.255,2.088,-10.424,0.232,0.232,0.256,0.256
1.252,2.121,-10.419,0.218,0.218,0.246,0.246
1.251,2.349,-10.417,0.217,0.217,0.238,0.238
1.250,2.790,-10.412,0.206,0.206,0.230,0.230
1.249,3.068,-10.410,0.218,0.218,0.220,0.220
1.248,3.133,-10.409,0.200,0.200,0.221,0.221
1.247,2.888,-10.404,0.220,0.220,0.243,0.243
1.247,2.627,-10.404,0.206,0.206,0.235,0.235
1.245,2.349,-10.400,0.217,0.217,0.244,0.244
1.242,2.121,-10.393,0.203,0.203,0.232,0.232
1.240,1.827,-10.389,0.226,0.226,0.241,0.241
1.243,1.436,-10.394,0.206,0.206,0.215,0.215
1.243,1.109,-10.394,0.221,0.221,0.233,0.233
1.243,1.076,-10.394,0.204,0.204,0.249,0.249
1.242,1.109,-10.393,0.227,0.227,0.243,0.243
1.239,1.387,-10.389,0.212,0.212,0.243,0.243
1.238,1.795,-10.388,0.235,0.235,0.255,0.255
1.237,2.333,-10.385,0.217,0.217,0.253,0.253
1.236,2.611,-10.382,0.240,0.240,0.246,0.246
1.235,2.643,-10.380,0.214,0.214,0.243,0.243
1.234,2.382,-10.378,0.240,0.240,0.246,0.246
1.232,2.203,-10.374,0.221,0.221,0.252,0.252
1.229,2.105,-10.366,0.240,0.240,0.253,0.253
1.227,2.317,-10.363,0.215,0.215,0.276,0.276
1.227,2.545,-10.363,0.244,0.244,0.252,0.252
1.231,2.692,-10.374,0.220,0.220,0.246,0.246
1.231,2.660,-10.372,0.224,0.224,0.250,0.250
1.229,2.594,-10.367,0.226,0.226,0.250,0.250
1.227,2.611,-10.363,0.223,0.223,0.249,0.249
1.226,2.611,-10.359,0.227,0.227,0.250,0.250
1.224,2.774,-10.355,0.224,0.224,0.255,0.255
1.224,2.578,-10.353,0.223,0.223,0.252,0.252
1.223,1.974,-10.352,0.215,0.215,0.252,0.252
1.222,1.403,-10.351,0.208,0.208,0.250,0.250
1.221,1.321,-10.349,0.217,0.217,0.246,0.246
1.217,1.729,-10.343,0.224,0.224,0.243,0.243
1.215,2.137,-10.339,0.204,0.204,0.243,0.243
1.214,2.382,-10.337,0.223,0.223,0.246,0.246
1.218,2.398,-10.345,0.211,0.211,0.253,0.253
1.218,2.186,-10.345,0.227,0.227,0.258,0.258
1.218,2.056,-10.347,0.211,0.211,0.253,0.253
1.216,1.860,-10.343,0.240,0.240,0.255,0.255
1.214,1.436,-10.339,0.226,0.226,0.264,0.264
1.212,1.174,-10.337,0.233,0.233,0.272,0.272
1.211,1.076,-10.336,0.229,0.229,0.262,0.262
1.211,1.321,-10.335,0.246,0.246,0.273,0.273
1.210,1.533,-10.335,0.223,0.223,0.276,0.276
1.209,1.468,-10.333,0.259,0.259,0.273,0.273
1.207,1.191,-10.329,0.230,0.230,0.267,0.267
1.203,0.848,-10.326,0.237,0.237,0.282,0.282
1.202,0.456,-10.326,0.220,0.220,0.266,0.266
1.201,0.407,-10.325,0.241,0.241,0.261,0.261
1.205,0.766,-10.327,0.221,0.221,0.262,0.262
1.204,1.044,-10.327,0.238,0.238,0.264,0.264
1.204,0.962,-10.326,0.221,0.221,0.261,0.261
1.202,0.750,-10.325,0.241,0.241,0.259,0.259
1.200,0.603,-10.323,0.221,0.221,0.282,0.282
1.200,0.587,-10.323,0.244,0.244,0.255,0.255
1.199,0.620,-10.323,0.227,0.227,0.249,0.249
1.199,0.636,-10.322,0.238,0.238,0.249,0.249
1.197,0.620,-10.322,0.226,0.226,0.253,0.253
1.195,0.456,-10.320,0.227,0.227,0.252,0.252
1.192,0.440,-10.319,0.227,0.227,0.259,0.259
1.191,0.342,-10.319,0.230,0.230,0.255,0.255
1.190,0.244,-10.318,0.230,0.230,0.255,0.255
1.194,0.146,-10.319,0.244,0.244,0.252,0.252
1.192,0.146,-10.319,0.227,0.227,0.255,0.255
1.191,0.195,-10.319,0.241,0.241,0.255,0.255
1.189,0.375,-10.318,0.229,0.229,0.256,0.256
1.187,0.587,-10.317,0.230,0.230,0.256,0.256
1.186,0.489,-10.317,0.232,0.232,0.252,0.252
1.185,0.130,-10.317,0.235,0.235,0.255,0.255
1.185,-0.196,-10.317,0.237,0.237,0.258,0.258
1.184,-0.392,-10.317,0.221,0.221,0.253,0.253
1.182,-0.572,-10.318,0.244,0.244,0.256,0.256
1.180,-0.784,-10.319,0.230,0.230,0.252,0.252
1.178,-0.866,-10.321,0.243,0.243,0.258,0.258
1.178,-0.833,-10.321,0.224,0.224,0.258,0.258
1.181,-0.866,-10.319,0.238,0.238,0.252,0.252
1.180,-0.751,-10.319,0.223,0.223,0.249,0.249
1.179,-0.490,-10.320,0.229,0.229,0.247,0.247
1.177,-0.017,-10.320,0.211,0.211,0.249,0.249
1.175,0.228,-10.320,0.223,0.223,0.227,0.227
1.175,0.440,-10.320,0.206,0.206,0.230,0.230
1.174,0.587,-10.320,0.221,0.221,0.232,0.232
1.173,0.652,-10.319,0.215,0.215,0.232,0.232
1.172,0.668,-10.318,0.221,0.221,0.238,0.238
1.171,0.652,-10.318,0.198,0.198,0.237,0.237
1.168,0.620,-10.316,0.230,0.230,0.243,0.243
1.166,0.424,-10.315,0.209,0.209,0.243,0.243
1.165,0.065,-10.315,0.226,0.226,0.241,0.241
1.167,-0.441,-10.314,0.208,0.208,0.237,0.237
1.169,-0.817,-10.313,0.233,0.233,0.243,0.243
1.169,-0.849,-10.313,0.218,0.218,0.247,0.247
1.165,-0.653,-10.316,0.233,0.233,0.241,0.241
1.163,-0.556,-10.317,0.227,0.227,0.247,0.247
1.162,-0.523,-10.318,0.233,0.233,0.270,0.270
1.161,-0.376,-10.318,0.229,0.229,0.250,0.250
1.161,-0.180,-10.318,0.224,0.224,0.244,0.244
1.159,0.097,-10.318,0.230,0.230,0.253,0.253
1.159,0.456,-10.318,0.224,0.224,0.249,0.249
1.156,0.864,-10.316,0.218,0.218,0.253,0.253
1.153,1.109,-10.313,0.221,0.221,0.247,0.247
1.152,1.191,-10.312,0.229,0.229,0.278,0.278
1.155,1.191,-10.316,0.217,0.217,0.252,0.252
1.156,1.582,-10.317,0.235,0.235,0.247,0.247
1.155,2.023,-10.315,0.220,0.220,0.256,0.256
1.153,2.415,-10.312,0.227,0.227,0.253,0.253
1.152,2.578,-10.307,0.208,0.208,0.249,0.249
1.151,2.431,-10.305,0.230,0.230,0.246,0.246
1.150,1.974,-10.304,0.211,0.211,0.258,0.258
1.149,1.599,-10.302,0.224,0.224,0.249,0.249
1.147,1.338,-10.300,0.215,0.215,0.253,0.253
1.147,1.387,-10.299,0.229,0.229,0.247,0.247
1.144,1.517,-10.295,0.215,0.215,0.250,0.250
1.142,1.615,-10.291,0.227,0.227,0.249,0.249
1.140,1.403,-10.288,0.208,0.208,0.250,0.250
1.139,0.946,-10.287,0.230,0.230,0.240,0.240
1.144,0.424,-10.290,0.209,0.209,0.252,0.252
1.142,0.146,-10.290,0.243,0.243,0.252,0.252
1.141,0.048,-10.290,0.227,0.227,0.255,0.255
1.139,0.114,-10.289,0.243,0.243,0.261,0.261
1.137,0.195,-10.289,0.227,0.227,0.264,0.264
1.136,0.032,-10.289,0.264,0.264,0.269,0.269
1.137,-0.441,-10.289,0.241,0.241,0.258,0.258
1.136,-0.980,-10.289,0.258,0.258,0.267,0.267
1.134,-1.323,-10.291,0.232,0.232,0.275,0.275
1.134,-1.355,-10.292,0.250,0.250,0.279,0.279
1.131,-1.306,-10.296,0.229,0.229,0.269,0.269
1.128,-1.290,-10.300,0.252,0.252,0.302,0.302
1.127,-1.257,-10.300,0.229,0.229,0.269,0.269
1.130,-1.290,-10.297,0.237,0.237,0.262,0.262
1.131,-1.323,-10.297,0.243,0.243,0.270,0.270
1.130,-1.323,-10.297,0.235,0.235,0.266,0.266
1.128,-1.290,-10.300,0.229,0.229,0.267,0.267
1.126,-1.355,-10.303,0.227,0.227,0.264,0.264
1.125,-1.551,-10.304,0.221,0.221,0.261,0.261
1.124,-1.975,-10.306,0.221,0.221,0.262,0.262
1.122,-2.514,-10.309,0.224,0.224,0.267,0.267
1.122,-2.775,-10.311,0.223,0.223,0.258,0.258
1.121,-2.644,-10.314,0.226,0.226,0.258,0.258
1.119,-2.383,-10.318,0.217,0.217,0.258,0.258
1.116,-2.253,-10.325,0.226,0.226,0.264,0.264
1.115,-2.253,-10.328,0.221,0.221,0.252,0.252
1.119,-2.318,-10.318,0.227,0.227,0.259,0.259
1.118,-2.530,-10.321,0.217,0.217,0.256,0.256
1.117,-2.726,-10.323,0.232,0.232,0.256,0.256
1.115,-2.596,-10.328,0.220,0.220,0.255,0.255
1.113,-2.367,-10.332,0.223,0.223,0.258,0.258
1.113,-2.024,-10.334,0.218,0.218,0.259,0.259
1.112,-1.600,-10.335,0.240,0.240,0.256,0.256
1.111,-1.306,-10.337,0.221,0.221,0.259,0.259
1.110,-1.257,-10.338,0.246,0.246,0.255,0.255
1.109,-1.274,-10.340,0.224,0.224,0.255,0.255
1.107,-1.306,-10.342,0.240,0.240,0.253,0.253
1.103,-1.306,-10.347,0.220,0.220,0.266,0.266
1.104,-1.110,-10.346,0.255,0.255,0.258,0.258
1.106,-1.078,-10.344,0.226,0.226,0.258,0.258
1.107,-1.208,-10.343,0.249,0.249,0.255,0.255
1.105,-1.306,-10.345,0.227,0.227,0.253,0.253
1.103,-1.372,-10.347,0.243,0.243,0.252,0.252
1.101,-1.535,-10.351,0.218,0.218,0.255,0.255
1.100,-1.763,-10.352,0.226,0.226,0.218,0.218
1.099,-1.877,-10.354,0.217,0.217,0.233,0.233
1.099,-2.073,-10.354,0.230,0.230,0.244,0.244
1.098,-2.236,-10.357,0.206,0.206,0.230,0.230
1.096,-2.302,-10.360,0.218,0.218,0.233,0.233
1.094,-2.090,-10.365,0.215,0.215,0.233,0.233
1.092,-1.828,-10.370,0.212,0.212,0.241,0.241
1.090,-1.714,-10.373,0.214,0.214,0.232,0.232
1.091,-1.535,-10.371,0.221,0.221,0.233,0.233
1.092,-1.372,-10.369,0.226,0.226,0.240,0.240
1.093,-1.061,-10.369,0.212,0.212,0.240,0.240
1.091,-0.800,-10.370,0.230,0.230,0.243,0.243
1.090,-0.490,-10.371,0.214,0.214,0.264,0.264
1.088,0.048,-10.371,0.230,0.230,0.247,0.247
1.088,0.440,-10.371,0.208,0.208,0.243,0.243
1.086,0.668,-10.370,0.232,0.232,0.247,0.247
1.086,0.913,-10.370,0.215,0.215,0.249,0.249
1.085,1.109,-10.369,0.233,0.233,0.247,0.247
1.083,1.142,-10.367,0.209,0.209,0.253,0.253
1.080,1.125,-10.364,0.244,0.244,0.229,0.229
1.078,1.109,-10.361,0.220,0.220,0.249,0.249
1.079,1.076,-10.363,0.237,0.237,0.259,0.259
1.081,1.093,-10.364,0.215,0.215,0.250,0.250
1.080,0.881,-10.364,0.235,0.235,0.252,0.252
1.079,0.652,-10.363,0.212,0.212,0.238,0.238
1.078,0.375,-10.362,0.240,0.240,0.255,0.255
1.075,0.065,-10.362,0.214,0.214,0.258,0.258
1.074,-0.245,-10.362,0.224,0.224,0.255,0.255
1.073,-0.588,-10.362,0.211,0.211,0.258,0.258
1.073,-0.817,-10.362,0.237,0.237,0.250,0.250
1.073,-1.061,-10.363,0.218,0.218,0.253,0.253
1.071,-1.045,-10.364,0.227,0.227,0.267,0.267
1.069,-0.849,-10.367,0.214,0.214,0.255,0.255
1.067,-0.490,-10.368,0.218,0.218,0.246,0.246
1.066,-0.017,-10.368,0.215,0.215,0.258,0.258
1.067,0.228,-10.368,0.211,0.211,0.255,0.255
1.068,0.228,-10.368,0.220,0.220,0.255,0.255
1.067,0.195,-10.368,0.227,0.227,0.249,0.249
1.065,0.342,-10.368,0.218,0.218,0.250,0.250
1.064,0.554,-10.367,0.240,0.240,0.259,0.259
1.062,0.685,-10.366,0.233,0.233,0.279,0.279
1.061,0.636,-10.365,0.227,0.227,0.278,0.278
1.061,0.424,-10.365,0.244,0.244,0.273,0.273
1.059,0.179,-10.365,0.235,0.235,0.275,0.275
1.058,0.114,-10.365,0.233,0.233,0.278,0.278
1.058,-0.001,-10.364,0.229,0.229,0.275,0.275
1.055,-0.409,-10.365,0.237,0.237,0.264,0.264
1.054,-0.817,-10.366,0.226,0.226,0.276,0.276
1.055,-1.143,-10.365,0.238,0.238,0.269,0.269
1.055,-1.551,-10.365,0.220,0.220,0.278,0.278
1.054,-1.812,-10.367,0.241,0.241,0.279,0.279
1.053,-2.073,-10.369,0.211,0.211,0.266,0.266
1.052,-2.253,-10.371,0.237,0.237,0.264,0.264
1.051,-2.318,-10.374,0.215,0.215,0.261,0.261
1.049,-2.285,-10.377,0.227,0.227,0.259,0.259
1.049,-2.057,-10.378,0.218,0.218,0.256,0.256
1.047,-1.910,-10.381,0.233,0.233,0.253,0.253
1.046,-1.992,-10.382,0.221,0.221,0.246,0.246
1.044,-2.253,-10.387,0.232,0.232,0.256,0.256
1.042,-2.367,-10.391,0.230,0.230,0.264,0.264
1.041,-2.563,-10.395,0.233,0.233,0.258,0.258
1.042,-2.759,-10.392,0.217,0.217,0.249,0.249
1.044,-2.612,-10.386,0.244,0.244,0.259,0.259
1.043,-2.351,-10.389,0.221,0.221,0.252,0.252
1.040,-2.041,-10.395,0.237,0.237,0.258,0.258
1.040,-1.828,-10.396,0.227,0.227,0.262,0.262
1.039,-1.763,-10.398,0.246,0.246,0.250,0.250
1.037,-1.796,-10.401,0.230,0.230,0.253,0.253
1.036,-2.073,-10.402,0.240,0.240,0.252,0.252
1.036,-2.481,-10.403,0.240,0.240,0.276,0.276
1.035,-2.808,-10.405,0.241,0.241,0.255,0.255
1.032,-2.857,-10.413,0.230,0.230,0.255,0.255
1.031,-2.840,-10.417,0.237,0.237,0.259,0.259
1.028,-2.808,-10.425,0.230,0.230,0.261,0.261
1.030,-2.791,-10.420,0.240,0.240,0.256,0.256
1.030,-2.824,-10.420,0.233,0.233,0.261,0.261
1.031,-3.004,-10.418,0.233,0.233,0.247,0.247
1.028,-3.069,-10.427,0.240,0.240,0.255,0.255
1.028,-3.101,-10.426,0.214,0.214,0.256,0.256
1.026,-3.232,-10.431,0.229,0.229,0.255,0.255
1.025,-3.265,-10.436,0.206,0.206,0.233,0.233
1.024,-3.069,-10.438,0.218,0.218,0.218,0.218
1.024,-2.579,-10.439,0.194,0.194,0.230,0.230
1.022,-2.073,-10.443,0.223,0.223,0.223,0.223
1.022,-1.763,-10.444,0.204,0.204,0.229,0.229
1.021,-1.502,-10.446,0.206,0.206,0.230,0.230
1.018,-1.339,-10.450,0.203,0.203,0.241,0.241
1.015,-1.274,-10.453,0.229,0.229,0.230,0.230
1.017,-1.274,-10.451,0.212,0.212,0.262,0.262
1.018,-1.274,-10.450,0.230,0.230,0.232,0.232
1.017,-1.110,-10.451,0.217,0.217,0.238,0.238
1.016,-0.866,-10.452,0.232,0.232,0.249,0.249
1.014,-0.784,-10.454,0.215,0.215,0.247,0.247
1.012,-0.556,-10.455,0.227,0.227,0.247,0.247
1.011,-0.262,-10.455,0.230,0.230,0.253,0.253
1.012,0.032,-10.455,0.232,0.232,0.232,0.232
1.010,0.195,-10.455,0.221,0.221,0.249,0.249
1.010,0.146,-10.455,0.233,0.233,0.253,0.253
1.008,0.195,-10.454,0.223,0.223,0.255,0.255
1.006,-0.001,-10.454,0.227,0.227,0.250,0.250
1.003,-0.213,-10.454,0.226,0.226,0.247,0.247
1.002,-0.262,-10.455,0.223,0.223,0.258,0.258
1.006,-0.001,-10.454,0.226,0.226,0.252,0.252
1.005,0.179,-10.454,0.211,0.211,0.253,0.253
1.004,0.391,-10.454,0.227,0.227,0.250,0.250
1.002,0.620,-10.453,0.211,0.211,0.252,0.252
1.001,0.685,-10.452,0.224,0.224,0.255,0.255
1.000,0.864,-10.451,0.214,0.214,0.269,0.269
0.999,0.799,-10.451,0.230,0.230,0.255,0.255
0.998,0.734,-10.450,0.206,0.206,0.247,0.247
0.997,0.603,-10.449,0.220,0.220,0.246,0.246
0.995,0.620,-10.448,0.206,0.206,0.247,0.247
0.994,0.620,-10.447,0.218,0.218,0.244,0.244
0.991,0.636,-10.446,0.201,0.201,0.250,0.250
0.990,0.620,-10.445,0.227,0.227,0.256,0.256
0.993,0.587,-10.447,0.212,0.212,0.253,0.253
0.993,0.375,-10.447,0.227,0.227,0.252,0.252
0.991,0.212,-10.446,0.220,0.220,0.255,0.255
0.990,0.097,-10.446,0.237,0.237,0.255,0.255
0.989,0.130,-10.446,0.223,0.223,0.261,0.261
0.987,0.048,-10.446,0.244,0.244,0.267,0.267
0.986,-0.196,-10.446,0.235,0.235,0.253,0.253
0.986,-0.343,-10.446,0.255,0.255,0.276,0.276
0.984,-0.588,-10.447,0.237,0.237,0.288,0.288
0.984,-0.768,-10.447,0.253,0.253,0.270,0.270
0.983,-0.882,-10.448,0.240,0.240,0.272,0.272
0.980,-0.866,-10.451,0.252,0.252,0.259,0.259
0.978,-1.078,-10.452,0.237,0.237,0.276,0.276
0.976,-1.241,-10.455,0.250,0.250,0.261,0.261
0.980,-1.355,-10.449,0.229,0.229,0.272,0.272
0.981,-1.339,-10.449,0.230,0.230,0.273,0.273
0.979,-1.355,-10.451,0.233,0.233,0.267,0.267
0.977,-1.502,-10.454,0.237,0.237,0.262,0.262
0.976,-1.763,-10.456,0.218,0.218,0.291,0.291
0.975,-1.812,-10.458,0.232,0.232,0.259,0.259
0.974,-1.877,-10.459,0.235,0.235,0.253,0.253
0.973,-2.024,-10.461,0.226,0.226,0.253,0.253
0.971,-2.269,-10.465,0.240,0.240,0.258,0.258
0.971,-2.547,-10.466,0.224,0.224,0.256,0.256
0.968,-2.775,-10.473,0.237,0.237,0.261,0.261
0.966,-2.840,-10.479,0.212,0.212,0.233,0.233
0.964,-2.857,-10.485,0.237,0.237,0.250,0.250
0.965,-3.004,-10.480,0.215,0.215,0.261,0.261
0.968,-3.232,-10.472,0.227,0.227,0.250,0.250
0.966,-3.297,-10.478,0.224,0.224,0.253,0.253
0.965,-3.297,-10.482,0.233,0.233,0.243,0.243
0.964,-3.036,-10.485,0.223,0.223,0.255,0.255
0.962,-2.596,-10.490,0.237,0.237,0.252,0.252
0.961,-2.057,-10.492,0.224,0.224,0.255,0.255
0.961,-1.551,-10.493,0.247,0.247,0.258,0.258
0.959,-1.274,-10.495,0.218,0.218,0.256,0.256
0.959,-1.029,-10.496,0.249,0.249,0.256,0.256
0.956,-1.110,-10.499,0.227,0.227,0.241,0.241
0.954,-1.241,-10.501,0.244,0.244,0.258,0.258
0.954,-1.339,-10.501,0.226,0.226,0.267,0.267
0.955,-1.551,-10.499,0.256,0.256,0.253,0.253
0.956,-1.763,-10.499,0.227,0.227,0.255,0.255
0.954,-2.073,-10.501,0.246,0.246,0.249,0.249
0.953,-2.253,-10.505,0.227,0.227,0.252,0.252
0.951,-2.351,-10.510,0.238,0.238,0.230,0.230
0.950,-2.334,-10.512,0.217,0.217,0.238,0.238
0.948,-2.302,-10.516,0.230,0.230,0.226,0.226
0.947,-2.547,-10.517,0.212,0.212,0.237,0.237
0.947,-2.710,-10.517,0.223,0.223,0.233,0.233
0.946,-2.644,-10.520,0.208,0.208,0.240,0.240
0.945,-2.351,-10.523,0.220,0.220,0.229,0.229
0.943,-2.024,-10.527,0.223,0.223,0.237,0.237
0.940,-1.535,-10.533,0.215,0.215,0.237,0.237
0.940,-0.800,-10.533,0.220,0.220,0.241,0.241
0.941,-0.001,-10.533,0.218,0.218,0.240,0.240
0.942,0.489,-10.533,0.217,0.217,0.240,0.240
0.941,0.717,-10.533,0.206,0.206,0.243,0.243
0.939,0.897,-10.531,0.227,0.227,0.243,0.243
0.938,1.305,-10.530,0.204,0.204,0.258,0.258
0.936,1.582,-10.527,0.227,0.227,0.246,0.246
0.936,1.664,-10.526,0.215,0.215,0.246,0.246
0.935,1.648,-10.525,0.237,0.237,0.249,0.249
0.934,1.631,-10.524,0.218,0.218,0.252,0.252
0.932,1.599,-10.521,0.229,0.229,0.247,0.247
0.931,1.599,-10.520,0.215,0.215,0.252,0.252
0.929,1.599,-10.515,0.235,0.235,0.255,0.255
0.927,1.599,-10.513,0.218,0.218,0.250,0.250
0.928,1.354,-10.514,0.233,0.233,0.256,0.256
0.930,1.158,-10.517,0.221,0.221,0.255,0.255
0.929,0.848,-10.515,0.237,0.237,0.256,0.256
0.927,0.685,-10.514,0.217,0.217,0.247,0.247
0.926,0.799,-10.513,0.246,0.246,0.246,0.246
0.924,1.044,-10.512,0.220,0.220,0.243,0.243
0.924,1.142,-10.512,0.230,0.230,0.247,0.247
0.922,1.109,-10.509,0.218,0.218,0.256,0.256
0.922,0.881,-10.509,0.223,0.223,0.250,0.250
0.920,0.652,-10.508,0.214,0.214,0.250,0.250
0.918,0.587,-10.507,0.217,0.217,0.230,0.230
0.916,0.571,-10.505,0.214,0.214,0.255,0.255
0.914,0.391,-10.504,0.220,0.220,0.258,0.258
0.918,0.212,-10.505,0.215,0.215,0.255,0.255
0.918,0.130,-10.505,0.211,0.211,0.252,0.252
0.917,0.130,-10.505,0.227,0.227,0.258,0.258
0.915,0.146,-10.505,0.223,0.223,0.261,0.261
0.914,0.146,-10.505,0.229,0.229,0.276,0.276
0.913,0.146,-10.505,0.227,0.227,0.266,0.266
0.911,0.163,-10.504,0.238,0.238,0.267,0.267
0.910,0.048,-10.504,0.223,0.223,0.270,0.270
0.910,-0.229,-10.504,0.243,0.243,0.282,0.282
0.909,-0.556,-10.505,0.233,0.233,0.273,0.273
0.908,-0.768,-10.506,0.230,0.230,0.275,0.275
0.904,-0.849,-10.508,0.229,0.229,0.279,0.279
0.901,-0.572,-10.511,0.233,0.233,0.275,0.275
0.900,-0.360,-10.511,0.215,0.215,0.272,0.272
0.903,-0.245,-10.510,0.238,0.238,0.278,0.278
0.905,-0.278,-10.510,0.218,0.218,0.275,0.275
0.904,-0.507,-10.510,0.229,0.229,0.267,0.267
0.903,-0.702,-10.511,0.212,0.212,0.273,0.273
0.901,-0.588,-10.512,0.230,0.230,0.249,0.249
0.900,-0.311,-10.513,0.212,0.212,0.269,0.269
0.898,0.065,-10.513,0.235,0.235,0.267,0.267
0.898,0.195,-10.513,0.215,0.215,0.258,0.258
0.897,0.195,-10.512,0.235,0.235,0.249,0.249
0.895,0.163,-10.512,0.214,0.214,0.253,0.253
0.893,0.163,-10.512,0.240,0.240,0.264,0.264
0.890,0.032,-10.512,0.215,0.215,0.252,0.252
0.889,-0.213,-10.512,0.240,0.240,0.261,0.261
0.893,-0.294,-10.511,0.212,0.212,0.264,0.264
0.893,-0.360,-10.511,0.243,0.243,0.258,0.258
0.891,-0.294,-10.511,0.230,0.230,0.259,0.259
0.890,-0.311,-10.512,0.233,0.233,0.261,0.261
0.888,-0.294,-10.512,0.230,0.230,0.259,0.259
0.886,-0.539,-10.513,0.240,0.240,0.255,0.255
0.886,-0.735,-10.513,0.230,0.230,0.264,0.264
0.886,-0.882,-10.513,0.233,0.233,0.258,0.258
0.885,-1.061,-10.514,0.237,0.237,0.261,0.261
0.884,-1.274,-10.515,0.232,0.232,0.252,0.252
0.881,-1.339,-10.520,0.232,0.232,0.272,0.272
0.878,-1.339,-10.523,0.246,0.246,0.256,0.256
0.877,-1.323,-10.525,0.238,0.238,0.255,0.255
0.877,-1.290,-10.525,0.238,0.238,0.259,0.259
0.880,-1.306,-10.520,0.237,0.237,0.258,0.258
0.880,-1.290,-10.521,0.223,0.223,0.255,0.255
0.878,-1.274,-10.523,0.229,0.229,0.253,0.253
0.875,-1.078,-10.526,0.208,0.208,0.250,0.250
0.874,-0.882,-10.527,0.220,0.220,0.243,0.243
0.874,-0.784,-10.527,0.206,0.206,0.241,0.241
0.872,-0.768,-10.529,0.212,0.212,0.237,0.237
0.873,-0.556,-10.529,0.203,0.203,0.230,0.230
0.871,-0.294,-10.529,0.227,0.227,0.240,0.240
0.871,0.065,-10.529,0.200,0.200,0.238,0.238
0.869,0.212,-10.529,0.224,0.224,0.217,0.217
0.864,0.228,-10.528,0.212,0.212,0.232,0.232
0.864,0.195,-10.528,0.227,0.227,0.255,0.255
0.866,-0.001,-10.528,0.209,0.209,0.241,0.241
0.866,-0.196,-10.528,0.226,0.226,0.237,0.237
0.867,-0.327,-10.528,0.212,0.212,0.240,0.240
0.865,-0.588,-10.529,0.235,0.235,0.247,0.247
0.863,-0.784,-10.531,0.218,0.218,0.244,0.244
0.861,-0.849,-10.532,0.240,0.240,0.249,0.249
0.860,-0.849,-10.533,0.230,0.230,0.258,0.258
0.859,-0.784,-10.533,0.229,0.229,0.247,0.247
0.859,-0.572,-10.533,0.224,0.224,0.255,0.255
0.858,-0.376,-10.534,0.227,0.227,0.262,0.262
0.856,-0.196,-10.535,0.223,0.223,0.261,0.261
0.853,0.065,-10.535,0.221,0.221,0.247,0.247
0.851,0.179,-10.535,0.227,0.227,0.255,0.255
0.855,0.195,-10.535,0.217,0.217,0.255,0.255
0.855,0.407,-10.535,0.226,0.226,0.255,0.255
0.855,0.815,-10.535,0.223,0.223,0.255,0.255
0.853,1.076,-10.534,0.227,0.227,0.272,0.272
0.851,0.946,-10.532,0.215,0.215,0.253,0.253
0.850,0.717,-10.531,0.215,0.215,0.249,0.249
0.849,0.587,-10.530,0.211,0.211,0.249,0.249
0.847,0.620,-10.529,0.223,0.223,0.252,0.252
0.847,0.652,-10.529,0.206,0.206,0.247,0.247
0.847,0.636,-10.529,0.227,0.227,0.252,0.252
0.844,0.636,-10.527,0.203,0.203,0.249,0.249
0.841,0.620,-10.525,0.224,0.224,0.252,0.252
0.838,0.603,-10.523,0.201,0.201,0.253,0.253
0.841,0.587,-10.525,0.230,0.230,0.250,0.250
0.843,0.424,-10.526,0.214,0.214,0.250,0.250
0.842,0.114,-10.525,0.227,0.227,0.243,0.243
0.841,-0.229,-10.525,0.215,0.215,0.256,0.256
0.840,-0.343,-10.526,0.244,0.244,0.261,0.261
0.838,-0.360,-10.527,0.227,0.227,0.262,0.262
0.837,-0.278,-10.527,0.255,0.255,0.281,0.281
0.835,-0.294,-10.527,0.240,0.240,0.267,0.267
0.834,-0.278,-10.528,0.252,0.252,0.266,0.266
0.834,-0.294,-10.528,0.233,0.233,0.279,0.279
0.833,-0.311,-10.528,0.258,0.258,0.273,0.273
0.830,-0.294,-10.529,0.235,0.235,0.267,0.267
0.827,-0.360,-10.530,0.240,0.240,0.273,0.273
0.826,-0.278,-10.530,0.232,0.232,0.276,0.276
0.827,-0.311,-10.530,0.238,0.238,0.272,0.272
0.829,-0.294,-10.529,0.227,0.227,0.270,0.270
0.829,-0.229,-10.529,0.243,0.243,0.288,0.288
0.827,-0.001,-10.529,0.229,0.229,0.266,0.266
0.825,0.163,-10.529,0.241,0.241,0.252,0.252
0.824,0.195,-10.529,0.224,0.224,0.264,0.264
0.822,0.163,-10.529,0.233,0.233,0.256,0.256
0.823,0.114,-10.529,0.230,0.230,0.259,0.259
0.822,0.195,-10.529,0.224,0.224,0.255,0.255
0.821,0.130,-10.529,0.227,0.227,0.282,0.282
0.817,0.130,-10.528,0.224,0.224,0.258,0.258
0.815,0.195,-10.528,0.218,0.218,0.253,0.253
0.814,0.032,-10.528,0.224,0.224,0.255,0.255
0.815,-0.196,-10.528,0.233,0.233,0.258,0.258
0.818,-0.327,-10.527,0.218,0.218,0.253,0.253
0.815,-0.343,-10.528,0.230,0.230,0.256,0.256
0.814,-0.294,-10.528,0.220,0.220,0.273,0.273
0.813,-0.278,-10.528,0.233,0.233,0.253,0.253
0.811,-0.294,-10.529,0.215,0.215,0.246,0.246
0.811,-0.294,-10.529,0.244,0.244,0.253,0.253
0.808,-0.229,-10.530,0.217,0.217,0.259,0.259
0.808,0.048,-10.530,0.238,0.238,0.255,0.255
0.808,0.391,-10.529,0.229,0.229,0.261,0.261
0.805,0.881,-10.528,0.246,0.246,0.255,0.255
0.803,1.142,-10.526,0.235,0.235,0.258,0.258
0.801,1.419,-10.523,0.240,0.240,0.255,0.255
0.803,1.615,-10.526,0.229,0.229,0.255,0.255
0.804,1.844,-10.528,0.246,0.246,0.255,0.255
0.804,1.844,-10.528,0.215,0.215,0.252,0.252
0.803,1.697,-10.526,0.240,0.240,0.252,0.252
0.800,1.631,-10.522,0.218,0.218,0.253,0.253
0.799,1.795,-10.519,0.226,0.226,0.249,0.249
0.799,2.072,-10.518,0.203,0.203,0.238,0.238
0.797,2.121,-10.516,0.229,0.229,0.233,0.233
0.797,1.925,-10.514,0.209,0.209,0.229,0.229
0.795,1.664,-10.512,0.221,0.221,0.241,0.241
0.795,1.582,-10.511,0.206,0.206,0.241,0.241
0.793,1.811,-10.507,0.218,0.218,0.241,0.241
0.790,2.039,-10.502,0.215,0.215,0.240,0.240
0.788,2.137,-10.499,0.211,0.211,0.241,0.241
0.789,2.154,-10.501,0.223,0.223,0.237,0.237
0.792,2.317,-10.507,0.212,0.212,0.233,0.233
0.792,2.578,-10.508,0.224,0.224,0.261,0.261
0.789,2.872,-10.498,0.209,0.209,0.246,0.246
0.787,3.084,-10.494,0.233,0.233,0.252,0.252
0.787,3.133,-10.492,0.212,0.212,0.250,0.250
0.786,3.084,-10.488,0.227,0.227,0.261,0.261
0.785,3.068,-10.487,0.214,0.214,0.249,0.249
0.785,2.855,-10.485,0.227,0.227,0.247,0.247
0.783,2.660,-10.481,0.215,0.215,0.233,0.233
0.780,2.562,-10.473,0.227,0.227,0.252,0.252
0.777,2.317,-10.467,0.215,0.215,0.264,0.264
0.776,1.925,-10.464,0.235,0.235,0.255,0.255
0.779,1.370,-10.469,0.214,0.214,0.252,0.252
0.780,0.864,-10.470,0.232,0.232,0.240,0.240
0.778,0.391,-10.468,0.220,0.220,0.255,0.255
0.776,0.032,-10.468,0.232,0.232,0.259,0.259
0.775,-0.229,-10.468,0.214,0.214,0.252,0.252
0.775,-0.360,-10.468,0.227,0.227,0.249,0.249
0.774,-0.311,-10.468,0.211,0.211,0.252,0.252
0.772,-0.294,-10.469,0.226,0.226,0.253,0.253
0.772,-0.311,-10.469,0.217,0.217,0.267,0.267
0.771,-0.294,-10.469,0.223,0.223,0.252,0.252
0.768,-0.327,-10.470,0.208,0.208,0.252,0.252
0.765,-0.278,-10.471,0.233,0.233,0.249,0.249
0.763,-0.311,-10.472,0.209,0.209,0.253,0.253
0.767,-0.523,-10.470,0.221,0.221,0.253,0.253
0.768,-0.572,-10.469,0.217,0.217,0.256,0.256
0.766,-0.539,-10.471,0.226,0.226,0.270,0.270
0.765,-0.164,-10.471,0.227,0.227,0.256,0.256
0.764,0.065,-10.471,0.226,0.226,0.256,0.256
0.762,0.212,-10.471,0.243,0.243,0.264,0.264
0.761,0.195,-10.471,0.233,0.233,0.281,0.281
0.760,0.146,-10.471,0.246,0.246,0.281,0.281
0.760,-0.180,-10.471,0.237,0.237,0.281,0.281
0.759,-0.653,-10.471,0.246,0.246,0.285,0.285
0.758,-0.915,-10.472,0.223,0.223,0.275,0.275
0.755,-1.094,-10.475,0.240,0.240,0.282,0.282
0.751,-1.274,-10.479,0.224,0.224,0.275,0.275
0.752,-1.306,-10.478,0.240,0.240,0.258,0.258
0.754,-1.110,-10.475,0.217,0.217,0.269,0.269
0.754,-0.915,-10.475,0.233,0.233,0.270,0.270
0.755,-0.980,-10.475,0.223,0.223,0.249,0.249
0.752,-1.029,-10.478,0.230,0.230,0.261,0.261
0.750,-0.882,-10.480,0.230,0.230,0.273,0.273
0.749,-0.588,-10.481,0.232,0.232,0.264,0.264
0.747,-0.278,-10.481,0.215,0.215,0.258,0.258
0.747,0.081,-10.481,0.238,0.238,0.256,0.256
0.746,0.440,-10.481,0.214,0.214,0.253,0.253
0.745,0.652,-10.480,0.233,0.233,0.261,0.261
0.742,0.881,-10.478,0.211,0.211,0.252,0.252
0.738,1.093,-10.474,0.237,0.237,0.259,0.259
0.741,1.174,-10.477,0.218,0.218,0.266,0.266
0.743,1.142,-10.480,0.249,0.249,0.250,0.250
0.743,1.093,-10.480,0.226,0.226,0.270,0.270
0.742,0.881,-10.478,0.246,0.246,0.249,0.249
0.739,0.701,-10.476,0.226,0.226,0.250,0.250
0.737,0.603,-10.475,0.238,0.238,0.255,0.255
0.737,0.620,-10.475,0.230,0.230,0.261,0.261
0.736,0.652,-10.475,0.240,0.240,0.255,0.255
0.735,0.652,-10.474,0.224,0.224,0.256,0.256
0.734,0.587,-10.473,0.250,0.250,0.262,0.262
0.732,0.424,-10.472,0.237,0.237,0.258,0.258
0.730,0.228,-10.471,0.243,0.243,0.258,0.258
0.728,0.326,-10.471,0.237,0.237,0.261,0.261
0.726,0.620,-10.470,0.241,0.241,0.259,0.259
0.727,1.142,-10.471,0.238,0.238,0.261,0.261
0.731,1.827,-10.476,0.218,0.218,0.258,0.258
0.730,2.382,-10.474,0.240,0.240,0.256,0.256
0.728,2.872,-10.469,0.215,0.215,0.247,0.247
0.726,3.100,-10.463,0.224,0.224,0.247,0.247
0.726,3.165,-10.462,0.214,0.214,0.246,0.246
0.723,3.345,-10.454,0.220,0.220,0.227,0.227
0.723,3.492,-10.455,0.206,0.206,0.246,0.246
0.723,3.622,-10.454,0.209,0.209,0.233,0.233
0.721,3.622,-10.447,0.208,0.208,0.237,0.237
0.720,3.573,-10.442,0.218,0.218,0.237,0.237
0.716,3.557,-10.428,0.208,0.208,0.241,0.241
0.714,3.394,-10.423,0.221,0.221,0.230,0.230
0.714,3.100,-10.421,0.209,0.209,0.243,0.243
0.716,2.839,-10.429,0.224,0.224,0.259,0.259
0.717,2.611,-10.431,0.209,0.209,0.243,0.243
0.715,2.594,-10.426,0.237,0.237,0.240,0.240
0.714,2.578,-10.423,0.221,0.221,0.244,0.244
0.713,2.366,-10.419,0.240,0.240,0.247,0.247
0.711,2.186,-10.416,0.218,0.218,0.244,0.244
0.711,2.039,-10.415,0.240,0.240,0.249,0.249
0.710,1.844,-10.413,0.227,0.227,0.247,0.247
0.709,1.648,-10.413,0.227,0.227,0.256,0.256
0.707,1.338,-10.409,0.223,0.223,0.261,0.261
0.702,1.109,-10.403,0.230,0.230,0.249,0.249
0.701,1.060,-10.402,0.226,0.226,0.253,0.253
0.702,0.864,-10.403,0.223,0.223,0.258,0.258
0.705,0.685,-10.406,0.232,0.232,0.256,0.256
0.706,0.603,-10.406,0.221,0.221,0.240,0.240
0.703,0.881,-10.404,0.224,0.224,0.255,0.255
0.701,1.272,-10.402,0.223,0.223,0.259,0.259
0.699,1.566,-10.399,0.226,0.226,0.255,0.255
0.699,1.419,-10.398,0.209,0.209,0.255,0.255
0.697,1.158,-10.397,0.223,0.223,0.233,0.233
0.697,0.620,-10.396,0.209,0.209,0.252,0.252
0.697,0.244,-10.396,0.224,0.224,0.259,0.259
0.696,-0.066,-10.396,0.203,0.203,0.253,0.253
0.691,-0.458,-10.397,0.212,0.212,0.246,0.246
0.690,-0.800,-10.398,0.206,0.206,0.252,0.252
0.689,-0.866,-10.398,0.218,0.218,0.252,0.252
0.692,-0.882,-10.396,0.208,0.208,0.273,0.273
0.694,-0.800,-10.394,0.232,0.232,0.255,0.255
0.692,-0.833,-10.396,0.206,0.206,0.250,0.250
0.689,-0.817,-10.398,0.233,0.233,0.253,0.253
0.688,-0.849,-10.399,0.220,0.220,0.261,0.261
0.686,-0.996,-10.401,0.244,0.244,0.264,0.264
0.685,-1.012,-10.402,0.224,0.224,0.282,0.282
0.684,-0.604,-10.402,0.258,0.258,0.258,0.258
0.683,-0.017,-10.403,0.233,0.233,0.278,0.278
0.683,0.424,-10.403,0.250,0.250,0.284,0.284
0.681,0.668,-10.402,0.233,0.233,0.276,0.276
0.678,0.652,-10.400,0.247,0.247,0.264,0.264
0.677,0.636,-10.400,0.227,0.227,0.269,0.269
0.678,0.620,-10.400,0.246,0.246,0.267,0.267
0.680,0.587,-10.401,0.227,0.227,0.262,0.262
0.680,0.636,-10.401,0.247,0.247,0.270,0.270
0.678,0.652,-10.400,0.224,0.224,0.270,0.270
0.676,0.815,-10.399,0.244,0.244,0.264,0.264
0.675,1.060,-10.398,0.227,0.227,0.262,0.262
0.674,1.109,-10.396,0.230,0.230,0.279,0.279
0.672,0.881,-10.395,0.229,0.229,0.267,0.267
0.672,0.456,-10.394,0.227,0.227,0.255,0.255
0.671,0.065,-10.394,0.229,0.229,0.261,0.261
0.667,-0.278,-10.395,0.226,0.226,0.250,0.250
0.666,-0.360,-10.395,0.230,0.230,0.258,0.258
0.664,-0.327,-10.396,0.224,0.224,0.255,0.255
0.666,-0.262,-10.395,0.227,0.227,0.269,0.269
0.667,0.065,-10.395,0.232,0.232,0.259,0.259
0.666,0.424,-10.395,0.233,0.233,0.256,0.256
0.666,0.881,-10.395,0.218,0.218,0.255,0.255
0.664,1.338,-10.393,0.237,0.237,0.255,0.255
0.663,1.631,-10.391,0.218,0.218,0.258,0.258
0.662,1.648,-10.390,0.229,0.229,0.255,0.255
0.661,1.631,-10.387,0.217,0.217,0.250,0.250
0.660,1.631,-10.386,0.237,0.237,0.256,0.256
0.659,1.844,-10.385,0.229,0.229,0.261,0.261
0.656,2.300,-10.378,0.243,0.243,0.259,0.259
0.654,2.806,-10.373,0.226,0.226,0.264,0.264
0.652,3.100,-10.367,0.246,0.246,0.240,0.240
0.655,3.133,-10.377,0.229,0.229,0.255,0.255
0.655,3.116,-10.376,0.244,0.244,0.258,0.258
0.655,3.100,-10.376,0.226,0.226,0.256,0.256
0.653,3.035,-10.370,0.240,0.240,0.253,0.253
0.651,2.888,-10.364,0.215,0.215,0.256,0.256
0.650,2.643,-10.362,0.243,0.243,0.249,0.249
0.649,2.317,-10.361,0.215,0.215,0.270,0.270
0.649,1.892,-10.359,0.227,0.227,0.224,0.224
0.648,1.599,-10.357,0.209,0.209,0.235,0.235
0.647,1.501,-10.357,0.229,0.229,0.229,0.229
0.646,1.338,-10.355,0.209,0.209,0.237,0.237
0.644,1.174,-10.352,0.212,0.212,0.233,0.233
0.640,1.109,-10.348,0.218,0.218,0.249,0.249
0.640,1.076,-10.347,0.215,0.215,0.215,0.215
0.640,1.338,-10.348,0.223,0.223,0.238,0.238
0.642,1.533,-10.351,0.214,0.214,0.247,0.247
0.641,1.664,-10.349,0.229,0.229,0.243,0.243
0.639,1.860,-10.346,0.220,0.220,0.243,0.243
0.638,2.072,-10.343,0.224,0.224,0.238,0.238
0.637,2.170,-10.341,0.218,0.218,0.247,0.247
0.636,2.317,-10.339,0.232,0.232,0.244,0.244
0.635,2.317,-10.336,0.217,0.217,0.249,0.249
0.634,2.170,-10.334,0.214,0.214,0.247,0.247
0.633,2.088,-10.333,0.218,0.218,0.252,0.252
0.631,2.088,-10.329,0.229,0.229,0.252,0.252
0.628,1.876,-10.323,0.212,0.212,0.279,0.279
0.628,1.615,-10.322,0.238,0.238,0.252,0.252
0.627,1.305,-10.321,0.217,0.217,0.244,0.244
0.631,0.881,-10.325,0.235,0.235,0.249,0.249
0.630,0.424,-10.324,0.206,0.206,0.253,0.253
0.628,0.146,-10.324,0.237,0.237,0.249,0.249
0.625,-0.001,-10.324,0.215,0.215,0.253,0.253
0.625,-0.262,-10.324,0.235,0.235,0.253,0.253
0.624,-0.539,-10.324,0.214,0.214,0.256,0.256
0.623,-0.588,-10.325,0.240,0.240,0.252,0.252
0.622,-0.311,-10.325,0.217,0.217,0.253,0.253
0.621,0.016,-10.325,0.221,0.221,0.252,0.252
0.620,0.195,-10.325,0.226,0.226,0.253,0.253
0.616,0.163,-10.324,0.221,0.221,0.250,0.250
0.613,0.130,-10.324,0.218,0.218,0.247,0.247
0.615,0.146,-10.324,0.215,0.215,0.252,0.252
0.618,0.309,-10.325,0.223,0.223,0.259,0.259
0.617,0.342,-10.324,0.218,0.218,0.259,0.259
0.617,0.212,-10.324,0.218,0.218,0.256,0.256
0.614,0.146,-10.324,0.220,0.220,0.233,0.233
0.613,0.065,-10.324,0.237,0.237,0.256,0.256
0.612,0.130,-10.324,0.226,0.226,0.272,0.272
0.611,0.130,-10.324,0.249,0.249,0.272,0.272
0.610,0.195,-10.323,0.233,0.233,0.278,0.278
0.609,0.032,-10.323,0.243,0.243,0.276,0.276
0.607,-0.180,-10.323,0.238,0.238,0.273,0.273
0.606,-0.376,-10.324,0.247,0.247,0.296,0.296
0.603,-0.556,-10.325,0.230,0.230,0.270,0.270
0.601,-0.735,-10.326,0.240,0.240,0.272,0.272
0.601,-0.539,-10.326,0.224,0.224,0.266,0.266
0.603,-0.050,-10.326,0.238,0.238,0.273,0.273
0.605,0.195,-10.326,0.221,0.221,0.270,0.270
0.604,0.228,-10.326,0.249,0.249,0.264,0.264
0.601,0.163,-10.325,0.224,0.224,0.249,0.249
0.599,0.179,-10.325,0.240,0.240,0.256,0.256
0.599,0.163,-10.325,0.227,0.227,0.261,0.261
0.597,0.391,-10.324,0.243,0.243,0.252,0.252
0.597,0.587,-10.324,0.224,0.224,0.256,0.256
0.596,0.685,-10.324,0.230,0.230,0.261,0.261
0.594,0.652,-10.323,0.223,0.223,0.261,0.261
0.591,0.668,-10.321,0.232,0.232,0.252,0.252
0.589,0.799,-10.319,0.220,0.220,0.258,0.258
0.589,1.076,-10.319,0.229,0.229,0.264,0.264
0.592,1.142,-10.322,0.229,0.229,0.258,0.258
0.592,1.174,-10.322,0.227,0.227,0.250,0.250
0.590,1.174,-10.320,0.230,0.230,0.264,0.264
0.588,1.109,-10.318,0.233,0.233,0.255,0.255
0.586,1.125,-10.316,0.230,0.230,0.258,0.258
0.587,1.158,-10.316,0.226,0.226,0.258,0.258
0.586,1.370,-10.315,0.238,0.238,0.258,0.258
0.584,1.811,-10.312,0.221,0.221,0.253,0.253
0.583,2.284,-10.311,0.241,0.241,0.252,0.252
0.582,2.676,-10.308,0.220,0.220,0.250,0.250
0.579,2.872,-10.299,0.252,0.252,0.258,0.258
0.576,3.116,-10.291,0.226,0.226,0.261,0.261
0.578,3.329,-10.298,0.246,0.246,0.258,0.258
0.580,3.590,-10.303,0.229,0.229,0.258,0.258
0.580,3.590,-10.303,0.249,0.249,0.241,0.241
0.578,3.671,-10.297,0.224,0.224,0.259,0.259
0.576,3.851,-10.290,0.235,0.235,0.259,0.259
0.575,4.226,-10.283,0.221,0.221,0.252,0.252
0.574,4.520,-10.280,0.221,0.221,0.246,0.246
0.573,4.422,-10.274,0.211,0.211,0.232,0.232
0.571,4.112,-10.268,0.217,0.217,0.237,0.237
0.571,3.802,-10.267,0.218,0.218,0.258,0.258
0.571,3.557,-10.267,0.218,0.218,0.235,0.235
0.569,3.280,-10.260,0.212,0.212,0.235,0.235
0.566,2.872,-10.251,0.227,0.227,0.244,0.244
0.564,2.611,-10.245,0.220,0.220,0.240,0.240
0.565,2.513,-10.249,0.211,0.211,0.241,0.241
0.567,2.562,-10.252,0.221,0.221,0.238,0.238
0.565,2.366,-10.249,0.215,0.215,0.233,0.233
0.565,2.121,-10.248,0.227,0.227,0.247,0.247
0.563,1.795,-10.243,0.208,0.208,0.258,0.258
0.561,1.387,-10.241,0.224,0.224,0.249,0.249
0.560,0.848,-10.240,0.217,0.217,0.243,0.243
0.560,0.424,-10.240,0.235,0.235,0.247,0.247
0.559,0.114,-10.239,0.208,0.208,0.253,0.253
0.558,0.097,-10.239,0.250,0.250,0.247,0.247
0.556,0.309,-10.239,0.217,0.217,0.252,0.252
0.554,0.342,-10.238,0.237,0.237,0.255,0.255
0.552,0.228,-10.238,0.220,0.220,0.256,0.256
0.552,0.016,-10.238,0.240,0.240,0.252,0.252
0.555,-0.458,-10.237,0.220,0.220,0.279,0.279
0.554,-0.768,-10.237,0.235,0.235,0.253,0.253
0.553,-0.898,-10.238,0.226,0.226,0.250,0.250
0.550,-0.866,-10.241,0.233,0.233,0.253,0.253
0.549,-0.817,-10.242,0.224,0.224,0.258,0.258
0.548,-0.800,-10.242,0.227,0.227,0.253,0.253
0.548,-0.817,-10.243,0.229,0.229,0.258,0.258
0.546,-0.833,-10.244,0.223,0.223,0.258,0.258
0.546,-0.849,-10.244,0.218,0.218,0.259,0.259
0.543,-1.061,-10.247,0.217,0.217,0.256,0.256
0.541,-1.257,-10.250,0.221,0.221,0.252,0.252
0.539,-1.355,-10.252,0.203,0.203,0.249,0.249
0.542,-1.339,-10.248,0.221,0.221,0.243,0.243
0.542,-1.339,-10.248,0.206,0.206,0.255,0.255
0.540,-1.274,-10.251,0.218,0.218,0.259,0.259
0.540,-1.355,-10.251,0.217,0.217,0.255,0.255
0.539,-1.535,-10.253,0.229,0.229,0.255,0.255
0.538,-1.796,-10.254,0.221,0.221,0.269,0.269
0.537,-1.828,-10.256,0.237,0.237,0.261,0.261
0.536,-1.584,-10.257,0.233,0.233,0.304,0.304
0.535,-1.110,-10.259,0.250,0.250,0.273,0.273
0.534,-0.490,-10.259,0.224,0.224,0.269,0.269
0.533,0.032,-10.260,0.249,0.249,0.272,0.272
0.530,0.260,-10.259,0.235,0.235,0.278,0.278
0.527,0.424,-10.258,0.247,0.247,0.272,0.272
0.528,0.603,-10.259,0.226,0.226,0.278,0.278
0.529,0.587,-10.259,0.258,0.258,0.246,0.246
0.529,0.424,-10.259,0.229,0.229,0.267,0.267
0.529,0.195,-10.259,0.241,0.241,0.276,0.276
0.527,0.130,-10.259,0.230,0.230,0.266,0.266
0.524,0.342,-10.258,0.243,0.243,0.259,0.259
0.524,0.571,-10.258,0.226,0.226,0.262,0.262
0.523,0.668,-10.257,0.243,0.243,0.262,0.262
0.523,0.636,-10.258,0.227,0.227,0.258,0.258
0.522,0.603,-10.257,0.229,0.229,0.255,0.255
0.520,0.424,-10.256,0.226,0.226,0.255,0.255
0.518,0.032,-10.256,0.235,0.235,0.255,0.255
0.515,-0.229,-10.256,0.235,0.235,0.255,0.255
0.515,-0.360,-10.256,0.223,0.223,0.276,0.276
0.516,-0.262,-10.256,0.237,0.237,0.261,0.261
0.518,0.032,-10.255,0.220,0.220,0.249,0.249
0.516,0.424,-10.255,0.232,0.232,0.250,0.250
0.515,0.913,-10.254,0.218,0.218,0.252,0.252
0.512,1.566,-10.251,0.240,0.240,0.252,0.252
0.511,2.105,-10.249,0.215,0.215,0.256,0.256
0.510,2.431,-10.246,0.237,0.237,0.264,0.264
0.510,2.823,-10.246,0.227,0.227,0.255,0.255
0.509,3.051,-10.242,0.246,0.246,0.252,0.252
0.507,3.133,-10.239,0.229,0.229,0.255,0.255
0.506,3.100,-10.233,0.247,0.247,0.255,0.255
0.502,3.068,-10.223,0.235,0.235,0.258,0.258
0.502,3.100,-10.222,0.255,0.255,0.255,0.255
0.505,3.084,-10.232,0.227,0.227,0.252,0.252
0.506,3.068,-10.235,0.249,0.249,0.255,0.255
0.505,2.888,-10.231,0.230,0.230,0.261,0.261
0.502,2.611,-10.224,0.243,0.243,0.255,0.255
0.501,2.349,-10.220,0.221,0.221,0.249,0.249
0.501,1.876,-10.220,0.237,0.237,0.240,0.240
0.499,1.599,-10.216,0.217,0.217,0.243,0.243
0.499,1.305,-10.216,0.217,0.217,0.215,0.215
0.496,1.174,-10.213,0.218,0.218,0.232,0.232
0.497,1.109,-10.214,0.214,0.214,0.235,0.235
0.494,1.338,-10.211,0.215,0.215,0.238,0.238
0.491,1.517,-10.205,0.203,0.203,0.235,0.235
0.490,1.452,-10.204,0.223,0.223,0.238,0.238
0.487,1.174,-10.201,0.204,0.204,0.240,0.240
0.493,0.881,-10.206,0.217,0.217,0.237,0.237
0.493,0.668,-10.207,0.204,0.204,0.240,0.240
0.490,0.538,-10.205,0.233,0.233,0.241,0.241
0.489,0.407,-10.205,0.211,0.211,0.249,0.249
0.488,0.424,-10.204,0.238,0.238,0.244,0.244
0.486,0.587,-10.203,0.214,0.214,0.262,0.262
0.486,0.832,-10.203,0.246,0.246,0.237,0.237
0.485,0.864,-10.202,0.218,0.218,0.243,0.243
0.485,0.668,-10.202,0.230,0.230,0.249,0.249
0.483,0.424,-10.201,0.220,0.220,0.255,0.255
0.478,0.032,-10.200,0.233,0.233,0.255,0.255
0.477,-0.458,-10.200,0.215,0.215,0.261,0.261
0.477,-0.817,-10.200,0.235,0.235,0.259,0.259
0.481,-0.898,-10.197,0.224,0.224,0.258,0.258
0.480,-0.866,-10.197,0.232,0.232,0.261,0.261
0.477,-0.817,-10.200,0.227,0.227,0.255,0.255
0.477,-0.768,-10.200,0.224,0.224,0.256,0.256
0.475,-0.621,-10.201,0.221,0.221,0.259,0.259
0.475,-0.572,-10.202,0.214,0.214,0.258,0.258
0.474,-0.702,-10.202,0.227,0.227,0.253,0.253
0.472,-0.588,-10.203,0.209,0.209,0.249,0.249
0.473,-0.392,-10.203,0.221,0.221,0.252,0.252
0.470,-0.213,-10.204,0.206,0.206,0.252,0.252
0.466,0.032,-10.204,0.220,0.220,0.255,0.255
0.465,0.195,-10.204,0.208,0.208,0.243,0.243
0.465,0.228,-10.204,0.214,0.214,0.255,0.255
0.467,0.375,-10.205,0.211,0.211,0.259,0.259
0.468,0.587,-10.205,0.223,0.223,0.249,0.249
0.466,0.848,-10.204,0.194,0.194,0.252,0.252
0.465,0.881,-10.203,0.226,0.226,0.253,0.253
0.463,0.701,-10.202,0.218,0.218,0.256,0.256
0.463,0.391,-10.201,0.240,0.240,0.276,0.276
0.461,0.163,-10.201,0.226,0.226,0.266,0.266
0.461,0.097,-10.201,0.256,0.256,0.267,0.267
0.460,0.114,-10.201,0.233,0.233,0.273,0.273
0.459,0.179,-10.201,0.255,0.255,0.273,0.273
0.458,0.048,-10.200,0.233,0.233,0.270,0.270
0.455,-0.180,-10.201,0.253,0.253,0.273,0.273
0.451,-0.343,-10.202,0.230,0.230,0.252,0.252
0.452,-0.572,-10.201,0.253,0.253,0.276,0.276
0.455,-0.800,-10.199,0.230,0.230,0.275,0.275
0.455,-0.866,-10.199,0.243,0.243,0.270,0.270
0.455,-0.833,-10.199,0.226,0.226,0.267,0.267
0.451,-0.817,-10.202,0.249,0.249,0.261,0.261
0.450,-0.556,-10.203,0.230,0.230,0.266,0.266
0.449,-0.343,-10.203,0.235,0.235,0.259,0.259
0.448,-0.262,-10.204,0.229,0.229,0.262,0.262
0.447,-0.196,-10.204,0.223,0.223,0.259,0.259
0.446,0.032,-10.204,0.224,0.224,0.259,0.259
0.446,0.391,-10.204,0.235,0.235,0.253,0.253
0.443,0.620,-10.203,0.233,0.233,0.273,0.273
0.440,0.701,-10.201,0.229,0.229,0.255,0.255
0.439,0.864,-10.200,0.229,0.229,0.240,0.240
0.440,1.076,-10.201,0.233,0.233,0.255,0.255
0.443,1.174,-10.204,0.227,0.227,0.261,0.261
0.442,1.142,-10.202,0.224,0.224,0.255,0.255
0.440,1.142,-10.200,0.233,0.233,0.255,0.255
0.438,1.076,-10.198,0.226,0.226,0.269,0.269
0.436,0.913,-10.197,0.230,0.230,0.255,0.255
0.435,0.620,-10.196,0.224,0.224,0.252,0.252
0.436,0.424,-10.196,0.237,0.237,0.252,0.252
0.434,0.081,-10.196,0.223,0.223,0.258,0.258
0.433,-0.229,-10.196,0.241,0.241,0.255,0.255
0.430,-0.343,-10.197,0.229,0.229,0.262,0.262
0.428,-0.360,-10.197,0.247,0.247,0.258,0.258
0.426,-0.539,-10.198,0.226,0.226,0.255,0.255
0.427,-0.751,-10.198,0.247,0.247,0.255,0.255
0.431,-0.817,-10.194,0.227,0.227,0.256,0.256
0.429,-0.604,-10.196,0.246,0.246,0.258,0.258
0.428,-0.262,-10.196,0.217,0.217,0.256,0.256
0.426,0.081,-10.196,0.241,0.241,0.256,0.256
0.424,0.473,-10.196,0.217,0.217,0.246,0.246
0.424,0.881,-10.196,0.221,0.221,0.243,0.243
0.422,1.354,-10.194,0.214,0.214,0.244,0.244
0.422,1.599,-10.193,0.226,0.226,0.233,0.233
0.421,1.631,-10.192,0.208,0.208,0.229,0.229
0.418,1.387,-10.187,0.217,0.217,0.221,0.221
0.416,1.174,-10.184,0.217,0.217,0.240,0.240
0.414,1.011,-10.182,0.221,0.221,0.230,0.230
0.414,0.864,-10.182,0.217,0.217,0.232,0.232
0.417,0.652,-10.185,0.227,0.227,0.243,0.243
0.417,0.391,-10.185,0.224,0.224,0.237,0.237
0.415,0.179,-10.184,0.224,0.224,0.235,0.235
0.412,-0.229,-10.184,0.220,0.220,0.259,0.259
0.412,-0.686,-10.184,0.226,0.226,0.247,0.247
0.411,-1.127,-10.185,0.227,0.227,0.252,0.252
0.410,-1.551,-10.186,0.214,0.214,0.246,0.246
0.410,-1.796,-10.187,0.221,0.221,0.252,0.252
0.409,-1.861,-10.188,0.217,0.217,0.250,0.250
0.407,-1.796,-10.192,0.229,0.229,0.255,0.255
0.404,-1.567,-10.197,0.208,0.208,0.278,0.278
0.402,-1.061,-10.199,0.240,0.240,0.255,0.255
0.401,-0.523,-10.200,0.214,0.214,0.252,0.252
0.406,0.065,-10.199,0.227,0.227,0.258,0.258
0.405,0.456,-10.199,0.211,0.211,0.252,0.252
0.402,0.701,-10.198,0.233,0.233,0.252,0.252
0.401,0.913,-10.196,0.209,0.209,0.249,0.249
0.400,1.060,-10.195,0.226,0.226,0.255,0.255
0.398,0.913,-10.193,0.211,0.211,0.252,0.252
0.397,0.717,-10.193,0.232,0.232,0.250,0.250
0.398,0.587,-10.193,0.208,0.208,0.252,0.252
0.397,0.587,-10.193,0.235,0.235,0.250,0.250
0.395,0.407,-10.192,0.220,0.220,0.249,0.249
0.391,0.228,-10.191,0.227,0.227,0.250,0.250
0.389,0.016,-10.190,0.211,0.211,0.244,0.244
0.391,-0.196,-10.190,0.226,0.226,0.246,0.246
0.392,-0.294,-10.190,0.221,0.221,0.253,0.253
0.394,-0.360,-10.189,0.221,0.221,0.253,0.253
0.392,-0.539,-10.190,0.220,0.220,0.255,0.255
0.389,-0.817,-10.192,0.238,0.238,0.233,0.233
0.388,-1.078,-10.193,0.224,0.224,0.255,0.255
0.386,-1.274,-10.195,0.247,0.247,0.261,0.261
0.386,-1.078,-10.196,0.237,0.237,0.266,0.266
0.385,-0.898,-10.197,0.232,0.232,0.279,0.279
0.384,-0.751,-10.197,0.237,0.237,0.273,0.273
0.384,-0.539,-10.198,0.252,0.252,0.276,0.276
0.380,-0.360,-10.199,0.240,0.240,0.302,0.302
0.379,-0.229,-10.200,0.240,0.240,0.276,0.276
0.378,-0.229,-10.200,0.244,0.244,0.266,0.266
0.376,0.032,-10.200,0.243,0.243,0.272,0.272
0.380,0.130,-10.200,0.241,0.241,0.266,0.266
0.381,0.179,-10.200,0.233,0.233,0.270,0.270
0.378,0.163,-10.200,0.237,0.237,0.278,0.278
0.377,0.146,-10.200,0.224,0.224,0.262,0.262
0.375,0.163,-10.200,0.233,0.233,0.262,0.262
0.373,0.032,-10.199,0.215,0.215,0.267,0.267
0.373,-0.180,-10.199,0.233,0.233,0.272,0.272
0.372,-0.327,-10.200,0.214,0.214,0.256,0.256
0.372,-0.360,-10.200,0.238,0.238,0.258,0.258
0.368,-0.343,-10.201,0.220,0.220,0.258,0.258
0.366,-0.311,-10.202,0.229,0.229,0.235,0.235
0.362,-0.278,-10.203,0.223,0.223,0.255,0.255
0.367,-0.245,-10.202,0.237,0.237,0.266,0.266
0.369,0.032,-10.201,0.220,0.220,0.252,0.252
0.368,0.195,-10.201,0.233,0.233,0.249,0.249
0.366,0.424,-10.201,0.224,0.224,0.255,0.255
0.364,0.848,-10.200,0.240,0.240,0.255,0.255
0.362,1.093,-10.198,0.223,0.223,0.253,0.253
0.362,1.142,-10.197,0.246,0.246,0.255,0.255
0.361,0.930,-10.196,0.230,0.230,0.255,0.255
0.360,0.685,-10.196,0.252,0.252,0.250,0.250
0.359,0.587,-10.195,0.229,0.229,0.255,0.255
0.356,0.636,-10.193,0.247,0.247,0.249,0.249
0.353,0.848,-10.191,0.240,0.240,0.261,0.261
0.351,1.093,-10.189,0.233,0.233,0.256,0.256
0.353,1.158,-10.191,0.243,0.243,0.258,0.258
0.356,1.125,-10.195,0.237,0.237,0.259,0.259
0.354,1.109,-10.193,0.240,0.240,0.259,0.259
0.353,1.125,-10.192,0.232,0.232,0.256,0.256
0.350,1.093,-10.188,0.241,0.241,0.252,0.252
0.351,1.060,-10.189,0.230,0.230,0.253,0.253
0.350,0.668,-10.188,0.226,0.226,0.252,0.252
0.348,0.260,-10.187,0.211,0.211,0.250,0.250
0.348,0.065,-10.187,0.223,0.223,0.232,0.232
0.347,0.130,-10.187,0.203,0.203,0.230,0.230
0.345,0.375,-10.186,0.212,0.212,0.226,0.226
0.342,0.571,-10.185,0.206,0.206,0.246,0.246
0.339,0.685,-10.183,0.223,0.223,0.240,0.240
0.340,0.620,-10.183,0.204,0.204,0.252,0.252
0.341,0.424,-10.184,0.227,0.227,0.235,0.235
0.343,0.081,-10.185,0.218,0.218,0.241,0.241
0.342,-0.262,-10.185,0.230,0.230,0.240,0.240
0.339,-0.588,-10.186,0.220,0.220,0.243,0.243
0.338,-0.784,-10.187,0.232,0.232,0.227,0.227
0.336,-0.637,-10.188,0.229,0.229,0.252,0.252
0.336,-0.392,-10.188,0.230,0.230,0.259,0.259
0.334,-0.245,-10.189,0.226,0.226,0.252,0.252
0.334,-0.262,-10.189,0.224,0.224,0.253,0.253
0.334,-0.311,-10.189,0.233,0.233,0.238,0.238
0.329,-0.311,-10.190,0.217,0.217,0.249,0.249
0.327,-0.376,-10.191,0.233,0.233,0.253,0.253
0.329,-0.556,-10.190,0.218,0.218,0.255,0.255
0.331,-0.768,-10.189,0.230,0.230,0.258,0.258
0.331,-0.849,-10.189,0.217,0.217,0.256,0.256
0.330,-0.523,-10.189,0.235,0.235,0.253,0.253
0.328,-0.001,-10.190,0.218,0.218,0.279,0.279
0.326,0.734,-10.189,0.226,0.226,0.255,0.255
0.325,1.599,-10.188,0.218,0.218,0.249,0.249
0.324,2.594,-10.186,0.233,0.233,0.252,0.252
0.324,3.622,-10.185,0.214,0.214,0.255,0.255
0.324,4.602,-10.185,0.229,0.229,0.255,0.255
0.323,5.352,-10.179,0.214,0.214,0.255,0.255
0.319,6.119,-10.159,0.237,0.237,0.266,0.266
0.317,7.033,-10.142,0.203,0.203,0.250,0.250
0.314,8.192,-10.125,0.237,0.237,0.249,0.249
0.316,9.432,-10.136,0.212,0.212,0.252,0.252
0.319,10.542,-10.170,0.226,0.226,0.252,0.252
0.318,11.684,-10.164,0.214,0.214,0.258,0.258
0.317,12.647,-10.147,0.230,0.230,0.250,0.250
0.315,13.235,-10.119,0.218,0.218,0.250,0.250
0.314,13.741,-10.106,0.227,0.227,0.255,0.255
0.313,14.198,-10.095,0.244,0.244,0.264,0.264
0.312,14.818,-10.077,0.246,0.246,0.261,0.261
0.313,15.324,-10.088,0.246,0.246,0.273,0.273
0.311,15.748,-10.060,0.241,0.241,0.270,0.270
0.309,16.124,-10.030,0.250,0.250,0.281,0.281
0.306,16.613,-9.982,0.237,0.237,0.272,0.272
0.303,17.070,-9.933,0.238,0.238,0.279,0.279
0.302,17.380,-9.916,0.226,0.226,0.266,0.266
0.307,17.674,-9.996,0.243,0.243,0.273,0.273
0.309,18.033,-10.033,0.217,0.217,0.262,0.262
0.306,18.359,-9.989,0.244,0.244,0.284,0.284
0.304,18.653,-9.946,0.223,0.223,0.272,0.272
0.303,19.045,-9.925,0.233,0.233,0.272,0.272
0.301,19.355,-9.882,0.226,0.226,0.269,0.269
0.301,19.649,-9.895,0.240,0.240,0.264,0.264
0.301,20.040,-9.884,0.221,0.221,0.264,0.264
0.299,20.301,-9.855,0.233,0.233,0.256,0.256
0.299,20.612,-9.839,0.221,0.221,0.243,0.243
0.294,20.791,-9.747,0.238,0.238,0.250,0.250
0.293,21.052,-9.724,0.221,0.221,0.259,0.259
0.296,21.248,-9.790,0.241,0.241,0.255,0.255
0.297,21.313,-9.806,0.227,0.227,0.259,0.259
0.297,21.542,-9.803,0.244,0.244,0.249,0.249
0.297,21.738,-9.803,0.217,0.217,0.255,0.255
0.294,21.819,-9.751,0.250,0.250,0.262,0.262
0.292,21.819,-9.708,0.229,0.229,0.255,0.255
0.291,21.803,-9.679,0.237,0.237,0.253,0.253
0.291,21.803,-9.683,0.235,0.235,0.259,0.259
0.291,21.803,-9.681,0.235,0.235,0.255,0.255
0.289,21.803,-9.644,0.232,0.232,0.278,0.278
0.288,21.803,-9.621,0.232,0.232,0.258,0.258
0.285,21.803,-9.556,0.240,0.240,0.255,0.255
0.284,21.770,-9.536,0.230,0.230,0.259,0.259
0.283,21.770,-9.505,0.241,0.241,0.261,0.261
0.286,21.803,-9.563,0.235,0.235,0.262,0.262
0.288,21.819,-9.606,0.249,0.249,0.259,0.259
0.285,22.031,-9.554,0.223,0.223,0.255,0.255
0.284,22.227,-9.530,0.240,0.240,0.253,0.253
0.282,22.358,-9.483,0.215,0.215,0.250,0.250
0.283,22.537,-9.498,0.235,0.235,0.253,0.253
0.282,22.717,-9.476,0.209,0.209,0.253,0.253
0.281,23.060,-9.464,0.230,0.230,0.230,0.230
0.280,23.484,-9.425,0.208,0.208,0.233,0.233
0.280,24.202,-9.439,0.221,0.221,0.233,0.233
0.277,24.953,-9.357,0.206,0.206,0.227,0.227
0.275,25.475,-9.301,0.232,0.232,0.238,0.238
0.274,25.785,-9.290,0.214,0.214,0.238,0.238
0.277,25.997,-9.354,0.224,0.224,0.246,0.246
0.278,26.209,-9.388,0.215,0.215,0.259,0.259
0.278,26.519,-9.377,0.218,0.218,0.243,0.243
0.276,27.156,-9.342,0.221,0.221,0.246,0.246
0.274,27.923,-9.266,0.209,0.209,0.241,0.241
0.273,28.967,-9.265,0.233,0.233,0.247,0.247
0.272,30.126,-9.226,0.218,0.218,0.247,0.247
0.271,31.415,-9.197,0.230,0.230,0.249,0.249
0.272,32.590,-9.224,0.221,0.221,0.229,0.229
0.271,33.651,-9.198,0.233,0.233,0.255,0.255
0.269,34.386,-9.107,0.217,0.217,0.259,0.259
0.267,35.136,-9.043,0.224,0.224,0.255,0.255
0.266,36.034,-9.007,0.220,0.220,0.250,0.250
0.268,37.095,-9.089,0.229,0.229,0.249,0.249
0.270,38.515,-9.155,0.217,0.217,0.258,0.258
0.268,40.179,-9.105,0.227,0.227,0.250,0.250
0.266,41.746,-8.996,0.220,0.220,0.253,0.253
0.266,43.247,-8.985,0.224,0.224,0.253,0.253
0.265,44.667,-8.953,0.217,0.217,0.256,0.256
0.264,45.891,-8.920,0.250,0.250,0.250,0.250
0.264,46.968,-8.914,0.218,0.218,0.266,0.266
0.263,47.882,-8.873,0.237,0.237,0.250,0.250
0.262,48.600,-8.815,0.215,0.215,0.249,0.249
0.260,49.123,-8.729,0.232,0.232,0.255,0.255
0.258,49.612,-8.620,0.218,0.218,0.258,0.258
0.257,50.069,-8.583,0.221,0.221,0.249,0.249
0.261,50.559,-8.757,0.224,0.224,0.252,0.252
0.260,50.820,-8.718,0.217,0.217,0.246,0.246
0.261,51.114,-8.764,0.218,0.218,0.252,0.252
0.259,51.505,-8.687,0.218,0.218,0.255,0.255
0.258,51.979,-8.619,0.227,0.227,0.256,0.256
0.256,52.240,-8.524,0.223,0.223,0.258,0.258
0.256,52.093,-8.498,0.229,0.229,0.246,0.246
0.255,51.587,-8.489,0.226,0.226,0.259,0.259
0.255,50.836,-8.470,0.241,0.241,0.266,0.266
0.255,50.314,-8.474,0.221,0.221,0.273,0.273
0.254,49.694,-8.416,0.252,0.252,0.276,0.276
0.251,49.123,-8.272,0.227,0.227,0.275,0.275
0.249,48.535,-8.191,0.249,0.249,0.276,0.276
0.249,47.817,-8.189,0.230,0.230,0.301,0.301
0.250,47.148,-8.194,0.246,0.246,0.270,0.270
0.253,46.544,-8.363,0.229,0.229,0.275,0.275
0.252,46.054,-8.312,0.240,0.240,0.264,0.264
0.251,45.597,-8.244,0.224,0.224,0.272,0.272
0.250,45.108,-8.211,0.244,0.244,0.273,0.273
0.249,44.651,-8.175,0.217,0.217,0.264,0.264
0.248,44.096,-8.150,0.249,0.249,0.240,0.240
0.248,43.394,-8.115,0.221,0.221,0.266,0.266
0.247,42.676,-8.102,0.247,0.247,0.267,0.267
0.247,41.909,-8.090,0.221,0.221,0.259,0.259
0.245,40.995,-7.990,0.253,0.253,0.255,0.255
0.242,40.244,-7.888,0.230,0.230,0.261,0.261
0.241,39.673,-7.847,0.237,0.237,0.255,0.255
0.243,39.200,-7.926,0.230,0.230,0.250,0.250
0.245,38.759,-8.001,0.237,0.237,0.258,0.258
0.246,38.482,-8.028,0.229,0.229,0.261,0.261
0.244,38.204,-7.955,0.232,0.232,0.255,0.255
0.244,38.058,-7.958,0.227,0.227,0.255,0.255
0.241,38.025,-7.859,0.230,0.230,0.258,0.258
0.241,38.221,-7.859,0.224,0.224,0.255,0.255
0.241,38.515,-7.843,0.227,0.227,0.255,0.255
0.241,38.776,-7.842,0.240,0.240,0.256,0.256
0.241,38.972,-7.835,0.223,0.223,0.256,0.256
0.239,38.808,-7.760,0.247,0.247,0.258,0.258
0.235,38.580,-7.632,0.224,0.224,0.255,0.255
0.234,38.449,-7.594,0.244,0.244,0.246,0.246
0.237,38.433,-7.674,0.223,0.223,0.255,0.255
0.239,38.253,-7.750,0.250,0.250,0.256,0.256
0.238,37.878,-7.734,0.227,0.227,0.255,0.255
0.238,37.552,-7.746,0.246,0.246,0.252,0.252
0.237,37.503,-7.674,0.230,0.230,0.241,0.241
0.236,37.731,-7.637,0.247,0.247,0.252,0.252
0.235,37.927,-7.612,0.226,0.226,0.253,0.253
0.235,38.090,-7.619,0.238,0.238,0.246,0.246
0.235,38.319,-7.599,0.215,0.215,0.249,0.249
0.234,38.988,-7.568,0.226,0.226,0.232,0.232
0.234,39.853,-7.584,0.206,0.206,0.232,0.232
0.232,40.750,-7.486,0.220,0.220,0.233,0.233
0.229,41.485,-7.368,0.215,0.215,0.243,0.243
0.229,42.203,-7.376,0.215,0.215,0.227,0.227
0.228,42.709,-7.341,0.206,0.206,0.237,0.237
0.232,43.198,-7.499,0.223,0.223,0.230,0.230
0.233,43.623,-7.567,0.224,0.224,0.241,0.241
0.232,43.916,-7.520,0.227,0.227,0.237,0.237
0.230,44.227,-7.422,0.224,0.224,0.262,0.262
0.230,44.602,-7.416,0.218,0.218,0.246,0.246
0.228,44.879,-7.339,0.224,0.224,0.237,0.237
0.229,45.157,-7.372,0.214,0.214,0.246,0.246
0.228,45.402,-7.320,0.233,0.233,0.247,0.247
0.228,45.646,-7.315,0.215,0.215,0.258,0.258
0.227,46.071,-7.297,0.224,0.224,0.249,0.249
0.224,46.381,-7.165,0.212,0.212,0.269,0.269
0.224,46.675,-7.134,0.238,0.238,0.255,0.255
0.223,47.083,-7.100,0.218,0.218,0.255,0.255
0.226,47.605,-7.233,0.237,0.237,0.250,0.250
0.229,48.111,-7.363,0.217,0.217,0.255,0.255
0.226,48.372,-7.239,0.237,0.237,0.255,0.255
0.225,48.666,-7.205,0.217,0.217,0.256,0.256
0.224,48.812,-7.126,0.230,0.230,0.253,0.253
0.224,49.139,-7.127,0.221,0.221,0.253,0.253
0.224,49.531,-7.144,0.237,0.237,0.256,0.256
0.222,49.841,-7.063,0.217,0.217,0.255,0.255
0.223,49.873,-7.081,0.227,0.227,0.249,0.249
0.223,49.824,-7.065,0.224,0.224,0.255,0.255
0.220,49.612,-6.931,0.218,0.218,0.250,0.250
0.218,49.384,-6.842,0.221,0.221,0.255,0.255
0.219,49.514,-6.882,0.223,0.223,0.253,0.253
0.222,49.726,-7.041,0.217,0.217,0.252,0.252
0.222,49.873,-7.035,0.206,0.206,0.252,0.252
0.221,49.873,-6.965,0.224,0.224,0.252,0.252
0.220,50.069,-6.942,0.203,0.203,0.253,0.253
0.220,50.232,-6.915,0.223,0.223,0.255,0.255
0.219,50.330,-6.889,0.215,0.215,0.253,0.253
0.219,50.363,-6.895,0.237,0.237,0.262,0.262
0.219,50.542,-6.906,0.230,0.230,0.261,0.261
0.219,50.755,-6.902,0.238,0.238,0.279,0.279
0.218,50.820,-6.848,0.230,0.230,0.278,0.278
0.216,51.032,-6.744,0.247,0.247,0.285,0.285
0.215,51.016,-6.662,0.221,0.221,0.275,0.275
0.213,50.852,-6.608,0.250,0.250,0.279,0.279
0.214,50.771,-6.613,0.229,0.229,0.269,0.269
0.218,50.510,-6.843,0.243,0.243,0.270,0.270
0.218,50.102,-6.825,0.226,0.226,0.269,0.269
0.217,49.547,-6.772,0.246,0.246,0.273,0.273
0.215,48.845,-6.709,0.221,0.221,0.253,0.253
0.215,48.078,-6.709,0.244,0.244,0.264,0.264
0.215,47.360,-6.667,0.227,0.227,0.266,0.266
0.214,46.838,-6.647,0.238,0.238,0.262,0.262
0.215,46.511,-6.666,0.212,0.212,0.262,0.262
0.214,46.103,-6.635,0.244,0.244,0.272,0.272
0.214,45.663,-6.620,0.217,0.217,0.261,0.261
0.211,45.140,-6.489,0.237,0.237,0.252,0.252
0.211,44.847,-6.502,0.223,0.223,0.258,0.258
0.213,44.798,-6.584,0.240,0.240,0.256,0.256
0.214,44.651,-6.636,0.226,0.226,0.256,0.256
0.215,44.455,-6.670,0.229,0.229,0.256,0.256
0.214,44.357,-6.642,0.227,0.227,0.246,0.246
0.213,44.390,-6.584,0.237,0.237,0.255,0.255
0.212,44.373,-6.537,0.224,0.224,0.261,0.261
0.212,44.406,-6.533,0.230,0.230,0.250,0.250
0.212,44.357,-6.555,0.232,0.232,0.252,0.252
0.211,44.178,-6.493,0.232,0.232,0.252,0.252
0.211,43.933,-6.495,0.230,0.230,0.258,0.258
0.210,43.639,-6.476,0.235,0.235,0.256,0.256
0.208,43.443,-6.363,0.238,0.238,0.258,0.258
0.205,43.378,-6.231,0.226,0.226,0.258,0.258
0.208,43.378,-6.369,0.244,0.244,0.258,0.258
0.212,43.198,-6.528,0.227,0.227,0.258,0.258
0.211,43.019,-6.501,0.233,0.233,0.266,0.266
0.209,43.117,-6.410,0.224,0.224,0.258,0.258
0.210,43.313,-6.457,0.244,0.244,0.244,0.244
0.208,43.443,-6.385,0.227,0.227,0.253,0.253
0.209,43.411,-6.428,0.235,0.235,0.255,0.255
0.209,43.411,-6.434,0.217,0.217,0.253,0.253
0.208,43.427,-6.361,0.229,0.229,0.243,0.243
0.208,43.639,-6.378,0.203,0.203,0.217,0.217
0.207,43.851,-6.348,0.227,0.227,0.229,0.229
0.206,43.965,-6.270,0.201,0.201,0.244,0.244
0.203,43.949,-6.174,0.224,0.224,0.237,0.237
0.204,43.900,-6.202,0.203,0.203,0.229,0.229
0.208,43.916,-6.355,0.227,0.227,0.237,0.237
0.209,44.129,-6.404,0.218,0.218,0.237,0.237
0.209,44.292,-6.422,0.227,0.227,0.230,0.230
0.208,44.227,-6.369,0.221,0.221,0.240,0.240
0.207,44.210,-6.331,0.227,0.227,0.246,0.246
0.206,44.324,-6.306,0.223,0.223,0.249,0.249
0.206,44.390,-6.291,0.221,0.221,0.243,0.243
0.206,44.406,-6.275,0.230,0.230,0.261,0.261
0.205,44.406,-6.263,0.218,0.218,0.249,0.249
0.206,44.406,-6.300,0.224,0.224,0.246,0.246
0.205,44.422,-6.243,0.215,0.215,0.253,0.253
0.202,44.635,-6.092,0.230,0.230,0.255,0.255
0.201,44.863,-6.082,0.221,0.221,0.264,0.264
0.204,45.157,-6.198,0.227,0.227,0.255,0.255
0.206,45.353,-6.302,0.224,0.224,0.279,0.279
0.206,45.451,-6.284,0.227,0.227,0.256,0.256
0.206,45.630,-6.281,0.214,0.214,0.246,0.246
0.205,45.842,-6.228,0.221,0.221,0.252,0.252
0.204,45.891,-6.205,0.215,0.215,0.253,0.253
0.205,45.924,-6.238,0.227,0.227,0.250,0.250
0.204,45.859,-6.202,0.204,0.204,0.252,0.252
0.204,45.630,-6.194,0.237,0.237,0.259,0.259
0.204,45.434,-6.209,0.212,0.212,0.259,0.259
0.202,45.287,-6.123,0.224,0.224,0.244,0.244
0.201,45.140,-6.072,0.206,0.206,0.246,0.246
0.200,44.912,-5.999,0.226,0.226,0.246,0.246
0.201,44.847,-6.065,0.212,0.212,0.246,0.246
0.205,44.830,-6.260,0.221,0.221,0.246,0.246
0.206,44.879,-6.277,0.211,0.211,0.249,0.249
0.205,44.896,-6.260,0.237,0.237,0.250,0.250
0.204,44.879,-6.175,0.215,0.215,0.252,0.252
0.203,44.896,-6.135,0.238,0.238,0.255,0.255
0.203,44.896,-6.157,0.224,0.224,0.253,0.253
0.203,44.879,-6.154,0.243,0.243,0.258,0.258
0.203,44.896,-6.170,0.226,0.226,0.259,0.259
0.203,45.108,-6.170,0.252,0.252,0.255,0.255
0.202,45.304,-6.106,0.241,0.241,0.279,0.279
0.201,45.173,-6.050,0.244,0.244,0.285,0.285
0.198,44.945,-5.929,0.244,0.244,0.279,0.279
0.198,44.830,-5.946,0.252,0.252,0.269,0.269
0.203,44.602,-6.156,0.233,0.233,0.261,0.261
0.204,44.439,-6.203,0.250,0.250,0.272,0.272
0.205,44.373,-6.242,0.238,0.238,0.252,0.252
0.205,44.357,-6.224,0.233,0.233,0.264,0.264
0.203,44.357,-6.156,0.238,0.238,0.281,0.281
0.203,44.178,-6.164,0.235,0.235,0.259,0.259
0.202,43.949,-6.099,0.230,0.230,0.261,0.261
0.203,43.835,-6.146,0.230,0.230,0.253,0.253
0.203,43.672,-6.158,0.233,0.233,0.259,0.259
0.203,43.476,-6.132,0.227,0.227,0.256,0.256
0.201,43.394,-6.071,0.230,0.230,0.258,0.258
0.197,43.378,-5.898,0.220,0.220,0.249,0.249
0.197,43.198,-5.881,0.233,0.233,0.255,0.255
0.203,43.198,-6.151,0.221,0.221,0.253,0.253
0.204,43.100,-6.195,0.233,0.233,0.275,0.275
0.205,42.986,-6.235,0.217,0.217,0.249,0.249
0.204,43.166,-6.176,0.235,0.235,0.243,0.243
0.202,43.329,-6.113,0.221,0.221,0.252,0.252
0.203,43.411,-6.129,0.240,0.240,0.255,0.255
0.203,43.231,-6.151,0.227,0.227,0.255,0.255
0.202,42.970,-6.115,0.227,0.227,0.249,0.249
0.203,42.888,-6.160,0.223,0.223,0.250,0.250
0.203,42.888,-6.158,0.247,0.247,0.249,0.249
0.201,42.921,-6.052,0.218,0.218,0.258,0.258
0.199,42.905,-5.956,0.247,0.247,0.250,0.250
0.199,42.921,-5.970,0.227,0.227,0.255,0.255
0.200,42.888,-6.022,0.246,0.246,0.255,0.255
0.205,42.676,-6.230,0.223,0.223,0.258,0.258
0.205,42.480,-6.245,0.259,0.259,0.247,0.247
0.204,42.170,-6.207,0.230,0.230,0.252,0.252
0.203,41.942,-6.161,0.250,0.250,0.252,0.252
0.202,41.664,-6.126,0.221,0.221,0.252,0.252
0.203,41.452,-6.139,0.241,0.241,0.249,0.249
0.203,41.175,-6.140,0.218,0.218,0.247,0.247
0.203,40.930,-6.155,0.227,0.227,0.246,0.246
0.202,40.685,-6.125,0.214,0.214,0.214,0.214
0.203,40.457,-6.148,0.221,0.221,0.233,0.233
0.202,40.196,-6.091,0.215,0.215,0.240,0.240
0.199,40.000,-5.969,0.218,0.218,0.232,0.232
0.199,39.951,-5.999,0.221,0.221,0.230,0.230
0.201,39.951,-6.072,0.217,0.217,0.232,0.232
0.205,39.967,-6.240,0.209,0.209,0.233,0.233
0.206,39.983,-6.279,0.217,0.217,0.237,0.237
0.205,39.983,-6.208,0.221,0.221,0.237,0.237
0.204,39.755,-6.191,0.208,0.208,0.230,0.230
0.204,39.526,-6.199,0.220,0.220,0.241,0.241
0.203,39.216,-6.147,0.212,0.212,0.238,0.238
0.204,39.037,-6.188,0.227,0.227,0.258,0.258
0.204,38.939,-6.192,0.212,0.212,0.243,0.243
0.204,38.743,-6.183,0.230,0.230,0.247,0.247
0.204,38.596,-6.181,0.220,0.220,0.247,0.247
0.201,38.482,0.000,0.233,0.233,0.249,0.249
0.201,38.433,0.018,0.208,0.208,0.250,0.250
0.204,38.302,-0.126,0.238,0.238,0.249,0.249
0.206,38.090,-0.198,0.215,0.215,0.230,0.230
0.207,37.780,-0.222,0.233,0.233,0.258,0.258
0.206,37.535,-0.185,0.218,0.218,0.269,0.269
0.205,37.503,-0.153,0.240,0.240,0.255,0.255
0.205,37.519,-0.167,0.218,0.218,0.253,0.253
0.206,37.535,-0.195,0.243,0.243,0.227,0.227
0.206,37.535,-0.177,0.221,0.221,0.250,0.250
0.206,37.535,-0.186,0.230,0.230,0.255,0.255
0.206,37.535,-0.192,0.211,0.211,0.252,0.252
0.205,37.503,-0.140,0.238,0.238,0.250,0.250
0.204,37.552,-0.100,0.212,0.212,0.250,0.250
0.202,37.519,-0.044,0.224,0.224,0.247,0.247
0.204,37.340,-0.097,0.220,0.220,0.270,0.270
0.207,37.062,-0.227,0.218,0.218,0.244,0.244
0.210,37.029,-0.326,0.224,0.224,0.241,0.241
0.208,36.801,-0.264,0.217,0.217,0.244,0.244
0.208,36.589,-0.253,0.223,0.223,0.255,0.255
0.208,36.507,-0.269,0.223,0.223,0.255,0.255
0.208,36.556,-0.257,0.215,0.215,0.258,0.258
0.208,36.491,-0.255,0.227,0.227,0.252,0.252
0.208,36.491,-0.269,0.238,0.238,0.258,0.258
0.209,36.524,-0.304,0.227,0.227,0.282,0.282
0.208,36.524,-0.276,0.252,0.252,0.270,0.270
0.206,36.524,-0.206,0.247,0.247,0.269,0.269
0.205,36.540,-0.149,0.249,0.249,0.273,0.273
0.205,36.524,-0.166,0.230,0.230,0.270,0.270
0.210,36.524,-0.316,0.243,0.243,0.243,0.243
0.213,36.507,-0.447,0.227,0.227,0.275,0.275
0.212,36.295,-0.398,0.227,0.227,0.270,0.270
0.210,35.871,-0.327,0.227,0.227,0.267,0.267
0.210,35.577,-0.340,0.237,0.237,0.264,0.264
0.210,35.251,-0.341,0.217,0.217,0.262,0.262
0.211,35.087,-0.383,0.244,0.244,0.262,0.262
0.211,35.022,-0.364,0.220,0.220,0.246,0.246
0.211,35.038,-0.355,0.232,0.232,0.250,0.250
0.212,35.087,-0.399,0.226,0.226,0.262,0.262
0.208,35.022,-0.278,0.237,0.237,0.250,0.250
0.208,34.843,-0.254,0.214,0.214,0.252,0.252
0.210,34.598,-0.347,0.232,0.232,0.241,0.241
0.215,34.500,-0.490,0.223,0.223,0.258,0.258
0.215,34.304,-0.515,0.240,0.240,0.246,0.246
0.215,34.108,-0.494,0.220,0.220,0.252,0.252
0.214,33.814,-0.467,0.240,0.240,0.253,0.253
0.214,33.668,-0.477,0.229,0.229,0.249,0.249
0.214,33.537,-0.476,0.240,0.240,0.246,0.246
0.214,33.586,-0.471,0.223,0.223,0.252,0.252
0.215,33.341,-0.494,0.243,0.243,0.249,0.249
0.215,33.145,-0.502,0.232,0.232,0.255,0.255
0.215,33.064,-0.496,0.233,0.233,0.258,0.258
0.212,33.047,-0.411,0.235,0.235,0.256,0.256
0.212,32.868,-0.410,0.243,0.243,0.258,0.258
0.212,32.607,-0.421,0.232,0.232,0.255,0.255
0.218,32.574,-0.605,0.249,0.249,0.273,0.273
0.219,32.590,-0.637,0.240,0.240,0.258,0.258
0.218,32.607,-0.605,0.241,0.241,0.252,0.252
0.218,32.623,-0.603,0.227,0.227,0.258,0.258
0.217,32.639,-0.559,0.237,0.237,0.252,0.252
0.217,32.590,-0.577,0.227,0.227,0.252,0.252
0.218,32.411,-0.596,0.221,0.221,0.247,0.247
0.218,32.362,-0.591,0.229,0.229,0.253,0.253
0.219,32.509,-0.623,0.208,0.208,0.244,0.244
0.219,32.395,-0.627,0.218,0.218,0.237,0.237
0.217,32.199,-0.569,0.197,0.197,0.233,0.233
0.217,32.101,-0.556,0.218,0.218,0.235,0.235
0.216,32.052,-0.547,0.203,0.203,0.233,0.233
0.217,31.905,-0.558,0.215,0.215,0.227,0.227
0.222,31.921,-0.734,0.206,0.206,0.218,0.218
0.222,32.019,-0.741,0.224,0.224,0.229,0.229
0.221,31.954,-0.710,0.208,0.208,0.252,0.252
0.222,31.921,-0.716,0.223,0.223,0.230,0.230
0.222,32.052,-0.739,0.218,0.218,0.227,0.227
0.222,32.150,-0.727,0.237,0.237,0.230,0.230
0.223,32.150,-0.746,0.221,0.221,0.240,0.240
0.223,32.133,-0.765,0.227,0.227,0.243,0.243
0.223,32.117,-0.770,0.220,0.220,0.244,0.244
0.223,32.101,-0.770,0.224,0.224,0.243,0.243
0.221,32.133,-0.692,0.217,0.217,0.252,0.252
0.220,32.133,-0.678,0.238,0.238,0.253,0.253
0.224,32.150,-0.794,0.224,0.224,0.273,0.273
0.227,32.117,-0.895,0.230,0.230,0.249,0.249
0.228,32.150,-0.908,0.221,0.221,0.243,0.243
0.228,32.117,-0.911,0.233,0.233,0.250,0.250
0.226,32.150,-0.846,0.227,0.227,0.256,0.256
0.226,32.133,-0.860,0.218,0.218,0.253,0.253
0.227,32.133,-0.877,0.227,0.227,0.252,0.252
0.228,32.150,-0.915,0.215,0.215,0.258,0.258
0.228,32.117,-0.922,0.217,0.217,0.252,0.252
0.227,32.117,-0.897,0.212,0.212,0.247,0.247
0.228,32.084,-0.918,0.221,0.221,0.250,0.250
0.226,31.921,-0.855,0.215,0.215,0.246,0.246
0.224,31.709,-0.807,0.221,0.221,0.246,0.246
0.230,31.840,-0.984,0.203,0.203,0.250,0.250
0.232,32.052,-1.046,0.224,0.224,0.247,0.247
0.233,32.395,-1.091,0.195,0.195,0.246,0.246
0.233,32.835,-1.095,0.218,0.218,0.243,0.243
0.233,33.341,-1.068,0.209,0.209,0.246,0.246
0.232,33.635,-1.057,0.220,0.220,0.246,0.246
0.232,33.863,-1.064,0.212,0.212,0.244,0.244
0.233,34.108,-1.075,0.227,0.227,0.250,0.250
0.235,34.337,-1.150,0.226,0.226,0.253,0.253
0.234,34.565,-1.114,0.237,0.237,0.253,0.253
0.234,34.630,-1.128,0.230,0.230,0.270,0.270
0.232,34.826,-1.057,0.249,0.249,0.267,0.267
0.231,34.989,-1.025,0.224,0.224,0.273,0.273
0.232,35.071,-1.058,0.253,0.253,0.278,0.278
0.235,34.843,-1.167,0.229,0.229,0.270,0.270
0.240,34.614,-1.313,0.246,0.246,0.267,0.267
0.238,34.532,-1.252,0.227,0.227,0.273,0.273
0.239,34.532,-1.297,0.256,0.256,0.262,0.262
0.239,34.581,-1.276,0.229,0.229,0.261,0.261
0.239,34.549,-1.275,0.243,0.243,0.264,0.264
0.239,34.565,-1.287,0.224,0.224,0.243,0.243
0.240,34.565,-1.321,0.235,0.235,0.262,0.262
0.241,34.353,-1.347,0.227,0.227,0.264,0.264
0.242,34.124,-1.381,0.240,0.240,0.255,0.255
0.240,34.043,-1.328,0.224,0.224,0.249,0.249
0.238,33.814,-1.244,0.235,0.235,0.255,0.255
0.237,33.651,-1.226,0.227,0.227,0.253,0.253
0.244,33.570,-1.463,0.230,0.230,0.258,0.258
0.245,33.521,-1.502,0.229,0.229,0.258,0.258
0.246,33.129,-1.518,0.226,0.226,0.252,0.252
0.245,32.607,-1.509,0.230,0.230,0.256,0.256
0.245,32.068,-1.491,0.227,0.227,0.253,0.253
0.244,31.464,-1.468,0.218,0.218,0.269,0.269
0.246,31.089,-1.536,0.227,0.227,0.247,0.247
0.246,30.812,-1.523,0.230,0.230,0.249,0.249
0.248,30.599,-1.581,0.221,0.221,0.249,0.249
0.247,30.387,-1.563,0.230,0.230,0.255,0.255
0.247,30.208,-1.541,0.227,0.227,0.255,0.255
0.244,30.355,-1.474,0.238,0.238,0.256,0.256
0.245,30.583,-1.480,0.221,0.221,0.244,0.244
0.249,30.681,-1.619,0.240,0.240,0.253,0.253
0.252,30.893,-1.704,0.224,0.224,0.253,0.253
0.253,31.105,-1.743,0.233,0.233,0.249,0.249
0.252,31.399,-1.698,0.230,0.230,0.252,0.252
0.252,31.660,-1.704,0.240,0.240,0.243,0.243
0.251,31.905,-1.686,0.224,0.224,0.252,0.252
0.253,32.101,-1.734,0.241,0.241,0.258,0.258
0.252,32.166,-1.720,0.226,0.226,0.249,0.249
0.253,32.117,-1.757,0.226,0.226,0.238,0.238
0.254,31.872,-1.775,0.201,0.201,0.240,0.240
0.254,31.464,-1.766,0.226,0.226,0.223,0.223
0.252,31.366,-1.726,0.201,0.201,0.244,0.244
0.250,31.513,-1.656,0.223,0.223,0.227,0.227
0.255,31.676,-1.795,0.197,0.197,0.223,0.223
0.258,31.921,-1.899,0.230,0.230,0.227,0.227
0.261,32.558,-1.986,0.215,0.215,0.243,0.243
0.261,33.243,-1.993,0.224,0.224,0.230,0.230
0.260,33.700,-1.951,0.217,0.217,0.235,0.235
0.261,34.124,-1.983,0.221,0.221,0.237,0.237
0.260,34.532,-1.971,0.221,0.221,0.238,0.238
0.260,34.859,-1.982,0.215,0.215,0.252,0.252
0.261,35.055,-2.013,0.224,0.224,0.246,0.246
0.262,34.859,-2.043,0.217,0.217,0.241,0.241
0.263,34.647,-2.067,0.226,0.226,0.243,0.243
0.262,34.500,-2.047,0.220,0.220,0.246,0.246
0.260,34.271,-1.965,0.230,0.230,0.232,0.232
0.263,33.912,-2.086,0.221,0.221,0.249,0.249
0.266,33.570,-2.180,0.224,0.224,0.253,0.253
0.268,33.308,-2.246,0.218,0.218,0.256,0.256
0.268,33.080,-2.235,0.230,0.230,0.247,0.247
0.267,32.835,-2.200,0.208,0.208,0.249,0.249
0.268,32.607,-2.248,0.224,0.224,0.250,0.250
0.269,32.346,-2.284,0.218,0.218,0.253,0.253
0.269,32.166,-2.272,0.229,0.229,0.247,0.247
0.270,32.068,-2.289,0.208,0.208,0.247,0.247
0.271,32.101,-2.346,0.243,0.243,0.250,0.250
0.271,32.084,-2.324,0.215,0.215,0.249,0.249
0.269,32.150,-2.281,0.226,0.226,0.247,0.247
0.270,32.329,-2.311,0.209,0.209,0.246,0.246
0.270,32.313,-2.301,0.229,0.229,0.241,0.241
0.274,32.215,-2.432,0.206,0.206,0.243,0.243
0.277,32.133,-2.532,0.224,0.224,0.243,0.243
0.276,32.133,-2.490,0.211,0.211,0.247,0.247
0.276,32.346,-2.490,0.224,0.224,0.246,0.246
0.276,32.590,-2.498,0.214,0.214,0.267,0.267
0.276,32.819,-2.502,0.235,0.235,0.244,0.244
0.278,33.064,-2.548,0.224,0.224,0.243,0.243
0.279,33.129,-2.596,0.235,0.235,0.249,0.249
0.279,33.308,-2.599,0.226,0.226,0.255,0.255
0.280,33.292,-2.642,0.247,0.247,0.255,0.255
0.279,33.145,-2.606,0.237,0.237,0.273,0.273
0.279,33.096,-2.580,0.247,0.247,0.258,0.258
0.278,33.047,-2.576,0.247,0.247,0.273,0.273
0.283,33.096,-2.731,0.252,0.252,0.276,0.276
0.286,33.341,-2.812,0.237,0.237,0.266,0.266
0.285,33.553,-2.798,0.252,0.252,0.261,0.261
0.285,33.880,-2.797,0.238,0.238,0.270,0.270
0.286,34.076,-2.818,0.235,0.235,0.264,0.264
0.287,34.337,-2.857,0.241,0.241,0.249,0.249
0.286,34.500,-2.836,0.237,0.237,0.264,0.264
0.288,34.598,-2.880,0.240,0.240,0.270,0.270
0.289,34.598,-2.927,0.230,0.230,0.259,0.259
0.290,34.549,-2.963,0.233,0.233,0.255,0.255
0.289,34.565,-2.916,0.226,0.226,0.255,0.255
0.287,34.304,-2.872,0.232,0.232,0.253,0.253
0.288,33.912,-2.899,0.220,0.220,0.255,0.255
0.293,33.619,-3.066,0.233,0.233,0.259,0.259
0.294,33.553,-3.103,0.209,0.209,0.252,0.252
0.296,33.602,-3.156,0.229,0.229,0.247,0.247
0.296,33.586,-3.163,0.214,0.214,0.243,0.243
0.296,33.651,-3.153,0.227,0.227,0.279,0.279
0.295,33.831,-3.143,0.217,0.217,0.253,0.253
0.297,34.092,-3.190,0.227,0.227,0.247,0.247
0.298,34.369,-3.219,0.223,0.223,0.253,0.253
0.299,34.826,-3.276,0.230,0.230,0.249,0.249
0.299,35.283,-3.263,0.218,0.218,0.255,0.255
0.297,35.593,-3.184,0.235,0.235,0.252,0.252
0.297,35.838,-3.194,0.215,0.215,0.256,0.256
0.300,36.018,-3.290,0.237,0.237,0.255,0.255
0.304,36.083,-3.435,0.227,0.227,0.255,0.255
0.306,36.050,-3.534,0.243,0.243,0.253,0.253
0.305,36.067,-3.499,0.218,0.218,0.259,0.259
0.305,36.034,-3.498,0.256,0.256,0.253,0.253
0.306,36.099,-3.518,0.224,0.224,0.252,0.252
0.306,36.279,-3.534,0.244,0.244,0.250,0.250
0.308,36.295,-3.581,0.230,0.230,0.258,0.258
0.308,36.344,-3.576,0.249,0.249,0.255,0.255
0.308,36.475,-3.604,0.221,0.221,0.255,0.255
0.310,36.540,-3.666,0.230,0.230,0.243,0.243
0.310,36.540,-3.674,0.212,0.212,0.230,0.230
0.309,36.279,-3.616,0.215,0.215,0.230,0.230
0.309,36.099,-3.646,0.206,0.206,0.233,0.233
0.310,36.001,-3.671,0.215,0.215,0.230,0.230
0.315,36.279,-3.856,0.212,0.212,0.238,0.238
0.317,36.703,-3.904,0.212,0.212,0.240,0.240
0.317,37.046,-3.918,0.212,0.212,0.247,0.247
0.318,37.568,-3.940,0.212,0.212,0.258,0.258
0.317,37.960,-3.931,0.218,0.218,0.233,0.233
0.319,38.302,-3.992,0.208,0.208,0.230,0.230
0.318,38.482,-3.969,0.224,0.224,0.233,0.233
0.320,38.547,-4.037,0.212,0.212,0.244,0.244
0.321,38.531,-4.060,0.221,0.221,0.249,0.249
0.322,38.482,-4.116,0.214,0.214,0.244,0.244
0.321,38.515,-4.067,0.227,0.227,0.230,0.230
0.319,38.710,-4.008,0.218,0.218,0.247,0.247
0.322,38.710,-4.121,0.227,0.227,0.259,0.259
0.328,38.841,-4.345,0.215,0.215,0.249,0.249
0.327,38.955,-4.323,0.232,0.232,0.249,0.249
0.328,39.004,-4.357,0.214,0.214,0.253,0.253
0.329,38.972,-4.367,0.221,0.221,0.255,0.255
0.329,38.743,-4.370,0.211,0.211,0.237,0.237
0.330,38.564,-4.406,0.238,0.238,0.255,0.255
0.330,38.694,-4.439,0.217,0.217,0.253,0.253
0.332,38.906,-4.501,0.243,0.243,0.252,0.252
0.333,39.053,-4.533,0.217,0.217,0.253,0.253
0.333,39.265,-4.534,0.230,0.230,0.240,0.240
0.331,39.461,-4.459,0.206,0.206,0.256,0.256
0.331,39.526,-4.456,0.229,0.229,0.262,0.262
0.336,39.526,-4.658,0.212,0.212,0.253,0.253
0.338,39.510,-4.750,0.220,0.220,0.252,0.252
0.340,39.494,-4.828,0.220,0.220,0.256,0.256
0.340,39.445,-4.823,0.218,0.218,0.250,0.250
0.340,39.265,-4.823,0.214,0.214,0.269,0.269
0.341,39.020,-4.837,0.221,0.221,0.249,0.249
0.341,38.743,-4.858,0.218,0.218,0.249,0.249
0.343,38.531,-4.921,0.215,0.215,0.255,0.255
0.344,38.482,-4.973,0.220,0.220,0.256,0.256
0.345,38.466,-5.004,0.221,0.221,0.253,0.253
0.345,38.498,-5.000,0.230,0.230,0.256,0.256
0.344,38.482,-4.972,0.229,0.229,0.262,0.262
0.345,38.515,-5.011,0.244,0.244,0.276,0.276
0.347,38.515,-5.079,0.237,0.237,0.282,0.282
0.350,38.776,-5.190,0.243,0.243,0.282,0.282
0.353,38.939,-5.326,0.237,0.237,0.270,0.270
0.353,38.988,-5.306,0.241,0.241,0.273,0.273
0.353,38.808,-5.300,0.226,0.226,0.269,0.269
0.354,38.547,-5.353,0.237,0.237,0.255,0.255
0.354,38.417,-5.372,0.224,0.224,0.267,0.267
0.356,38.204,-5.421,0.240,0.240,0.275,0.275
0.356,38.041,-5.449,0.220,0.220,0.272,0.272
0.359,37.731,-5.529,0.246,0.246,0.264,0.264
0.359,37.307,-5.563,0.221,0.221,0.270,0.270
0.360,37.029,-5.574,0.227,0.227,0.262,0.262
0.358,36.980,-5.508,0.221,0.221,0.259,0.259
0.357,36.980,-5.478,0.233,0.233,0.252,0.252
0.363,37.029,-5.678,0.215,0.215,0.258,0.258
0.366,37.062,-5.790,0.238,0.238,0.255,0.255
0.365,37.258,-5.787,0.217,0.217,0.259,0.259
0.367,37.503,-5.829,0.240,0.240,0.282,0.282
0.367,37.584,-5.854,0.221,0.221,0.256,0.256
0.368,37.568,-5.893,0.244,0.244,0.243,0.243
0.368,37.519,-5.889,0.226,0.226,0.252,0.252
0.370,37.519,-5.969,0.238,0.238,0.250,0.250
0.371,37.535,-5.986,0.223,0.223,0.255,0.255
0.372,37.731,-6.050,0.240,0.240,0.255,0.255
0.371,37.960,-6.003,0.227,0.227,0.276,0.276
0.370,37.992,-5.970,0.233,0.233,0.261,0.261
0.371,37.829,-5.978,0.235,0.235,0.255,0.255
0.376,37.535,-6.176,0.240,0.240,0.253,0.253
0.379,37.486,-6.289,0.224,0.224,0.258,0.258
0.379,37.503,-6.306,0.249,0.249,0.259,0.259
0.379,37.519,-6.307,0.237,0.237,0.258,0.258
0.380,37.519,-6.322,0.241,0.241,0.259,0.259
0.381,37.503,-6.355,0.235,0.235,0.256,0.256
0.382,37.519,-6.391,0.235,0.235,0.258,0.258
0.383,37.731,-6.431,0.232,0.232,0.258,0.258
0.384,37.927,-6.500,0.223,0.223,0.255,0.255
0.386,37.813,-6.553,0.237,0.237,0.253,0.253
0.385,37.601,-6.529,0.226,0.226,0.247,0.247
0.384,37.486,-6.492,0.224,0.224,0.240,0.240
0.385,37.519,-6.531,0.204,0.204,0.230,0.230
0.387,37.731,-6.599,0.217,0.217,0.252,0.252
0.393,37.927,-6.811,0.200,0.200,0.230,0.230
0.395,37.829,-6.889,0.209,0.209,0.224,0.224
0.394,37.552,-6.863,0.201,0.201,0.230,0.230
0.394,37.274,-6.873,0.220,0.220,0.240,0.240
0.395,37.274,-6.881,0.203,0.203,0.218,0.218
0.397,37.437,-6.962,0.223,0.223,0.240,0.240
0.398,37.764,-7.002,0.215,0.215,0.243,0.243
0.399,37.992,-7.055,0.230,0.230,0.232,0.232
0.400,38.041,-7.091,0.217,0.217,0.240,0.240
0.401,38.025,-7.118,0.240,0.240,0.232,0.232
0.399,38.025,-7.068,0.221,0.221,0.249,0.249
0.399,38.188,-7.037,0.232,0.232,0.241,0.241
0.400,38.466,-7.086,0.212,0.212,0.253,0.253
0.406,38.531,-7.323,0.224,0.224,0.250,0.250
0.409,38.547,-7.443,0.218,0.218,0.255,0.255
0.409,38.743,-7.435,0.233,0.233,0.249,0.249
0.409,38.972,-7.426,0.226,0.226,0.273,0.273
0.410,39.233,-7.469,0.233,0.233,0.247,0.247
0.411,39.249,-7.501,0.229,0.229,0.249,0.249
0.412,39.331,-7.559,0.224,0.224,0.255,0.255
0.414,39.461,-7.638,0.229,0.229,0.253,0.253
0.415,39.739,-7.667,0.221,0.221,0.252,0.252
0.415,40.179,-7.673,0.211,0.211,0.252,0.252
0.414,40.652,-7.643,0.226,0.226,0.266,0.266
0.415,40.995,-7.651,0.221,0.221,0.255,0.255
0.418,41.207,-7.798,0.215,0.215,0.249,0.249
0.423,41.175,-7.980,0.226,0.226,0.252,0.252
0.423,41.028,-8.007,0.206,0.206,0.255,0.255
0.424,40.897,-8.059,0.221,0.221,0.252,0.252
0.424,40.701,-8.025,0.208,0.208,0.252,0.252
0.424,40.506,-8.047,0.221,0.221,0.249,0.249
0.427,40.473,-8.167,0.203,0.203,0.249,0.249
0.428,40.652,-8.192,0.215,0.215,0.246,0.246
0.429,40.865,-8.247,0.212,0.212,0.252,0.252
0.430,40.979,-8.288,0.229,0.229,0.255,0.255
0.431,40.979,-8.325,0.221,0.221,0.258,0.258
0.430,40.701,-8.292,0.232,0.232,0.252,0.252
0.430,40.538,-8.279,0.230,0.230,0.253,0.253
0.435,40.669,-8.470,0.244,0.244,0.272,0.272
0.435,41.109,-8.478,0.226,0.226,0.284,0.284
0.440,41.420,-8.702,0.252,0.252,0.276,0.276
0.440,41.517,-8.711,0.232,0.232,0.269,0.269
0.442,41.501,-8.757,0.243,0.243,0.261,0.261
0.441,41.452,-8.722,0.235,0.235,0.270,0.270
0.443,41.387,-8.834,0.247,0.247,0.270,0.270
0.443,41.207,-8.834,0.227,0.227,0.264,0.264
0.445,41.044,-8.890,0.243,0.243,0.267,0.267
0.446,40.832,-8.943,0.226,0.226,0.267,0.267
0.447,40.685,-8.980,0.247,0.247,0.264,0.264
0.448,40.212,-9.014,0.223,0.223,0.291,0.291
0.447,39.918,-8.989,0.243,0.243,0.262,0.262
0.447,39.673,-8.981,0.220,0.220,0.258,0.258
0.451,39.543,-9.130,0.230,0.230,0.258,0.258
0.455,39.461,-9.312,0.227,0.227,0.258,0.258
0.457,39.722,-9.397,0.237,0.237,0.259,0.259
0.457,39.918,-9.380,0.227,0.227,0.256,0.256
0.459,40.000,-9.440,0.235,0.235,0.284,0.284
0.458,39.788,-9.433,0.232,0.232,0.258,0.258
0.460,39.755,-9.500,0.233,0.233,0.247,0.247
0.461,39.869,-9.544,0.221,0.221,0.261,0.261
0.463,39.934,-9.606,0.227,0.227,0.255,0.255
0.465,39.706,-9.690,0.227,0.227,0.252,0.252
0.464,39.331,-9.641,0.223,0.223,0.255,0.255
0.463,38.972,-9.633,0.238,0.238,0.253,0.253
0.464,38.710,-9.657,0.232,0.232,0.255,0.255
0.467,38.498,-9.787,0.230,0.230,0.258,0.258
0.473,38.270,-9.990,0.224,0.224,0.256,0.256
0.473,38.041,-10.012,0.240,0.240,0.261,0.261
0.474,37.748,-10.042,0.227,0.227,0.247,0.247
0.475,37.340,-10.067,0.230,0.230,0.255,0.255
0.476,37.078,-10.116,0.232,0.232,0.262,0.262
0.477,37.225,-10.148,0.247,0.247,0.256,0.256
0.478,37.470,-10.180,0.214,0.214,0.255,0.255
0.480,37.764,-10.279,0.247,0.247,0.258,0.258
0.481,37.992,-10.300,0.224,0.224,0.258,0.258
0.482,38.058,-10.353,0.233,0.233,0.273,0.273
0.481,38.058,-10.297,0.212,0.212,0.247,0.247
0.481,38.204,-10.305,0.227,0.227,0.240,0.240
0.484,38.253,-10.403,0.204,0.204,0.233,0.233
0.490,38.090,-10.630,0.218,0.218,0.237,0.237
0.492,38.009,-10.705,0.197,0.197,0.233,0.233
0.493,38.009,-10.775,0.220,0.220,0.240,0.240
0.494,37.992,-10.785,0.208,0.208,0.215,0.215
0.492,37.780,-10.728,0.221,0.221,0.243,0.243
0.495,37.568,-10.827,0.223,0.223,0.249,0.249
0.496,37.454,-10.863,0.224,0.224,0.241,0.241
0.497,37.535,-10.923,0.215,0.215,0.240,0.240
0.499,38.025,-10.997,0.218,0.218,0.237,0.237
0.500,38.645,-11.016,0.227,0.227,0.249,0.249
0.501,39.037,-11.081,0.215,0.215,0.243,0.243
0.499,39.102,-10.993,0.218,0.218,0.246,0.246
0.500,39.053,-11.010,0.220,0.220,0.249,0.249
0.505,39.298,-11.228,0.229,0.229,0.253,0.253
0.509,39.690,-11.366,0.218,0.218,0.255,0.255
0.511,40.228,-11.441,0.229,0.229,0.266,0.266
0.511,40.701,-11.459,0.215,0.215,0.256,0.256
0.510,41.012,-11.433,0.224,0.224,0.258,0.258
0.512,40.995,-11.509,0.206,0.206,0.262,0.262
0.514,41.060,-11.569,0.233,0.233,0.252,0.252
0.516,41.452,-11.657,0.212,0.212,0.258,0.258
0.517,42.040,-11.698,0.227,0.227,0.250,0.250
0.518,42.709,-11.760,0.212,0.212,0.243,0.243
0.519,42.986,-11.793,0.233,0.233,0.255,0.255
0.518,43.035,-11.733,0.209,0.209,0.258,0.258
0.519,42.921,-11.794,0.226,0.226,0.250,0.250
0.522,42.676,-11.936,0.212,0.212,0.247,0.247
0.528,42.480,-12.172,0.232,0.232,0.244,0.244
0.529,42.448,-12.203,0.206,0.206,0.255,0.255
0.529,42.660,-12.208,0.227,0.227,0.247,0.247
0.529,42.872,-12.230,0.203,0.203,0.255,0.255
0.530,43.019,-12.279,0.230,0.230,0.253,0.253
0.533,43.182,-12.380,0.206,0.206,0.255,0.255
0.534,43.443,-12.414,0.233,0.233,0.247,0.247
0.537,43.688,-12.550,0.220,0.220,0.238,0.238
0.537,43.949,-12.550,0.224,0.224,0.252,0.252
0.539,44.194,-12.640,0.229,0.229,0.266,0.266
0.538,44.373,-12.624,0.227,0.227,0.255,0.255
0.538,44.422,-12.611,0.223,0.223,0.262,0.262
0.539,44.439,-12.668,0.241,0.241,0.278,0.278
0.543,44.618,-12.813,0.246,0.246,0.276,0.276
0.548,44.847,-13.067,0.238,0.238,0.298,0.298
0.548,44.945,-13.047,0.232,0.232,0.272,0.272
0.549,45.173,-13.097,0.243,0.243,0.261,0.261
0.550,45.320,-13.134,0.240,0.240,0.270,0.270
0.551,45.402,-13.199,0.230,0.230,0.276,0.276
0.552,45.173,-13.241,0.238,0.238,0.273,0.273
0.555,44.977,-13.371,0.227,0.227,0.269,0.269
0.555,44.830,-13.371,0.223,0.223,0.261,0.261
0.558,44.618,-13.496,0.227,0.227,0.262,0.262
0.559,44.422,-13.531,0.227,0.227,0.275,0.275
0.558,44.145,-13.493,0.218,0.218,0.259,0.259
0.558,43.851,-13.515,0.235,0.235,0.261,0.261
0.560,43.411,-13.603,0.218,0.218,0.256,0.256
0.566,42.970,-13.859,0.232,0.232,0.262,0.262
0.568,42.627,-13.955,0.208,0.208,0.258,0.258
0.570,42.415,-14.039,0.230,0.230,0.255,0.255
0.570,42.236,-14.036,0.215,0.215,0.258,0.258
0.571,42.203,-14.045,0.227,0.227,0.253,0.253
0.572,42.399,-14.125,0.218,0.218,0.252,0.252
0.575,42.692,-14.233,0.230,0.230,0.276,0.276
0.576,42.888,-14.260,0.208,0.208,0.258,0.258
0.578,42.725,-14.364,0.233,0.233,0.250,0.250
0.578,42.529,-14.350,0.226,0.226,0.259,0.259
0.578,42.399,-14.355,0.238,0.238,0.253,0.253
0.577,42.399,-14.332,0.217,0.217,0.256,0.256
0.580,42.236,-14.465,0.247,0.247,0.255,0.255
0.588,42.236,-14.767,0.221,0.221,0.256,0.256
0.589,42.399,-14.816,0.240,0.240,0.258,0.258
0.590,42.725,-14.888,0.227,0.227,0.261,0.261
0.590,43.378,-14.890,0.252,0.252,0.256,0.256
0.592,43.868,-14.974,0.233,0.233,0.256,0.256
0.593,44.243,-15.018,0.247,0.247,0.241,0.241
0.595,44.373,-15.069,0.232,0.232,0.258,0.258
0.597,44.243,-15.184,0.238,0.238,0.264,0.264
0.599,44.243,-15.251,0.218,0.218,0.255,0.255
0.600,44.553,-15.317,0.237,0.237,0.249,0.249
0.599,44.863,-15.254,0.218,0.218,0.253,0.253
0.599,45.140,-15.275,0.221,0.221,0.249,0.249
0.602,45.108,-15.423,0.208,0.208,0.258,0.258
0.605,44.732,-15.525,0.208,0.208,0.233,0.233
0.610,44.390,-15.765,0.211,0.211,0.233,0.233
0.610,44.096,-15.777,0.200,0.200,0.237,0.237
0.612,43.639,-15.846,0.218,0.218,0.241,0.241
0.613,43.166,-15.872,0.200,0.200,0.237,0.237
0.614,42.692,-15.926,0.214,0.214,0.238,0.238
0.616,42.431,-16.034,0.195,0.195,0.214,0.214
0.618,42.350,-16.105,0.218,0.218,0.243,0.243
0.619,42.415,-16.143,0.204,0.204,0.249,0.249
0.622,42.399,-16.260,0.223,0.223,0.246,0.246
0.620,42.187,-16.177,0.212,0.212,0.244,0.244
0.620,41.746,-16.201,0.229,0.229,0.237,0.237
0.621,41.240,-16.230,0.209,0.209,0.250,0.250
0.628,40.930,-16.506,0.218,0.218,0.241,0.241
0.631,40.897,-16.635,0.212,0.212,0.252,0.252
0.633,40.865,-16.719,0.223,0.223,0.247,0.247
0.634,40.473,-16.753,0.206,0.206,0.250,0.250
0.634,39.559,-16.766,0.227,0.227,0.252,0.252
0.636,38.596,-16.823,0.214,0.214,0.285,0.285
0.637,37.976,-16.872,0.233,0.233,0.258,0.258
0.638,37.894,-16.929,0.215,0.215,0.252,0.252
0.641,37.943,-17.044,0.243,0.243,0.250,0.250
0.642,37.764,-17.073,0.212,0.212,0.255,0.255
0.641,37.323,-17.049,0.221,0.221,0.253,0.253
0.642,36.785,-17.052,0.212,0.212,0.256,0.256
0.642,36.246,-17.087,0.223,0.223,0.250,0.250
0.648,35.773,-17.296,0.215,0.215,0.255,0.255
0.653,35.316,-17.463,0.221,0.221,0.255,0.255
0.653,35.055,-17.469,0.212,0.212,0.252,0.252
0.655,35.300,-17.517,0.217,0.217,0.250,0.250
0.656,35.756,-17.559,0.209,0.209,0.246,0.246
0.658,36.295,-17.649,0.209,0.209,0.250,0.250
0.659,36.817,-17.678,0.218,0.218,0.255,0.255
0.661,37.242,-17.748,0.204,0.204,0.255,0.255
0.663,37.470,-17.827,0.217,0.217,0.255,0.255
0.664,37.078,-17.875,0.203,0.203,0.249,0.249
0.664,36.099,-17.879,0.215,0.215,0.255,0.255
0.665,35.055,-17.902,0.209,0.209,0.249,0.249
0.666,34.027,-17.925,0.240,0.240,0.261,0.261
0.670,32.998,-18.077,0.232,0.232,0.269,0.269
0.674,31.856,-18.205,0.233,0.233,0.279,0.279
0.676,30.648,-18.273,0.227,0.227,0.282,0.282
0.677,29.604,-18.300,0.235,0.235,0.279,0.279
0.679,28.837,-18.345,0.217,0.217,0.275,0.275
0.679,28.364,-18.344,0.243,0.243,0.291,0.291
0.681,28.119,-18.409,0.226,0.226,0.275,0.275
0.683,27.858,-18.470,0.229,0.229,0.255,0.255
0.684,27.466,-18.502,0.215,0.215,0.267,0.267
0.687,26.895,-18.560,0.235,0.235,0.273,0.273
0.688,26.209,-18.587,0.212,0.212,0.264,0.264
0.687,25.491,-18.566,0.230,0.230,0.264,0.264
0.687,24.904,-18.572,0.223,0.223,0.267,0.267
0.689,24.414,-18.628,0.229,0.229,0.256,0.256
0.695,24.006,-18.778,0.200,0.200,0.255,0.255
0.698,23.778,-18.843,0.235,0.235,0.256,0.256
0.700,23.941,-18.889,0.214,0.214,0.259,0.259
0.699,24.169,-18.869,0.237,0.237,0.253,0.253
0.701,24.251,-18.903,0.223,0.223,0.255,0.255
0.703,24.055,-18.958,0.240,0.240,0.243,0.243
0.704,23.533,-18.986,0.217,0.217,0.255,0.255
0.706,22.994,-19.030,0.230,0.230,0.262,0.262
0.708,22.472,-19.068,0.221,0.221,0.252,0.252
0.708,21.738,-19.084,0.237,0.237,0.252,0.252
0.708,20.856,-19.069,0.224,0.224,0.259,0.259
0.709,20.073,-19.089,0.240,0.240,0.255,0.255
0.710,19.485,-19.115,0.229,0.229,0.247,0.247
0.717,18.833,-19.257,0.233,0.233,0.250,0.250
0.721,18.376,-19.316,0.221,0.221,0.253,0.253
0.720,18.017,-19.310,0.240,0.240,0.255,0.255
0.721,17.625,-19.320,0.237,0.237,0.261,0.261
0.722,17.364,-19.345,0.227,0.227,0.255,0.255
0.724,17.282,-19.369,0.241,0.241,0.258,0.258
0.725,17.331,-19.392,0.223,0.223,0.258,0.258
0.728,17.348,-19.444,0.226,0.226,0.255,0.255
0.728,17.331,-19.453,0.232,0.232,0.258,0.258
0.731,17.103,-19.488,0.237,0.237,0.253,0.253
0.731,16.907,-19.499,0.217,0.217,0.250,0.250
0.730,16.580,-19.479,0.229,0.229,0.238,0.238
0.732,16.450,-19.511,0.204,0.204,0.252,0.252
0.736,16.532,-19.574,0.215,0.215,0.230,0.230
0.741,16.760,-19.661,0.197,0.197,0.233,0.233
0.743,16.711,-19.695,0.212,0.212,0.229,0.229
0.744,16.662,-19.710,0.197,0.197,0.238,0.238
0.744,16.809,-19.716,0.218,0.218,0.226,0.226
0.745,16.858,-19.728,0.191,0.191,0.255,0.255
0.747,16.907,-19.763,0.221,0.221,0.235,0.235
0.748,16.842,-19.780,0.211,0.211,0.232,0.232
0.751,16.629,-19.824,0.227,0.227,0.241,0.241
0.753,16.401,-19.854,0.211,0.211,0.237,0.237
0.754,16.107,-19.871,0.226,0.226,0.240,0.240
0.753,15.928,-19.867,0.212,0.212,0.243,0.243
0.753,15.846,-19.860,0.224,0.224,0.267,0.267
0.756,15.846,-19.911,0.218,0.218,0.250,0.250
0.762,15.862,-20.008,0.221,0.221,0.246,0.246
0.765,15.879,-20.048,0.224,0.224,0.247,0.247
0.765,15.895,-20.054,0.221,0.221,0.249,0.249
0.765,15.846,-20.049,0.223,0.223,0.252,0.252
0.767,15.895,-20.090,0.221,0.221,0.253,0.253
0.769,15.895,-20.113,0.212,0.212,0.233,0.233
0.771,15.862,-20.144,0.218,0.218,0.255,0.255
0.773,15.585,-20.176,0.223,0.223,0.267,0.267
0.774,15.177,-20.191,0.211,0.211,0.250,0.250
0.775,14.671,-20.210,0.218,0.218,0.252,0.252
0.775,14.116,-20.207,0.208,0.208,0.243,0.243
0.775,13.627,-20.210,0.226,0.226,0.255,0.255
0.780,13.088,-20.274,0.200,0.200,0.258,0.258
0.784,12.696,-20.328,0.232,0.232,0.250,0.250
0.785,12.337,-20.336,0.204,0.204,0.252,0.252
0.787,11.864,-20.364,0.220,0.220,0.250,0.250
0.788,11.260,-20.371,0.200,0.200,0.246,0.246
0.788,10.673,-20.379,0.217,0.217,0.252,0.252
0.790,10.183,-20.399,0.194,0.194,0.247,0.247
0.793,9.677,-20.425,0.220,0.220,0.244,0.244
0.794,9.188,-20.437,0.203,0.203,0.243,0.243
0.796,8.731,-20.455,0.226,0.226,0.249,0.249
0.797,8.241,-20.462,0.209,0.209,0.252,0.252
0.796,7.719,-20.451,0.237,0.237,0.252,0.252
0.798,7.164,-20.469,0.221,0.221,0.258,0.258
0.800,6.478,-20.480,0.240,0.240,0.256,0.256
0.804,5.809,-20.508,0.230,0.230,0.285,0.285
0.807,5.189,-20.525,0.250,0.250,0.270,0.270
0.808,4.536,-20.530,0.227,0.227,0.272,0.272
0.809,3.818,-20.531,0.237,0.237,0.272,0.272
0.811,3.019,-20.539,0.232,0.232,0.276,0.276
0.811,2.137,-20.541,0.244,0.244,0.256,0.256
0.813,1.370,-20.544,0.226,0.226,0.270,0.270
0.816,0.799,-20.547,0.246,0.246,0.266,0.266
0.817,0.391,-20.547,0.229,0.229,0.267,0.267
0.819,-0.017,-20.548,0.232,0.232,0.269,0.269
0.820,-0.523,-20.547,0.230,0.230,0.293,0.293
0.820,-1.045,-20.547,0.230,0.230,0.258,0.258
0.819,-1.535,-20.548,0.223,0.223,0.253,0.253
0.825,-1.828,-20.539,0.224,0.224,0.259,0.259
0.829,-2.090,-20.531,0.232,0.232,0.255,0.255
0.829,-2.269,-20.530,0.227,0.227,0.252,0.252
0.832,-2.318,-20.523,0.221,0.221,0.255,0.255
0.833,-2.318,-20.522,0.224,0.224,0.240,0.240
0.834,-2.269,-20.520,0.229,0.229,0.259,0.259
0.835,-2.041,-20.516,0.215,0.215,0.266,0.266
0.838,-1.845,-20.511,0.230,0.230,0.247,0.247
0.838,-1.763,-20.510,0.212,0.212,0.241,0.241
0.839,-1.731,-20.509,0.229,0.229,0.240,0.240
0.839,-1.567,-20.509,0.214,0.214,0.252,0.252
0.842,-1.339,-20.505,0.233,0.233,0.256,0.256
0.846,-0.980,-20.500,0.221,0.221,0.252,0.252
0.849,-0.523,-20.498,0.229,0.229,0.250,0.250
0.850,0.016,-20.498,0.221,0.221,0.255,0.255
0.850,0.293,-20.498,0.233,0.233,0.255,0.255
0.852,0.456,-20.498,0.215,0.215,0.269,0.269
0.854,0.620,-20.499,0.233,0.233,0.255,0.255
0.856,0.668,-20.501,0.223,0.223,0.252,0.252
0.858,0.913,-20.502,0.238,0.238,0.258,0.258
0.859,1.305,-20.503,0.220,0.220,0.259,0.259
0.861,1.648,-20.507,0.252,0.252,0.261,0.261
0.861,1.958,-20.507,0.218,0.218,0.253,0.253
0.860,2.333,-20.505,0.241,0.241,0.241,0.241
0.861,2.594,-20.508,0.215,0.215,0.252,0.252
0.864,2.676,-20.514,0.238,0.238,0.252,0.252
0.870,2.855,-20.530,0.208,0.208,0.249,0.249
0.873,3.019,-20.539,0.212,0.212,0.227,0.227
0.874,3.165,-20.542,0.208,0.208,0.247,0.247
0.876,3.312,-20.548,0.212,0.212,0.230,0.230
0.876,3.590,-20.549,0.212,0.212,0.229,0.229
0.878,3.867,-20.555,0.206,0.206,0.233,0.233
0.879,4.308,-20.561,0.218,0.218,0.240,0.240
0.880,4.781,-20.566,0.211,0.211,0.235,0.235
0.883,5.026,-20.581,0.204,0.204,0.241,0.241
0.883,5.124,-20.583,0.209,0.209,0.220,0.220
0.885,5.320,-20.589,0.212,0.212,0.233,0.233
0.885,5.711,-20.593,0.215,0.215,0.246,0.246
0.886,6.054,-20.597,0.215,0.215,0.240,0.240
0.887,6.299,-20.605,0.209,0.209,0.246,0.246
0.894,6.527,-20.648,0.220,0.220,0.250,0.250
0.895,6.788,-20.656,0.206,0.206,0.252,0.252
0.896,6.952,-20.661,0.224,0.224,0.246,0.246
0.897,7.050,-20.671,0.209,0.209,0.250,0.250
0.898,7.229,-20.678,0.226,0.226,0.247,0.247
0.901,7.458,-20.694,0.204,0.204,0.255,0.255
0.903,7.768,-20.711,0.227,0.227,0.250,0.250
0.904,7.980,-20.720,0.214,0.214,0.249,0.249
0.906,8.045,-20.735,0.226,0.226,0.250,0.250
0.906,8.225,-20.734,0.214,0.214,0.258,0.258
0.906,8.176,-20.737,0.240,0.240,0.252,0.252
0.908,7.817,-20.753,0.211,0.211,0.249,0.249
0.914,7.507,-20.799,0.233,0.233,0.243,0.243
0.916,7.392,-20.813,0.212,0.212,0.247,0.247
0.917,7.229,-20.820,0.224,0.224,0.246,0.246
0.918,7.033,-20.828,0.208,0.208,0.255,0.255
0.918,6.968,-20.828,0.235,0.235,0.246,0.246
0.921,6.968,-20.847,0.211,0.211,0.250,0.250
0.922,6.952,-20.857,0.224,0.224,0.244,0.244
0.924,6.805,-20.866,0.215,0.215,0.241,0.241
0.925,6.544,-20.876,0.214,0.214,0.246,0.246
0.927,6.478,-20.889,0.218,0.218,0.252,0.252
0.926,6.462,-20.884,0.211,0.211,0.244,0.244
0.928,6.495,-20.897,0.224,0.224,0.253,0.253
0.930,6.495,-20.910,0.221,0.221,0.253,0.253
0.934,6.283,-20.937,0.214,0.214,0.253,0.253
0.938,6.103,-20.956,0.230,0.230,0.270,0.270
0.940,6.005,-20.968,0.235,0.235,0.269,0.269
0.938,6.054,-20.962,0.229,0.229,0.279,0.279
0.940,6.250,-20.974,0.243,0.243,0.275,0.275
0.942,6.446,-20.985,0.237,0.237,0.267,0.267
0.943,6.560,-20.992,0.238,0.238,0.270,0.270
0.946,6.495,-21.011,0.224,0.224,0.267,0.267
0.948,6.495,-21.022,0.237,0.237,0.256,0.256
0.949,6.527,-21.029,0.223,0.223,0.269,0.269
0.950,6.495,-21.038,0.227,0.227,0.272,0.272
0.951,6.527,-21.042,0.223,0.223,0.262,0.262
0.950,6.478,-21.037,0.237,0.237,0.255,0.255
0.954,6.299,-21.064,0.211,0.211,0.275,0.275
0.959,6.070,-21.090,0.235,0.235,0.262,0.262
0.960,5.711,-21.100,0.215,0.215,0.253,0.253
0.962,5.320,-21.107,0.230,0.230,0.247,0.247
0.963,5.026,-21.112,0.212,0.212,0.247,0.247
0.964,4.700,-21.117,0.235,0.235,0.250,0.250
0.966,4.340,-21.129,0.212,0.212,0.255,0.255
0.967,3.818,-21.134,0.230,0.230,0.272,0.272
0.968,3.329,-21.137,0.218,0.218,0.253,0.253
0.970,2.823,-21.144,0.241,0.241,0.243,0.243
0.973,2.611,-21.150,0.220,0.220,0.253,0.253
0.970,2.562,-21.144,0.240,0.240,0.246,0.246
0.973,2.545,-21.150,0.220,0.220,0.255,0.255
0.975,2.415,-21.155,0.237,0.237,0.249,0.249
0.980,2.382,-21.166,0.217,0.217,0.262,0.262
0.982,2.545,-21.173,0.235,0.235,0.256,0.256
0.983,2.872,-21.175,0.229,0.229,0.256,0.256
0.984,3.280,-21.178,0.230,0.230,0.247,0.247
0.985,3.590,-21.181,0.233,0.233,0.252,0.252
0.987,3.622,-21.190,0.243,0.243,0.246,0.246
0.988,3.590,-21.193,0.237,0.237,0.255,0.255
0.991,3.524,-21.202,0.240,0.240,0.249,0.249
0.993,3.280,-21.210,0.243,0.243,0.256,0.256
0.993,2.904,-21.210,0.232,0.232,0.252,0.252
0.993,2.382,-21.209,0.224,0.224,0.252,0.252
0.995,2.088,-21.214,0.233,0.233,0.247,0.247
0.996,1.762,-21.215,0.227,0.227,0.249,0.249
1.002,1.436,-21.225,0.217,0.217,0.243,0.243
1.003,1.076,-21.227,0.226,0.226,0.243,0.243
1.004,0.832,-21.228,0.203,0.203,0.226,0.226
1.006,0.456,-21.229,0.215,0.215,0.233,0.233
1.008,0.016,-21.229,0.194,0.194,0.230,0.230
1.008,-0.523,-21.229,0.218,0.218,0.227,0.227
1.011,-1.045,-21.227,0.200,0.200,0.229,0.229
1.013,-1.323,-21.225,0.212,0.212,0.233,0.233
1.014,-1.372,-21.224,0.197,0.197,0.224,0.224
1.015,-1.372,-21.221,0.227,0.227,0.230,0.230
1.016,-1.518,-21.221,0.209,0.209,0.232,0.232
1.017,-1.747,-21.219,0.224,0.224,0.230,0.230
1.018,-1.633,-21.216,0.215,0.215,0.240,0.240
1.024,-1.404,-21.208,0.235,0.235,0.259,0.259
1.025,-1.306,-21.207,0.218,0.218,0.243,0.243
1.027,-1.502,-21.204,0.223,0.223,0.233,0.233
1.028,-1.763,-21.202,0.223,0.223,0.249,0.249
1.028,-1.812,-21.202,0.226,0.226,0.249,0.249
1.030,-1.633,-21.198,0.217,0.217,0.250,0.250
1.033,-1.584,-21.194,0.230,0.230,0.246,0.246
1.034,-1.747,-21.193,0.229,0.229,0.253,0.253
1.036,-2.041,-21.188,0.224,0.224,0.241,0.241
1.038,-2.269,-21.184,0.217,0.217,0.252,0.252
1.038,-2.318,-21.183,0.223,0.223,0.249,0.249
1.039,-2.090,-21.182,0.224,0.224,0.255,0.255
1.040,-1.845,-21.180,0.214,0.214,0.250,0.250
1.043,-1.747,-21.174,0.224,0.224,0.250,0.250
1.047,-1.567,-21.168,0.212,0.212,0.250,0.250
1.048,-1.372,-21.166,0.215,0.215,0.250,0.250
1.049,-1.274,-21.165,0.209,0.209,0.247,0.247
1.051,-1.290,-21.163,0.224,0.224,0.246,0.246
1.052,-1.290,-21.161,0.208,0.208,0.249,0.249
1.054,-1.306,-21.158,0.220,0.220,0.252,0.252
1.055,-1.323,-21.157,0.201,0.201,0.250,0.250
1.057,-1.045,-21.154,0.217,0.217,0.237,0.237
1.058,-0.849,-21.153,0.197,0.197,0.241,0.241
1.060,-0.556,-21.152,0.224,0.224,0.246,0.246
1.060,-0.343,-21.152,0.203,0.203,0.247,0.247
1.060,-0.262,-21.152,0.227,0.227,0.247,0.247
1.065,-0.294,-21.151,0.211,0.211,0.237,0.237
1.068,-0.523,-21.149,0.247,0.247,0.252,0.252
1.069,-0.768,-21.149,0.223,0.223,0.266,0.266
1.071,-0.882,-21.148,0.246,0.246,0.261,0.261
1.072,-1.143,-21.146,0.233,0.233,0.273,0.273
1.074,-1.502,-21.144,0.253,0.253,0.270,0.270
1.076,-1.812,-21.141,0.224,0.224,0.270,0.270
1.078,-2.122,-21.137,0.250,0.250,0.288,0.288
1.079,-2.547,-21.135,0.232,0.232,0.270,0.270
1.080,-2.971,-21.130,0.246,0.246,0.264,0.264
1.082,-3.069,-21.124,0.229,0.229,0.264,0.264
1.081,-2.906,-21.127,0.250,0.250,0.258,0.258
1.083,-2.808,-21.123,0.227,0.227,0.258,0.258
1.086,-2.775,-21.114,0.237,0.237,0.258,0.258
1.089,-3.052,-21.107,0.226,0.226,0.243,0.243
1.093,-3.493,-21.093,0.243,0.243,0.256,0.256
1.093,-3.999,-21.092,0.215,0.215,0.264,0.264
1.095,-4.309,-21.086,0.240,0.240,0.253,0.253
1.096,-4.538,-21.078,0.226,0.226,0.247,0.247
1.098,-4.521,-21.072,0.227,0.227,0.249,0.249
1.099,-4.570,-21.067,0.226,0.226,0.247,0.247
1.101,-4.717,-21.058,0.223,0.223,0.233,0.233
1.102,-4.766,-21.051,0.227,0.227,0.253,0.253
1.104,-4.831,-21.043,0.214,0.214,0.261,0.261
1.104,-4.995,-21.040,0.233,0.233,0.256,0.256
1.105,-5.223,-21.038,0.218,0.218,0.249,0.249
1.106,-5.517,-21.032,0.223,0.223,0.237,0.237
1.111,-5.729,-21.003,0.218,0.218,0.244,0.244
1.113,-5.794,-20.992,0.229,0.229,0.253,0.253
1.115,-5.778,-20.981,0.223,0.223,0.249,0.249
1.116,-5.778,-20.973,0.233,0.233,0.250,0.250
1.116,-5.974,-20.973,0.223,0.223,0.252,0.252
1.118,-6.202,-20.959,0.233,0.233,0.249,0.249
1.120,-6.251,-20.947,0.215,0.215,0.270,0.270
1.122,-6.039,-20.938,0.238,0.238,0.252,0.252
1.124,-5.582,-20.929,0.221,0.221,0.252,0.252
1.125,-5.207,-20.919,0.238,0.238,0.250,0.250
1.123,-4.929,-20.928,0.224,0.224,0.256,0.256
1.125,-4.766,-20.921,0.246,0.246,0.250,0.250
1.127,-4.750,-20.910,0.221,0.221,0.250,0.250
1.134,-4.750,-20.877,0.240,0.240,0.240,0.240
1.135,-4.766,-20.874,0.215,0.215,0.243,0.243
1.137,-4.766,-20.866,0.230,0.230,0.240,0.240
1.138,-4.799,-20.860,0.209,0.209,0.232,0.232
1.138,-4.799,-20.860,0.224,0.224,0.224,0.224
1.140,-5.011,-20.847,0.209,0.209,0.221,0.221
1.141,-5.207,-20.843,0.218,0.218,0.230,0.230
1.144,-5.272,-20.829,0.208,0.208,0.226,0.226
1.145,-5.272,-20.822,0.224,0.224,0.230,0.230
1.147,-5.288,-20.813,0.215,0.215,0.233,0.233
1.147,-5.272,-20.811,0.217,0.217,0.233,0.233
1.148,-5.533,-20.807,0.221,0.221,0.232,0.232
1.147,-5.957,-20.810,0.215,0.215,0.256,0.256
1.153,-6.480,-20.778,0.227,0.227,0.241,0.241
1.157,-6.757,-20.748,0.215,0.215,0.237,0.237
1.158,-6.757,-20.743,0.229,0.229,0.237,0.237
1.161,-6.300,-20.725,0.218,0.218,0.243,0.243
1.161,-5.843,-20.725,0.224,0.224,0.244,0.244
1.162,-5.680,-20.720,0.209,0.209,0.246,0.246
1.164,-5.957,-20.708,0.233,0.233,0.243,0.243
1.166,-6.431,-20.693,0.220,0.220,0.246,0.246
1.167,-7.018,-20.686,0.232,0.232,0.255,0.255
1.169,-7.475,-20.672,0.215,0.215,0.247,0.247
1.170,-7.704,-20.664,0.232,0.232,0.244,0.244
1.170,-7.736,-20.662,0.211,0.211,0.249,0.249
1.171,-7.475,-20.660,0.227,0.227,0.246,0.246
1.172,-7.279,-20.650,0.221,0.221,0.247,0.247
1.177,-7.165,-20.610,0.232,0.232,0.249,0.249
1.180,-7.181,-20.589,0.218,0.218,0.250,0.250
1.182,-7.230,-20.580,0.243,0.243,0.252,0.252
1.182,-7.263,-20.578,0.214,0.214,0.246,0.246
1.183,-7.492,-20.567,0.233,0.233,0.238,0.238
1.185,-8.144,-20.551,0.208,0.208,0.247,0.247
1.187,-8.862,-20.538,0.237,0.237,0.247,0.247
1.189,-9.205,-20.524,0.215,0.215,0.249,0.249
1.190,-9.009,-20.508,0.221,0.221,0.240,0.240
1.192,-8.471,-20.494,0.215,0.215,0.250,0.250
1.191,-7.655,-20.504,0.220,0.220,0.247,0.247
1.192,-6.757,-20.493,0.214,0.214,0.266,0.266
1.193,-6.235,-20.487,0.227,0.227,0.249,0.249
1.199,-6.121,-20.451,0.227,0.227,0.252,0.252
1.203,-6.219,-20.424,0.233,0.233,0.252,0.252
1.204,-6.480,-20.418,0.230,0.230,0.256,0.256
1.205,-6.724,-20.412,0.233,0.233,0.275,0.275
1.206,-6.708,-20.408,0.233,0.233,0.276,0.276
1.206,-6.219,-20.405,0.230,0.230,0.258,0.258
1.208,-5.647,-20.393,0.247,0.247,0.275,0.275
1.210,-5.207,-20.382,0.233,0.233,0.275,0.275
1.212,-5.125,-20.373,0.233,0.233,0.270,0.270
1.214,-4.995,-20.361,0.240,0.240,0.269,0.269
1.215,-4.799,-20.357,0.237,0.237,0.273,0.273
1.214,-4.766,-20.364,0.224,0.224,0.266,0.266
1.214,-4.766,-20.362,0.237,0.237,0.267,0.267
1.218,-4.978,-20.344,0.220,0.220,0.262,0.262
1.223,-5.223,-20.318,0.227,0.227,0.266,0.266
1.226,-5.533,-20.300,0.215,0.215,0.264,0.264
1.228,-5.957,-20.290,0.237,0.237,0.261,0.261
1.227,-6.202,-20.295,0.220,0.220,0.278,0.278
1.228,-6.300,-20.289,0.235,0.235,0.258,0.258
1.230,-6.219,-20.278,0.212,0.212,0.250,0.250
1.232,-5.974,-20.266,0.233,0.233,0.255,0.255
1.234,-5.549,-20.256,0.218,0.218,0.247,0.247
1.237,-5.190,-20.240,0.235,0.235,0.249,0.249
1.237,-4.717,-20.239,0.218,0.218,0.252,0.252
1.236,-4.358,-20.241,0.241,0.241,0.224,0.224
1.238,-4.684,-20.234,0.218,0.218,0.255,0.255
1.238,-5.386,-20.234,0.243,0.243,0.249,0.249
1.245,-6.235,-20.192,0.221,0.221,0.252,0.252
1.248,-6.757,-20.172,0.241,0.241,0.252,0.252
1.249,-6.839,-20.169,0.235,0.235,0.241,0.241
1.248,-6.496,-20.171,0.249,0.249,0.256,0.256
1.251,-6.055,-20.154,0.230,0.230,0.258,0.258
1.251,-5.908,-20.153,0.241,0.241,0.255,0.255
1.254,-5.892,-20.138,0.230,0.230,0.255,0.255
1.255,-5.778,-20.130,0.249,0.249,0.256,0.256
1.257,-5.500,-20.120,0.233,0.233,0.258,0.258
1.259,-5.272,-20.111,0.250,0.250,0.258,0.258
1.259,-5.223,-20.110,0.233,0.233,0.255,0.255
1.258,-5.500,-20.115,0.243,0.243,0.246,0.246
1.261,-5.908,-20.099,0.229,0.229,0.255,0.255
1.266,-6.219,-20.066,0.233,0.233,0.253,0.253
1.269,-6.039,-20.050,0.232,0.232,0.256,0.256
1.271,-5.745,-20.038,0.214,0.214,0.241,0.241
1.272,-5.207,-20.032,0.218,0.218,0.233,0.233
1.272,-4.570,-20.031,0.198,0.198,0.232,0.232
1.273,-4.195,-20.026,0.211,0.211,0.240,0.240
1.276,-4.162,-20.016,0.200,0.200,0.235,0.235
1.276,-4.228,-20.014,0.226,0.226,0.230,0.230
1.278,-4.276,-20.005,0.208,0.208,0.238,0.238
1.281,-4.489,-19.994,0.218,0.218,0.230,0.230
1.281,-4.456,-19.992,0.201,0.201,0.212,0.212
1.282,-4.391,-19.990,0.224,0.224,0.232,0.232
1.281,-4.472,-19.991,0.212,0.212,0.241,0.241
1.283,-4.701,-19.985,0.226,0.226,0.238,0.238
1.289,-4.995,-19.956,0.217,0.217,0.237,0.237
1.293,-5.207,-19.935,0.237,0.237,0.238,0.238
1.292,-5.223,-19.938,0.209,0.209,0.247,0.247
1.294,-4.766,-19.931,0.237,0.237,0.247,0.247
1.296,-4.130,-19.920,0.227,0.227,0.246,0.246
1.297,-3.787,-19.916,0.238,0.238,0.249,0.249
1.298,-3.885,-19.911,0.221,0.221,0.250,0.250
1.300,-4.195,-19.903,0.238,0.238,0.252,0.252
1.301,-4.325,-19.899,0.218,0.218,0.279,0.279
1.303,-4.521,-19.891,0.227,0.227,0.255,0.255
1.304,-4.717,-19.888,0.223,0.223,0.252,0.252
1.303,-4.733,-19.894,0.233,0.233,0.252,0.252
1.306,-4.538,-19.876,0.230,0.230,0.250,0.250
1.310,-4.309,-19.858,0.227,0.227,0.247,0.247
1.313,-4.440,-19.846,0.232,0.232,0.252,0.252
1.315,-4.652,-19.836,0.223,0.223,0.244,0.244
1.316,-4.799,-19.833,0.212,0.212,0.253,0.253
1.317,-4.799,-19.830,0.224,0.224,0.255,0.255
1.319,-4.766,-19.821,0.221,0.221,0.252,0.252
1.321,-4.733,-19.808,0.211,0.211,0.249,0.249
1.322,-4.733,-19.805,0.214,0.214,0.241,0.241
1.324,-4.766,-19.796,0.211,0.211,0.255,0.255
1.327,-4.782,-19.783,0.221,0.221,0.255,0.255
1.325,-4.733,-19.790,0.206,0.206,0.253,0.253
1.325,-4.538,-19.788,0.221,0.221,0.249,0.249
1.327,-4.342,-19.783,0.212,0.212,0.256,0.256
1.331,-4.472,-19.763,0.224,0.224,0.252,0.252
1.335,-4.864,-19.745,0.217,0.217,0.258,0.258
1.338,-4.995,-19.729,0.235,0.235,0.255,0.255
1.338,-4.864,-19.732,0.224,0.224,0.270,0.270
1.339,-4.766,-19.728,0.250,0.250,0.264,0.264
1.340,-4.750,-19.719,0.232,0.232,0.282,0.282
1.341,-4.978,-19.716,0.244,0.244,0.272,0.272
1.344,-5.190,-19.699,0.232,0.232,0.272,0.272
1.345,-5.256,-19.694,0.249,0.249,0.295,0.295
1.347,-4.978,-19.686,0.229,0.229,0.276,0.276
1.349,-4.570,-19.677,0.237,0.237,0.261,0.261
1.348,-4.260,-19.680,0.224,0.224,0.267,0.267
1.349,-4.260,-19.676,0.235,0.235,0.270,0.270
1.349,-4.668,-19.674,0.217,0.217,0.267,0.267
1.354,-5.207,-19.651,0.249,0.249,0.264,0.264
1.359,-5.517,-19.626,0.224,0.224,0.295,0.295
1.361,-5.549,-19.614,0.246,0.246,0.253,0.253
1.361,-5.321,-19.614,0.220,0.220,0.247,0.247
1.362,-5.174,-19.610,0.244,0.244,0.256,0.256
1.363,-4.962,-19.601,0.221,0.221,0.258,0.258
1.366,-4.799,-19.591,0.233,0.233,0.261,0.261
1.366,-4.717,-19.587,0.227,0.227,0.258,0.258
1.369,-4.766,-19.575,0.241,0.241,0.250,0.250
1.369,-4.946,-19.573,0.224,0.224,0.262,0.262
1.369,-4.962,-19.576,0.230,0.230,0.264,0.264
1.369,-4.799,-19.573,0.230,0.230,0.256,0.256
1.373,-4.456,-19.557,0.233,0.233,0.252,0.252
1.379,-4.032,-19.533,0.227,0.227,0.258,0.258
1.380,-3.526,-19.527,0.233,0.233,0.261,0.261
1.382,-3.265,-19.519,0.232,0.232,0.267,0.267
1.382,-3.216,-19.520,0.221,0.221,0.256,0.256
1.383,-3.493,-19.517,0.227,0.227,0.249,0.249
1.386,-3.689,-19.506,0.221,0.221,0.255,0.255
1.386,-3.624,-19.505,0.241,0.241,0.256,0.256
1.389,-3.591,-19.495,0.233,0.233,0.272,0.272
1.392,-3.738,-19.486,0.244,0.244,0.259,0.259
1.392,-4.260,-19.486,0.229,0.229,0.252,0.252
1.391,-4.636,-19.487,0.230,0.230,0.259,0.259
1.391,-4.587,-19.489,0.224,0.224,0.259,0.259
1.394,-4.309,-19.473,0.237,0.237,0.253,0.253
1.400,-4.228,-19.449,0.221,0.221,0.256,0.256
1.402,-4.456,-19.440,0.232,0.232,0.259,0.259
1.404,-4.962,-19.431,0.203,0.203,0.250,0.250
1.403,-5.223,-19.434,0.220,0.220,0.243,0.243
1.405,-5.256,-19.425,0.201,0.201,0.243,0.243
1.407,-4.750,-19.418,0.241,0.241,0.233,0.233
1.408,-4.097,-19.412,0.212,0.212,0.235,0.235
1.411,-3.428,-19.402,0.227,0.227,0.233,0.233
1.412,-2.726,-19.397,0.203,0.203,0.218,0.218
1.414,-2.057,-19.394,0.226,0.226,0.235,0.235
1.415,-1.469,-19.391,0.214,0.214,0.253,0.253
1.414,-1.045,-19.393,0.226,0.226,0.243,0.243
1.415,-0.833,-19.392,0.223,0.223,0.240,0.240
1.418,-1.061,-19.389,0.229,0.229,0.235,0.235
1.423,-1.453,-19.382,0.223,0.223,0.249,0.249
1.426,-1.796,-19.378,0.215,0.215,0.241,0.241
1.426,-1.861,-19.377,0.232,0.232,0.252,0.252
1.428,-1.845,-19.374,0.224,0.224,0.259,0.259
1.429,-1.796,-19.372,0.226,0.226,0.255,0.255
1.430,-1.796,-19.370,0.224,0.224,0.253,0.253
1.431,-1.845,-19.368,0.226,0.226,0.250,0.250
1.435,-2.057,-19.361,0.208,0.208,0.252,0.252
1.435,-2.547,-19.361,0.220,0.220,0.250,0.250
1.435,-3.020,-19.359,0.218,0.218,0.258,0.258
1.436,-3.575,-19.359,0.237,0.237,0.258,0.258
1.436,-4.097,-19.356,0.217,0.217,0.258,0.258
1.439,-5.060,-19.345,0.230,0.230,0.256,0.256
1.445,-6.414,-19.312,0.209,0.209,0.276,0.276
1.446,-7.769,-19.301,0.226,0.226,0.253,0.253
1.447,-8.813,-19.291,0.212,0.212,0.247,0.247
1.449,-9.825,-19.279,0.230,0.230,0.244,0.244
1.449,-10.968,-19.275,0.212,0.212,0.252,0.252
1.451,-12.616,-19.253,0.223,0.223,0.253,0.253
1.452,-14.313,-19.238,0.206,0.206,0.258,0.258
1.455,-15.668,-19.196,0.230,0.230,0.266,0.266
1.456,-16.745,-19.178,0.206,0.206,0.250,0.250
1.457,-17.708,-19.154,0.238,0.238,0.247,0.247
1.457,-19.128,-19.158,0.206,0.206,0.252,0.252
1.456,-20.939,-19.169,0.224,0.224,0.253,0.253
1.458,-22.571,-19.126,0.206,0.206,0.255,0.255
1.465,-24.105,-18.963,0.243,0.243,0.255,0.255
1.468,-25.264,-18.910,0.226,0.226,0.250,0.250
1.469,-26.129,-18.881,0.255,0.255,0.264,0.264
1.470,-27.108,-18.854,0.238,0.238,0.296,0.296
1.470,-28.365,-18.855,0.243,0.243,0.278,0.278
1.472,-29.279,-18.793,0.237,0.237,0.273,0.273
1.472,-29.572,-18.778,0.252,0.252,0.275,0.275
1.475,-29.507,-18.699,0.246,0.246,0.278,0.278
1.476,-29.687,-18.670,0.244,0.244,0.264,0.264
1.478,-30.323,-18.616,0.230,0.230,0.281,0.281
1.478,-31.270,-18.619,0.240,0.240,0.276,0.276
1.478,-32.102,-18.616,0.235,0.235,0.272,0.272
1.478,-32.396,-18.595,0.235,0.235,0.269,0.269
1.483,-32.412,-18.450,0.244,0.244,0.273,0.273
1.488,-32.380,-18.292,0.235,0.235,0.270,0.270
1.489,-32.641,-18.266,0.224,0.224,0.264,0.264
1.490,-33.506,-18.213,0.223,0.223,0.264,0.264
1.490,-34.420,-18.210,0.221,0.221,0.267,0.267
1.491,-34.844,-18.175,0.223,0.223,0.258,0.258
1.493,-34.664,-18.114,0.238,0.238,0.258,0.258
1.495,-34.175,-18.056,0.227,0.227,0.273,0.273
1.495,-34.142,-18.040,0.226,0.226,0.256,0.256
1.498,-34.893,-17.938,0.212,0.212,0.266,0.266
1.497,-35.905,-17.988,0.233,0.233,0.264,0.264
1.495,-36.574,-18.038,0.224,0.224,0.259,0.259
1.497,-36.606,-17.970,0.230,0.230,0.255,0.255
1.501,-36.133,-17.815,0.223,0.223,0.255,0.255
1.507,-35.562,-17.634,0.235,0.235,0.247,0.247
1.508,-35.252,-17.575,0.209,0.209,0.256,0.256
1.509,-35.219,-17.535,0.230,0.230,0.256,0.256
1.509,-35.236,-17.564,0.226,0.226,0.259,0.259
1.510,-35.023,-17.494,0.255,0.255,0.258,0.258
1.512,-34.338,-17.448,0.235,0.235,0.241,0.241
1.513,-33.620,-17.394,0.250,0.250,0.255,0.255
1.515,-32.967,-17.356,0.224,0.224,0.267,0.267
1.517,-32.559,-17.289,0.246,0.246,0.256,0.256
1.517,-32.380,-17.282,0.223,0.223,0.258,0.258
1.516,-32.526,-17.321,0.258,0.258,0.256,0.256
1.516,-32.739,-17.292,0.241,0.241,0.264,0.264
1.521,-32.869,-17.146,0.240,0.240,0.272,0.272
1.525,-33.130,-17.028,0.223,0.223,0.255,0.255
1.527,-33.522,-16.953,0.230,0.230,0.249,0.249
1.527,-33.799,-16.939,0.211,0.211,0.249,0.249
1.528,-33.881,-16.918,0.235,0.235,0.233,0.233
1.529,-33.832,-16.886,0.220,0.220,0.241,0.241
1.530,-33.799,-16.830,0.218,0.218,0.240,0.240
1.532,-33.750,-16.786,0.200,0.200,0.262,0.262
1.533,-33.522,-16.728,0.209,0.209,0.237,0.237
1.534,-33.163,-16.696,0.206,0.206,0.244,0.244
1.535,-32.820,-16.669,0.212,0.212,0.240,0.240
1.537,-32.755,-16.625,0.227,0.227,0.249,0.249
1.536,-32.771,-16.646,0.217,0.217,0.246,0.246
1.538,-32.559,-16.590,0.223,0.223,0.240,0.240
1.539,-32.135,-16.532,0.194,0.194,0.244,0.244
1.544,-31.596,-16.385,0.223,0.223,0.253,0.253
1.547,-31.302,-16.296,0.211,0.211,0.256,0.256
1.547,-31.237,-16.305,0.230,0.230,0.255,0.255
1.548,-31.302,-16.272,0.211,0.211,0.262,0.262
1.548,-31.286,-16.258,0.233,0.233,0.256,0.256
1.550,-31.041,-16.198,0.206,0.206,0.258,0.258
1.551,-30.356,-16.175,0.221,0.221,0.237,0.237
1.552,-29.442,-16.124,0.217,0.217,0.261,0.261
1.553,-28.920,-16.100,0.235,0.235,0.272,0.272
1.553,-29.050,-16.099,0.214,0.214,0.259,0.259
1.554,-29.785,-16.093,0.232,0.232,0.259,0.259
1.556,-30.519,-16.021,0.212,0.212,0.252,0.252
1.560,-30.927,-15.887,0.226,0.226,0.259,0.259
1.561,-30.715,-15.854,0.208,0.208,0.270,0.270
1.564,-30.470,-15.785,0.238,0.238,0.258,0.258
1.563,-30.323,-15.791,0.215,0.215,0.262,0.262
1.565,-30.584,-15.756,0.229,0.229,0.253,0.253
1.566,-31.074,-15.721,0.204,0.204,0.258,0.258
1.567,-31.857,-15.665,0.230,0.230,0.270,0.270
1.568,-32.820,-15.644,0.214,0.214,0.261,0.261
1.570,-33.293,-15.583,0.223,0.223,0.258,0.258
1.572,-33.212,-15.527,0.220,0.220,0.258,0.258
1.571,-32.690,-15.537,0.215,0.215,0.253,0.253
1.571,-32.412,-15.550,0.204,0.204,0.259,0.259
1.572,-32.755,-15.502,0.212,0.212,0.255,0.255
1.577,-33.473,-15.366,0.220,0.220,0.261,0.261
1.579,-34.044,-15.286,0.226,0.226,0.261,0.261
1.582,-34.060,-15.191,0.230,0.230,0.264,0.264
1.581,-33.489,-15.205,0.227,0.227,0.270,0.270
1.582,-32.885,-15.172,0.233,0.233,0.288,0.288
1.582,-32.755,-15.192,0.218,0.218,0.308,0.308
1.585,-33.261,-15.091,0.237,0.237,0.279,0.279
1.585,-34.012,-15.071,0.230,0.230,0.276,0.276
1.587,-34.893,-15.004,0.240,0.240,0.275,0.275
1.588,-35.513,-14.960,0.235,0.235,0.279,0.279
1.590,-35.807,-14.923,0.237,0.237,0.279,0.279
1.588,-35.627,-14.978,0.218,0.218,0.273,0.273
1.589,-35.399,-14.953,0.233,0.233,0.253,0.253
1.590,-35.480,-14.911,0.224,0.224,0.278,0.278
1.594,-35.986,-14.750,0.237,0.237,0.279,0.279
1.597,-36.492,-14.646,0.221,0.221,0.266,0.266
1.598,-36.770,-14.631,0.230,0.230,0.261,0.261
1.598,-36.590,-14.603,0.209,0.209,0.258,0.258
1.600,-36.117,-14.556,0.221,0.221,0.266,0.266
1.601,-35.774,-14.522,0.218,0.218,0.266,0.266
1.602,-35.741,-14.489,0.244,0.244,0.267,0.267
1.604,-36.003,-14.409,0.215,0.215,0.256,0.256
1.605,-36.476,-14.379,0.238,0.238,0.255,0.255
1.606,-36.802,-14.338,0.214,0.214,0.259,0.259
1.605,-37.080,-14.372,0.232,0.232,0.273,0.273
1.605,-37.243,-14.381,0.211,0.211,0.259,0.259
1.607,-37.308,-14.283,0.244,0.244,0.253,0.253
1.611,-37.292,-14.157,0.221,0.221,0.258,0.258
1.613,-37.243,-14.064,0.237,0.237,0.258,0.258
1.614,-37.031,-14.031,0.230,0.230,0.261,0.261
1.615,-36.753,-13.977,0.235,0.235,0.258,0.258
1.616,-36.476,-13.975,0.224,0.224,0.279,0.279
1.616,-36.052,-13.953,0.238,0.238,0.259,0.259
1.618,-35.807,-13.883,0.233,0.233,0.258,0.258
1.618,-35.741,-13.875,0.240,0.240,0.264,0.264
1.620,-35.986,-13.796,0.226,0.226,0.270,0.270
1.622,-36.231,-13.743,0.237,0.237,0.256,0.256
1.622,-36.313,-13.747,0.237,0.237,0.261,0.261
1.620,-36.362,-13.823,0.240,0.240,0.252,0.252
1.622,-36.574,-13.737,0.240,0.240,0.261,0.261
1.625,-37.227,-13.642,0.235,0.235,0.261,0.261
1.628,-37.912,-13.502,0.233,0.233,0.262,0.262
1.630,-38.320,-13.436,0.217,0.217,0.256,0.256
1.631,-38.385,-13.421,0.217,0.217,0.253,0.253
1.631,-38.255,-13.417,0.203,0.203,0.240,0.240
1.631,-37.994,-13.397,0.212,0.212,0.224,0.224
1.634,-37.520,-13.296,0.204,0.204,0.237,0.237
1.635,-37.014,-13.264,0.224,0.224,0.246,0.246
1.636,-36.460,-13.233,0.203,0.203,0.240,0.240
1.636,-36.003,-13.209,0.220,0.220,0.241,0.241
1.638,-35.497,-13.150,0.204,0.204,0.233,0.233
1.637,-35.023,-13.165,0.223,0.223,0.238,0.238
1.637,-34.566,-13.197,0.208,0.208,0.243,0.243
1.638,-34.338,-13.132,0.229,0.229,0.235,0.235
1.641,-34.240,-13.029,0.200,0.200,0.249,0.249
1.644,-34.060,-12.929,0.233,0.233,0.246,0.246
1.647,-33.946,-12.840,0.212,0.212,0.249,0.249
1.646,-34.322,-12.871,0.235,0.235,0.273,0.273
1.647,-35.219,-12.842,0.223,0.223,0.256,0.256
1.647,-36.247,-12.836,0.237,0.237,0.249,0.249
1.649,-36.770,-12.780,0.224,0.224,0.258,0.258
1.650,-36.688,-12.736,0.238,0.238,0.255,0.255
1.652,-36.378,-12.670,0.223,0.223,0.259,0.259
1.653,-36.264,-12.631,0.223,0.223,0.256,0.256
1.652,-36.460,-12.642,0.221,0.221,0.250,0.250
1.651,-36.721,-12.681,0.220,0.220,0.258,0.258
1.653,-36.786,-12.634,0.223,0.223,0.267,0.267
1.657,-36.557,-12.490,0.227,0.227,0.256,0.256
1.658,-36.345,-12.427,0.230,0.230,0.256,0.256
1.662,-36.247,-12.305,0.229,0.229,0.255,0.255
1.660,-36.247,-12.350,0.209,0.209,0.259,0.259
1.661,-36.296,-12.340,0.215,0.215,0.249,0.249
1.662,-36.345,-12.286,0.224,0.224,0.256,0.256
1.664,-36.541,-12.224,0.209,0.209,0.253,0.253
1.665,-36.786,-12.196,0.227,0.227,0.253,0.253
1.666,-37.308,-12.161,0.206,0.206,0.252,0.252
1.667,-37.994,-12.115,0.215,0.215,0.240,0.240
1.666,-38.548,-12.127,0.200,0.200,0.253,0.253
1.665,-39.038,-12.181,0.232,0.232,0.258,0.258
1.666,-39.495,-12.162,0.215,0.215,0.256,0.256
1.671,-40.017,-11.947,0.224,0.224,0.253,0.253
1.673,-40.735,-11.876,0.211,0.211,0.255,0.255
1.675,-41.649,-11.791,0.230,0.230,0.253,0.253
1.676,-42.204,-11.754,0.215,0.215,0.252,0.252
1.675,-42.302,-11.798,0.243,0.243,0.282,0.282
1.676,-42.057,-11.755,0.227,0.227,0.276,0.276
1.677,-41.780,-11.708,0.244,0.244,0.278,0.278
1.677,-41.910,-11.680,0.230,0.230,0.285,0.285
1.678,-42.139,-11.640,0.246,0.246,0.276,0.276
1.679,-42.204,-11.592,0.224,0.224,0.278,0.278
1.681,-41.976,-11.529,0.243,0.243,0.305,0.305
1.680,-41.519,-11.560,0.223,0.223,0.279,0.279
1.680,-41.274,-11.576,0.238,0.238,0.262,0.262
1.681,-41.421,-11.546,0.217,0.217,0.276,0.276
1.684,-41.861,-11.390,0.240,0.240,0.273,0.273
1.687,-42.204,-11.260,0.218,0.218,0.273,0.273
1.687,-42.237,-11.262,0.240,0.240,0.270,0.270
1.688,-41.764,-11.227,0.224,0.224,0.285,0.285
1.689,-41.094,-11.213,0.238,0.238,0.261,0.261
1.690,-40.735,-11.154,0.217,0.217,0.255,0.255
1.690,-40.866,-11.143,0.227,0.227,0.262,0.262
1.692,-41.372,-11.084,0.217,0.217,0.266,0.266
1.692,-41.682,-11.061,0.240,0.240,0.262,0.262
1.694,-41.584,-11.003,0.220,0.220,0.262,0.262
1.692,-41.307,-11.062,0.243,0.243,0.267,0.267
1.692,-41.225,-11.052,0.226,0.226,0.266,0.266
1.694,-41.192,-10.977,0.226,0.226,0.264,0.264
1.697,-41.486,-10.882,0.226,0.226,0.261,0.261
1.700,-41.894,-10.737,0.235,0.235,0.261,0.261
1.702,-42.204,-10.656,0.232,0.232,0.264,0.264
1.701,-42.253,-10.696,0.230,0.230,0.264,0.264
1.701,-42.008,-10.682,0.235,0.235,0.261,0.261
1.703,-41.764,-10.621,0.221,0.221,0.261,0.261
1.703,-41.927,-10.603,0.221,0.221,0.262,0.262
1.705,-42.400,-10.526,0.232,0.232,0.264,0.264
1.706,-42.939,-10.478,0.241,0.241,0.262,0.262
1.707,-43.428,-10.453,0.238,0.238,0.266,0.266
1.705,-43.640,-10.533,0.238,0.238,0.264,0.264
1.705,-43.493,-10.522,0.220,0.220,0.258,0.258
1.707,-43.249,-10.432,0.233,0.233,0.262,0.262
1.711,-43.167,-10.291,0.209,0.209,0.261,0.261
1.712,-43.151,-10.230,0.237,0.237,0.256,0.256
1.713,-43.183,-10.170,0.223,0.223,0.255,0.255
1.714,-43.167,-10.145,0.226,0.226,0.244,0.244
1.714,-42.955,-10.150,0.195,0.195,0.244,0.244
1.715,-42.498,-10.113,0.218,0.218,0.224,0.224
1.716,-42.318,-10.064,0.194,0.194,0.240,0.240
1.716,-42.645,-10.040,0.218,0.218,0.240,0.240
1.717,-43.298,-10.001,0.214,0.214,0.237,0.237
1.718,-43.657,-9.990,0.230,0.230,0.232,0.232
1.718,-43.526,-9.984,0.201,0.201,0.229,0.229
1.716,-43.232,-10.040,0.223,0.223,0.240,0.240
1.717,-42.939,-9.996,0.209,0.209,0.246,0.246
1.719,-42.955,-9.947,0.227,0.227,0.240,0.240
1.723,-43.412,-9.757,0.217,0.217,0.252,0.252
1.725,-44.146,-9.651,0.238,0.238,0.243,0.243
1.726,-44.864,-9.643,0.230,0.230,0.249,0.249
1.725,-45.403,-9.684,0.226,0.226,0.267,0.267
1.725,-45.599,-9.652,0.209,0.209,0.255,0.255
1.727,-45.452,-9.596,0.218,0.218,0.247,0.247
1.728,-45.125,-9.539,0.223,0.223,0.259,0.259
1.729,-44.848,-9.498,0.224,0.224,0.253,0.253
1.730,-44.668,-9.425,0.237,0.237,0.256,0.256
1.729,-44.815,-9.466,0.221,0.221,0.250,0.250
1.727,-45.289,-9.563,0.221,0.221,0.252,0.252
1.728,-45.860,-9.542,0.215,0.215,0.258,0.258
1.732,-46.154,-9.330,0.221,0.221,0.270,0.270
1.736,-46.203,-9.153,0.224,0.224,0.255,0.255
1.736,-46.105,-9.160,0.221,0.221,0.256,0.256
1.738,-45.860,-9.081,0.220,0.220,0.255,0.255
1.736,-45.582,-9.142,0.211,0.211,0.258,0.258
1.736,-45.305,-9.142,0.203,0.203,0.256,0.256
1.738,-44.881,-9.062,0.221,0.221,0.256,0.256
1.739,-44.391,-9.019,0.209,0.209,0.258,0.258
1.740,-44.146,-8.994,0.227,0.227,0.256,0.256
1.740,-44.309,-8.972,0.203,0.203,0.258,0.258
1.740,-44.554,-8.977,0.221,0.221,0.247,0.247
1.738,-44.881,-9.076,0.195,0.195,0.250,0.250
1.739,-44.864,-9.039,0.212,0.212,0.246,0.246
1.741,-44.652,-8.919,0.212,0.212,0.256,0.256
1.746,-44.391,-8.706,0.230,0.230,0.252,0.252
1.746,-44.146,-8.705,0.215,0.215,0.258,0.258
1.747,-44.130,-8.662,0.235,0.235,0.259,0.259
1.748,-44.114,-8.646,0.230,0.230,0.272,0.272
1.748,-44.146,-8.645,0.241,0.241,0.278,0.278
1.748,-44.195,-8.630,0.224,0.224,0.284,0.284
1.749,-44.620,-8.599,0.252,0.252,0.276,0.276
1.750,-45.044,-8.531,0.237,0.237,0.273,0.273
1.751,-45.158,-8.504,0.247,0.247,0.273,0.273
1.751,-45.125,-8.478,0.230,0.230,0.279,0.279
1.750,-44.620,-8.516,0.240,0.240,0.264,0.264
1.750,-43.967,-8.527,0.226,0.226,0.276,0.276
1.751,-43.151,-8.509,0.252,0.252,0.275,0.275
1.753,-42.645,-8.408,0.226,0.226,0.275,0.275
1.755,-42.367,-8.308,0.246,0.246,0.261,0.261
1.757,-42.204,-8.219,0.224,0.224,0.267,0.267
1.757,-42.172,-8.239,0.240,0.240,0.264,0.264
1.756,-42.188,-8.261,0.220,0.220,0.266,0.266
1.757,-42.172,-8.235,0.233,0.233,0.267,0.267
1.759,-41.943,-8.170,0.230,0.230,0.259,0.259
1.760,-41.764,-8.127,0.232,0.232,0.259,0.259
1.759,-41.682,-8.151,0.223,0.223,0.261,0.261
1.761,-41.682,-8.069,0.230,0.230,0.278,0.278
1.761,-41.943,-8.083,0.232,0.232,0.262,0.262
1.759,-42.172,-8.138,0.226,0.226,0.266,0.266
1.760,-42.041,-8.133,0.221,0.221,0.261,0.261
1.760,-41.812,-8.129,0.223,0.223,0.264,0.264
1.767,-41.633,-7.826,0.227,0.227,0.258,0.258
1.766,-41.437,-7.854,0.215,0.215,0.250,0.250
1.767,-41.258,-7.822,0.230,0.230,0.250,0.250
1.768,-41.176,-7.798,0.221,0.221,0.261,0.261
1.766,-40.931,-7.849,0.232,0.232,0.264,0.264
1.768,-40.768,-7.778,0.226,0.226,0.262,0.262
1.768,-40.686,-7.760,0.233,0.233,0.261,0.261
1.769,-40.964,-7.751,0.218,0.218,0.246,0.246
1.770,-41.437,-7.678,0.230,0.230,0.264,0.264
1.770,-41.976,-7.711,0.223,0.223,0.272,0.272
1.768,-42.220,-7.766,0.238,0.238,0.259,0.259
1.768,-42.008,-7.792,0.224,0.224,0.258,0.258
1.769,-41.584,-7.738,0.246,0.246,0.262,0.262
1.775,-41.209,-7.487,0.218,0.218,0.262,0.262
1.775,-41.176,-7.477,0.237,0.237,0.276,0.276
1.776,-41.404,-7.471,0.209,0.209,0.253,0.253
1.775,-41.698,-7.476,0.227,0.227,0.241,0.241
1.775,-41.992,-7.484,0.200,0.200,0.240,0.240
1.777,-42.155,-7.404,0.218,0.218,0.238,0.238
1.776,-42.041,-7.437,0.197,0.197,0.241,0.241
1.778,-41.731,-7.376,0.218,0.218,0.235,0.235
1.779,-41.437,-7.307,0.203,0.203,0.223,0.223
1.779,-41.241,-7.328,0.221,0.221,0.238,0.238
1.778,-41.176,-7.352,0.221,0.221,0.250,0.250
1.777,-41.404,-7.388,0.224,0.224,0.243,0.243
1.776,-41.682,-7.440,0.215,0.215,0.249,0.249
1.780,-41.715,-7.299,0.220,0.220,0.240,0.240
1.783,-41.764,-7.165,0.218,0.218,0.252,0.252
1.784,-41.682,-7.096,0.215,0.215,0.233,0.233
1.785,-41.666,-7.062,0.215,0.215,0.252,0.252
1.785,-41.437,-7.093,0.224,0.224,0.259,0.259
1.785,-40.980,-7.085,0.226,0.226,0.250,0.250
1.786,-40.409,-7.048,0.215,0.215,0.253,0.253
1.786,-39.675,-7.035,0.221,0.221,0.240,0.240
1.787,-38.973,-7.000,0.218,0.218,0.258,0.258
1.787,-38.483,-7.002,0.229,0.229,0.255,0.255
1.787,-38.206,-7.006,0.203,0.203,0.255,0.255
1.784,-38.222,-7.119,0.223,0.223,0.261,0.261
1.786,-38.238,-7.014,0.206,0.206,0.261,0.261
1.788,-38.287,-6.945,0.223,0.223,0.255,0.255
1.791,-38.271,-6.847,0.208,0.208,0.276,0.276
1.792,-38.287,-6.813,0.230,0.230,0.256,0.256
1.792,-38.516,-6.802,0.214,0.214,0.253,0.253
1.792,-38.908,-6.799,0.233,0.233,0.256,0.256
1.792,-39.250,-6.812,0.208,0.208,0.253,0.253
1.793,-39.511,-6.781,0.224,0.224,0.250,0.250
1.793,-39.724,-6.745,0.197,0.197,0.249,0.249
1.795,-39.724,-6.698,0.230,0.230,0.264,0.264
1.795,-39.724,-6.691,0.200,0.200,0.255,0.255
1.794,-39.675,-6.740,0.227,0.227,0.249,0.249
1.793,-39.413,-6.765,0.206,0.206,0.258,0.258
1.792,-39.022,-6.791,0.230,0.230,0.252,0.252
1.794,-38.467,-6.727,0.212,0.212,0.253,0.253
1.798,-37.994,-6.585,0.223,0.223,0.256,0.256
1.799,-37.749,-6.521,0.227,0.227,0.273,0.273
1.799,-37.700,-6.537,0.237,0.237,0.256,0.256
1.799,-37.732,-6.527,0.226,0.226,0.256,0.256
1.799,-37.798,-6.531,0.244,0.244,0.278,0.278
1.799,-37.994,-6.547,0.238,0.238,0.284,0.284
1.800,-38.222,-6.477,0.246,0.246,0.275,0.275
1.801,-38.548,-6.476,0.230,0.230,0.279,0.279
1.802,-38.744,-6.435,0.250,0.250,0.291,0.291
1.802,-39.005,-6.433,0.238,0.238,0.276,0.276
1.801,-39.185,-6.470,0.241,0.241,0.275,0.275
1.801,-39.218,-6.475,0.235,0.235,0.273,0.273
1.801,-39.005,-6.456,0.235,0.235,0.273,0.273
1.801,-38.793,-6.443,0.223,0.223,0.282,0.282
1.806,-38.679,-6.273,0.230,0.230,0.269,0.269
1.807,-38.434,-6.235,0.227,0.227,0.261,0.261
1.808,-38.043,-6.187,0.221,0.221,0.261,0.261
1.806,-37.504,-6.258,0.232,0.232,0.270,0.270
1.806,-37.014,-6.273,0.220,0.220,0.266,0.266
1.807,-36.753,-6.240,0.230,0.230,0.264,0.264
1.806,-36.704,-6.252,0.218,0.218,0.264,0.264
1.808,-36.753,-6.179,0.230,0.230,0.264,0.264
1.808,-36.721,-6.201,0.215,0.215,0.230,0.230
1.808,-36.557,-6.206,0.224,0.224,0.255,0.255
1.806,-36.329,-6.258,0.214,0.214,0.269,0.269
1.805,-36.443,-6.300,0.232,0.232,0.258,0.258
1.810,-36.460,-6.133,0.217,0.217,0.256,0.256
1.812,-36.345,-6.051,0.229,0.229,0.253,0.253
1.813,-36.296,-6.005,0.223,0.223,0.258,0.258
1.812,-36.264,-6.046,0.238,0.238,0.259,0.259
1.812,-36.247,-6.058,0.214,0.214,0.261,0.261
1.812,-36.264,-6.043,0.249,0.249,0.261,0.261
1.813,-36.296,-6.011,0.215,0.215,0.258,0.258
1.813,-36.264,-6.007,0.237,0.237,0.253,0.253
1.814,-36.296,-5.977,0.221,0.221,0.249,0.249
1.814,-36.264,-5.969,0.249,0.249,0.264,0.264
1.814,-36.296,-5.980,0.224,0.224,0.269,0.269
1.813,-36.280,-6.005,0.247,0.247,0.255,0.255
1.811,-36.264,-6.080,0.232,0.232,0.259,0.259
1.812,-36.264,-6.027,0.243,0.243,0.255,0.255
1.817,-36.296,-5.873,0.218,0.218,0.261,0.261
1.818,-36.313,-5.842,0.238,0.238,0.243,0.243
1.818,-36.557,-5.832,0.215,0.215,0.258,0.258
1.818,-36.949,-5.843,0.223,0.223,0.258,0.258
1.818,-37.276,-5.839,0.208,0.208,0.227,0.227
1.817,-37.341,-5.846,0.220,0.220,0.233,0.233
1.817,-37.276,-5.859,0.208,0.208,0.238,0.238
1.818,-36.982,-5.808,0.209,0.209,0.230,0.230
1.818,-36.525,-5.817,0.220,0.220,0.267,0.267
1.820,-36.052,-5.769,0.212,0.212,0.243,0.243
1.818,-35.725,-5.823,0.214,0.214,0.237,0.237
1.816,-35.415,-5.881,0.203,0.203,0.247,0.247
1.818,-34.844,-5.827,0.223,0.223,0.246,0.246
1.821,-34.371,-5.731,0.203,0.203,0.238,0.238
1.823,-33.995,-5.646,0.223,0.223,0.243,0.243
1.823,-33.783,-5.653,0.208,0.208,0.243,0.243
1.823,-33.538,-5.643,0.224,0.224,0.249,0.249
1.823,-33.375,-5.650,0.215,0.215,0.255,0.255
1.822,-33.506,-5.677,0.224,0.224,0.250,0.250
1.823,-33.750,-5.651,0.215,0.215,0.252,0.252
1.823,-33.848,-5.646,0.233,0.233,0.252,0.252
1.824,-33.881,-5.615,0.201,0.201,0.258,0.258
1.824,-34.093,-5.633,0.232,0.232,0.238,0.238
1.823,-34.501,-5.667,0.218,0.218,0.258,0.258
1.821,-34.828,-5.722,0.233,0.233,0.267,0.267
1.822,-34.893,-5.692,0.212,0.212,0.258,0.258
1.826,-35.105,-5.565,0.240,0.240,0.253,0.253
1.828,-35.219,-5.491,0.212,0.212,0.249,0.249
1.826,-35.089,-5.540,0.230,0.230,0.252,0.252
1.827,-34.876,-5.517,0.218,0.218,0.267,0.267
1.826,-34.730,-5.555,0.227,0.227,0.255,0.255
1.826,-34.534,-5.545,0.214,0.214,0.258,0.258
1.826,-34.338,-5.548,0.229,0.229,0.256,0.256
1.827,-33.979,-5.502,0.212,0.212,0.255,0.255
1.827,-33.604,-5.502,0.229,0.229,0.269,0.269
1.827,-33.277,-5.513,0.209,0.209,0.256,0.256
1.827,-33.016,-5.516,0.221,0.221,0.255,0.255
1.826,-32.592,-5.544,0.217,0.217,0.255,0.255
1.825,-32.363,-5.581,0.214,0.214,0.253,0.253
1.828,-32.233,-5.472,0.217,0.217,0.256,0.256
1.831,-32.118,-5.380,0.215,0.215,0.259,0.259
1.831,-32.118,-5.378,0.224,0.224,0.255,0.255
1.831,-32.298,-5.390,0.214,0.214,0.259,0.259
1.830,-32.608,-5.409,0.243,0.243,0.261,0.261
1.830,-33.049,-5.411,0.233,0.233,0.273,0.273
1.830,-33.359,-5.420,0.233,0.233,0.272,0.272
1.830,-33.636,-5.417,0.240,0.240,0.278,0.278
1.831,-34.028,-5.369,0.244,0.244,0.285,0.285
1.832,-34.305,-5.364,0.226,0.226,0.267,0.267
1.831,-34.387,-5.375,0.240,0.240,0.278,0.278
1.829,-34.354,-5.440,0.224,0.224,0.278,0.278
1.829,-34.354,-5.447,0.232,0.232,0.273,0.273
1.829,-34.338,-5.466,0.224,0.224,0.273,0.273
1.834,-34.354,-5.293,0.233,0.233,0.295,0.295
1.835,-34.305,-5.256,0.224,0.224,0.270,0.270
1.836,-34.305,-5.222,0.233,0.233,0.272,0.272
1.834,-34.060,-5.271,0.215,0.215,0.264,0.264
1.834,-33.832,-5.291,0.237,0.237,0.264,0.264
1.834,-33.750,-5.293,0.211,0.211,0.255,0.255
1.834,-33.555,-5.275,0.240,0.240,0.250,0.250
1.835,-33.571,-5.254,0.209,0.209,0.244,0.244
1.835,-33.489,-5.249,0.227,0.227,0.256,0.256
1.834,-33.391,-5.272,0.223,0.223,0.267,0.267
1.832,-33.293,-5.340,0.235,0.235,0.258,0.258
1.831,-33.326,-5.377,0.221,0.221,0.261,0.261
1.832,-33.522,-5.344,0.233,0.233,0.267,0.267
1.837,-33.767,-5.184,0.227,0.227,0.258,0.258
1.838,-33.816,-5.161,0.241,0.241,0.252,0.252
1.837,-33.587,-5.172,0.218,0.218,0.253,0.253
1.836,-33.359,-5.205,0.243,0.243,0.255,0.255
1.837,-33.277,-5.180,0.227,0.227,0.267,0.267
1.837,-33.277,-5.176,0.238,0.238,0.261,0.261
1.836,-33.293,-5.213,0.224,0.224,0.267,0.267
1.837,-33.310,-5.180,0.253,0.253,0.253,0.253
1.837,-33.293,-5.188,0.230,0.230,0.256,0.256
1.836,-33.326,-5.211,0.250,0.250,0.255,0.255
1.836,-33.326,-5.225,0.238,0.238,0.262,0.262
1.834,-33.326,-5.269,0.243,0.243,0.259,0.259
1.833,-33.326,-5.318,0.230,0.230,0.256,0.256
1.837,-33.310,-5.195,0.230,0.230,0.252,0.252
1.840,-33.244,-5.089,0.237,0.237,0.253,0.253
1.839,-33.065,-5.118,0.230,0.230,0.258,0.258
1.838,-32.869,-5.129,0.221,0.221,0.258,0.258
1.839,-32.820,-5.123,0.215,0.215,0.249,0.249
1.839,-33.032,-5.117,0.218,0.218,0.224,0.224
1.839,-33.277,-5.125,0.200,0.200,0.238,0.238
1.838,-33.359,-5.144,0.215,0.215,0.230,0.230
1.839,-33.359,-5.108,0.201,0.201,0.235,0.235
1.839,-33.293,-5.099,0.206,0.206,0.233,0.233
1.838,-33.293,-5.142,0.198,0.198,0.230,0.230
1.837,-33.065,-5.175,0.221,0.221,0.230,0.230
1.835,-32.885,-5.256,0.200,0.200,0.261,0.261
1.837,-32.755,-5.187,0.218,0.218,0.240,0.240
1.840,-32.543,-5.083,0.211,0.211,0.227,0.227
1.841,-32.380,-5.042,0.227,0.227,0.244,0.244
1.842,-32.265,-5.031,0.212,0.212,0.244,0.244
1.839,-32.053,-5.100,0.227,0.227,0.244,0.244
1.840,-31.874,-5.072,0.212,0.212,0.250,0.250
1.839,-31.776,-5.104,0.235,0.235,0.252,0.252
1.839,-31.792,-5.110,0.212,0.212,0.253,0.253
1.841,-31.825,-5.056,0.227,0.227,0.261,0.261
1.840,-31.792,-5.067,0.223,0.223,0.255,0.255
1.840,-31.825,-5.090,0.233,0.233,0.253,0.253
1.837,-31.808,-5.164,0.215,0.215,0.252,0.252
1.836,-31.792,-5.211,0.238,0.238,0.253,0.253
1.837,-31.580,-5.168,0.221,0.221,0.232,0.232
1.842,-31.351,-5.016,0.227,0.227,0.255,0.255
1.842,-31.319,-5.014,0.224,0.224,0.261,0.261
1.841,-31.237,-5.048,0.230,0.230,0.258,0.258
1.841,-31.090,-5.053,0.220,0.220,0.253,0.253
1.840,-30.911,-5.073,0.217,0.217,0.237,0.237
1.841,-31.009,-5.055,0.227,0.227,0.258,0.258
1.840,-31.025,-5.084,0.218,0.218,0.258,0.258
1.841,-30.894,-5.056,0.224,0.224,0.249,0.249
1.840,-30.878,-5.071,0.211,0.211,0.249,0.249
1.841,-31.058,-5.064,0.224,0.224,0.255,0.255
1.838,-31.270,-5.135,0.211,0.211,0.252,0.252
1.837,-31.351,-5.182,0.212,0.212,0.269,0.269
1.838,-31.368,-5.146,0.204,0.204,0.249,0.249
1.842,-31.335,-5.032,0.218,0.218,0.243,0.243
1.844,-31.351,-4.941,0.203,0.203,0.255,0.255
1.843,-31.319,-4.986,0.233,0.233,0.255,0.255
1.842,-31.319,-5.010,0.218,0.218,0.261,0.261
1.842,-31.368,-5.027,0.237,0.237,0.259,0.259
1.841,-31.564,-5.041,0.226,0.226,0.270,0.270
1.841,-31.776,-5.038,0.246,0.246,0.276,0.276
1.842,-31.841,-5.032,0.223,0.223,0.282,0.282
1.842,-31.825,-5.015,0.243,0.243,0.273,0.273
1.841,-31.857,-5.038,0.227,0.227,0.269,0.269
1.840,-31.841,-5.078,0.244,0.244,0.272,0.272
1.838,-32.069,-5.135,0.217,0.217,0.273,0.273
1.838,-32.314,-5.154,0.252,0.252,0.255,0.255
1.841,-32.624,-5.034,0.220,0.220,0.272,0.272
1.843,-32.820,-4.996,0.246,0.246,0.278,0.278
1.842,-32.853,-5.019,0.223,0.223,0.264,0.264
1.842,-32.853,-5.028,0.243,0.243,0.255,0.255
1.841,-33.065,-5.043,0.220,0.220,0.282,0.282
1.841,-33.293,-5.063,0.238,0.238,0.262,0.262
1.840,-33.359,-5.075,0.215,0.215,0.258,0.258
1.840,-33.375,-5.080,0.237,0.237,0.252,0.252
1.841,-33.277,-5.055,0.217,0.217,0.258,0.258
1.840,-33.065,-5.080,0.249,0.249,0.255,0.255
1.838,-32.902,-5.145,0.229,0.229,0.256,0.256
1.837,-32.771,-5.185,0.235,0.235,0.272,0.272
1.839,-32.836,-5.126,0.232,0.232,0.255,0.255
1.840,-32.804,-5.068,0.233,0.233,0.247,0.247
1.843,-32.624,-4.997,0.227,0.227,0.259,0.259
1.842,-32.641,-5.010,0.227,0.227,0.258,0.258
1.841,-32.739,-5.062,0.235,0.235,0.253,0.253
1.840,-32.836,-5.076,0.229,0.229,0.252,0.252
1.840,-32.853,-5.081,0.223,0.223,0.252,0.252
1.841,-32.869,-5.061,0.240,0.240,0.255,0.255
1.839,-33.081,-5.114,0.238,0.238,0.258,0.258
1.840,-33.277,-5.089,0.240,0.240,0.256,0.256
1.839,-33.391,-5.107,0.240,0.240,0.261,0.261
1.838,-33.391,-5.161,0.227,0.227,0.255,0.255
1.837,-33.522,-5.199,0.241,0.241,0.258,0.258
1.836,-33.555,-5.207,0.230,0.230,0.249,0.249
1.840,-33.652,-5.082,0.243,0.243,0.255,0.255
1.841,-33.750,-5.044,0.226,0.226,0.253,0.253
1.842,-33.832,-5.028,0.235,0.235,0.249,0.249
1.840,-33.816,-5.082,0.218,0.218,0.255,0.255
1.839,-33.587,-5.112,0.240,0.240,0.250,0.250
1.839,-33.359,-5.131,0.204,0.204,0.249,0.249
1.839,-33.244,-5.129,0.223,0.223,0.206,0.206
1.838,-33.098,-5.152,0.198,0.198,0.227,0.227
1.838,-33.130,-5.132,0.218,0.218,0.246,0.246
1.838,-33.261,-5.132,0.192,0.192,0.230,0.230
1.838,-33.342,-5.135,0.229,0.229,0.232,0.232
1.837,-33.342,-5.193,0.209,0.209,0.230,0.230
1.835,-33.359,-5.263,0.221,0.221,0.232,0.232
1.836,-33.326,-5.225,0.215,0.215,0.224,0.224
1.837,-33.359,-5.172,0.233,0.233,0.237,0.237
1.840,-33.326,-5.096,0.221,0.221,0.246,0.246
1.839,-33.359,-5.129,0.230,0.230,0.246,0.246
1.838,-33.342,-5.133,0.217,0.217,0.247,0.247
1.836,-33.326,-5.219,0.227,0.227,0.241,0.241
1.836,-33.310,-5.206,0.227,0.227,0.252,0.252
1.836,-33.065,-5.204,0.227,0.227,0.241,0.241
1.836,-32.869,-5.212,0.226,0.226,0.250,0.250
1.837,-32.788,-5.196,0.229,0.229,0.249,0.249
1.836,-32.804,-5.202,0.221,0.221,0.256,0.256
1.834,-32.836,-5.296,0.230,0.230,0.255,0.255
1.832,-32.836,-5.344,0.224,0.224,0.267,0.267
1.833,-32.836,-5.319,0.220,0.220,0.253,0.253
1.836,-32.869,-5.206,0.218,0.218,0.249,0.249
1.837,-33.098,-5.173,0.215,0.215,0.252,0.252
1.835,-33.310,-5.235,0.224,0.224,0.253,0.253
1.835,-33.604,-5.234,0.209,0.209,0.255,0.255
1.834,-33.799,-5.293,0.233,0.233,0.256,0.256
1.834,-33.881,-5.296,0.212,0.212,0.270,0.270
1.835,-34.044,-5.258,0.221,0.221,0.255,0.255
1.834,-34.305,-5.281,0.209,0.209,0.247,0.247
1.834,-34.354,-5.292,0.221,0.221,0.250,0.250
1.834,-34.354,-5.291,0.204,0.204,0.246,0.246
1.832,-34.093,-5.341,0.215,0.215,0.243,0.243
1.830,-33.897,-5.435,0.206,0.206,0.249,0.249
1.830,-33.783,-5.431,0.217,0.217,0.247,0.247
1.833,-33.816,-5.323,0.203,0.203,0.249,0.249
1.834,-33.783,-5.288,0.223,0.223,0.250,0.250
1.835,-33.587,-5.257,0.214,0.214,0.255,0.255
1.833,-33.391,-5.322,0.227,0.227,0.250,0.250
1.831,-33.326,-5.387,0.212,0.212,0.249,0.249
1.831,-33.538,-5.367,0.238,0.238,0.262,0.262
1.831,-33.799,-5.370,0.227,0.227,0.262,0.262
1.830,-33.865,-5.403,0.237,0.237,0.269,0.269
1.830,-33.865,-5.418,0.224,0.224,0.281,0.281
1.831,-34.060,-5.386,0.252,0.252,0.279,0.279
1.831,-34.256,-5.384,0.224,0.224,0.273,0.273
1.828,-34.403,-5.488,0.259,0.259,0.282,0.282
1.826,-34.599,-5.556,0.223,0.223,0.270,0.270
1.825,-34.762,-5.578,0.249,0.249,0.258,0.258
1.828,-34.844,-5.471,0.224,0.224,0.266,0.266
1.830,-34.828,-5.413,0.243,0.243,0.273,0.273
1.830,-34.828,-5.414,0.224,0.224,0.266,0.266
1.829,-34.762,-5.462,0.235,0.235,0.262,0.262
1.827,-34.795,-5.505,0.230,0.230,0.270,0.270
1.827,-34.566,-5.517,0.237,0.237,0.259,0.259
1.827,-34.387,-5.519,0.226,0.226,0.261,0.261
1.826,-34.305,-5.549,0.243,0.243,0.253,0.253
1.827,-34.289,-5.522,0.229,0.229,0.255,0.255
1.827,-34.109,-5.535,0.230,0.230,0.256,0.256
1.826,-33.865,-5.569,0.224,0.224,0.261,0.261
1.822,-33.783,-5.685,0.226,0.226,0.240,0.240
1.823,-33.783,-5.650,0.230,0.230,0.253,0.253
1.824,-33.799,-5.622,0.229,0.229,0.261,0.261
1.826,-33.767,-5.562,0.230,0.230,0.255,0.255
1.826,-33.848,-5.566,0.233,0.233,0.253,0.253
1.825,-33.767,-5.605,0.224,0.224,0.240,0.240
1.824,-33.767,-5.623,0.227,0.227,0.255,0.255
1.823,-33.848,-5.660,0.233,0.233,0.264,0.264
1.823,-34.109,-5.648,0.218,0.218,0.253,0.253
1.822,-34.322,-5.686,0.230,0.230,0.253,0.253
1.822,-34.615,-5.683,0.223,0.223,0.256,0.256
1.822,-34.811,-5.677,0.243,0.243,0.255,0.255
1.820,-34.828,-5.752,0.221,0.221,0.273,0.273
1.819,-34.860,-5.783,0.249,0.249,0.255,0.255
1.819,-34.991,-5.809,0.229,0.229,0.250,0.250
1.820,-35.252,-5.771,0.238,0.238,0.259,0.259
1.822,-35.350,-5.699,0.226,0.226,0.252,0.252
1.821,-35.578,-5.715,0.233,0.233,0.249,0.249
1.819,-35.758,-5.785,0.214,0.214,0.247,0.247
1.820,-35.807,-5.765,0.224,0.224,0.247,0.247
1.819,-35.823,-5.814,0.212,0.212,0.246,0.246
1.819,-35.709,-5.805,0.227,0.227,0.240,0.240
1.818,-35.529,-5.825,0.200,0.200,0.238,0.238
1.818,-35.284,-5.846,0.223,0.223,0.224,0.224
1.817,-35.023,-5.851,0.212,0.212,0.224,0.224
1.816,-34.828,-5.903,0.224,0.224,0.230,0.230
1.814,-34.713,-5.959,0.204,0.204,0.226,0.226
1.813,-34.550,-6.000,0.229,0.229,0.230,0.230
1.813,-34.142,-6.002,0.209,0.209,0.241,0.241
1.817,-33.832,-5.871,0.221,0.221,0.237,0.237
1.816,-33.767,-5.901,0.218,0.218,0.237,0.237
1.816,-33.799,-5.894,0.223,0.223,0.237,0.237
1.816,-33.848,-5.906,0.221,0.221,0.241,0.241
1.814,-34.060,-5.982,0.221,0.221,0.238,0.238
1.813,-34.322,-5.990,0.226,0.226,0.249,0.249
1.812,-34.583,-6.040,0.223,0.223,0.243,0.243
1.812,-34.828,-6.032,0.221,0.221,0.247,0.247
1.812,-35.072,-6.052,0.221,0.221,0.246,0.246
1.812,-35.317,-6.036,0.223,0.223,0.261,0.261
1.809,-35.562,-6.135,0.214,0.214,0.252,0.252
1.808,-35.758,-6.194,0.215,0.215,0.238,0.238
1.807,-36.052,-6.212,0.218,0.218,0.246,0.246
1.809,-36.264,-6.144,0.230,0.230,0.255,0.255
1.811,-36.313,-6.061,0.211,0.211,0.244,0.244
1.809,-36.313,-6.141,0.235,0.235,0.250,0.250
1.810,-36.476,-6.120,0.212,0.212,0.261,0.261
1.808,-36.492,-6.192,0.224,0.224,0.246,0.246
1.807,-36.362,-6.230,0.209,0.209,0.249,0.249
1.807,-36.264,-6.219,0.227,0.227,0.241,0.241
1.807,-35.970,-6.236,0.208,0.208,0.247,0.247
1.806,-35.595,-6.264,0.224,0.224,0.249,0.249
1.806,-35.284,-6.270,0.209,0.209,0.246,0.246
1.804,-35.040,-6.318,0.226,0.226,0.240,0.240
1.802,-35.056,-6.390,0.209,0.209,0.243,0.243
1.802,-35.203,-6.405,0.230,0.230,0.249,0.249
1.804,-35.105,-6.320,0.209,0.209,0.249,0.249
1.805,-35.089,-6.273,0.226,0.226,0.247,0.247
1.804,-35.187,-6.309,0.204,0.204,0.233,0.233
1.803,-35.284,-6.369,0.238,0.238,0.247,0.247
1.802,-35.333,-6.408,0.218,0.218,0.261,0.261
1.801,-35.301,-6.421,0.243,0.243,0.255,0.255
1.801,-35.301,-6.449,0.233,0.233,0.276,0.276
1.800,-35.301,-6.452,0.256,0.256,0.266,0.266
1.800,-35.284,-6.476,0.237,0.237,0.264,0.264
1.800,-35.072,-6.483,0.256,0.256,0.287,0.287
1.798,-34.844,-6.546,0.235,0.235,0.269,0.269
1.796,-34.517,-6.618,0.249,0.249,0.264,0.264
1.793,-34.109,-6.702,0.230,0.230,0.269,0.269
1.795,-33.783,-6.656,0.243,0.243,0.267,0.267
1.798,-33.538,-6.550,0.230,0.230,0.266,0.266
1.798,-33.342,-6.551,0.230,0.230,0.269,0.269
1.796,-33.293,-6.595,0.238,0.238,0.240,0.240
1.795,-33.310,-6.634,0.233,0.233,0.261,0.261
1.794,-33.359,-6.679,0.229,0.229,0.275,0.275
1.793,-33.555,-6.707,0.229,0.229,0.258,0.258
1.794,-33.799,-6.673,0.227,0.227,0.259,0.259
1.793,-34.109,-6.722,0.221,0.221,0.252,0.252
1.792,-34.534,-6.748,0.227,0.227,0.255,0.255
1.791,-34.828,-6.771,0.218,0.218,0.252,0.252
1.789,-35.138,-6.859,0.237,0.237,0.249,0.249
1.787,-35.497,-6.923,0.214,0.214,0.252,0.252
1.786,-35.774,-6.940,0.235,0.235,0.250,0.250
1.791,-36.052,-6.770,0.226,0.226,0.250,0.250
1.790,-36.003,-6.813,0.230,0.230,0.273,0.273
1.789,-35.872,-6.846,0.227,0.227,0.246,0.246
1.788,-35.725,-6.879,0.232,0.232,0.241,0.241
1.786,-35.562,-6.935,0.221,0.221,0.252,0.252
1.787,-35.578,-6.934,0.227,0.227,0.249,0.249
1.786,-35.676,-6.969,0.221,0.221,0.250,0.250
1.786,-35.790,-6.969,0.238,0.238,0.247,0.247
1.784,-35.823,-7.021,0.220,0.220,0.246,0.246
1.783,-36.068,-7.043,0.246,0.246,0.252,0.252
1.780,-36.476,-7.165,0.227,0.227,0.255,0.255
1.779,-36.998,-7.223,0.246,0.246,0.247,0.247
1.779,-37.276,-7.223,0.229,0.229,0.246,0.246
1.783,-37.357,-7.058,0.244,0.244,0.230,0.230
1.782,-37.569,-7.109,0.229,0.229,0.252,0.252
1.782,-37.961,-7.088,0.238,0.238,0.258,0.258
1.780,-38.483,-7.164,0.226,0.226,0.249,0.249
1.778,-38.679,-7.244,0.243,0.243,0.246,0.246
1.779,-38.304,-7.220,0.215,0.215,0.240,0.240
1.778,-37.569,-7.264,0.227,0.227,0.227,0.227
1.778,-36.623,-7.258,0.212,0.212,0.247,0.247
1.777,-36.198,-7.299,0.221,0.221,0.230,0.230
1.776,-36.019,-7.323,0.198,0.198,0.230,0.230
1.774,-35.595,-7.382,0.218,0.218,0.232,0.232
1.772,-35.121,-7.450,0.212,0.212,0.237,0.237
1.770,-35.040,-7.534,0.215,0.215,0.230,0.230
1.773,-35.203,-7.427,0.211,0.211,0.229,0.229
1.774,-35.578,-7.391,0.218,0.218,0.206,0.206
1.774,-36.068,-7.406,0.221,0.221,0.232,0.232
1.773,-36.786,-7.435,0.220,0.220,0.249,0.249
1.771,-37.439,-7.511,0.224,0.224,0.243,0.243
1.770,-37.798,-7.546,0.217,0.217,0.235,0.235
1.770,-37.830,-7.548,0.224,0.224,0.232,0.232
1.769,-37.732,-7.586,0.209,0.209,0.246,0.246
1.767,-37.520,-7.636,0.227,0.227,0.238,0.238
1.768,-37.276,-7.626,0.212,0.212,0.243,0.243
1.766,-37.227,-7.707,0.214,0.214,0.240,0.240
1.762,-36.998,-7.840,0.212,0.212,0.246,0.246
1.762,-36.819,-7.830,0.238,0.238,0.250,0.250
1.761,-36.476,-7.870,0.209,0.209,0.273,0.273
1.765,-36.052,-7.736,0.233,0.233,0.250,0.250
1.765,-35.546,-7.723,0.208,0.208,0.237,0.237
1.764,-35.089,-7.763,0.230,0.230,0.241,0.241
1.762,-35.056,-7.849,0.209,0.209,0.243,0.243
1.761,-35.415,-7.863,0.237,0.237,0.243,0.243
1.760,-36.068,-7.908,0.206,0.206,0.247,0.247
1.760,-36.770,-7.897,0.230,0.230,0.246,0.246
1.759,-37.259,-7.942,0.212,0.212,0.247,0.247
1.758,-37.324,-7.984,0.233,0.233,0.241,0.241
1.758,-37.112,-7.992,0.217,0.217,0.244,0.244
1.754,-37.014,-8.134,0.224,0.224,0.244,0.244
1.752,-36.982,-8.204,0.211,0.211,0.240,0.240
1.751,-37.063,-8.237,0.221,0.221,0.243,0.243
1.756,-37.210,-8.056,0.206,0.206,0.247,0.247
1.755,-37.292,-8.073,0.230,0.230,0.247,0.247
1.754,-37.292,-8.132,0.220,0.220,0.252,0.252
1.753,-37.243,-8.178,0.232,0.232,0.250,0.250
1.752,-37.243,-8.189,0.224,0.224,0.244,0.244
1.750,-36.982,-8.268,0.249,0.249,0.250,0.250
1.750,-36.557,-8.290,0.235,0.235,0.273,0.273
1.749,-36.035,-8.312,0.244,0.244,0.262,0.262
1.749,-35.774,-8.316,0.246,0.246,0.272,0.272
1.748,-35.709,-8.342,0.243,0.243,0.279,0.279
1.746,-35.790,-8.409,0.232,0.232,0.267,0.267
1.742,-36.035,-8.574,0.243,0.243,0.266,0.266
1.741,-36.525,-8.610,0.235,0.235,0.253,0.253
1.742,-37.243,-8.570,0.233,0.233,0.261,0.261
1.746,-37.961,-8.422,0.247,0.247,0.272,0.272
1.745,-38.255,-8.466,0.227,0.227,0.270,0.270
1.744,-38.108,-8.479,0.233,0.233,0.262,0.262
1.741,-37.798,-8.591,0.227,0.227,0.258,0.258
1.741,-37.716,-8.614,0.238,0.238,0.262,0.262
1.739,-37.684,-8.686,0.223,0.223,0.246,0.246
1.739,-37.749,-8.682,0.229,0.229,0.247,0.247
1.738,-37.732,-8.727,0.223,0.223,0.241,0.241
1.737,-37.732,-8.764,0.230,0.230,0.252,0.252
1.736,-37.749,-8.773,0.215,0.215,0.249,0.249
1.732,-37.765,-8.946,0.235,0.235,0.269,0.269
1.732,-37.716,-8.950,0.224,0.224,0.255,0.255
1.729,-37.569,-9.051,0.233,0.233,0.237,0.237
1.734,-37.520,-8.858,0.218,0.218,0.244,0.244
1.734,-37.635,-8.860,0.232,0.232,0.247,0.247
1.733,-37.520,-8.892,0.218,0.218,0.246,0.246
1.731,-37.292,-8.976,0.233,0.233,0.244,0.244
1.730,-36.965,-9.014,0.220,0.220,0.246,0.246
1.728,-36.557,-9.102,0.243,0.243,0.249,0.249
1.728,-36.313,-9.092,0.223,0.223,0.250,0.250
1.727,-36.215,-9.134,0.249,0.249,0.246,0.246
1.727,-36.280,-9.131,0.224,0.224,0.244,0.244
1.726,-36.264,-9.176,0.246,0.246,0.246,0.246
1.722,-36.296,-9.306,0.224,0.224,0.244,0.244
1.719,-36.264,-9.401,0.255,0.255,0.241,0.241
1.720,-36.296,-9.372,0.230,0.230,0.247,0.247
1.721,-36.508,-9.360,0.249,0.249,0.247,0.247
1.722,-36.737,-9.296,0.235,0.235,0.249,0.249
1.721,-37.080,-9.327,0.249,0.249,0.247,0.247
1.721,-37.455,-9.364,0.233,0.233,0.224,0.224
1.719,-37.765,-9.436,0.243,0.243,0.240,0.240
1.718,-37.765,-9.457,0.221,0.221,0.246,0.246
1.717,-37.537,-9.492,0.218,0.218,0.224,0.224
1.715,-37.308,-9.565,0.206,0.206,0.229,0.229
1.714,-37.210,-9.596,0.218,0.218,0.232,0.232
1.714,-36.982,-9.596,0.209,0.209,0.224,0.224
1.711,-36.851,-9.704,0.212,0.212,0.241,0.241
1.709,-36.933,-9.801,0.206,0.206,0.224,0.224
1.707,-36.949,-9.884,0.218,0.218,0.224,0.224
1.708,-36.802,-9.820,0.215,0.215,0.232,0.232
1.711,-36.525,-9.704,0.211,0.211,0.232,0.232
1.710,-36.296,-9.742,0.220,0.220,0.227,0.227
1.709,-36.215,-9.794,0.217,0.217,0.237,0.237
1.708,-36.264,-9.841,0.220,0.220,0.215,0.215
1.706,-36.590,-9.905,0.203,0.203,0.237,0.237
1.705,-37.210,-9.955,0.226,0.226,0.246,0.246
1.703,-37.961,-10.020,0.209,0.209,0.243,0.243
1.702,-38.287,-10.031,0.227,0.227,0.240,0.240
1.702,-38.353,-10.047,0.211,0.211,0.237,0.237
1.700,-38.271,-10.136,0.238,0.238,0.253,0.253
1.697,-38.255,-10.246,0.206,0.206,0.243,0.243
1.694,-38.467,-10.349,0.227,0.227,0.244,0.244
1.694,-38.728,-10.360,0.200,0.200,0.253,0.253
1.698,-39.005,-10.205,0.226,0.226,0.249,0.249
1.698,-39.169,-10.219,0.209,0.209,0.253,0.253
1.697,-38.973,-10.241,0.232,0.232,0.270,0.270
1.694,-38.548,-10.340,0.218,0.218,0.250,0.250
1.694,-38.255,-10.373,0.226,0.226,0.244,0.244
1.693,-37.961,-10.410,0.209,0.209,0.252,0.252
1.691,-37.684,-10.466,0.230,0.230,0.252,0.252
1.690,-37.161,-10.501,0.220,0.220,0.249,0.249
1.690,-36.264,-10.512,0.227,0.227,0.246,0.246
1.689,-34.958,-10.557,0.215,0.215,0.243,0.243
1.686,-33.538,-10.637,0.212,0.212,0.249,0.249
1.684,-32.249,-10.723,0.204,0.204,0.255,0.255
1.681,-31.172,-10.797,0.215,0.215,0.244,0.244
1.684,-30.258,-10.721,0.218,0.218,0.241,0.241
1.686,-29.279,-10.665,0.224,0.224,0.227,0.227
1.684,-28.022,-10.704,0.209,0.209,0.250,0.250
1.683,-26.406,-10.740,0.230,0.230,0.261,0.261
1.681,-24.725,-10.800,0.221,0.221,0.256,0.256
1.680,-23.371,-10.816,0.226,0.226,0.255,0.255
1.678,-22.636,-10.851,0.243,0.243,0.276,0.276
1.678,-22.082,-10.871,0.238,0.238,0.269,0.269
1.677,-21.217,-10.889,0.237,0.237,0.295,0.295
1.676,-20.074,-10.901,0.235,0.235,0.273,0.273
1.675,-18.703,-10.927,0.238,0.238,0.275,0.275
1.672,-17.300,-10.975,0.227,0.227,0.267,0.267
1.670,-16.337,-11.013,0.244,0.244,0.267,0.267
1.669,-16.190,-11.029,0.226,0.226,0.264,0.264
1.672,-16.435,-10.983,0.237,0.237,0.267,0.267
1.674,-16.337,-10.952,0.220,0.220,0.243,0.243
1.671,-15.619,-11.001,0.233,0.233,0.262,0.262
1.669,-14.346,-11.019,0.214,0.214,0.269,0.269
1.668,-12.812,-11.038,0.221,0.221,0.258,0.258
1.666,-11.310,-11.059,0.226,0.226,0.253,0.253
1.666,-10.135,-11.064,0.237,0.237,0.244,0.244
1.664,-9.319,-11.076,0.223,0.223,0.249,0.249
1.663,-8.846,-11.086,0.233,0.233,0.253,0.253
1.663,-8.128,-11.093,0.218,0.218,0.249,0.249
1.658,-7.247,-11.125,0.211,0.211,0.255,0.255
1.657,-6.235,-11.133,0.206,0.206,0.252,0.252
1.658,-5.452,-11.126,0.235,0.235,0.249,0.249
1.659,-5.190,-11.121,0.221,0.221,0.272,0.272
1.661,-5.158,-11.114,0.232,0.232,0.246,0.246
1.659,-5.190,-11.122,0.218,0.218,0.241,0.241
1.656,-5.044,-11.139,0.244,0.244,0.247,0.247
1.656,-4.782,-11.139,0.220,0.220,0.246,0.246
1.655,-4.423,-11.145,0.240,0.240,0.243,0.243
1.653,-4.015,-11.150,0.229,0.229,0.247,0.247
1.653,-3.738,-11.153,0.247,0.247,0.246,0.246
1.652,-3.722,-11.154,0.218,0.218,0.249,0.249
1.650,-3.722,-11.161,0.252,0.252,0.250,0.250
1.646,-3.754,-11.176,0.224,0.224,0.252,0.252
1.645,-3.558,-11.181,0.250,0.250,0.249,0.249
1.644,-3.314,-11.184,0.237,0.237,0.240,0.240
1.648,-3.248,-11.172,0.247,0.247,0.250,0.250
1.649,-3.216,-11.170,0.238,0.238,0.258,0.258
1.646,-3.265,-11.179,0.235,0.235,0.246,0.246
1.645,-3.265,-11.181,0.226,0.226,0.244,0.244
1.643,-3.297,-11.189,0.230,0.230,0.247,0.247
1.642,-3.281,-11.192,0.212,0.212,0.247,0.247
1.642,-3.265,-11.192,0.218,0.218,0.246,0.246
1.641,-3.232,-11.194,0.215,0.215,0.226,0.226
1.640,-3.265,-11.196,0.212,0.212,0.215,0.215
1.638,-3.281,-11.203,0.206,0.206,0.223,0.223
1.637,-3.248,-11.208,0.217,0.217,0.229,0.229
1.634,-3.036,-11.217,0.214,0.214,0.227,0.227
1.632,-2.857,-11.223,0.206,0.206,0.227,0.227
1.633,-2.759,-11.220,0.218,0.218,0.209,0.209
1.635,-2.775,-11.215,0.209,0.209,0.233,0.233
1.635,-2.840,-11.215,0.223,0.223,0.237,0.237
1.633,-3.036,-11.220,0.201,0.201,0.232,0.232
1.631,-3.232,-11.227,0.229,0.229,0.233,0.233
1.630,-3.069,-11.228,0.215,0.215,0.226,0.226
1.628,-2.922,-11.235,0.233,0.233,0.232,0.232
1.627,-3.004,-11.238,0.212,0.212,0.240,0.240
1.627,-3.199,-11.240,0.238,0.238,0.237,0.237
1.626,-3.297,-11.242,0.214,0.214,0.237,0.237
1.625,-3.330,-11.245,0.229,0.229,0.235,0.235
1.621,-3.281,-11.259,0.218,0.218,0.238,0.238
1.619,-3.265,-11.265,0.237,0.237,0.264,0.264
1.622,-3.314,-11.254,0.212,0.212,0.244,0.244
1.623,-3.493,-11.252,0.233,0.233,0.246,0.246
1.623,-3.754,-11.252,0.223,0.223,0.255,0.255
1.621,-3.950,-11.261,0.238,0.238,0.246,0.246
1.618,-3.999,-11.270,0.218,0.218,0.247,0.247
1.617,-3.852,-11.276,0.233,0.233,0.240,0.240
1.617,-3.722,-11.277,0.215,0.215,0.241,0.241
1.616,-3.493,-11.280,0.224,0.224,0.241,0.241
1.614,-3.085,-11.284,0.221,0.221,0.249,0.249
1.613,-2.808,-11.287,0.224,0.224,0.243,0.243
1.612,-2.742,-11.292,0.221,0.221,0.246,0.246
1.608,-2.791,-11.301,0.218,0.218,0.246,0.246
1.605,-2.759,-11.309,0.218,0.218,0.238,0.238
1.605,-2.563,-11.310,0.224,0.224,0.233,0.233
1.609,-2.334,-11.300,0.208,0.208,0.246,0.246
1.611,-2.220,-11.295,0.221,0.221,0.246,0.246
1.609,-1.975,-11.300,0.221,0.221,0.246,0.246
1.608,-1.861,-11.302,0.221,0.221,0.246,0.246
1.606,-1.731,-11.306,0.227,0.227,0.244,0.244
1.605,-1.551,-11.308,0.227,0.227,0.252,0.252
1.604,-1.323,-11.309,0.237,0.237,0.270,0.270
1.603,-1.290,-11.310,0.230,0.230,0.264,0.264
1.603,-1.192,-11.310,0.250,0.250,0.261,0.261
1.601,-1.061,-11.312,0.237,0.237,0.266,0.266
1.598,-0.882,-11.315,0.240,0.240,0.270,0.270
1.595,-0.751,-11.318,0.227,0.227,0.266,0.266
1.594,-0.800,-11.319,0.237,0.237,0.259,0.259
1.595,-1.029,-11.318,0.206,0.206,0.259,0.259
1.597,-1.045,-11.315,0.244,0.244,0.258,0.258
1.596,-0.866,-11.316,0.221,0.221,0.266,0.266
1.595,-0.768,-11.317,0.232,0.232,0.284,0.284
1.593,-0.539,-11.318,0.226,0.226,0.253,0.253
1.593,-0.327,-11.318,0.237,0.237,0.247,0.247
1.591,-0.262,-11.319,0.218,0.218,0.249,0.249
1.591,-0.262,-11.319,0.235,0.235,0.249,0.249
1.590,-0.213,-11.319,0.215,0.215,0.246,0.246
1.589,0.032,-11.319,0.235,0.235,0.246,0.246
1.586,0.195,-11.319,0.212,0.212,0.229,0.229
1.582,0.179,-11.318,0.235,0.235,0.249,0.249
1.581,0.407,-11.318,0.218,0.218,0.264,0.264
1.586,0.571,-11.320,0.237,0.237,0.249,0.249
1.585,0.717,-11.320,0.221,0.221,0.241,0.241
1.584,0.913,-11.319,0.247,0.247,0.235,0.235
1.582,1.093,-11.317,0.226,0.226,0.244,0.244
1.580,1.174,-11.315,0.233,0.233,0.255,0.255
1.579,1.158,-11.314,0.230,0.230,0.241,0.241
1.578,1.125,-11.313,0.235,0.235,0.249,0.249
1.578,1.174,-11.312,0.226,0.226,0.250,0.250
1.578,1.387,-11.313,0.243,0.243,0.247,0.247
1.576,1.566,-11.310,0.237,0.237,0.270,0.270
1.574,1.599,-11.306,0.241,0.241,0.250,0.250
1.572,1.403,-11.303,0.230,0.230,0.250,0.250
1.571,1.191,-11.302,0.243,0.243,0.249,0.249
1.571,1.076,-11.302,0.243,0.243,0.255,0.255
1.573,1.076,-11.304,0.227,0.227,0.252,0.252
1.573,0.913,-11.304,0.237,0.237,0.255,0.255
1.569,0.946,-11.300,0.224,0.224,0.240,0.240
1.568,1.028,-11.300,0.233,0.233,0.244,0.244
1.567,1.142,-11.298,0.220,0.220,0.241,0.241
1.567,1.142,-11.298,0.230,0.230,0.243,0.243
1.565,1.142,-11.296,0.209,0.209,0.223,0.223
1.564,1.109,-11.295,0.208,0.208,0.230,0.230
1.563,0.913,-11.294,0.206,0.206,0.227,0.227
1.561,0.930,-11.292,0.215,0.215,0.223,0.223
1.560,1.076,-11.291,0.197,0.197,0.230,0.230
1.560,1.093,-11.290,0.212,0.212,0.230,0.230
1.558,0.897,-11.289,0.204,0.204,0.230,0.230
1.560,0.701,-11.291,0.220,0.220,0.229,0.229
1.560,0.587,-11.291,0.209,0.209,0.229,0.229
1.559,0.652,-11.290,0.232,0.232,0.232,0.232
1.557,0.815,-11.289,0.212,0.212,0.249,0.249
1.556,0.848,-11.288,0.235,0.235,0.230,0.230
1.555,0.734,-11.287,0.211,0.211,0.232,0.232
1.554,0.620,-11.286,0.241,0.241,0.237,0.237
1.553,0.375,-11.285,0.217,0.217,0.244,0.244
1.551,0.195,-11.285,0.233,0.233,0.229,0.229
1.551,0.130,-11.285,0.217,0.217,0.244,0.244
1.547,0.032,-11.285,0.238,0.238,0.246,0.246
1.546,-0.196,-11.285,0.223,0.223,0.247,0.247
1.547,-0.229,-11.285,0.227,0.227,0.249,0.249
1.548,0.032,-11.284,0.233,0.233,0.256,0.256
1.548,0.163,-11.284,0.226,0.226,0.250,0.250
1.546,0.179,-11.284,0.223,0.223,0.243,0.243
1.545,0.163,-11.284,0.221,0.221,0.246,0.246
1.544,0.146,-11.284,0.221,0.221,0.252,0.252
1.542,0.163,-11.284,0.220,0.220,0.249,0.249
1.541,0.163,-11.283,0.221,0.221,0.246,0.246
1.541,0.032,-11.283,0.223,0.223,0.261,0.261
1.539,-0.229,-11.283,0.221,0.221,0.244,0.244
1.538,-0.588,-11.284,0.214,0.214,0.237,0.237
1.535,-0.784,-11.286,0.221,0.221,0.246,0.246
1.534,-0.849,-11.287,0.212,0.212,0.244,0.244
1.534,-0.588,-11.287,0.217,0.217,0.244,0.244
1.537,-0.376,-11.286,0.208,0.208,0.241,0.241
1.534,-0.490,-11.287,0.217,0.217,0.258,0.258
1.533,-0.800,-11.287,0.208,0.208,0.244,0.244
1.532,-1.078,-11.288,0.218,0.218,0.244,0.244
1.531,-1.306,-11.290,0.214,0.214,0.246,0.246
1.530,-1.372,-11.292,0.230,0.230,0.249,0.249
1.530,-1.567,-11.291,0.221,0.221,0.255,0.255
1.529,-1.731,-11.293,0.255,0.255,0.272,0.272
1.528,-1.845,-11.295,0.229,0.229,0.249,0.249
1.527,-1.845,-11.296,0.246,0.246,0.262,0.262
1.524,-1.796,-11.302,0.227,0.227,0.273,0.273
1.522,-1.763,-11.305,0.249,0.249,0.261,0.261
1.520,-1.567,-11.308,0.223,0.223,0.261,0.261
1.520,-1.355,-11.308,0.243,0.243,0.259,0.259
1.523,-1.306,-11.304,0.224,0.224,0.266,0.266
1.523,-1.323,-11.305,0.241,0.241,0.240,0.240
1.520,-1.535,-11.308,0.220,0.220,0.264,0.264
1.519,-1.731,-11.311,0.250,0.250,0.267,0.267
1.517,-1.567,-11.313,0.220,0.220,0.258,0.258
1.517,-1.143,-11.314,0.233,0.233,0.252,0.252
1.515,-0.817,-11.316,0.221,0.221,0.250,0.250
1.514,-0.474,-11.316,0.237,0.237,0.252,0.252
1.515,-0.245,-11.316,0.218,0.218,0.259,0.259
1.513,0.081,-11.316,0.237,0.237,0.255,0.255
1.510,0.065,-11.316,0.223,0.223,0.243,0.243
1.509,-0.066,-11.316,0.240,0.240,0.244,0.244
1.509,0.016,-11.316,0.217,0.217,0.249,0.249
1.510,0.114,-11.316,0.240,0.240,0.267,0.267
1.511,0.179,-11.316,0.218,0.218,0.252,0.252
1.509,0.179,-11.316,0.229,0.229,0.250,0.250
1.507,-0.001,-11.315,0.224,0.224,0.249,0.249
1.506,-0.425,-11.316,0.235,0.235,0.249,0.249
1.505,-0.539,-11.316,0.230,0.230,0.250,0.250
1.504,-0.441,-11.317,0.230,0.230,0.246,0.246
1.503,-0.196,-11.317,0.233,0.233,0.247,0.247
1.501,0.032,-11.317,0.229,0.229,0.255,0.255
1.500,0.228,-11.317,0.227,0.227,0.258,0.258
1.497,0.016,-11.317,0.233,0.233,0.253,0.253
1.496,-0.409,-11.317,0.230,0.230,0.255,0.255
1.495,-0.556,-11.317,0.229,0.229,0.240,0.240
1.498,-0.425,-11.316,0.233,0.233,0.250,0.250
1.499,-0.245,-11.316,0.227,0.227,0.256,0.256
1.497,0.097,-11.316,0.230,0.230,0.249,0.249
1.495,0.407,-11.315,0.224,0.224,0.250,0.250
1.493,0.603,-11.314,0.233,0.233,0.247,0.247
1.493,0.701,-11.314,0.218,0.218,0.246,0.246
1.492,0.864,-11.313,0.212,0.212,0.264,0.264
1.491,0.848,-11.312,0.201,0.201,0.227,0.227
1.489,0.717,-11.311,0.212,0.212,0.230,0.230
1.489,0.652,-11.311,0.195,0.195,0.227,0.227
1.487,0.832,-11.309,0.208,0.208,0.224,0.224
1.483,1.093,-11.306,0.200,0.200,0.230,0.230
1.482,1.403,-11.304,0.221,0.221,0.235,0.235
1.482,1.533,-11.305,0.200,0.200,0.217,0.217
1.483,1.419,-11.307,0.221,0.221,0.237,0.237
1.485,1.191,-11.308,0.209,0.209,0.246,0.246
1.484,1.076,-11.307,0.230,0.230,0.227,0.227
1.482,1.044,-11.305,0.208,0.208,0.232,0.232
1.481,0.881,-11.304,0.235,0.235,0.230,0.230
1.479,0.750,-11.303,0.209,0.209,0.243,0.243
1.478,0.864,-11.302,0.227,0.227,0.233,0.233
1.477,1.305,-11.301,0.214,0.214,0.247,0.247
1.477,1.631,-11.300,0.229,0.229,0.246,0.246
1.476,1.941,-11.298,0.224,0.224,0.246,0.246
1.472,2.154,-11.292,0.221,0.221,0.249,0.249
1.470,2.415,-11.287,0.227,0.227,0.261,0.261
1.469,2.562,-11.284,0.223,0.223,0.255,0.255
1.473,2.627,-11.294,0.218,0.218,0.249,0.249
1.471,2.611,-11.290,0.221,0.221,0.255,0.255
1.471,2.676,-11.289,0.220,0.220,0.258,0.258
1.469,2.855,-11.284,0.217,0.217,0.247,0.247
1.468,3.035,-11.280,0.215,0.215,0.244,0.244
1.468,3.133,-11.279,0.217,0.217,0.267,0.267
1.466,3.378,-11.275,0.224,0.224,0.253,0.253
1.465,3.557,-11.272,0.212,0.212,0.243,0.243
1.464,3.590,-11.267,0.223,0.223,0.250,0.250
1.463,3.606,-11.264,0.203,0.203,0.246,0.246
1.461,3.573,-11.254,0.214,0.214,0.246,0.246
1.458,3.573,-11.246,0.195,0.195,0.247,0.247
1.458,3.606,-11.244,0.212,0.212,0.253,0.253
1.461,3.590,-11.256,0.203,0.203,0.244,0.244
1.460,3.606,-11.253,0.209,0.209,0.246,0.246
1.458,3.590,-11.244,0.203,0.203,0.252,0.252
1.457,3.573,-11.241,0.226,0.226,0.256,0.256
1.455,3.606,-11.235,0.206,0.206,0.258,0.258
1.455,3.786,-11.233,0.235,0.235,0.244,0.244
1.453,4.047,-11.227,0.215,0.215,0.249,0.249
1.452,4.096,-11.224,0.244,0.244,0.266,0.266
1.452,4.096,-11.222,0.220,0.220,0.279,0.279
1.452,4.047,-11.224,0.253,0.253,0.269,0.269
1.450,4.112,-11.212,0.226,0.226,0.275,0.275
1.446,4.308,-11.199,0.243,0.243,0.267,0.267
1.446,4.520,-11.199,0.230,0.230,0.270,0.270
1.445,4.634,-11.191,0.246,0.246,0.243,0.243
1.448,4.569,-11.208,0.221,0.221,0.267,0.267
1.447,4.569,-11.204,0.244,0.244,0.270,0.270
1.446,4.553,-11.196,0.220,0.220,0.270,0.270
1.444,4.553,-11.187,0.238,0.238,0.259,0.259
1.442,4.536,-11.182,0.217,0.217,0.259,0.259
1.442,4.536,-11.178,0.237,0.237,0.261,0.261
1.441,4.569,-11.175,0.220,0.220,0.261,0.261
1.439,4.536,-11.167,0.233,0.233,0.250,0.250
1.439,4.602,-11.166,0.221,0.221,0.247,0.247
1.437,4.765,-11.155,0.230,0.230,0.250,0.250
1.434,4.814,-11.144,0.221,0.221,0.253,0.253
1.432,4.879,-11.134,0.237,0.237,0.267,0.267
1.434,4.993,-11.140,0.218,0.218,0.250,0.250
1.435,5.091,-11.148,0.229,0.229,0.246,0.246
1.435,5.271,-11.149,0.218,0.218,0.252,0.252
1.434,5.254,-11.139,0.229,0.229,0.252,0.252
1.432,5.124,-11.130,0.230,0.230,0.253,0.253
1.431,5.010,-11.125,0.220,0.220,0.252,0.252
1.430,4.830,-11.123,0.237,0.237,0.244,0.244
1.429,4.830,-11.114,0.221,0.221,0.255,0.255
1.428,4.993,-11.112,0.230,0.230,0.258,0.258
1.427,5.303,-11.107,0.220,0.220,0.252,0.252
1.425,5.516,-11.094,0.230,0.230,0.249,0.249
1.421,5.597,-11.073,0.221,0.221,0.238,0.238
1.419,5.516,-11.062,0.232,0.232,0.249,0.249
1.423,5.320,-11.085,0.224,0.224,0.258,0.258
1.422,5.091,-11.080,0.243,0.243,0.252,0.252
1.422,4.977,-11.080,0.223,0.223,0.253,0.253
1.420,5.042,-11.069,0.240,0.240,0.253,0.253
1.420,5.026,-11.071,0.226,0.226,0.250,0.250
1.418,5.059,-11.059,0.235,0.235,0.249,0.249
1.418,5.091,-11.060,0.208,0.208,0.246,0.246
1.417,5.287,-11.051,0.227,0.227,0.243,0.243
1.415,5.516,-11.044,0.197,0.197,0.226,0.226
1.415,5.613,-11.042,0.215,0.215,0.227,0.227
1.413,5.581,-11.032,0.204,0.204,0.240,0.240
1.410,5.548,-11.017,0.223,0.223,0.227,0.227
1.409,5.499,-11.008,0.200,0.200,0.240,0.240
1.408,5.320,-11.003,0.223,0.223,0.227,0.227
1.411,5.124,-11.020,0.211,0.211,0.238,0.238
1.410,5.254,-11.016,0.223,0.223,0.227,0.227
1.409,5.483,-11.008,0.217,0.217,0.238,0.238
1.408,5.564,-11.004,0.223,0.223,0.233,0.233
1.405,5.581,-10.986,0.215,0.215,0.238,0.238
1.404,5.564,-10.984,0.221,0.221,0.221,0.221
1.403,5.548,-10.975,0.212,0.212,0.246,0.246
1.404,5.467,-10.979,0.224,0.224,0.255,0.255
1.402,5.303,-10.972,0.221,0.221,0.247,0.247
1.402,5.091,-10.969,0.215,0.215,0.253,0.253
1.398,4.961,-10.952,0.227,0.227,0.240,0.240
1.396,4.814,-10.938,0.214,0.214,0.255,0.255
1.395,4.846,-10.934,0.224,0.224,0.243,0.243
1.398,4.961,-10.952,0.204,0.204,0.252,0.252
1.398,5.091,-10.951,0.230,0.230,0.250,0.250
1.396,5.075,-10.943,0.206,0.206,0.247,0.247
1.395,5.026,-10.937,0.220,0.220,0.247,0.247
1.393,4.814,-10.927,0.212,0.212,0.255,0.255
1.392,4.618,-10.921,0.227,0.227,0.252,0.252
1.392,4.781,-10.919,0.217,0.217,0.258,0.258
1.391,4.961,-10.914,0.221,0.221,0.247,0.247
1.390,5.091,-10.909,0.204,0.204,0.250,0.250
1.388,5.336,-10.901,0.226,0.226,0.249,0.249
1.385,5.483,-10.887,0.197,0.197,0.252,0.252
1.384,5.564,-10.878,0.227,0.227,0.247,0.247
1.383,5.564,-10.871,0.201,0.201,0.249,0.249
1.387,5.516,-10.893,0.220,0.220,0.252,0.252
1.386,5.532,-10.888,0.200,0.200,0.250,0.250
1.386,5.516,-10.888,0.233,0.233,0.246,0.246
1.384,5.303,-10.879,0.209,0.209,0.246,0.246
1.382,5.059,-10.867,0.223,0.223,0.243,0.243
1.380,4.961,-10.859,0.218,0.218,0.267,0.267
1.379,4.797,-10.856,0.230,0.230,0.253,0.253
1.378,4.585,-10.851,0.214,0.214,0.261,0.261
1.378,4.520,-10.847,0.247,0.247,0.270,0.270
1.376,4.536,-10.842,0.232,0.232,0.273,0.273
1.375,4.602,-10.837,0.246,0.246,0.269,0.269
1.371,4.781,-10.819,0.240,0.240,0.279,0.279
1.370,4.732,-10.812,0.247,0.247,0.243,0.243
1.370,4.634,-10.814,0.229,0.229,0.272,0.272
1.373,4.553,-10.825,0.238,0.238,0.273,0.273
1.373,4.520,-10.827,0.230,0.230,0.273,0.273
1.372,4.602,-10.822,0.237,0.237,0.266,0.266
1.371,4.830,-10.815,0.221,0.221,0.267,0.267
1.368,5.254,-10.804,0.238,0.238,0.264,0.264
1.367,5.516,-10.798,0.229,0.229,0.261,0.261
1.366,5.597,-10.791,0.227,0.227,0.261,0.261
1.366,5.581,-10.790,0.220,0.220,0.267,0.267
1.365,5.532,-10.785,0.229,0.229,0.261,0.261
1.363,5.532,-10.773,0.227,0.227,0.258,0.258
1.361,5.548,-10.762,0.223,0.223,0.288,0.288
1.358,5.564,-10.744,0.224,0.224,0.256,0.256
1.357,5.499,-10.742,0.218,0.218,0.247,0.247
1.359,5.320,-10.750,0.218,0.218,0.249,0.249
1.361,5.042,-10.763,0.218,0.218,0.252,0.252
1.360,4.797,-10.757,0.230,0.230,0.250,0.250
1.358,4.585,-10.745,0.208,0.208,0.253,0.253
1.356,4.520,-10.739,0.235,0.235,0.249,0.249
1.356,4.536,-10.738,0.217,0.217,0.256,0.256
1.355,4.585,-10.733,0.229,0.229,0.249,0.249
1.354,4.536,-10.730,0.209,0.209,0.247,0.247
1.353,4.292,-10.724,0.237,0.237,0.252,0.252
1.352,3.867,-10.719,0.220,0.220,0.255,0.255
1.348,3.622,-10.706,0.233,0.233,0.252,0.252
1.345,3.508,-10.695,0.229,0.229,0.249,0.249
1.345,3.541,-10.695,0.237,0.237,0.253,0.253
1.346,3.622,-10.697,0.226,0.226,0.256,0.256
1.348,3.835,-10.706,0.247,0.247,0.253,0.253
1.348,4.030,-10.707,0.227,0.227,0.253,0.253
1.345,4.128,-10.693,0.243,0.243,0.249,0.249
1.344,4.340,-10.688,0.215,0.215,0.250,0.250
1.342,4.504,-10.682,0.241,0.241,0.252,0.252
1.341,4.585,-10.678,0.214,0.214,0.250,0.250
1.340,4.602,-10.672,0.230,0.230,0.249,0.249
1.341,4.569,-10.674,0.209,0.209,0.230,0.230
1.339,4.569,-10.668,0.227,0.227,0.226,0.226
1.339,4.781,-10.665,0.206,0.206,0.238,0.238
1.335,4.993,-10.646,0.211,0.211,0.232,0.232
1.333,4.797,-10.638,0.212,0.212,0.233,0.233
1.331,4.373,-10.629,0.212,0.212,0.230,0.230
1.334,3.851,-10.642,0.212,0.212,0.243,0.243
1.336,3.573,-10.648,0.214,0.214,0.235,0.235
1.334,3.508,-10.640,0.215,0.215,0.240,0.240
1.333,3.573,-10.636,0.217,0.217,0.255,0.255
1.331,3.655,-10.631,0.221,0.221,0.244,0.244
1.329,3.835,-10.623,0.215,0.215,0.238,0.238
1.329,4.079,-10.621,0.227,0.227,0.246,0.246
1.328,4.096,-10.618,0.212,0.212,0.250,0.250
1.327,4.128,-10.614,0.226,0.226,0.252,0.252
1.326,4.340,-10.611,0.206,0.206,0.243,0.243
1.323,4.569,-10.598,0.226,0.226,0.256,0.256
1.321,4.797,-10.589,0.200,0.200,0.249,0.249
1.320,5.059,-10.583,0.227,0.227,0.246,0.246
1.322,5.075,-10.595,0.211,0.211,0.256,0.256
1.323,5.026,-10.599,0.227,0.227,0.252,0.252
1.322,4.846,-10.594,0.215,0.215,0.249,0.249
1.320,4.863,-10.586,0.230,0.230,0.252,0.252
1.318,4.944,-10.576,0.211,0.211,0.253,0.253
1.317,5.059,-10.569,0.221,0.221,0.249,0.249
1.317,4.993,-10.567,0.211,0.211,0.247,0.247
1.316,4.553,-10.562,0.230,0.230,0.246,0.246
1.315,3.900,-10.558,0.208,0.208,0.252,0.252
1.314,3.524,-10.555,0.233,0.233,0.252,0.252
1.311,3.280,-10.546,0.211,0.211,0.253,0.253
1.309,3.329,-10.538,0.233,0.233,0.246,0.246
1.307,3.231,-10.532,0.208,0.208,0.246,0.246
1.309,3.165,-10.539,0.229,0.229,0.243,0.243
1.312,3.068,-10.546,0.209,0.209,0.250,0.250
1.310,2.855,-10.540,0.221,0.221,0.246,0.246
1.308,2.676,-10.537,0.217,0.217,0.250,0.250
1.307,2.594,-10.533,0.226,0.226,0.249,0.249
1.306,2.823,-10.530,0.215,0.215,0.252,0.252
1.305,3.068,-10.529,0.233,0.233,0.253,0.253
1.304,3.116,-10.524,0.243,0.243,0.261,0.261
1.303,3.149,-10.522,0.237,0.237,0.273,0.273
1.302,3.100,-10.518,0.237,0.237,0.273,0.273
1.300,3.084,-10.514,0.241,0.241,0.267,0.267
1.297,3.084,-10.504,0.240,0.240,0.284,0.284
1.295,3.133,-10.498,0.230,0.230,0.269,0.269
1.294,3.329,-10.493,0.240,0.240,0.269,0.269
1.296,3.524,-10.499,0.229,0.229,0.262,0.262
1.298,3.590,-10.508,0.227,0.227,0.272,0.272
1.296,3.590,-10.500,0.241,0.241,0.269,0.269
1.296,3.312,-10.499,0.232,0.232,0.304,0.304
1.294,3.084,-10.493,0.226,0.226,0.270,0.270
1.293,2.806,-10.490,0.235,0.235,0.253,0.253
1.292,2.676,-10.487,0.221,0.221,0.256,0.256
1.290,2.855,-10.483,0.227,0.227,0.261,0.261
1.290,3.035,-10.481,0.215,0.215,0.261,0.261
1.289,2.937,-10.479,0.230,0.230,0.252,0.252
1.286,2.692,-10.472,0.217,0.217,0.281,0.281
1.284,2.578,-10.466,0.230,0.230,0.253,0.253
1.281,2.578,-10.459,0.215,0.215,0.250,0.250
1.285,2.627,-10.468,0.233,0.233,0.253,0.253
1.285,2.627,-10.470,0.217,0.217,0.255,0.255
1.284,2.855,-10.466,0.233,0.233,0.252,0.252
1.283,3.035,-10.464,0.209,0.209,0.249,0.249
1.281,2.904,-10.457,0.233,0.233,0.264,0.264
1.279,2.708,-10.451,0.211,0.211,0.250,0.250
1.279,2.806,-10.452,0.240,0.240,0.247,0.247
1.279,3.019,-10.450,0.224,0.224,0.253,0.253
1.277,3.133,-10.445,0.237,0.237,0.253,0.253
1.276,3.116,-10.443,0.227,0.227,0.255,0.255
1.274,2.921,-10.436,0.238,0.238,0.256,0.256
1.272,2.904,-10.429,0.223,0.223,0.262,0.262
1.270,3.019,-10.423,0.249,0.249,0.249,0.249
1.272,3.084,-10.430,0.233,0.233,0.256,0.256
1.272,3.133,-10.432,0.244,0.244,0.256,0.256
1.273,3.133,-10.435,0.226,0.226,0.256,0.256
1.272,3.100,-10.431,0.253,0.253,0.252,0.252
1.268,2.904,-10.419,0.229,0.229,0.244,0.244
1.268,2.611,-10.419,0.246,0.246,0.241,0.241
1.266,2.333,-10.413,0.226,0.226,0.250,0.250
1.266,2.137,-10.413,0.230,0.230,0.247,0.247
1.265,2.088,-10.411,0.215,0.215,0.237,0.237
1.264,2.300,-10.409,0.217,0.217,0.227,0.227
1.263,2.562,-10.406,0.215,0.215,0.227,0.227
1.261,2.627,-10.401,0.212,0.212,0.230,0.230
1.258,2.415,-10.395,0.211,0.211,0.226,0.226
1.258,2.170,-10.395,0.214,0.214,0.233,0.233
1.259,2.121,-10.396,0.227,0.227,0.237,0.237
1.260,2.317,-10.399,0.211,0.211,0.230,0.230
1.260,2.594,-10.399,0.214,0.214,0.241,0.241
1.258,2.904,-10.394,0.217,0.217,0.247,0.247
1.257,3.100,-10.390,0.224,0.224,0.241,0.241
1.255,3.329,-10.382,0.211,0.211,0.233,0.233
1.253,3.312,-10.378,0.227,0.227,0.238,0.238
1.253,3.182,-10.377,0.215,0.215,0.241,0.241
1.251,3.068,-10.371,0.237,0.237,0.246,0.246
1.251,3.116,-10.371,0.211,0.211,0.246,0.246
1.248,3.296,-10.361,0.233,0.233,0.249,0.249
1.245,3.524,-10.353,0.218,0.218,0.249,0.249
1.243,3.361,-10.346,0.233,0.233,0.252,0.252
1.247,3.165,-10.358,0.217,0.217,0.252,0.252
1.249,2.823,-10.364,0.238,0.238,0.249,0.249
1.248,2.578,-10.361,0.218,0.218,0.250,0.250
1.245,2.300,-10.353,0.229,0.229,0.246,0.246
1.244,1.909,-10.351,0.221,0.221,0.241,0.241
1.242,1.648,-10.348,0.237,0.237,0.249,0.249
1.241,1.533,-10.345,0.224,0.224,0.247,0.247
1.241,1.566,-10.345,0.243,0.243,0.243,0.243
1.240,1.664,-10.345,0.220,0.220,0.244,0.244
1.239,1.892,-10.343,0.235,0.235,0.235,0.235
1.235,2.300,-10.334,0.209,0.209,0.246,0.246
1.233,2.415,-10.330,0.233,0.233,0.255,0.255
1.232,2.480,-10.328,0.212,0.212,0.249,0.249
1.234,2.545,-10.332,0.221,0.221,0.243,0.243
1.236,2.660,-10.338,0.218,0.218,0.247,0.247
1.234,2.611,-10.333,0.227,0.227,0.246,0.246
1.233,2.660,-10.329,0.221,0.221,0.267,0.267
1.231,2.872,-10.324,0.229,0.229,0.246,0.246
1.230,3.068,-10.322,0.224,0.224,0.247,0.247
1.229,3.345,-10.319,0.229,0.229,0.247,0.247
1.228,3.329,-10.314,0.221,0.221,0.262,0.262
1.228,3.198,-10.313,0.241,0.241,0.275,0.275
1.227,3.068,-10.311,0.237,0.237,0.272,0.272
1.225,3.100,-10.306,0.235,0.235,0.269,0.269
1.222,3.263,-10.296,0.246,0.246,0.276,0.276
1.219,3.002,-10.287,0.241,0.241,0.275,0.275
1.219,2.252,-10.287,0.237,0.237,0.272,0.272
1.222,1.664,-10.293,0.233,0.233,0.261,0.261
1.223,1.517,-10.294,0.235,0.235,0.273,0.273
1.222,1.795,-10.292,0.232,0.232,0.269,0.269
1.219,2.088,-10.286,0.232,0.232,0.250,0.250
1.217,2.382,-10.283,0.226,0.226,0.267,0.267
1.217,2.349,-10.281,0.230,0.230,0.275,0.275
1.215,2.186,-10.278,0.212,0.212,0.261,0.261
1.216,1.892,-10.281,0.240,0.240,0.258,0.258
1.214,1.844,-10.276,0.223,0.223,0.256,0.256
1.214,1.778,-10.276,0.224,0.224,0.259,0.259
1.211,1.680,-10.270,0.218,0.218,0.262,0.262
1.208,1.648,-10.266,0.223,0.223,0.249,0.249
1.209,1.827,-10.268,0.209,0.209,0.255,0.255
1.212,2.056,-10.273,0.230,0.230,0.252,0.252
1.211,2.088,-10.270,0.218,0.218,0.253,0.253
1.210,1.860,-10.268,0.229,0.229,0.279,0.279
1.207,1.191,-10.265,0.212,0.212,0.255,0.255
1.205,0.636,-10.263,0.233,0.233,0.252,0.252
1.204,0.358,-10.262,0.221,0.221,0.256,0.256
1.204,0.587,-10.262,0.229,0.229,0.255,0.255
1.203,1.011,-10.262,0.218,0.218,0.259,0.259
1.201,1.158,-10.260,0.238,0.238,0.261,0.261
1.200,1.191,-10.259,0.218,0.218,0.255,0.255
1.198,1.109,-10.256,0.237,0.237,0.259,0.259
1.195,1.125,-10.253,0.224,0.224,0.264,0.264
1.195,1.076,-10.253,0.243,0.243,0.262,0.262
1.197,1.109,-10.254,0.223,0.223,0.256,0.256
1.199,1.093,-10.257,0.252,0.252,0.246,0.246
1.197,0.897,-10.255,0.224,0.224,0.264,0.264
1.196,0.668,-10.254,0.246,0.246,0.264,0.264
1.194,0.375,-10.253,0.220,0.220,0.261,0.261
1.192,0.163,-10.253,0.237,0.237,0.255,0.255
1.192,0.114,-10.253,0.218,0.218,0.256,0.256
1.191,0.146,-10.252,0.220,0.220,0.252,0.252
1.190,0.130,-10.252,0.215,0.215,0.264,0.264
1.189,0.146,-10.252,0.211,0.211,0.237,0.237
1.188,0.130,-10.252,0.211,0.211,0.230,0.230
1.183,0.163,-10.251,0.206,0.206,0.230,0.230
1.182,0.163,-10.251,0.215,0.215,0.246,0.246
1.183,0.065,-10.251,0.204,0.204,0.241,0.241
1.184,-0.213,-10.251,0.206,0.206,0.243,0.243
1.186,-0.327,-10.251,0.204,0.204,0.224,0.224
1.184,-0.572,-10.252,0.223,0.223,0.240,0.240
1.182,-0.817,-10.253,0.209,0.209,0.244,0.244
1.181,-0.817,-10.254,0.224,0.224,0.241,0.241
1.179,-0.800,-10.255,0.217,0.217,0.243,0.243
1.178,-0.556,-10.256,0.226,0.226,0.244,0.244
1.178,-0.245,-10.256,0.206,0.206,0.249,0.249
1.176,0.130,-10.256,0.232,0.232,0.235,0.235
1.176,0.424,-10.256,0.214,0.214,0.256,0.256
1.172,0.636,-10.254,0.230,0.230,0.253,0.253
1.170,0.685,-10.253,0.209,0.209,0.252,0.252
1.170,0.701,-10.253,0.235,0.235,0.249,0.249
1.173,0.848,-10.255,0.217,0.217,0.269,0.269
1.173,1.076,-10.255,0.233,0.233,0.258,0.258
1.171,1.093,-10.253,0.215,0.215,0.246,0.246
1.169,0.897,-10.250,0.243,0.243,0.247,0.247
1.169,0.293,-10.250,0.215,0.215,0.250,0.250
1.168,-0.213,-10.250,0.230,0.230,0.259,0.259
1.167,-0.621,-10.251,0.211,0.211,0.253,0.253
1.166,-0.833,-10.251,0.235,0.235,0.267,0.267
1.165,-0.882,-10.253,0.204,0.204,0.255,0.255
1.164,-0.849,-10.253,0.237,0.237,0.250,0.250
1.160,-1.045,-10.257,0.215,0.215,0.255,0.255
1.157,-1.241,-10.260,0.224,0.224,0.249,0.249
1.158,-1.094,-10.259,0.221,0.221,0.253,0.253
1.161,-0.539,-10.257,0.227,0.227,0.246,0.246
1.161,0.032,-10.257,0.215,0.215,0.246,0.246
1.159,0.505,-10.257,0.218,0.218,0.253,0.253
1.157,0.913,-10.255,0.217,0.217,0.261,0.261
1.156,1.354,-10.254,0.221,0.221,0.252,0.252
1.155,1.631,-10.252,0.214,0.214,0.255,0.255
1.154,1.892,-10.251,0.243,0.243,0.237,0.237
1.154,2.072,-10.251,0.235,0.235,0.261,0.261
1.153,2.137,-10.249,0.240,0.240,0.270,0.270
1.151,2.105,-10.245,0.238,0.238,0.282,0.282
1.149,2.088,-10.241,0.237,0.237,0.278,0.278
1.147,1.795,-10.237,0.241,0.241,0.282,0.282
1.147,1.403,-10.236,0.240,0.240,0.270,0.270
1.145,1.142,-10.234,0.238,0.238,0.298,0.298
1.149,1.076,-10.238,0.238,0.238,0.266,0.266
1.147,1.044,-10.236,0.240,0.240,0.270,0.270
1.145,0.864,-10.235,0.224,0.224,0.267,0.267
1.144,0.456,-10.234,0.240,0.240,0.279,0.279
1.143,0.016,-10.233,0.218,0.218,0.270,0.270
1.141,-0.539,-10.234,0.240,0.240,0.269,0.269
1.140,-0.833,-10.234,0.223,0.223,0.241,0.241
1.140,-0.866,-10.235,0.237,0.237,0.258,0.258
1.139,-0.653,-10.235,0.215,0.215,0.267,0.267
1.137,-0.523,-10.236,0.233,0.233,0.256,0.256
1.135,-0.523,-10.238,0.218,0.218,0.256,0.256
1.134,-0.604,-10.238,0.230,0.230,0.250,0.250
1.134,-0.751,-10.238,0.224,0.224,0.256,0.256
1.137,-0.833,-10.236,0.240,0.240,0.246,0.246
1.135,-0.849,-10.238,0.212,0.212,0.255,0.255
1.133,-0.833,-10.240,0.232,0.232,0.258,0.258
1.131,-0.817,-10.241,0.217,0.217,0.253,0.253
1.131,-0.800,-10.241,0.229,0.229,0.252,0.252
1.129,-0.833,-10.243,0.218,0.218,0.259,0.259
1.128,-0.849,-10.243,0.246,0.246,0.255,0.255
1.128,-1.061,-10.243,0.221,0.221,0.256,0.256
1.127,-1.290,-10.245,0.247,0.247,0.241,0.241
1.123,-1.584,-10.250,0.224,0.224,0.255,0.255
1.122,-1.812,-10.252,0.246,0.246,0.252,0.252
1.120,-2.139,-10.256,0.224,0.224,0.256,0.256
1.123,-2.530,-10.248,0.255,0.255,0.267,0.267
1.123,-2.808,-10.249,0.229,0.229,0.259,0.259
1.121,-2.873,-10.254,0.250,0.250,0.256,0.256
1.121,-2.824,-10.254,0.227,0.227,0.255,0.255
1.119,-2.775,-10.259,0.253,0.253,0.255,0.255
1.119,-2.547,-10.261,0.235,0.235,0.253,0.253
1.117,-2.351,-10.265,0.237,0.237,0.253,0.253
1.116,-2.285,-10.268,0.232,0.232,0.249,0.249
1.115,-2.269,-10.270,0.226,0.226,0.244,0.244
1.114,-2.318,-10.272,0.220,0.220,0.246,0.246
1.114,-2.285,-10.273,0.215,0.215,0.237,0.237
1.111,-2.057,-10.278,0.215,0.215,0.240,0.240
1.108,-1.551,-10.284,0.212,0.212,0.230,0.230
1.109,-1.110,-10.283,0.201,0.201,0.237,0.237
1.109,-1.045,-10.283,0.221,0.221,0.227,0.227
1.110,-1.208,-10.281,0.217,0.217,0.246,0.246
1.109,-1.339,-10.283,0.214,0.214,0.238,0.238
1.107,-1.600,-10.286,0.218,0.218,0.240,0.240
1.107,-1.763,-10.285,0.212,0.212,0.240,0.240
1.106,-1.861,-10.288,0.226,0.226,0.255,0.255
1.104,-1.812,-10.291,0.203,0.203,0.244,0.244
1.103,-1.845,-10.293,0.229,0.229,0.247,0.247
1.103,-1.812,-10.294,0.217,0.217,0.246,0.246
1.102,-1.812,-10.295,0.230,0.230,0.246,0.246
1.099,-1.796,-10.299,0.215,0.215,0.250,0.250
1.097,-1.828,-10.304,0.246,0.246,0.250,0.250
1.096,-1.796,-10.306,0.215,0.215,0.232,0.232
1.096,-1.812,-10.305,0.233,0.233,0.247,0.247
1.098,-1.763,-10.303,0.218,0.218,0.269,0.269
1.097,-1.567,-10.304,0.235,0.235,0.256,0.256
1.095,-1.355,-10.307,0.215,0.215,0.249,0.249
1.094,-1.225,-10.309,0.237,0.237,0.249,0.249
1.093,-1.029,-10.309,0.224,0.224,0.253,0.253
1.091,-0.817,-10.311,0.233,0.233,0.261,0.261
1.091,-0.539,-10.311,0.217,0.217,0.250,0.250
1.090,-0.245,-10.312,0.229,0.229,0.244,0.244
1.090,0.048,-10.312,0.221,0.221,0.255,0.255
1.086,0.195,-10.311,0.237,0.237,0.253,0.253
1.084,0.195,-10.311,0.218,0.218,0.266,0.266
1.084,0.391,-10.311,0.229,0.229,0.252,0.252
1.086,0.571,-10.312,0.218,0.218,0.249,0.249
1.086,0.685,-10.312,0.218,0.218,0.249,0.249
1.084,0.930,-10.310,0.220,0.220,0.250,0.250
1.084,1.305,-10.310,0.227,0.227,0.246,0.246
1.081,1.631,-10.307,0.214,0.214,0.253,0.253
1.081,1.664,-10.305,0.230,0.230,0.262,0.262
1.080,1.631,-10.303,0.227,0.227,0.261,0.261
1.078,1.354,-10.301,0.227,0.227,0.258,0.258
1.078,1.125,-10.301,0.238,0.238,0.264,0.264
1.076,0.848,-10.299,0.240,0.240,0.273,0.273
1.074,0.636,-10.298,0.240,0.240,0.275,0.275
1.072,0.375,-10.297,0.233,0.233,0.273,0.273
1.071,0.130,-10.296,0.250,0.250,0.259,0.259
1.070,0.114,-10.296,0.235,0.235,0.270,0.270
1.073,-0.001,-10.297,0.240,0.240,0.279,0.279
1.073,-0.213,-10.297,0.233,0.233,0.264,0.264
1.071,-0.229,-10.297,0.243,0.243,0.276,0.276
1.070,-0.001,-10.297,0.221,0.221,0.275,0.275
1.068,0.195,-10.297,0.240,0.240,0.270,0.270
1.067,0.391,-10.296,0.218,0.218,0.258,0.258
1.067,0.603,-10.296,0.233,0.233,0.262,0.262
1.065,0.652,-10.296,0.224,0.224,0.261,0.261
1.065,0.652,-10.295,0.237,0.237,0.267,0.267
1.064,0.620,-10.294,0.223,0.223,0.258,0.258
1.061,0.620,-10.293,0.227,0.227,0.267,0.267
1.058,0.587,-10.291,0.218,0.218,0.252,0.252
1.058,0.587,-10.291,0.229,0.229,0.252,0.252
1.060,0.391,-10.292,0.212,0.212,0.255,0.255
1.059,0.179,-10.292,0.240,0.240,0.250,0.250
1.059,0.097,-10.292,0.221,0.221,0.252,0.252
1.058,0.130,-10.292,0.237,0.237,0.253,0.253
1.056,0.016,-10.291,0.217,0.217,0.227,0.227
1.055,-0.556,-10.292,0.247,0.247,0.250,0.250
1.055,-1.306,-10.292,0.220,0.220,0.252,0.252
1.053,-2.073,-10.295,0.235,0.235,0.250,0.250
1.053,-2.612,-10.296,0.227,0.227,0.255,0.255
1.051,-2.840,-10.301,0.247,0.247,0.237,0.237
1.049,-2.873,-10.307,0.223,0.223,0.255,0.255
1.046,-2.808,-10.316,0.252,0.252,0.262,0.262
1.047,-2.547,-10.314,0.232,0.232,0.256,0.256
1.048,-2.400,-10.310,0.252,0.252,0.256,0.256
1.047,-2.481,-10.312,0.240,0.240,0.258,0.258
1.047,-2.759,-10.313,0.256,0.256,0.258,0.258
1.046,-3.085,-10.317,0.237,0.237,0.267,0.267
1.043,-3.265,-10.324,0.240,0.240,0.253,0.253
1.044,-3.346,-10.323,0.233,0.233,0.252,0.252
1.043,-3.297,-10.325,0.233,0.233,0.258,0.258
1.041,-3.265,-10.330,0.232,0.232,0.256,0.256
1.041,-3.232,-10.331,0.226,0.226,0.243,0.243
1.039,-3.069,-10.337,0.221,0.221,0.227,0.227
1.038,-3.101,-10.342,0.218,0.218,0.249,0.249
1.035,-3.199,-10.349,0.209,0.209,0.246,0.246
1.035,-3.265,-10.351,0.215,0.215,0.223,0.223
1.033,-3.330,-10.357,0.220,0.220,0.241,0.241
1.035,-3.314,-10.349,0.211,0.211,0.233,0.233
1.036,-3.248,-10.348,0.217,0.217,0.243,0.243
1.034,-3.069,-10.354,0.208,0.208,0.230,0.230
1.032,-3.052,-10.359,0.217,0.217,0.252,0.252
1.031,-3.232,-10.363,0.206,0.206,0.233,0.233
1.029,-3.314,-10.367,0.233,0.233,0.240,0.240
1.029,-3.297,-10.370,0.217,0.217,0.249,0.249
1.028,-3.297,-10.374,0.237,0.237,0.249,0.249
1.027,-3.265,-10.374,0.212,0.212,0.243,0.243
1.026,-3.281,-10.380,0.237,0.237,0.238,0.238
1.022,-3.248,-10.391,0.214,0.214,0.223,0.223
1.022,-3.069,-10.393,0.226,0.226,0.249,0.249
1.022,-2.808,-10.392,0.212,0.212,0.255,0.255
1.024,-2.547,-10.387,0.240,0.240,0.252,0.252
1.023,-2.318,-10.390,0.221,0.221,0.252,0.252
1.022,-2.236,-10.392,0.232,0.232,0.246,0.246
1.020,-2.008,-10.396,0.226,0.226,0.258,0.258
1.019,-1.600,-10.398,0.237,0.237,0.249,0.249
1.018,-1.323,-10.399,0.218,0.218,0.255,0.255
1.017,-1.257,-10.401,0.233,0.233,0.252,0.252
1.016,-1.274,-10.401,0.218,0.218,0.256,0.256
1.014,-1.061,-10.404,0.237,0.237,0.258,0.258
1.013,-0.621,-10.405,0.212,0.212,0.278,0.278
1.010,-0.311,-10.406,0.230,0.230,0.252,0.252
1.008,-0.148,-10.407,0.217,0.217,0.244,0.244
1.009,0.065,-10.407,0.227,0.227,0.246,0.246
1.013,0.195,-10.407,0.218,0.218,0.253,0.253
1.011,0.179,-10.407,0.224,0.224,0.253,0.253
1.009,0.130,-10.407,0.212,0.212,0.255,0.255
1.008,0.130,-10.406,0.221,0.221,0.250,0.250
1.006,0.130,-10.406,0.212,0.212,0.255,0.255
1.006,0.130,-10.406,0.220,0.220,0.253,0.253
1.004,0.163,-10.406,0.218,0.218,0.258,0.258
1.004,0.163,-10.406,0.223,0.223,0.258,0.258
1.002,0.163,-10.406,0.235,0.235,0.256,0.256
1.002,0.391,-10.405,0.224,0.224,0.276,0.276
0.998,0.587,-10.403,0.244,0.244,0.270,0.270
0.996,0.652,-10.403,0.233,0.233,0.279,0.279
0.996,0.407,-10.402,0.230,0.230,0.284,0.284
0.997,0.195,-10.403,0.235,0.235,0.273,0.273
0.997,0.097,-10.403,0.240,0.240,0.273,0.273
0.998,0.130,-10.403,0.224,0.224,0.279,0.279
0.996,0.114,-10.403,0.237,0.237,0.272,0.272
0.995,0.179,-10.402,0.227,0.227,0.264,0.264
0.994,0.358,-10.402,0.240,0.240,0.272,0.272
0.992,0.326,-10.402,0.224,0.224,0.272,0.272
0.991,0.277,-10.401,0.232,0.232,0.262,0.262
0.991,0.016,-10.401,0.217,0.217,0.266,0.266
0.989,-0.245,-10.401,0.224,0.224,0.288,0.288
0.986,-0.604,-10.403,0.220,0.220,0.261,0.261
0.985,-0.751,-10.404,0.227,0.227,0.250,0.250
0.984,-0.670,-10.404,0.209,0.209,0.259,0.259
0.986,-0.637,-10.403,0.233,0.233,0.255,0.255
0.986,-0.719,-10.403,0.214,0.214,0.262,0.262
0.985,-0.800,-10.404,0.237,0.237,0.250,0.250
0.984,-0.849,-10.404,0.211,0.211,0.243,0.243
0.982,-1.094,-10.406,0.246,0.246,0.250,0.250
0.981,-1.274,-10.408,0.218,0.218,0.259,0.259
0.980,-1.372,-10.410,0.232,0.232,0.252,0.252
0.980,-1.584,-10.409,0.223,0.223,0.255,0.255
0.978,-1.714,-10.412,0.246,0.246,0.255,0.255
0.978,-1.633,-10.412,0.224,0.224,0.256,0.256
0.975,-1.600,-10.417,0.246,0.246,0.244,0.244
0.973,-1.502,-10.420,0.238,0.238,0.255,0.255
0.971,-1.616,-10.423,0.247,0.247,0.255,0.255
0.972,-1.731,-10.421,0.224,0.224,0.258,0.258
0.974,-1.877,-10.418,0.250,0.250,0.255,0.255
0.973,-2.122,-10.420,0.235,0.235,0.255,0.255
0.971,-2.514,-10.425,0.243,0.243,0.258,0.258
0.969,-2.824,-10.430,0.237,0.237,0.261,0.261
0.968,-3.101,-10.432,0.243,0.243,0.255,0.255
0.968,-3.265,-10.434,0.230,0.230,0.252,0.252
0.967,-3.330,-10.437,0.237,0.237,0.249,0.249
0.965,-3.281,-10.442,0.230,0.230,0.253,0.253
0.965,-3.265,-10.443,0.229,0.229,0.240,0.240
0.964,-3.232,-10.448,0.209,0.209,0.238,0.238
0.961,-3.020,-10.457,0.217,0.217,0.227,0.227
0.960,-2.547,-10.459,0.211,0.211,0.233,0.233
0.959,-2.057,-10.461,0.209,0.209,0.230,0.230
0.961,-1.747,-10.458,0.211,0.211,0.241,0.241
0.961,-1.486,-10.458,0.204,0.204,0.235,0.235
0.961,-1.372,-10.458,0.221,0.221,0.259,0.259
0.958,-1.518,-10.461,0.204,0.204,0.240,0.240
0.957,-1.747,-10.463,0.226,0.226,0.249,0.249
0.956,-1.845,-10.465,0.206,0.206,0.241,0.241
0.955,-1.845,-10.468,0.229,0.229,0.235,0.235
0.954,-2.057,-10.470,0.206,0.206,0.243,0.243
0.954,-2.220,-10.469,0.237,0.237,0.244,0.244
0.951,-2.334,-10.475,0.208,0.208,0.224,0.224
0.949,-2.318,-10.481,0.233,0.233,0.250,0.250
0.946,-2.547,-10.487,0.214,0.214,0.255,0.255
0.945,-2.759,-10.490,0.243,0.243,0.250,0.250
0.949,-3.069,-10.480,0.221,0.221,0.250,0.250
0.950,-3.265,-10.477,0.227,0.227,0.247,0.247
0.948,-3.297,-10.482,0.224,0.224,0.258,0.258
0.947,-3.036,-10.485,0.232,0.232,0.240,0.240
0.944,-2.579,-10.494,0.212,0.212,0.253,0.253
0.943,-1.992,-10.495,0.229,0.229,0.261,0.261
0.942,-1.257,-10.497,0.221,0.221,0.256,0.256
0.941,-0.572,-10.498,0.227,0.227,0.252,0.252
0.940,-0.115,-10.498,0.218,0.218,0.246,0.246
0.940,0.424,-10.498,0.238,0.238,0.246,0.246
0.937,1.093,-10.495,0.214,0.214,0.255,0.255
0.934,1.338,-10.492,0.229,0.229,0.252,0.252
0.934,1.289,-10.492,0.221,0.221,0.252,0.252
0.936,1.142,-10.495,0.220,0.220,0.250,0.250
0.937,1.060,-10.496,0.212,0.212,0.255,0.255
0.937,0.864,-10.495,0.220,0.220,0.269,0.269
0.933,0.668,-10.493,0.215,0.215,0.253,0.253
0.933,0.652,-10.493,0.218,0.218,0.240,0.240
0.931,0.603,-10.491,0.218,0.218,0.253,0.253
0.931,0.603,-10.491,0.218,0.218,0.252,0.252
0.930,0.391,-10.491,0.226,0.226,0.258,0.258
0.929,0.228,-10.490,0.217,0.217,0.258,0.258
0.928,-0.001,-10.490,0.237,0.237,0.272,0.272
0.926,-0.131,-10.490,0.224,0.224,0.272,0.272
0.923,0.016,-10.491,0.233,0.233,0.273,0.273
0.922,0.163,-10.491,0.229,0.229,0.270,0.270
0.921,0.195,-10.490,0.240,0.240,0.279,0.279
0.923,0.228,-10.491,0.227,0.227,0.273,0.273
0.923,0.342,-10.491,0.237,0.237,0.275,0.275
0.922,0.342,-10.491,0.232,0.232,0.256,0.256
0.920,0.228,-10.490,0.237,0.237,0.273,0.273
0.919,0.146,-10.490,0.217,0.217,0.275,0.275
0.917,0.097,-10.489,0.232,0.232,0.273,0.273
0.917,0.114,-10.489,0.215,0.215,0.269,0.269
0.916,0.163,-10.489,0.221,0.221,0.261,0.261
0.916,0.048,-10.489,0.220,0.220,0.261,0.261
0.915,-0.196,-10.489,0.238,0.238,0.252,0.252
0.913,-0.343,-10.490,0.215,0.215,0.261,0.261
0.909,-0.637,-10.492,0.235,0.235,0.252,0.252
0.909,-1.012,-10.492,0.214,0.214,0.253,0.253
0.907,-1.290,-10.494,0.233,0.233,0.249,0.249
0.912,-1.339,-10.488,0.214,0.214,0.255,0.255
0.910,-1.306,-10.491,0.243,0.243,0.258,0.258
0.909,-1.306,-10.492,0.212,0.212,0.238,0.238
0.907,-1.274,-10.494,0.233,0.233,0.255,0.255
0.905,-1.306,-10.497,0.221,0.221,0.267,0.267
0.905,-1.274,-10.497,0.244,0.244,0.250,0.250
0.904,-1.306,-10.498,0.226,0.226,0.252,0.252
0.902,-1.306,-10.501,0.238,0.238,0.252,0.252
0.902,-1.274,-10.501,0.221,0.221,0.256,0.256
0.900,-1.045,-10.503,0.243,0.243,0.247,0.247
0.897,-0.833,-10.506,0.215,0.215,0.256,0.256
0.896,-0.441,-10.507,0.246,0.246,0.259,0.259
0.897,0.016,-10.506,0.224,0.224,0.261,0.261
0.899,0.228,-10.506,0.246,0.246,0.253,0.253
0.899,0.260,-10.506,0.230,0.230,0.255,0.255
0.897,0.358,-10.506,0.250,0.250,0.253,0.253
0.895,0.342,-10.505,0.235,0.235,0.256,0.256
0.894,0.277,-10.505,0.235,0.235,0.258,0.258
0.892,0.163,-10.504,0.233,0.233,0.259,0.259
0.892,0.097,-10.504,0.233,0.233,0.253,0.253
0.891,0.097,-10.504,0.218,0.218,0.255,0.255
0.890,0.163,-10.504,0.221,0.221,0.243,0.243
0.888,0.179,-10.504,0.209,0.209,0.235,0.235
0.885,0.016,-10.503,0.200,0.200,0.209,0.209
0.883,-0.425,-10.504,0.211,0.211,0.232,0.232
0.884,-0.817,-10.503,0.211,0.211,0.243,0.243
0.887,-1.110,-10.500,0.214,0.214,0.237,0.237
0.887,-1.355,-10.501,0.198,0.198,0.230,0.230
0.885,-1.567,-10.503,0.218,0.218,0.230,0.230
0.884,-1.812,-10.504,0.198,0.198,0.233,0.233
0.883,-2.041,-10.508,0.220,0.220,0.241,0.241
0.881,-2.057,-10.512,0.200,0.200,0.238,0.238
0.880,-1.845,-10.514,0.232,0.232,0.246,0.246
0.879,-1.584,-10.515,0.212,0.212,0.255,0.255
0.878,-1.339,-10.516,0.226,0.226,0.244,0.244
0.877,-1.241,-10.518,0.214,0.214,0.267,0.267
0.874,-1.045,-10.520,0.229,0.229,0.247,0.247
0.872,-0.866,-10.523,0.212,0.212,0.247,0.247
0.869,-0.735,-10.525,0.224,0.224,0.249,0.249
0.873,-0.458,-10.523,0.214,0.214,0.252,0.252
0.874,-0.001,-10.523,0.226,0.226,0.255,0.255
0.872,0.228,-10.523,0.211,0.211,0.256,0.256
0.873,0.228,-10.523,0.237,0.237,0.249,0.249
0.870,0.212,-10.522,0.217,0.217,0.255,0.255
0.869,0.342,-10.522,0.232,0.232,0.264,0.264
0.868,0.375,-10.522,0.215,0.215,0.253,0.253
0.866,0.081,-10.521,0.233,0.233,0.255,0.255
0.866,-0.180,-10.521,0.215,0.215,0.255,0.255
0.865,-0.425,-10.522,0.221,0.221,0.253,0.253
0.863,-0.572,-10.523,0.217,0.217,0.259,0.259
0.859,-0.833,-10.525,0.230,0.230,0.252,0.252
0.858,-1.078,-10.526,0.221,0.221,0.255,0.255
0.859,-1.274,-10.525,0.224,0.224,0.252,0.252
0.861,-1.290,-10.522,0.218,0.218,0.249,0.249
0.860,-1.078,-10.524,0.220,0.220,0.241,0.241
0.859,-0.817,-10.525,0.206,0.206,0.255,0.255
0.856,-0.523,-10.527,0.218,0.218,0.259,0.259
0.855,-0.229,-10.527,0.211,0.211,0.258,0.258
0.854,0.081,-10.527,0.203,0.203,0.249,0.249
0.854,0.228,-10.527,0.229,0.229,0.255,0.255
0.854,0.407,-10.527,0.227,0.227,0.253,0.253
0.852,0.620,-10.526,0.227,0.227,0.272,0.272
0.852,0.864,-10.526,0.230,0.230,0.275,0.275
0.848,1.060,-10.523,0.237,0.237,0.267,0.267
0.846,0.930,-10.520,0.232,0.232,0.272,0.272
0.846,0.685,-10.520,0.240,0.240,0.282,0.282
0.846,0.358,-10.520,0.235,0.235,0.273,0.273
0.849,0.163,-10.521,0.241,0.241,0.270,0.270
0.847,0.097,-10.521,0.221,0.221,0.288,0.288
0.845,0.146,-10.520,0.243,0.243,0.273,0.273
0.844,0.114,-10.520,0.221,0.221,0.258,0.258
0.842,0.195,-10.520,0.233,0.233,0.276,0.276
0.842,0.163,-10.520,0.224,0.224,0.272,0.272
0.841,0.032,-10.520,0.238,0.238,0.266,0.266
0.840,-0.229,-10.520,0.209,0.209,0.261,0.261
0.839,-0.343,-10.520,0.229,0.229,0.276,0.276
0.837,-0.360,-10.521,0.211,0.211,0.261,0.261
0.834,-0.360,-10.522,0.233,0.233,0.253,0.253
0.833,-0.278,-10.522,0.214,0.214,0.252,0.252
0.834,-0.311,-10.522,0.237,0.237,0.252,0.252
0.837,-0.180,-10.521,0.218,0.218,0.258,0.258
0.836,0.016,-10.521,0.232,0.232,0.252,0.252
0.833,0.163,-10.521,0.218,0.218,0.243,0.243
0.832,0.195,-10.521,0.235,0.235,0.258,0.258
0.831,0.163,-10.521,0.215,0.215,0.261,0.261
0.830,0.163,-10.521,0.232,0.232,0.253,0.253
0.829,0.032,-10.521,0.218,0.218,0.258,0.258
0.828,-0.131,-10.521,0.243,0.243,0.255,0.255
0.827,0.048,-10.521,0.218,0.218,0.258,0.258
0.824,0.016,-10.521,0.252,0.252,0.246,0.246
0.822,-0.082,-10.521,0.226,0.226,0.253,0.253
0.819,0.016,-10.521,0.243,0.243,0.255,0.255
0.823,0.114,-10.521,0.230,0.230,0.256,0.256
0.824,0.195,-10.521,0.246,0.246,0.256,0.256
0.824,0.032,-10.521,0.233,0.233,0.258,0.258
0.821,-0.164,-10.521,0.244,0.244,0.253,0.253
0.820,-0.343,-10.522,0.243,0.243,0.252,0.252
0.819,-0.343,-10.522,0.246,0.246,0.256,0.256
0.817,-0.294,-10.522,0.235,0.235,0.259,0.259
0.816,-0.294,-10.523,0.238,0.238,0.253,0.253
0.816,-0.278,-10.523,0.227,0.227,0.255,0.255
0.815,-0.360,-10.523,0.223,0.223,0.249,0.249
0.813,-0.556,-10.524,0.212,0.212,0.240,0.240
0.810,-0.719,-10.526,0.215,0.215,0.217,0.217
0.808,-0.621,-10.527,0.215,0.215,0.230,0.230
0.808,-0.376,-10.527,0.198,0.198,0.240,0.240
0.810,-0.164,-10.527,0.218,0.218,0.238,0.238
0.810,0.097,-10.527,0.208,0.208,0.232,0.232
0.809,0.440,-10.526,0.215,0.215,0.247,0.247
0.808,0.685,-10.526,0.204,0.204,0.233,0.233
0.807,0.930,-10.525,0.217,0.217,0.215,0.215
0.805,1.109,-10.523,0.204,0.204,0.240,0.240
0.805,1.158,-10.523,0.218,0.218,0.253,0.253
0.804,1.174,-10.521,0.209,0.209,0.249,0.249
0.803,1.093,-10.521,0.227,0.227,0.244,0.244
0.802,1.125,-10.519,0.212,0.212,0.247,0.247
0.799,1.125,-10.516,0.224,0.224,0.253,0.253
0.796,1.142,-10.513,0.212,0.212,0.237,0.237
0.797,1.158,-10.514,0.240,0.240,0.249,0.249
0.798,1.354,-10.515,0.214,0.214,0.253,0.253
0.798,1.582,-10.516,0.237,0.237,0.249,0.249
0.797,1.892,-10.513,0.215,0.215,0.249,0.249
0.795,2.088,-10.509,0.235,0.235,0.252,0.252
0.794,2.203,-10.508,0.208,0.208,0.258,0.258
0.792,2.349,-10.504,0.241,0.241,0.247,0.247
0.792,2.366,-10.503,0.220,0.220,0.256,0.256
0.791,2.431,-10.500,0.229,0.229,0.249,0.249
0.792,2.545,-10.502,0.224,0.224,0.258,0.258
0.790,2.676,-10.499,0.229,0.229,0.253,0.253
0.787,2.839,-10.489,0.218,0.218,0.273,0.273
0.783,2.855,-10.479,0.227,0.227,0.253,0.253
0.784,2.676,-10.481,0.215,0.215,0.250,0.250
0.787,2.562,-10.488,0.221,0.221,0.258,0.258
0.787,2.333,-10.488,0.208,0.208,0.253,0.253
0.785,2.170,-10.483,0.220,0.220,0.247,0.247
0.783,2.072,-10.481,0.217,0.217,0.256,0.256
0.782,2.056,-10.478,0.215,0.215,0.249,0.249
0.780,1.827,-10.475,0.224,0.224,0.255,0.255
0.780,1.403,-10.473,0.212,0.212,0.255,0.255
0.778,0.897,-10.471,0.224,0.224,0.258,0.258
0.778,0.571,-10.472,0.218,0.218,0.256,0.256
0.777,0.358,-10.471,0.229,0.229,0.258,0.258
0.774,0.163,-10.470,0.227,0.227,0.278,0.278
0.773,0.130,-10.470,0.238,0.238,0.266,0.266
0.770,0.114,-10.470,0.235,0.235,0.276,0.276
0.770,0.163,-10.470,0.246,0.246,0.285,0.285
0.774,0.032,-10.470,0.226,0.226,0.273,0.273
0.773,-0.196,-10.470,0.250,0.250,0.279,0.279
0.772,-0.343,-10.471,0.229,0.229,0.261,0.261
0.770,-0.588,-10.471,0.233,0.233,0.273,0.273
0.769,-0.768,-10.472,0.224,0.224,0.262,0.262
0.768,-0.882,-10.473,0.230,0.230,0.275,0.275
0.766,-0.751,-10.475,0.204,0.204,0.275,0.275
0.765,-0.588,-10.475,0.230,0.230,0.269,0.269
0.765,-0.343,-10.475,0.221,0.221,0.264,0.264
0.764,-0.262,-10.476,0.232,0.232,0.272,0.272
0.761,-0.278,-10.477,0.214,0.214,0.264,0.264
0.757,-0.311,-10.478,0.237,0.237,0.261,0.261
0.758,-0.327,-10.477,0.221,0.221,0.261,0.261
0.761,-0.327,-10.476,0.224,0.224,0.253,0.253
0.762,-0.588,-10.476,0.215,0.215,0.258,0.258
0.760,-1.012,-10.477,0.233,0.233,0.255,0.255
0.757,-1.306,-10.481,0.215,0.215,0.272,0.272
0.757,-1.355,-10.481,0.237,0.237,0.258,0.258
0.756,-1.339,-10.482,0.223,0.223,0.249,0.249
0.754,-1.290,-10.485,0.240,0.240,0.241,0.241
0.754,-1.355,-10.486,0.211,0.211,0.249,0.249
0.753,-1.551,-10.486,0.246,0.246,0.253,0.253
0.751,-1.763,-10.489,0.224,0.224,0.259,0.259
0.749,-1.828,-10.494,0.241,0.241,0.267,0.267
0.745,-1.567,-10.500,0.227,0.227,0.261,0.261
0.747,-1.078,-10.498,0.246,0.246,0.247,0.247
0.748,-0.458,-10.497,0.230,0.230,0.259,0.259
0.749,0.081,-10.497,0.240,0.240,0.256,0.256
0.748,0.489,-10.496,0.240,0.240,0.261,0.261
0.745,0.685,-10.495,0.240,0.240,0.259,0.259
0.745,0.913,-10.495,0.233,0.233,0.273,0.273
0.744,1.289,-10.494,0.240,0.240,0.259,0.259
0.742,1.354,-10.491,0.235,0.235,0.261,0.261
0.742,1.174,-10.491,0.224,0.224,0.258,0.258
0.740,0.897,-10.489,0.221,0.221,0.253,0.253
0.740,0.620,-10.489,0.224,0.224,0.247,0.247
0.737,0.358,-10.488,0.218,0.218,0.237,0.237
0.735,0.212,-10.487,0.211,0.211,0.221,0.221
0.733,0.358,-10.487,0.215,0.215,0.238,0.238
0.734,0.554,-10.487,0.206,0.206,0.243,0.243
0.736,0.701,-10.489,0.217,0.217,0.238,0.238
0.734,0.668,-10.487,0.195,0.195,0.237,0.237
0.733,0.652,-10.487,0.214,0.214,0.238,0.238
0.732,0.620,-10.486,0.208,0.208,0.240,0.240
0.731,0.652,-10.485,0.214,0.214,0.221,0.221
0.729,0.913,-10.484,0.206,0.206,0.238,0.238
0.729,1.338,-10.483,0.232,0.232,0.256,0.256
0.729,1.860,-10.484,0.209,0.209,0.250,0.250
0.727,2.447,-10.479,0.235,0.235,0.240,0.240
0.727,3.133,-10.478,0.214,0.214,0.246,0.246
0.723,3.802,-10.465,0.232,0.232,0.244,0.244
0.722,4.161,-10.461,0.212,0.212,0.235,0.235
0.721,4.373,-10.456,0.240,0.240,0.252,0.252
0.724,4.324,-10.471,0.217,0.217,0.258,0.258
0.724,4.145,-10.472,0.232,0.232,0.253,0.253
0.721,4.030,-10.459,0.218,0.218,0.249,0.249
0.720,4.079,-10.453,0.241,0.241,0.249,0.249
0.719,4.030,-10.449,0.227,0.227,0.255,0.255
0.718,3.835,-10.445,0.238,0.238,0.249,0.249
0.717,3.378,-10.442,0.218,0.218,0.253,0.253
0.716,3.068,-10.438,0.224,0.224,0.253,0.253
0.715,2.741,-10.436,0.227,0.227,0.261,0.261
0.713,2.382,-10.432,0.224,0.224,0.256,0.256
0.711,2.105,-10.425,0.226,0.226,0.246,0.246
0.709,1.827,-10.422,0.226,0.226,0.250,0.250
0.708,1.664,-10.420,0.215,0.215,0.259,0.259
0.712,1.827,-10.428,0.229,0.229,0.255,0.255
0.712,2.056,-10.427,0.212,0.212,0.249,0.249
0.710,2.088,-10.422,0.212,0.212,0.255,0.255
0.708,1.860,-10.419,0.220,0.220,0.255,0.255
0.707,1.370,-10.418,0.211,0.211,0.261,0.261
0.706,0.897,-10.416,0.214,0.214,0.252,0.252
0.704,0.636,-10.415,0.204,0.204,0.252,0.252
0.704,0.620,-10.415,0.230,0.230,0.256,0.256
0.703,0.848,-10.414,0.218,0.218,0.253,0.253
0.702,1.109,-10.413,0.233,0.233,0.262,0.262
0.699,1.158,-10.410,0.229,0.229,0.279,0.279
0.697,1.142,-10.407,0.244,0.244,0.302,0.302
0.694,0.815,-10.405,0.229,0.229,0.270,0.270
0.698,0.424,-10.407,0.247,0.247,0.272,0.272
0.699,0.146,-10.407,0.223,0.223,0.270,0.270
0.699,-0.099,-10.407,0.243,0.243,0.273,0.273
0.697,-0.474,-10.408,0.226,0.226,0.261,0.261
0.695,-0.784,-10.409,0.240,0.240,0.275,0.275
0.694,-0.866,-10.410,0.227,0.227,0.261,0.261
0.693,-0.866,-10.411,0.233,0.233,0.273,0.273
0.691,-0.817,-10.412,0.224,0.224,0.275,0.275
0.691,-0.833,-10.413,0.233,0.233,0.264,0.264
0.690,-0.833,-10.413,0.212,0.212,0.261,0.261
0.688,-0.833,-10.414,0.240,0.240,0.261,0.261
0.684,-1.078,-10.419,0.212,0.212,0.259,0.259
0.683,-1.323,-10.420,0.233,0.233,0.244,0.244
0.686,-1.339,-10.416,0.221,0.221,0.264,0.264
0.686,-1.110,-10.416,0.249,0.249,0.264,0.264
0.686,-0.539,-10.416,0.218,0.218,0.252,0.252
0.683,0.048,-10.417,0.241,0.241,0.252,0.252
0.682,0.309,-10.417,0.226,0.226,0.255,0.255
0.681,0.407,-10.416,0.237,0.237,0.256,0.256
0.681,0.407,-10.416,0.215,0.215,0.235,0.235
0.680,0.424,-10.416,0.247,0.247,0.252,0.252
0.679,0.326,-10.416,0.227,0.227,0.259,0.259
0.677,0.244,-10.415,0.243,0.243,0.253,0.253
0.674,0.358,-10.414,0.229,0.229,0.258,0.258
0.673,0.554,-10.413,0.247,0.247,0.252,0.252
0.672,0.685,-10.413,0.232,0.232,0.258,0.258
0.673,0.620,-10.414,0.238,0.238,0.250,0.250
0.675,0.424,-10.415,0.238,0.238,0.258,0.258
0.672,0.195,-10.414,0.237,0.237,0.262,0.262
0.671,0.081,-10.414,0.238,0.238,0.262,0.262
0.669,0.130,-10.413,0.243,0.243,0.256,0.256
0.668,0.097,-10.413,0.238,0.238,0.259,0.259
0.667,0.130,-10.413,0.246,0.246,0.258,0.258
0.667,0.195,-10.413,0.238,0.238,0.255,0.255
0.666,0.407,-10.413,0.232,0.232,0.256,0.256
0.665,0.832,-10.413,0.229,0.229,0.255,0.255
0.664,1.354,-10.412,0.209,0.209,0.250,0.250
0.661,1.648,-10.406,0.220,0.220,0.235,0.235
0.660,1.925,-10.405,0.206,0.206,0.233,0.233
0.661,2.105,-10.406,0.212,0.212,0.233,0.233
0.661,2.121,-10.406,0.200,0.200,0.233,0.233
0.662,2.186,-10.409,0.224,0.224,0.237,0.237
0.660,2.300,-10.405,0.201,0.201,0.240,0.240
0.659,2.562,-10.401,0.221,0.221,0.246,0.246
0.657,2.692,-10.397,0.209,0.209,0.237,0.237
0.655,2.921,-10.392,0.226,0.226,0.233,0.233
0.655,3.280,-10.391,0.206,0.206,0.235,0.235
0.653,3.557,-10.384,0.221,0.221,0.262,0.262
0.652,3.410,-10.382,0.209,0.209,0.249,0.249
0.652,3.100,-10.381,0.232,0.232,0.240,0.240
0.650,2.611,-10.374,0.212,0.212,0.247,0.247
0.647,2.415,-10.367,0.233,0.233,0.249,0.249
0.646,2.480,-10.365,0.224,0.224,0.264,0.264
0.648,2.300,-10.371,0.240,0.240,0.252,0.252
0.650,1.941,-10.375,0.220,0.220,0.270,0.270
0.648,1.615,-10.372,0.235,0.235,0.252,0.252
0.647,1.566,-10.369,0.218,0.218,0.250,0.250
0.645,1.517,-10.366,0.224,0.224,0.255,0.255
0.644,1.321,-10.364,0.217,0.217,0.266,0.266
0.643,0.897,-10.364,0.227,0.227,0.255,0.255
0.641,0.717,-10.362,0.224,0.224,0.253,0.253
0.641,1.093,-10.362,0.227,0.227,0.243,0.243
0.640,1.746,-10.361,0.226,0.226,0.256,0.256
0.636,2.154,-10.353,0.229,0.229,0.262,0.262
0.634,2.186,-10.348,0.218,0.218,0.256,0.256
0.635,2.170,-10.350,0.226,0.226,0.252,0.252
0.636,2.105,-10.354,0.224,0.224,0.258,0.258
0.636,2.088,-10.353,0.221,0.221,0.249,0.249
0.634,2.121,-10.349,0.214,0.214,0.237,0.237
0.634,2.121,-10.348,0.215,0.215,0.252,0.252
0.633,2.088,-10.346,0.221,0.221,0.261,0.261
0.632,1.876,-10.345,0.206,0.206,0.250,0.250
0.631,1.615,-10.342,0.229,0.229,0.253,0.253
0.630,1.338,-10.341,0.214,0.214,0.258,0.258
0.629,1.076,-10.340,0.220,0.220,0.258,0.258
0.627,0.815,-10.338,0.218,0.218,0.243,0.243
0.625,0.424,-10.337,0.237,0.237,0.258,0.258
0.621,0.048,-10.336,0.223,0.223,0.264,0.264
0.621,-0.245,-10.336,0.246,0.246,0.278,0.278
0.625,-0.343,-10.335,0.235,0.235,0.285,0.285
0.625,-0.327,-10.335,0.246,0.246,0.278,0.278
0.623,-0.327,-10.335,0.227,0.227,0.270,0.270
0.622,-0.311,-10.336,0.244,0.244,0.266,0.266
0.619,-0.229,-10.337,0.232,0.232,0.269,0.269
0.618,0.016,-10.337,0.240,0.240,0.270,0.270
0.618,0.195,-10.337,0.230,0.230,0.269,0.269
0.618,0.212,-10.337,0.232,0.232,0.276,0.276
0.616,0.391,-10.336,0.220,0.220,0.270,0.270
0.616,0.522,-10.336,0.240,0.240,0.267,0.267
0.615,0.456,-10.335,0.223,0.223,0.296,0.296
0.611,0.424,-10.334,0.243,0.243,0.261,0.261
0.610,0.587,-10.333,0.218,0.218,0.247,0.247
0.610,0.603,-10.333,0.246,0.246,0.255,0.255
0.612,0.424,-10.334,0.218,0.218,0.255,0.255
0.612,0.195,-10.334,0.227,0.227,0.256,0.256
0.610,0.114,-10.334,0.223,0.223,0.258,0.258
0.608,-0.033,-10.334,0.233,0.233,0.285,0.285
0.607,-0.490,-10.334,0.224,0.224,0.261,0.261
0.605,-0.784,-10.335,0.232,0.232,0.247,0.247
0.604,-0.866,-10.336,0.241,0.241,0.258,0.258
0.603,-0.539,-10.337,0.229,0.229,0.256,0.256
0.603,0.016,-10.337,0.229,0.229,0.258,0.258
0.602,0.456,-10.337,0.237,0.237,0.259,0.259
0.600,0.668,-10.335,0.235,0.235,0.278,0.278
0.597,0.668,-10.334,0.227,0.227,0.261,0.261
0.599,0.620,-10.335,0.235,0.235,0.259,0.259
0.600,0.407,-10.336,0.220,0.220,0.250,0.250
0.599,0.407,-10.335,0.243,0.243,0.253,0.253
0.598,0.554,-10.335,0.223,0.223,0.255,0.255
0.596,0.881,-10.333,0.246,0.246,0.256,0.256
0.595,1.158,-10.332,0.230,0.230,0.261,0.261
0.593,1.403,-10.330,0.237,0.237,0.259,0.259
0.592,1.599,-10.328,0.230,0.230,0.264,0.264
0.592,1.599,-10.329,0.243,0.243,0.258,0.258
0.591,1.648,-10.327,0.212,0.212,0.253,0.253
0.589,1.550,-10.323,0.232,0.232,0.253,0.253
0.587,1.354,-10.320,0.215,0.215,0.249,0.249
0.584,1.158,-10.317,0.227,0.227,0.240,0.240
0.583,1.060,-10.315,0.203,0.203,0.243,0.243
0.587,1.142,-10.320,0.224,0.224,0.237,0.237
0.588,1.419,-10.321,0.214,0.214,0.230,0.230
0.587,2.088,-10.319,0.220,0.220,0.235,0.235
0.584,2.855,-10.312,0.211,0.211,0.235,0.235
0.583,3.427,-10.310,0.227,0.227,0.244,0.244
0.581,3.851,-10.302,0.212,0.212,0.252,0.252
0.581,4.096,-10.300,0.218,0.218,0.243,0.243
0.580,4.128,-10.297,0.211,0.211,0.237,0.237
0.579,4.047,-10.293,0.220,0.220,0.243,0.243
0.578,3.835,-10.289,0.221,0.221,0.249,0.249
0.576,3.851,-10.283,0.212,0.212,0.247,0.247
0.573,3.981,-10.269,0.227,0.227,0.247,0.247
0.571,4.079,-10.261,0.220,0.220,0.262,0.262
0.572,4.096,-10.267,0.233,0.233,0.252,0.252
0.574,4.047,-10.274,0.209,0.209,0.250,0.250
0.574,3.851,-10.274,0.237,0.237,0.253,0.253
0.571,3.590,-10.264,0.218,0.218,0.250,0.250
0.571,3.524,-10.262,0.232,0.232,0.247,0.247
0.569,3.280,-10.257,0.217,0.217,0.250,0.250
0.569,3.133,-10.255,0.238,0.238,0.279,0.279
0.568,3.019,-10.252,0.212,0.212,0.258,0.258
0.567,2.839,-10.249,0.235,0.235,0.255,0.255
0.566,2.594,-10.248,0.227,0.227,0.243,0.243
0.564,2.317,-10.242,0.235,0.235,0.253,0.253
0.560,2.072,-10.233,0.221,0.221,0.256,0.256
0.559,1.795,-10.232,0.233,0.233,0.253,0.253
0.563,1.387,-10.238,0.224,0.224,0.276,0.276
0.562,1.076,-10.237,0.229,0.229,0.255,0.255
0.561,0.815,-10.236,0.211,0.211,0.252,0.252
0.560,0.652,-10.235,0.224,0.224,0.253,0.253
0.558,0.538,-10.234,0.215,0.215,0.253,0.253
0.556,0.358,-10.233,0.212,0.212,0.244,0.244
0.555,0.195,-10.233,0.215,0.215,0.250,0.250
0.555,-0.001,-10.233,0.215,0.215,0.253,0.253
0.555,-0.262,-10.233,0.221,0.221,0.255,0.255
0.553,-0.604,-10.233,0.217,0.217,0.255,0.255
0.552,-1.029,-10.234,0.229,0.229,0.261,0.261
0.549,-1.306,-10.238,0.224,0.224,0.258,0.258
0.547,-1.404,-10.240,0.233,0.233,0.270,0.270
0.550,-1.290,-10.236,0.235,0.235,0.276,0.276
0.550,-1.061,-10.237,0.246,0.246,0.250,0.250
0.549,-0.866,-10.238,0.230,0.230,0.276,0.276
0.547,-0.817,-10.239,0.249,0.249,0.285,0.285
0.546,-1.045,-10.240,0.230,0.230,0.279,0.279
0.544,-1.274,-10.243,0.249,0.249,0.261,0.261
0.543,-1.420,-10.244,0.224,0.224,0.264,0.264
0.543,-1.633,-10.244,0.252,0.252,0.266,0.266
0.542,-1.747,-10.246,0.227,0.227,0.252,0.252
0.541,-1.584,-10.248,0.233,0.233,0.264,0.264
0.540,-1.372,-10.249,0.230,0.230,0.275,0.275
0.537,-1.274,-10.253,0.240,0.240,0.264,0.264
0.536,-1.274,-10.255,0.221,0.221,0.258,0.258
0.534,-1.306,-10.257,0.241,0.241,0.252,0.252
0.538,-1.290,-10.252,0.230,0.230,0.259,0.259
0.538,-1.290,-10.252,0.244,0.244,0.250,0.250
0.536,-1.029,-10.254,0.223,0.223,0.258,0.258
0.535,-0.507,-10.254,0.243,0.243,0.261,0.261
0.532,-0.001,-10.255,0.229,0.229,0.259,0.259
0.532,0.293,-10.255,0.232,0.232,0.255,0.255
0.530,0.473,-10.255,0.232,0.232,0.255,0.255
0.530,0.620,-10.254,0.227,0.227,0.252,0.252
0.529,0.636,-10.254,0.232,0.232,0.250,0.250
0.528,0.636,-10.253,0.226,0.226,0.252,0.252
0.526,0.391,-10.252,0.244,0.244,0.259,0.259
0.522,0.212,-10.251,0.233,0.233,0.256,0.256
0.522,-0.017,-10.251,0.232,0.232,0.258,0.258
0.523,-0.229,-10.251,0.232,0.232,0.247,0.247
0.525,-0.262,-10.251,0.241,0.241,0.261,0.261
0.525,0.032,-10.251,0.224,0.224,0.256,0.256
0.523,0.032,-10.250,0.237,0.237,0.252,0.252
0.521,-0.196,-10.251,0.230,0.230,0.264,0.264
0.520,-0.539,-10.251,0.240,0.240,0.253,0.253
0.518,-0.800,-10.252,0.224,0.224,0.256,0.256
0.518,-0.800,-10.253,0.252,0.252,0.250,0.250
0.517,-0.490,-10.253,0.229,0.229,0.259,0.259
0.516,0.081,-10.253,0.246,0.246,0.253,0.253
0.515,0.750,-10.253,0.217,0.217,0.246,0.246
0.511,1.403,-10.249,0.240,0.240,0.246,0.246
0.509,1.974,-10.246,0.214,0.214,0.237,0.237
0.510,2.611,-10.247,0.226,0.226,0.227,0.227
0.511,3.068,-10.250,0.212,0.212,0.233,0.233
0.512,3.198,-10.255,0.221,0.221,0.232,0.232
0.510,3.116,-10.249,0.211,0.211,0.218,0.218
0.509,3.084,-10.244,0.211,0.211,0.235,0.235
0.507,3.084,-10.240,0.224,0.224,0.256,0.256
0.506,3.084,-10.236,0.218,0.218,0.230,0.230
0.506,3.361,-10.236,0.224,0.224,0.241,0.241
0.505,3.557,-10.232,0.209,0.209,0.233,0.233
0.503,3.590,-10.226,0.226,0.226,0.244,0.244
0.503,3.329,-10.224,0.215,0.215,0.229,0.229
0.501,2.855,-10.219,0.223,0.223,0.243,0.243
0.498,2.366,-10.210,0.218,0.218,0.252,0.252
0.496,2.039,-10.206,0.230,0.230,0.246,0.246
0.498,1.778,-10.210,0.211,0.211,0.249,0.249
0.500,1.648,-10.213,0.233,0.233,0.237,0.237
0.499,1.599,-10.212,0.218,0.218,0.250,0.250
0.497,1.631,-10.209,0.240,0.240,0.241,0.241
0.495,1.599,-10.206,0.218,0.218,0.255,0.255
0.494,1.615,-10.203,0.240,0.240,0.258,0.258
0.493,1.582,-10.202,0.226,0.226,0.255,0.255
0.491,1.566,-10.200,0.230,0.230,0.249,0.249
0.492,1.419,-10.200,0.212,0.212,0.256,0.256
0.491,1.142,-10.199,0.233,0.233,0.253,0.253
0.488,1.076,-10.196,0.220,0.220,0.261,0.261
0.486,1.093,-10.194,0.227,0.227,0.255,0.255
0.483,1.158,-10.191,0.224,0.224,0.252,0.252
0.486,1.370,-10.194,0.233,0.233,0.247,0.247
0.487,1.533,-10.196,0.221,0.221,0.252,0.252
0.487,1.370,-10.196,0.226,0.226,0.270,0.270
0.486,0.930,-10.195,0.221,0.221,0.252,0.252
0.483,0.636,-10.192,0.221,0.221,0.246,0.246
0.481,0.326,-10.191,0.209,0.209,0.250,0.250
0.481,0.032,-10.191,0.218,0.218,0.252,0.252
0.480,-0.278,-10.191,0.217,0.217,0.252,0.252
0.478,-0.572,-10.192,0.215,0.215,0.252,0.252
0.478,-0.751,-10.192,0.221,0.221,0.259,0.259
0.477,-0.621,-10.193,0.221,0.221,0.258,0.258
0.473,-0.360,-10.195,0.238,0.238,0.259,0.259
0.472,-0.294,-10.195,0.224,0.224,0.267,0.267
0.473,-0.490,-10.195,0.249,0.249,0.276,0.276
0.475,-0.490,-10.194,0.229,0.229,0.278,0.278
0.475,-0.392,-10.194,0.235,0.235,0.275,0.275
0.473,-0.294,-10.194,0.224,0.224,0.252,0.252
0.473,-0.278,-10.195,0.243,0.243,0.270,0.270
0.470,-0.294,-10.195,0.229,0.229,0.269,0.269
0.468,-0.213,-10.196,0.241,0.241,0.275,0.275
0.468,0.016,-10.196,0.220,0.220,0.267,0.267
0.466,0.179,-10.196,0.246,0.246,0.267,0.267
0.466,0.195,-10.196,0.221,0.221,0.267,0.267
0.465,0.146,-10.195,0.243,0.243,0.262,0.262
0.463,0.146,-10.195,0.221,0.221,0.262,0.262
0.459,0.163,-10.195,0.232,0.232,0.259,0.259
0.458,0.130,-10.194,0.221,0.221,0.255,0.255
0.460,0.179,-10.195,0.238,0.238,0.256,0.256
0.462,-0.017,-10.195,0.221,0.221,0.287,0.287
0.463,-0.441,-10.195,0.240,0.240,0.261,0.261
0.461,-0.800,-10.196,0.229,0.229,0.255,0.255
0.458,-0.947,-10.198,0.243,0.243,0.255,0.255
0.456,-1.094,-10.201,0.218,0.218,0.262,0.262
0.455,-1.257,-10.201,0.241,0.241,0.256,0.256
0.455,-1.323,-10.202,0.227,0.227,0.258,0.258
0.454,-1.323,-10.203,0.230,0.230,0.266,0.266
0.452,-1.274,-10.205,0.226,0.226,0.255,0.255
0.451,-1.045,-10.207,0.227,0.227,0.249,0.249
0.447,-0.882,-10.210,0.233,0.233,0.256,0.256
0.445,-0.768,-10.212,0.218,0.218,0.255,0.255
0.446,-0.556,-10.212,0.240,0.240,0.255,0.255
0.449,-0.343,-10.210,0.224,0.224,0.256,0.256
0.449,-0.294,-10.210,0.238,0.238,0.267,0.267
0.448,-0.262,-10.211,0.227,0.227,0.261,0.261
0.446,-0.196,-10.211,0.250,0.250,0.261,0.261
0.445,0.048,-10.211,0.226,0.226,0.258,0.258
0.443,0.195,-10.211,0.240,0.240,0.252,0.252
0.442,0.440,-10.210,0.227,0.227,0.252,0.252
0.443,0.603,-10.211,0.246,0.246,0.252,0.252
0.441,0.685,-10.210,0.221,0.221,0.258,0.258
0.440,0.864,-10.209,0.243,0.243,0.252,0.252
0.437,1.044,-10.206,0.215,0.215,0.246,0.246
0.434,0.864,-10.204,0.229,0.229,0.235,0.235
0.433,0.489,-10.203,0.209,0.209,0.230,0.230
0.432,0.016,-10.203,0.227,0.227,0.230,0.230
0.437,-0.523,-10.201,0.217,0.217,0.235,0.235
0.435,-0.849,-10.203,0.220,0.220,0.221,0.221
0.434,-0.882,-10.204,0.209,0.209,0.237,0.237
0.433,-0.833,-10.205,0.218,0.218,0.249,0.249
0.430,-0.817,-10.207,0.218,0.218,0.237,0.237
0.430,-0.474,-10.207,0.211,0.211,0.238,0.238
0.429,-0.033,-10.208,0.227,0.227,0.233,0.233
0.429,0.228,-10.208,0.211,0.211,0.240,0.240
0.428,0.440,-10.207,0.227,0.227,0.226,0.226
0.426,0.636,-10.206,0.212,0.212,0.246,0.246
0.423,0.668,-10.205,0.232,0.232,0.250,0.250
0.421,0.913,-10.203,0.224,0.224,0.246,0.246
0.420,1.305,-10.201,0.229,0.229,0.243,0.243
0.424,1.582,-10.208,0.220,0.220,0.249,0.249
0.423,1.664,-10.206,0.238,0.238,0.250,0.250
0.422,1.599,-10.204,0.212,0.212,0.246,0.246
0.420,1.370,-10.201,0.237,0.237,0.250,0.250
0.418,1.109,-10.199,0.217,0.217,0.261,0.261
0.418,0.848,-10.198,0.233,0.233,0.253,0.253
0.417,0.587,-10.198,0.214,0.214,0.255,0.255
0.416,0.358,-10.197,0.240,0.240,0.241,0.241
0.415,0.065,-10.197,0.218,0.218,0.252,0.252
0.412,-0.294,-10.197,0.235,0.235,0.252,0.252
0.410,-0.637,-10.199,0.212,0.212,0.253,0.253
0.410,-1.045,-10.199,0.235,0.235,0.252,0.252
0.412,-1.290,-10.196,0.218,0.218,0.255,0.255
0.412,-1.372,-10.196,0.226,0.226,0.255,0.255
0.412,-1.372,-10.196,0.218,0.218,0.275,0.275
0.410,-1.535,-10.199,0.221,0.221,0.250,0.250
0.408,-1.502,-10.202,0.215,0.215,0.249,0.249
0.407,-1.339,-10.203,0.206,0.206,0.252,0.252
0.406,-1.029,-10.205,0.230,0.230,0.255,0.255
0.405,-0.490,-10.205,0.211,0.211,0.250,0.250
0.404,0.032,-10.206,0.218,0.218,0.259,0.259
0.403,0.260,-10.205,0.217,0.217,0.267,0.267
0.401,0.407,-10.205,0.227,0.227,0.256,0.256
0.399,0.391,-10.204,0.227,0.227,0.256,0.256
0.395,0.195,-10.203,0.240,0.240,0.261,0.261
0.395,0.114,-10.203,0.226,0.226,0.273,0.273
0.398,0.114,-10.203,0.244,0.244,0.269,0.269
0.399,0.130,-10.203,0.223,0.223,0.279,0.279
0.398,-0.196,-10.203,0.252,0.252,0.256,0.256
0.398,-0.441,-10.204,0.229,0.229,0.272,0.272
0.395,-0.392,-10.205,0.246,0.246,0.272,0.272
0.393,-0.343,-10.205,0.232,0.232,0.273,0.273
0.393,-0.278,-10.205,0.246,0.246,0.264,0.264
0.392,-0.311,-10.206,0.224,0.224,0.272,0.272
0.391,-0.556,-10.206,0.238,0.238,0.267,0.267
0.390,-0.817,-10.207,0.227,0.227,0.267,0.267
0.388,-1.110,-10.209,0.243,0.243,0.267,0.267
0.384,-1.257,-10.213,0.221,0.221,0.264,0.264
0.382,-1.355,-10.217,0.252,0.252,0.258,0.258
0.386,-1.323,-10.211,0.227,0.227,0.255,0.255
0.386,-1.241,-10.210,0.240,0.240,0.281,0.281
0.387,-1.045,-10.210,0.229,0.229,0.258,0.258
0.384,-0.898,-10.212,0.238,0.238,0.255,0.255
0.381,-0.784,-10.215,0.227,0.227,0.261,0.261
0.382,-0.539,-10.214,0.226,0.226,0.255,0.255
0.380,-0.376,-10.215,0.230,0.230,0.261,0.261
0.381,-0.262,-10.215,0.226,0.226,0.255,0.255
0.379,-0.196,-10.215,0.226,0.226,0.249,0.249
0.378,0.065,-10.215,0.229,0.229,0.252,0.252
0.375,0.081,-10.215,0.238,0.238,0.256,0.256
0.371,-0.164,-10.215,0.226,0.226,0.253,0.253
0.370,-0.327,-10.215,0.238,0.238,0.258,0.258
0.372,-0.360,-10.215,0.223,0.223,0.252,0.252
0.375,-0.360,-10.214,0.237,0.237,0.255,0.255
0.375,-0.556,-10.214,0.221,0.221,0.258,0.258
0.372,-0.768,-10.216,0.240,0.240,0.250,0.250
0.371,-0.882,-10.216,0.211,0.211,0.258,0.258
0.368,-0.849,-10.219,0.246,0.246,0.255,0.255
0.368,-0.800,-10.219,0.230,0.230,0.259,0.259
0.367,-0.458,-10.219,0.252,0.252,0.272,0.272
0.366,0.032,-10.220,0.233,0.233,0.256,0.256
0.366,0.489,-10.220,0.238,0.238,0.243,0.243
0.364,0.913,-10.218,0.230,0.230,0.253,0.253
0.361,1.174,-10.215,0.237,0.237,0.246,0.246
0.358,1.387,-10.211,0.215,0.215,0.247,0.247
0.359,1.566,-10.212,0.221,0.221,0.230,0.230
0.362,1.615,-10.217,0.211,0.211,0.227,0.227
0.362,1.615,-10.217,0.217,0.217,0.232,0.232
0.361,1.631,-10.216,0.209,0.209,0.252,0.252
0.358,1.631,-10.211,0.220,0.220,0.240,0.240
0.358,1.615,-10.211,0.214,0.214,0.240,0.240
0.355,1.615,-10.206,0.221,0.221,0.232,0.232
0.355,1.615,-10.206,0.209,0.209,0.249,0.249
0.355,1.615,-10.205,0.220,0.220,0.221,0.221
0.353,1.599,-10.203,0.221,0.221,0.243,0.243
0.353,1.566,-10.202,0.214,0.214,0.252,0.252
0.350,1.338,-10.198,0.221,0.221,0.244,0.244
0.345,0.881,-10.193,0.215,0.215,0.243,0.243
0.345,0.440,-10.193,0.229,0.229,0.247,0.247
0.349,0.016,-10.194,0.206,0.206,0.250,0.250
0.350,-0.245,-10.194,0.237,0.237,0.250,0.250
0.348,-0.262,-10.194,0.215,0.215,0.258,0.258
0.347,0.048,-10.194,0.240,0.240,0.253,0.253
0.345,0.424,-10.194,0.218,0.218,0.252,0.252
0.343,0.668,-10.193,0.244,0.244,0.244,0.244
0.343,0.717,-10.193,0.221,0.221,0.279,0.279
0.341,0.685,-10.192,0.232,0.232,0.253,0.253
0.341,0.636,-10.191,0.221,0.221,0.252,0.252
0.340,0.620,-10.191,0.237,0.237,0.252,0.252
0.336,0.620,-10.189,0.221,0.221,0.258,0.258
0.334,0.620,-10.187,0.227,0.227,0.255,0.255
0.332,0.652,-10.186,0.224,0.224,0.256,0.256
0.334,0.652,-10.187,0.229,0.229,0.249,0.249
0.338,0.620,-10.189,0.223,0.223,0.250,0.250
0.337,0.424,-10.189,0.227,0.227,0.250,0.250
0.335,0.065,-10.188,0.223,0.223,0.255,0.255
0.332,-0.294,-10.189,0.212,0.212,0.252,0.252
0.331,-0.588,-10.189,0.211,0.211,0.255,0.255
0.331,-0.833,-10.190,0.204,0.204,0.246,0.246
0.330,-1.078,-10.191,0.218,0.218,0.249,0.249
0.329,-1.208,-10.191,0.209,0.209,0.249,0.249
0.327,-0.980,-10.193,0.233,0.233,0.256,0.256
0.325,-0.262,-10.194,0.224,0.224,0.256,0.256
0.322,0.456,-10.194,0.233,0.233,0.261,0.261
0.321,1.256,-10.194,0.229,0.229,0.258,0.258
0.322,2.186,-10.194,0.249,0.249,0.278,0.278
0.325,3.165,-10.203,0.230,0.230,0.267,0.267
0.325,4.128,-10.203,0.244,0.244,0.273,0.273
0.323,5.140,-10.196,0.232,0.232,0.275,0.275
0.322,6.119,-10.187,0.247,0.247,0.275,0.275
0.320,7.131,-10.173,0.227,0.227,0.266,0.266
0.319,8.323,-10.168,0.252,0.252,0.304,0.304
0.317,9.563,-10.151,0.224,0.224,0.273,0.273
0.317,10.820,-10.151,0.249,0.249,0.256,0.256
0.317,11.962,-10.145,0.229,0.229,0.264,0.264
0.315,12.745,-10.127,0.249,0.249,0.258,0.258
0.313,13.316,-10.097,0.227,0.227,0.266,0.266
0.310,13.937,-10.064,0.237,0.237,0.262,0.262
0.309,14.606,-10.045,0.233,0.233,0.269,0.269
0.311,15.210,-10.077,0.237,0.237,0.255,0.255
0.314,15.667,-10.118,0.221,0.221,0.255,0.255
0.311,16.140,-10.067,0.238,0.238,0.252,0.252
0.310,16.385,-10.057,0.230,0.230,0.256,0.256
0.308,16.695,-10.029,0.233,0.233,0.256,0.256
0.308,17.119,-10.021,0.235,0.235,0.259,0.259
0.306,17.625,-9.996,0.229,0.229,0.233,0.233
0.306,18.115,-9.993,0.238,0.238,0.255,0.255
0.306,18.408,-9.987,0.217,0.217,0.261,0.261
0.303,18.686,-9.936,0.237,0.237,0.252,0.252
0.300,19.028,-9.880,0.224,0.224,0.249,0.249
0.299,19.355,-9.854,0.232,0.232,0.233,0.233
0.301,19.649,-9.892,0.226,0.226,0.255,0.255
0.304,20.040,-9.945,0.246,0.246,0.261,0.261
0.302,20.301,-9.924,0.229,0.229,0.258,0.258
0.301,20.595,-9.902,0.224,0.224,0.252,0.252
0.299,20.758,-9.848,0.227,0.227,0.266,0.266
0.298,21.036,-9.826,0.250,0.250,0.258,0.258
0.298,21.248,-9.833,0.224,0.224,0.272,0.272
0.297,21.346,-9.800,0.258,0.258,0.255,0.255
0.296,21.525,-9.788,0.226,0.226,0.252,0.252
0.295,21.509,-9.760,0.253,0.253,0.255,0.255
0.294,21.607,-9.755,0.218,0.218,0.261,0.261
0.292,21.689,-9.694,0.250,0.250,0.252,0.252
0.290,21.803,-9.658,0.218,0.218,0.250,0.250
0.287,21.819,-9.602,0.237,0.237,0.237,0.237
0.291,21.770,-9.684,0.212,0.212,0.230,0.230
0.293,21.770,-9.723,0.226,0.226,0.240,0.240
0.291,21.770,-9.691,0.215,0.215,0.232,0.232
0.290,21.787,-9.662,0.212,0.212,0.226,0.226
0.288,21.754,-9.616,0.217,0.217,0.232,0.232
0.288,21.770,-9.615,0.215,0.215,0.237,0.237
0.286,21.770,-9.570,0.221,0.221,0.220,0.220
0.286,21.803,-9.569,0.212,0.212,0.240,0.240
0.285,21.787,-9.558,0.229,0.229,0.246,0.246
0.285,21.836,-9.546,0.217,0.217,0.240,0.240
0.283,21.982,-9.498,0.226,0.226,0.246,0.246
0.280,22.260,-9.444,0.218,0.218,0.252,0.252
0.279,22.521,-9.429,0.224,0.224,0.249,0.249
0.281,22.749,-9.453,0.215,0.215,0.238,0.238
0.282,23.043,-9.482,0.224,0.224,0.249,0.249
0.282,23.500,-9.491,0.217,0.217,0.249,0.249
0.281,24.006,-9.457,0.233,0.233,0.252,0.252
0.278,24.545,-9.394,0.209,0.209,0.255,0.255
0.278,24.985,-9.383,0.237,0.237,0.262,0.262
0.278,25.524,-9.380,0.221,0.221,0.252,0.252
0.277,25.981,-9.363,0.238,0.238,0.256,0.256
0.276,26.487,-9.342,0.214,0.214,0.255,0.255
0.276,26.960,-9.346,0.237,0.237,0.253,0.253
0.274,27.499,-9.287,0.220,0.220,0.253,0.253
0.271,28.004,-9.205,0.227,0.227,0.253,0.253
0.270,28.706,-9.172,0.221,0.221,0.252,0.252
0.271,29.685,-9.203,0.232,0.232,0.256,0.256
0.274,30.909,-9.281,0.212,0.212,0.255,0.255
0.273,32.182,-9.274,0.237,0.237,0.249,0.249
0.271,33.194,-9.209,0.215,0.215,0.250,0.250
0.270,33.961,-9.171,0.230,0.230,0.247,0.247
0.270,34.663,-9.158,0.209,0.209,0.250,0.250
0.269,35.642,-9.128,0.227,0.227,0.244,0.244
0.268,36.850,-9.071,0.215,0.215,0.253,0.253
0.268,38.335,-9.103,0.220,0.220,0.255,0.255
0.267,39.869,-9.051,0.226,0.226,0.253,0.253
0.266,41.534,-8.989,0.229,0.229,0.253,0.253
0.264,43.019,-8.908,0.233,0.233,0.246,0.246
0.261,44.324,-8.796,0.238,0.238,0.255,0.255
0.261,45.434,-8.778,0.243,0.243,0.264,0.264
0.264,46.479,-8.916,0.243,0.243,0.276,0.276
0.265,47.442,-8.987,0.243,0.243,0.285,0.285
0.263,48.356,-8.876,0.240,0.240,0.279,0.279
0.263,48.894,-8.873,0.244,0.244,0.267,0.267
0.261,49.220,-8.778,0.229,0.229,0.270,0.270
0.262,49.628,-8.815,0.249,0.249,0.269,0.269
0.260,50.069,-8.717,0.240,0.240,0.270,0.270
0.259,50.771,-8.682,0.233,0.233,0.264,0.264
0.259,51.260,-8.663,0.230,0.230,0.278,0.278
0.258,51.391,-8.631,0.240,0.240,0.269,0.269
0.257,51.391,-8.576,0.218,0.218,0.264,0.264
0.254,51.538,-8.426,0.233,0.233,0.278,0.278
0.251,51.734,-8.284,0.218,0.218,0.262,0.262
0.255,51.766,-8.475,0.230,0.230,0.259,0.259
0.256,51.505,-8.531,0.215,0.215,0.256,0.256
0.257,50.820,-8.565,0.243,0.243,0.256,0.256
0.256,50.036,-8.537,0.220,0.220,0.270,0.270
0.253,49.237,-8.398,0.238,0.238,0.261,0.261
0.253,48.519,-8.379,0.223,0.223,0.279,0.279
0.252,47.768,-8.334,0.240,0.240,0.249,0.249
0.252,47.050,-8.325,0.214,0.214,0.243,0.243
0.250,46.283,-8.266,0.240,0.240,0.250,0.250
0.252,45.630,-8.327,0.224,0.224,0.253,0.253
0.249,45.271,-8.182,0.244,0.244,0.252,0.252
0.246,44.994,-8.077,0.224,0.224,0.255,0.255
0.245,44.373,-8.011,0.249,0.249,0.252,0.252
0.248,43.688,-8.158,0.238,0.238,0.258,0.258
0.249,43.052,-8.176,0.243,0.243,0.256,0.256
0.249,42.333,-8.195,0.232,0.232,0.258,0.258
0.247,41.420,-8.118,0.252,0.252,0.255,0.255
0.246,40.440,-8.055,0.240,0.240,0.255,0.255
0.246,39.641,-8.063,0.247,0.247,0.259,0.259
0.245,39.102,-8.025,0.243,0.243,0.264,0.264
0.245,38.433,-8.038,0.249,0.249,0.250,0.250
0.244,37.780,-8.010,0.229,0.229,0.255,0.255
0.244,37.454,-8.007,0.252,0.252,0.255,0.255
0.241,37.193,-7.895,0.235,0.235,0.259,0.259
0.239,37.013,-7.809,0.232,0.232,0.259,0.259
0.238,37.013,-7.765,0.221,0.221,0.255,0.255
0.242,37.291,-7.916,0.221,0.221,0.243,0.243
0.241,37.715,-7.894,0.212,0.212,0.238,0.238
0.243,37.992,-7.972,0.204,0.204,0.233,0.233
0.241,38.090,-7.868,0.221,0.221,0.233,0.233
0.241,38.041,-7.863,0.204,0.204,0.240,0.240
0.238,38.025,-7.784,0.221,0.221,0.229,0.229
0.239,37.960,-7.795,0.203,0.203,0.244,0.244
0.238,37.780,-7.759,0.229,0.229,0.246,0.246
0.238,37.568,-7.749,0.209,0.209,0.241,0.241
0.237,37.486,-7.724,0.220,0.220,0.230,0.230
0.237,37.503,-7.738,0.209,0.209,0.240,0.240
0.234,37.486,-7.623,0.235,0.235,0.246,0.246
0.232,37.584,-7.546,0.212,0.212,0.237,0.237
0.232,37.813,-7.535,0.232,0.232,0.249,0.249
0.235,38.253,-7.650,0.226,0.226,0.253,0.253
0.235,38.776,-7.652,0.235,0.235,0.249,0.249
0.235,39.282,-7.640,0.221,0.221,0.247,0.247
0.235,39.804,-7.635,0.241,0.241,0.241,0.241
0.233,40.293,-7.571,0.223,0.223,0.259,0.259
0.233,40.995,-7.582,0.233,0.233,0.249,0.249
0.232,41.697,-7.541,0.209,0.209,0.253,0.253
0.231,42.268,-7.502,0.226,0.226,0.258,0.258
0.231,42.790,-7.504,0.221,0.221,0.258,0.258
0.231,43.443,-7.488,0.235,0.235,0.252,0.252
0.230,43.884,-7.441,0.221,0.221,0.258,0.258
0.226,44.292,-7.275,0.237,0.237,0.255,0.255
0.226,44.635,-7.285,0.221,0.221,0.258,0.258
0.227,44.896,-7.294,0.221,0.221,0.252,0.252
0.230,45.222,-7.458,0.223,0.223,0.255,0.255
0.230,45.663,-7.442,0.226,0.226,0.250,0.250
0.229,46.152,-7.421,0.218,0.218,0.256,0.256
0.228,46.609,-7.364,0.224,0.224,0.273,0.273
0.226,46.887,-7.272,0.220,0.220,0.256,0.256
0.227,47.213,-7.324,0.215,0.215,0.246,0.246
0.226,47.588,-7.247,0.227,0.227,0.250,0.250
0.226,48.111,-7.262,0.218,0.218,0.250,0.250
0.225,48.404,-7.218,0.227,0.227,0.258,0.258
0.223,48.666,-7.118,0.215,0.215,0.256,0.256
0.222,48.829,-7.058,0.235,0.235,0.259,0.259
0.220,48.910,-6.956,0.221,0.221,0.255,0.255
0.221,49.090,-7.034,0.233,0.233,0.258,0.258
0.225,49.335,-7.227,0.235,0.235,0.279,0.279
0.225,49.400,-7.217,0.247,0.247,0.276,0.276
0.224,49.612,-7.164,0.230,0.230,0.270,0.270
0.223,49.808,-7.116,0.246,0.246,0.275,0.275
0.222,49.873,-7.047,0.232,0.232,0.253,0.253
0.222,50.118,-7.052,0.244,0.244,0.272,0.272
0.222,50.265,-7.065,0.230,0.230,0.285,0.285
0.221,50.379,-7.035,0.240,0.240,0.267,0.267
0.221,50.396,-7.024,0.227,0.227,0.267,0.267
0.220,50.591,-6.992,0.233,0.233,0.270,0.270
0.217,50.804,-6.830,0.220,0.220,0.270,0.270
0.216,50.852,-6.790,0.238,0.238,0.250,0.250
0.217,50.820,-6.807,0.215,0.215,0.261,0.261
0.219,50.787,-6.943,0.243,0.243,0.269,0.269
0.221,50.722,-7.009,0.224,0.224,0.253,0.253
0.220,50.608,-6.953,0.237,0.237,0.255,0.255
0.218,50.542,-6.861,0.220,0.220,0.249,0.249
0.217,50.542,-6.833,0.241,0.241,0.258,0.258
0.218,50.281,-6.866,0.224,0.224,0.250,0.250
0.217,50.069,-6.801,0.244,0.244,0.255,0.255
0.216,49.873,-6.771,0.227,0.227,0.259,0.259
0.217,49.775,-6.814,0.243,0.243,0.253,0.253
0.215,49.498,-6.720,0.221,0.221,0.255,0.255
0.213,49.172,-6.626,0.249,0.249,0.258,0.258
0.211,48.584,-6.543,0.220,0.220,0.256,0.256
0.212,48.045,-6.575,0.237,0.237,0.261,0.261
0.217,47.637,-6.788,0.227,0.227,0.262,0.262
0.216,47.099,-6.766,0.243,0.243,0.256,0.256
0.216,46.805,-6.775,0.233,0.233,0.258,0.258
0.214,46.511,-6.670,0.238,0.238,0.256,0.256
0.214,45.908,-6.650,0.237,0.237,0.279,0.279
0.213,45.385,-6.644,0.243,0.243,0.255,0.255
0.215,44.994,-6.695,0.237,0.237,0.258,0.258
0.213,44.618,-6.640,0.243,0.243,0.259,0.259
0.213,44.455,-6.628,0.233,0.233,0.262,0.262
0.212,44.357,-6.597,0.232,0.232,0.256,0.256
0.208,44.373,-6.391,0.229,0.229,0.256,0.256
0.207,44.406,-6.376,0.227,0.227,0.246,0.246
0.210,44.406,-6.487,0.230,0.230,0.249,0.249
0.212,44.373,-6.590,0.209,0.209,0.249,0.249
0.212,44.390,-6.584,0.224,0.224,0.232,0.232
0.213,44.357,-6.621,0.201,0.201,0.233,0.233
0.211,44.129,-6.555,0.214,0.214,0.226,0.226
0.211,43.916,-6.531,0.197,0.197,0.232,0.232
0.211,43.868,-6.517,0.224,0.224,0.218,0.218
0.209,43.851,-6.463,0.200,0.200,0.241,0.241
0.211,43.672,-6.527,0.227,0.227,0.237,0.237
0.211,43.476,-6.528,0.209,0.209,0.241,0.241
0.211,43.378,-6.514,0.233,0.233,0.235,0.235
0.208,43.411,-6.384,0.218,0.218,0.249,0.249
0.206,43.427,-6.299,0.224,0.224,0.246,0.246
0.205,43.639,-6.289,0.221,0.221,0.243,0.243
0.207,43.868,-6.346,0.235,0.235,0.246,0.246
0.210,43.916,-6.512,0.218,0.218,0.256,0.256
0.211,43.949,-6.522,0.235,0.235,0.247,0.247
0.209,43.933,-6.467,0.221,0.221,0.255,0.255
0.208,44.096,-6.414,0.233,0.233,0.258,0.258
0.208,44.096,-6.392,0.212,0.212,0.255,0.255
0.207,43.982,-6.376,0.243,0.243,0.258,0.258
0.208,43.933,-6.414,0.226,0.226,0.258,0.258
0.207,44.129,-6.353,0.233,0.233,0.247,0.247
0.207,44.357,-6.367,0.227,0.227,0.258,0.258
0.206,44.471,-6.304,0.227,0.227,0.256,0.256
0.203,44.651,-6.171,0.221,0.221,0.259,0.259
0.202,44.847,-6.156,0.221,0.221,0.252,0.252
0.206,44.912,-6.318,0.224,0.224,0.256,0.256
0.207,44.896,-6.351,0.217,0.217,0.250,0.250
0.209,44.896,-6.431,0.221,0.221,0.252,0.252
0.208,45.140,-6.396,0.220,0.220,0.253,0.253
0.206,45.369,-6.324,0.224,0.224,0.253,0.253
0.206,45.630,-6.306,0.208,0.208,0.256,0.256
0.206,45.597,-6.304,0.220,0.220,0.255,0.255
0.205,45.483,-6.253,0.203,0.203,0.246,0.246
0.205,45.369,-6.293,0.220,0.220,0.246,0.246
0.205,45.369,-6.277,0.200,0.200,0.249,0.249
0.204,45.369,-6.229,0.227,0.227,0.258,0.258
0.203,45.369,-6.168,0.212,0.212,0.258,0.258
0.201,45.385,-6.089,0.226,0.226,0.253,0.253
0.201,45.369,-6.084,0.227,0.227,0.261,0.261
0.205,45.385,-6.274,0.246,0.246,0.259,0.259
0.206,45.369,-6.334,0.226,0.226,0.272,0.272
0.206,45.369,-6.305,0.250,0.250,0.273,0.273
0.205,45.369,-6.266,0.233,0.233,0.264,0.264
0.205,45.451,-6.257,0.246,0.246,0.272,0.272
0.204,45.597,-6.220,0.229,0.229,0.278,0.278
0.203,45.630,-6.176,0.255,0.255,0.266,0.266
0.204,45.695,-6.218,0.226,0.226,0.275,0.275
0.204,45.565,-6.235,0.249,0.249,0.281,0.281
0.204,45.451,-6.214,0.224,0.224,0.272,0.272
0.203,45.320,-6.194,0.246,0.246,0.262,0.262
0.200,45.124,-6.053,0.221,0.221,0.262,0.262
0.199,44.912,-5.989,0.247,0.247,0.266,0.266
0.202,44.830,-6.114,0.223,0.223,0.262,0.262
0.204,44.814,-6.203,0.238,0.238,0.258,0.258
0.206,44.667,-6.313,0.218,0.218,0.285,0.285
0.205,44.684,-6.282,0.247,0.247,0.256,0.256
0.203,44.814,-6.182,0.227,0.227,0.246,0.246
0.203,44.912,-6.179,0.237,0.237,0.253,0.253
0.203,44.912,-6.164,0.233,0.233,0.256,0.256
0.203,44.928,-6.202,0.235,0.235,0.252,0.252
0.203,45.108,-6.196,0.221,0.221,0.256,0.256
0.203,45.092,-6.176,0.237,0.237,0.249,0.249
0.202,44.977,-6.130,0.226,0.226,0.256,0.256
0.200,44.830,-6.057,0.237,0.237,0.249,0.249
0.199,44.618,-6.001,0.229,0.229,0.252,0.252
0.199,44.390,-5.981,0.243,0.243,0.252,0.252
0.204,44.145,-6.224,0.235,0.235,0.258,0.258
0.205,43.933,-6.272,0.227,0.227,0.255,0.255
0.205,43.835,-6.254,0.238,0.238,0.250,0.250
0.204,43.639,-6.202,0.237,0.237,0.255,0.255
0.202,43.460,-6.124,0.240,0.240,0.258,0.258
0.201,43.394,-6.101,0.233,0.233,0.252,0.252
0.202,43.394,-6.136,0.240,0.240,0.258,0.258
0.202,43.427,-6.118,0.232,0.232,0.247,0.247
0.202,43.427,-6.128,0.240,0.240,0.255,0.255
0.202,43.411,-6.137,0.227,0.227,0.258,0.258
0.199,43.427,-5.989,0.238,0.238,0.256,0.256
0.198,43.394,-5.954,0.215,0.215,0.250,0.250
0.200,43.411,-6.049,0.229,0.229,0.243,0.243
0.202,43.427,-6.121,0.204,0.204,0.241,0.241
0.206,43.411,-6.290,0.215,0.215,0.235,0.235
0.204,43.443,-6.238,0.195,0.195,0.232,0.232
0.204,43.411,-6.213,0.218,0.218,0.238,0.238
0.203,43.394,-6.159,0.203,0.203,0.237,0.237
0.203,43.378,-6.160,0.223,0.223,0.227,0.227
0.203,43.182,-6.172,0.211,0.211,0.238,0.238
0.203,42.921,-6.186,0.227,0.227,0.229,0.229
0.203,42.627,-6.177,0.211,0.211,0.218,0.218
0.203,42.415,-6.184,0.224,0.224,0.237,0.237
0.201,42.170,-6.109,0.221,0.221,0.244,0.244
0.199,41.974,-6.025,0.226,0.226,0.246,0.246
0.199,41.860,-5.994,0.221,0.221,0.246,0.246
0.203,41.713,-6.175,0.227,0.227,0.244,0.244
0.205,41.452,-6.249,0.223,0.223,0.240,0.240
0.205,41.175,-6.257,0.232,0.232,0.249,0.249
0.206,40.995,-6.282,0.215,0.215,0.249,0.249
0.204,40.897,-6.203,0.238,0.238,0.249,0.249
0.203,40.930,-6.170,0.227,0.227,0.256,0.256
0.203,40.897,-6.183,0.226,0.226,0.253,0.253
0.203,40.734,-6.189,0.223,0.223,0.279,0.279
0.204,40.506,-6.226,0.229,0.229,0.255,0.255
0.205,40.457,-6.261,0.226,0.226,0.249,0.249
0.203,40.391,-6.179,0.215,0.215,0.255,0.255
0.199,40.228,-6.037,0.233,0.233,0.256,0.256
0.199,40.049,-6.025,0.212,0.212,0.255,0.255
0.204,39.918,-6.223,0.227,0.227,0.253,0.253
0.206,39.673,-6.310,0.215,0.215,0.255,0.255
0.206,39.282,-6.284,0.224,0.224,0.246,0.246
0.205,39.020,-6.263,0.211,0.211,0.243,0.243
0.204,38.939,-6.233,0.221,0.221,0.246,0.246
0.204,38.972,-6.236,0.201,0.201,0.244,0.244
0.205,39.020,-6.260,0.224,0.224,0.249,0.249
0.204,39.004,-6.227,0.206,0.206,0.252,0.252
0.205,38.988,-6.247,0.224,0.224,0.241,0.241
0.206,38.759,-6.281,0.208,0.208,0.246,0.246
0.204,38.531,0.000,0.221,0.221,0.253,0.253
0.203,38.237,0.059,0.212,0.212,0.249,0.249
0.201,38.025,0.107,0.233,0.233,0.252,0.252
0.202,38.009,0.091,0.218,0.218,0.250,0.250
0.206,37.976,-0.066,0.246,0.246,0.261,0.261
0.209,37.976,-0.178,0.237,0.237,0.262,0.262
0.208,37.796,-0.161,0.250,0.250,0.267,0.267
0.207,37.601,-0.102,0.230,0.230,0.287,0.287
0.206,37.503,-0.081,0.259,0.259,0.267,0.267
0.208,37.731,-0.130,0.230,0.230,0.269,0.269
0.207,37.927,-0.095,0.244,0.244,0.259,0.259
0.207,37.764,-0.094,0.230,0.230,0.278,0.278
0.207,37.340,-0.129,0.249,0.249,0.262,0.262
0.208,36.997,-0.135,0.226,0.226,0.270,0.270
0.206,36.948,-0.076,0.238,0.238,0.269,0.269
0.204,36.997,-0.013,0.232,0.232,0.266,0.266
0.203,37.013,0.024,0.241,0.241,0.261,0.261
0.205,37.013,-0.040,0.223,0.223,0.287,0.287
0.210,36.768,-0.236,0.237,0.237,0.256,0.256
0.211,36.589,-0.255,0.230,0.230,0.252,0.252
0.210,36.491,-0.216,0.221,0.221,0.258,0.258
0.209,36.507,-0.189,0.235,0.235,0.262,0.262
0.209,36.491,-0.180,0.220,0.220,0.243,0.243
0.209,36.311,-0.169,0.227,0.227,0.255,0.255
0.210,36.099,-0.211,0.224,0.224,0.224,0.224
0.210,36.001,-0.230,0.227,0.227,0.255,0.255
0.210,35.985,-0.216,0.224,0.224,0.262,0.262
0.208,35.805,-0.151,0.224,0.224,0.256,0.256
0.206,35.626,-0.070,0.229,0.229,0.250,0.250
0.205,35.479,-0.041,0.229,0.229,0.238,0.238
0.212,35.283,-0.274,0.217,0.217,0.252,0.252
0.213,35.104,-0.333,0.237,0.237,0.261,0.261
0.212,35.038,-0.289,0.223,0.223,0.255,0.255
0.212,34.794,-0.292,0.238,0.238,0.252,0.252
0.212,34.614,-0.275,0.223,0.223,0.258,0.258
0.211,34.532,-0.253,0.244,0.244,0.258,0.258
0.212,34.549,-0.300,0.223,0.223,0.273,0.273
0.212,34.532,-0.277,0.243,0.243,0.253,0.253
0.213,34.369,-0.320,0.221,0.221,0.246,0.246
0.213,34.124,-0.317,0.241,0.241,0.252,0.252
0.212,34.043,-0.280,0.220,0.220,0.255,0.255
0.209,34.027,-0.197,0.240,0.240,0.249,0.249
0.210,33.831,-0.212,0.221,0.221,0.252,0.252
0.211,33.619,-0.239,0.229,0.229,0.244,0.244
0.215,33.325,-0.403,0.212,0.212,0.249,0.249
0.216,33.129,-0.420,0.221,0.221,0.230,0.230
0.216,33.031,-0.430,0.212,0.212,0.237,0.237
0.216,32.835,-0.411,0.221,0.221,0.224,0.224
0.215,32.672,-0.389,0.204,0.204,0.253,0.253
0.215,32.770,-0.400,0.223,0.223,0.233,0.233
0.216,32.786,-0.410,0.211,0.211,0.237,0.237
0.216,32.672,-0.415,0.212,0.212,0.232,0.232
0.216,32.607,-0.420,0.220,0.220,0.237,0.237
0.216,32.541,-0.436,0.227,0.227,0.230,0.230
0.215,32.590,-0.378,0.221,0.221,0.243,0.243
0.213,32.607,-0.332,0.224,0.224,0.227,0.227
0.213,32.607,-0.328,0.226,0.226,0.247,0.247
0.218,32.590,-0.484,0.221,0.221,0.255,0.255
0.220,32.574,-0.551,0.221,0.221,0.246,0.246
0.220,32.346,-0.552,0.218,0.218,0.249,0.249
0.220,32.150,-0.558,0.223,0.223,0.244,0.244
0.219,32.084,-0.514,0.217,0.217,0.253,0.253
0.219,32.084,-0.533,0.223,0.223,0.249,0.249
0.220,32.117,-0.544,0.215,0.215,0.249,0.249
0.220,32.117,-0.559,0.232,0.232,0.255,0.255
0.221,32.117,-0.597,0.209,0.209,0.258,0.258
0.220,32.133,-0.551,0.237,0.237,0.249,0.249
0.218,32.117,-0.504,0.212,0.212,0.269,0.269
0.218,32.150,-0.487,0.224,0.224,0.249,0.249
0.218,32.117,-0.486,0.209,0.209,0.240,0.240
0.223,32.117,-0.655,0.232,0.232,0.249,0.249
0.224,32.117,-0.696,0.209,0.209,0.250,0.250
0.225,32.117,-0.719,0.220,0.220,0.249,0.249
0.224,32.117,-0.691,0.218,0.218,0.247,0.247
0.223,32.150,-0.664,0.230,0.230,0.238,0.238
0.224,32.117,-0.666,0.203,0.203,0.247,0.247
0.225,32.133,-0.718,0.230,0.230,0.250,0.250
0.225,32.117,-0.720,0.204,0.204,0.243,0.243
0.225,32.117,-0.728,0.227,0.227,0.246,0.246
0.226,32.117,-0.753,0.204,0.204,0.232,0.232
0.224,32.150,-0.680,0.230,0.230,0.250,0.250
0.221,32.133,-0.599,0.212,0.212,0.264,0.264
0.222,32.133,-0.609,0.240,0.240,0.247,0.247
0.226,32.117,-0.746,0.229,0.229,0.250,0.250
0.230,32.133,-0.866,0.247,0.247,0.253,0.253
0.230,32.101,-0.872,0.233,0.233,0.276,0.276
0.229,32.133,-0.852,0.252,0.252,0.298,0.298
0.229,32.150,-0.847,0.230,0.230,0.284,0.284
0.229,32.362,-0.833,0.250,0.250,0.269,0.269
0.230,32.541,-0.866,0.235,0.235,0.275,0.275
0.230,32.639,-0.875,0.247,0.247,0.262,0.262
0.230,32.656,-0.889,0.237,0.237,0.270,0.270
0.230,32.590,-0.890,0.238,0.238,0.262,0.262
0.231,32.623,-0.895,0.243,0.243,0.249,0.249
0.230,32.868,-0.871,0.238,0.238,0.264,0.264
0.226,33.325,-0.754,0.227,0.227,0.272,0.272
0.229,33.619,-0.856,0.232,0.232,0.261,0.261
0.232,33.896,-0.946,0.226,0.226,0.261,0.261
0.236,34.092,-1.095,0.226,0.226,0.249,0.249
0.236,34.320,-1.070,0.227,0.227,0.256,0.256
0.234,34.320,-1.015,0.233,0.233,0.255,0.255
0.234,34.157,-1.021,0.229,0.229,0.253,0.253
0.234,34.092,-1.023,0.223,0.223,0.247,0.247
0.235,34.043,-1.044,0.230,0.230,0.250,0.250
0.236,34.092,-1.087,0.218,0.218,0.250,0.250
0.237,34.108,-1.102,0.224,0.224,0.262,0.262
0.237,34.092,-1.103,0.221,0.221,0.255,0.255
0.235,34.076,-1.046,0.226,0.226,0.258,0.258
0.234,34.076,-0.998,0.223,0.223,0.240,0.240
0.235,34.076,-1.039,0.238,0.238,0.246,0.246
0.240,34.076,-1.211,0.217,0.217,0.252,0.252
0.242,34.076,-1.274,0.241,0.241,0.255,0.255
0.241,34.108,-1.259,0.215,0.215,0.273,0.273
0.241,34.076,-1.256,0.240,0.240,0.250,0.250
0.241,34.108,-1.264,0.221,0.221,0.243,0.243
0.242,34.027,-1.283,0.235,0.235,0.252,0.252
0.242,33.863,-1.284,0.223,0.223,0.255,0.255
0.243,33.553,-1.315,0.253,0.253,0.255,0.255
0.244,33.064,-1.340,0.227,0.227,0.253,0.253
0.244,32.623,-1.337,0.246,0.246,0.267,0.267
0.242,32.264,-1.281,0.230,0.230,0.249,0.249
0.242,31.856,-1.279,0.240,0.240,0.246,0.246
0.241,31.366,-1.262,0.211,0.211,0.250,0.250
0.247,31.105,-1.438,0.235,0.235,0.246,0.246
0.247,30.812,-1.452,0.209,0.209,0.243,0.243
0.249,30.648,-1.502,0.224,0.224,0.223,0.223
0.248,30.583,-1.479,0.212,0.212,0.218,0.218
0.248,30.681,-1.480,0.227,0.227,0.224,0.224
0.248,30.877,-1.465,0.209,0.209,0.243,0.243
0.249,31.105,-1.495,0.223,0.223,0.221,0.221
0.249,31.399,-1.502,0.218,0.218,0.238,0.238
0.251,31.595,-1.557,0.223,0.223,0.215,0.215
0.251,31.660,-1.558,0.220,0.220,0.241,0.241
0.251,31.660,-1.551,0.214,0.214,0.221,0.221
0.248,31.628,-1.470,0.224,0.224,0.233,0.233
0.248,31.644,-1.475,0.214,0.214,0.238,0.238
0.252,31.628,-1.588,0.217,0.217,0.243,0.243
0.254,31.644,-1.670,0.221,0.221,0.237,0.237
0.256,31.644,-1.711,0.232,0.232,0.258,0.258
0.255,31.628,-1.695,0.212,0.212,0.243,0.243
0.255,31.644,-1.708,0.230,0.230,0.241,0.241
0.256,31.628,-1.729,0.215,0.215,0.253,0.253
0.256,31.644,-1.710,0.230,0.230,0.247,0.247
0.256,31.644,-1.729,0.211,0.211,0.243,0.243
0.257,31.938,-1.751,0.229,0.229,0.247,0.247
0.258,32.329,-1.795,0.214,0.214,0.249,0.249
0.257,32.868,-1.769,0.227,0.227,0.250,0.250
0.256,33.357,-1.720,0.214,0.214,0.255,0.255
0.256,33.651,-1.732,0.237,0.237,0.250,0.250
0.259,33.945,-1.812,0.214,0.214,0.247,0.247
0.263,34.288,-1.953,0.227,0.227,0.247,0.247
0.263,34.500,-1.961,0.209,0.209,0.247,0.247
0.263,34.369,-1.961,0.232,0.232,0.241,0.241
0.262,34.108,-1.942,0.208,0.208,0.246,0.246
0.264,33.814,-1.979,0.232,0.232,0.249,0.249
0.264,33.553,-1.984,0.209,0.209,0.250,0.250
0.265,33.325,-2.012,0.227,0.227,0.249,0.249
0.265,33.080,-2.020,0.208,0.208,0.229,0.229
0.266,32.803,-2.056,0.241,0.241,0.243,0.243
0.266,32.639,-2.076,0.212,0.212,0.253,0.253
0.264,32.525,-1.996,0.224,0.224,0.249,0.249
0.264,32.395,-1.995,0.221,0.221,0.252,0.252
0.265,32.362,-2.043,0.233,0.233,0.252,0.252
0.269,32.280,-2.154,0.230,0.230,0.258,0.258
0.272,32.199,-2.265,0.244,0.244,0.273,0.273
0.272,32.329,-2.249,0.244,0.244,0.272,0.272
0.270,32.541,-2.199,0.250,0.250,0.256,0.256
0.271,32.639,-2.237,0.238,0.238,0.273,0.273
0.272,32.656,-2.264,0.246,0.246,0.270,0.270
0.273,32.623,-2.273,0.243,0.243,0.270,0.270
0.274,32.574,-2.310,0.237,0.237,0.261,0.261
0.275,32.313,-2.362,0.241,0.241,0.258,0.258
0.275,32.166,-2.341,0.227,0.227,0.264,0.264
0.274,32.280,-2.331,0.238,0.238,0.278,0.278
0.274,32.558,-2.319,0.240,0.240,0.264,0.264
0.274,32.656,-2.324,0.237,0.237,0.258,0.258
0.277,32.819,-2.431,0.233,0.233,0.255,0.255
0.279,32.868,-2.499,0.235,0.235,0.258,0.258
0.281,32.900,-2.548,0.224,0.224,0.255,0.255
0.280,33.031,-2.529,0.230,0.230,0.255,0.255
0.280,33.113,-2.526,0.201,0.201,0.252,0.252
0.281,33.145,-2.544,0.227,0.227,0.250,0.250
0.282,33.096,-2.574,0.221,0.221,0.252,0.252
0.282,33.113,-2.593,0.223,0.223,0.282,0.282
0.284,33.357,-2.633,0.218,0.218,0.253,0.253
0.284,33.553,-2.646,0.237,0.237,0.243,0.243
0.284,33.929,-2.643,0.220,0.220,0.256,0.256
0.283,34.353,-2.618,0.232,0.232,0.259,0.259
0.283,34.843,-2.631,0.217,0.217,0.252,0.252
0.285,35.038,-2.680,0.230,0.230,0.246,0.246
0.289,35.104,-2.828,0.214,0.214,0.252,0.252
0.291,35.087,-2.878,0.243,0.243,0.250,0.250
0.291,35.022,-2.885,0.218,0.218,0.261,0.261
0.290,34.728,-2.871,0.238,0.238,0.253,0.253
0.290,34.337,-2.868,0.223,0.223,0.256,0.256
0.291,33.863,-2.895,0.244,0.244,0.249,0.249
0.292,33.553,-2.942,0.229,0.229,0.258,0.258
0.292,33.325,-2.939,0.243,0.243,0.258,0.258
0.294,33.325,-2.981,0.229,0.229,0.258,0.258
0.295,33.472,-3.021,0.244,0.244,0.256,0.256
0.294,33.374,-2.980,0.223,0.223,0.258,0.258
0.291,33.439,-2.908,0.238,0.238,0.255,0.255
0.293,33.831,-2.971,0.220,0.220,0.264,0.264
0.296,34.565,-3.077,0.230,0.230,0.249,0.249
0.300,35.283,-3.214,0.208,0.208,0.240,0.240
0.302,35.593,-3.257,0.224,0.224,0.229,0.229
0.300,35.708,-3.215,0.209,0.209,0.243,0.243
0.301,35.854,-3.224,0.209,0.209,0.235,0.235
0.301,35.969,-3.246,0.209,0.209,0.241,0.241
0.302,36.018,-3.290,0.211,0.211,0.247,0.247
0.303,35.838,-3.326,0.212,0.212,0.243,0.243
0.304,35.642,-3.357,0.206,0.206,0.230,0.230
0.305,35.724,-3.385,0.221,0.221,0.243,0.243
0.306,36.001,-3.406,0.211,0.211,0.237,0.237
0.304,36.099,-3.357,0.223,0.223,0.238,0.238
0.304,36.132,-3.351,0.212,0.212,0.246,0.246
0.303,36.067,-3.321,0.230,0.230,0.238,0.238
0.310,35.985,-3.563,0.211,0.211,0.246,0.246
0.312,36.018,-3.638,0.218,0.218,0.250,0.250
0.313,36.067,-3.670,0.209,0.209,0.247,0.247
0.313,35.985,-3.655,0.230,0.230,0.249,0.249
0.313,36.083,-3.665,0.211,0.211,0.253,0.253
0.312,36.034,-3.645,0.237,0.237,0.253,0.253
0.313,36.034,-3.687,0.221,0.221,0.227,0.227
0.313,36.344,-3.686,0.233,0.233,0.252,0.252
0.315,36.752,-3.749,0.212,0.212,0.264,0.264
0.316,37.209,-3.792,0.232,0.232,0.249,0.249
0.315,37.633,-3.754,0.215,0.215,0.249,0.249
0.315,37.813,-3.752,0.229,0.229,0.247,0.247
0.316,37.976,-3.775,0.214,0.214,0.252,0.252
0.321,37.992,-3.982,0.229,0.229,0.253,0.253
0.323,37.829,-4.033,0.214,0.214,0.256,0.256
0.323,37.862,-4.064,0.235,0.235,0.249,0.249
0.324,38.172,-4.067,0.214,0.214,0.249,0.249
0.324,38.449,-4.087,0.235,0.235,0.243,0.243
0.324,38.645,-4.098,0.206,0.206,0.237,0.237
0.326,38.988,-4.158,0.224,0.224,0.247,0.247
0.326,39.151,-4.149,0.208,0.208,0.258,0.258
0.328,39.069,-4.228,0.223,0.223,0.249,0.249
0.327,38.759,-4.210,0.212,0.212,0.250,0.250
0.326,38.515,-4.161,0.229,0.229,0.253,0.253
0.327,38.433,-4.186,0.227,0.227,0.258,0.258
0.327,38.466,-4.202,0.230,0.230,0.255,0.255
0.331,38.482,-4.351,0.233,0.233,0.258,0.258
0.335,38.547,-4.502,0.235,0.235,0.259,0.259
0.334,38.727,-4.479,0.230,0.230,0.276,0.276
0.336,38.939,-4.533,0.237,0.237,0.276,0.276
0.335,39.053,-4.497,0.244,0.244,0.281,0.281
0.336,39.233,-4.532,0.233,0.233,0.270,0.270
0.337,39.200,-4.580,0.241,0.241,0.284,0.284
0.338,39.037,-4.633,0.232,0.232,0.264,0.264
0.339,38.955,-4.660,0.243,0.243,0.275,0.275
0.340,38.710,-4.714,0.233,0.233,0.267,0.267
0.340,38.515,-4.722,0.238,0.238,0.275,0.275
0.339,38.482,-4.672,0.232,0.232,0.270,0.270
0.339,38.449,-4.666,0.230,0.230,0.267,0.267
0.340,38.482,-4.715,0.221,0.221,0.246,0.246
0.345,38.547,-4.912,0.238,0.238,0.259,0.259
0.348,38.743,-5.025,0.214,0.214,0.261,0.261
0.348,38.955,-4.999,0.238,0.238,0.252,0.252
0.347,39.004,-4.990,0.220,0.220,0.255,0.255
0.349,39.020,-5.047,0.230,0.230,0.256,0.256
0.350,38.972,-5.079,0.212,0.212,0.253,0.253
0.350,38.955,-5.088,0.226,0.226,0.237,0.237
0.352,38.759,-5.162,0.214,0.214,0.249,0.249
0.353,38.515,-5.205,0.233,0.233,0.261,0.261
0.353,38.253,-5.195,0.220,0.220,0.255,0.255
0.351,38.041,-5.142,0.235,0.235,0.249,0.249
0.352,38.188,-5.152,0.224,0.224,0.237,0.237
0.354,38.221,-5.262,0.246,0.246,0.252,0.252
0.358,38.058,-5.400,0.227,0.227,0.256,0.256
0.361,37.780,-5.508,0.241,0.241,0.255,0.255
0.361,37.552,-5.508,0.224,0.224,0.252,0.252
0.361,37.486,-5.516,0.249,0.249,0.253,0.253
0.361,37.503,-5.513,0.233,0.233,0.255,0.255
0.363,37.535,-5.572,0.243,0.243,0.249,0.249
0.364,37.535,-5.618,0.232,0.232,0.258,0.258
0.364,37.519,-5.633,0.253,0.253,0.262,0.262
0.366,37.535,-5.705,0.233,0.233,0.252,0.252
0.365,37.535,-5.678,0.258,0.258,0.249,0.249
0.364,37.535,-5.640,0.235,0.235,0.256,0.256
0.365,37.535,-5.658,0.243,0.243,0.252,0.252
0.368,37.535,-5.791,0.218,0.218,0.270,0.270
0.372,37.796,-5.937,0.233,0.233,0.249,0.249
0.374,37.960,-5.992,0.214,0.214,0.244,0.244
0.373,38.041,-5.948,0.211,0.211,0.229,0.229
0.374,38.025,-6.005,0.217,0.217,0.233,0.233
0.374,37.992,-6.010,0.212,0.212,0.226,0.226
0.375,37.731,-6.055,0.212,0.212,0.238,0.238
0.377,37.568,-6.106,0.208,0.208,0.240,0.240
0.378,37.470,-6.155,0.221,0.221,0.249,0.249
0.379,37.503,-6.202,0.208,0.208,0.240,0.240
0.379,37.519,-6.207,0.214,0.214,0.237,0.237
0.379,37.503,-6.207,0.209,0.209,0.233,0.233
0.377,37.503,-6.126,0.224,0.224,0.237,0.237
0.380,37.552,-6.216,0.206,0.206,0.243,0.243
0.385,37.503,-6.400,0.224,0.224,0.241,0.241
0.388,37.503,-6.537,0.218,0.218,0.246,0.246
0.389,37.503,-6.551,0.232,0.232,0.250,0.250
0.389,37.552,-6.549,0.215,0.215,0.249,0.249
0.388,37.519,-6.516,0.233,0.233,0.249,0.249
0.390,37.552,-6.597,0.215,0.215,0.249,0.249
0.390,37.519,-6.614,0.230,0.230,0.247,0.247
0.392,37.519,-6.670,0.209,0.209,0.233,0.233
0.392,37.535,-6.687,0.244,0.244,0.255,0.255
0.393,37.535,-6.731,0.218,0.218,0.262,0.262
0.394,37.535,-6.760,0.237,0.237,0.266,0.266
0.394,37.764,-6.738,0.214,0.214,0.255,0.255
0.394,37.960,-6.752,0.244,0.244,0.250,0.250
0.400,38.107,-6.969,0.218,0.218,0.250,0.250
0.402,38.302,-7.043,0.230,0.230,0.244,0.244
0.402,38.466,-7.038,0.218,0.218,0.253,0.253
0.403,38.498,-7.080,0.227,0.227,0.252,0.252
0.403,38.302,-7.103,0.211,0.211,0.250,0.250
0.404,38.041,-7.122,0.230,0.230,0.249,0.249
0.405,38.025,-7.187,0.217,0.217,0.247,0.247
0.407,38.253,-7.249,0.224,0.224,0.249,0.249
0.407,38.710,-7.263,0.220,0.220,0.249,0.249
0.409,39.020,-7.333,0.223,0.223,0.252,0.252
0.408,39.298,-7.285,0.227,0.227,0.253,0.253
0.408,39.461,-7.270,0.214,0.214,0.256,0.256
0.411,39.559,-7.417,0.223,0.223,0.256,0.256
0.414,39.788,-7.517,0.224,0.224,0.235,0.235
0.416,40.212,-7.611,0.230,0.230,0.252,0.252
0.418,40.750,-7.698,0.243,0.243,0.259,0.259
0.418,41.224,-7.670,0.240,0.240,0.276,0.276
0.418,41.468,-7.677,0.240,0.240,0.279,0.279
0.420,41.550,-7.754,0.246,0.246,0.279,0.279
0.421,41.452,-7.788,0.241,0.241,0.270,0.270
0.422,41.436,-7.843,0.246,0.246,0.270,0.270
0.423,41.191,-7.901,0.224,0.224,0.264,0.264
0.424,40.995,-7.927,0.233,0.233,0.270,0.270
0.425,40.914,-7.973,0.226,0.226,0.269,0.269
0.424,40.881,-7.939,0.220,0.220,0.275,0.275
0.423,40.930,-7.896,0.226,0.226,0.270,0.270
0.425,40.930,-7.973,0.238,0.238,0.266,0.266
0.431,40.718,-8.213,0.215,0.215,0.290,0.290
0.433,40.506,-8.316,0.230,0.230,0.267,0.267
0.434,40.424,-8.352,0.214,0.214,0.250,0.250
0.435,40.457,-8.375,0.229,0.229,0.256,0.256
0.435,40.506,-8.387,0.214,0.214,0.250,0.250
0.436,40.718,-8.406,0.230,0.230,0.255,0.255
0.438,40.897,-8.491,0.214,0.214,0.255,0.255
0.439,41.044,-8.551,0.226,0.226,0.267,0.267
0.440,41.224,-8.566,0.218,0.218,0.252,0.252
0.441,41.452,-8.633,0.232,0.232,0.253,0.253
0.441,41.485,-8.622,0.212,0.212,0.258,0.258
0.439,41.468,-8.552,0.237,0.237,0.256,0.256
0.442,41.207,-8.665,0.215,0.215,0.252,0.252
0.444,40.963,-8.749,0.230,0.230,0.249,0.249
0.450,40.652,-8.994,0.214,0.214,0.258,0.258
0.450,40.489,-9.014,0.247,0.247,0.256,0.256
0.450,40.408,-8.998,0.220,0.220,0.262,0.262
0.450,40.212,-8.991,0.246,0.246,0.255,0.255
0.453,40.049,-9.125,0.227,0.227,0.250,0.250
0.454,40.196,-9.166,0.247,0.247,0.252,0.252
0.455,40.391,-9.190,0.227,0.227,0.259,0.259
0.456,40.473,-9.222,0.244,0.244,0.252,0.252
0.457,40.244,-9.293,0.232,0.232,0.259,0.259
0.457,40.081,-9.278,0.246,0.246,0.258,0.258
0.456,39.951,-9.221,0.223,0.223,0.261,0.261
0.457,39.918,-9.285,0.243,0.243,0.252,0.252
0.461,39.771,-9.449,0.229,0.229,0.255,0.255
0.466,39.739,-9.625,0.224,0.224,0.249,0.249
0.467,39.608,-9.682,0.221,0.221,0.246,0.246
0.468,39.265,-9.718,0.215,0.215,0.235,0.235
0.468,38.776,-9.720,0.221,0.221,0.249,0.249
0.469,38.253,-9.753,0.201,0.201,0.232,0.232
0.471,38.025,-9.811,0.217,0.217,0.237,0.237
0.472,37.943,-9.864,0.206,0.206,0.223,0.223
0.473,37.764,-9.908,0.212,0.212,0.238,0.238
0.475,37.568,-9.982,0.211,0.211,0.224,0.224
0.475,37.535,-9.994,0.218,0.218,0.235,0.235
0.475,37.519,-9.998,0.214,0.214,0.244,0.244
0.475,37.813,-9.983,0.218,0.218,0.241,0.241
0.476,38.253,-10.008,0.212,0.212,0.243,0.243
0.481,38.759,-10.206,0.218,0.218,0.262,0.262
0.485,38.988,-10.348,0.215,0.215,0.246,0.246
0.486,39.053,-10.409,0.218,0.218,0.246,0.246
0.486,38.923,-10.413,0.212,0.212,0.252,0.252
0.487,38.531,-10.448,0.230,0.230,0.247,0.247
0.487,38.041,-10.460,0.209,0.209,0.255,0.255
0.489,37.699,-10.525,0.243,0.243,0.258,0.258
0.491,37.503,-10.591,0.215,0.215,0.226,0.226
0.492,37.470,-10.634,0.230,0.230,0.253,0.253
0.493,37.503,-10.653,0.212,0.212,0.264,0.264
0.494,37.535,-10.688,0.232,0.232,0.249,0.249
0.492,37.584,-10.638,0.214,0.214,0.255,0.255
0.493,37.845,-10.675,0.229,0.229,0.238,0.238
0.498,38.253,-10.843,0.220,0.220,0.256,0.256
0.502,38.792,-11.021,0.230,0.230,0.259,0.259
0.503,39.265,-11.071,0.215,0.215,0.253,0.253
0.503,39.526,-11.063,0.223,0.223,0.250,0.250
0.504,39.575,-11.105,0.215,0.215,0.255,0.255
0.505,39.755,-11.143,0.230,0.230,0.252,0.252
0.507,39.951,-11.213,0.206,0.206,0.270,0.270
0.509,40.293,-11.297,0.227,0.227,0.252,0.252
0.510,40.734,-11.333,0.212,0.212,0.250,0.250
0.511,41.158,-11.387,0.218,0.218,0.249,0.249
0.511,41.207,-11.374,0.217,0.217,0.250,0.250
0.511,41.109,-11.357,0.229,0.229,0.249,0.249
0.512,41.224,-11.417,0.223,0.223,0.255,0.255
0.517,41.648,-11.615,0.233,0.233,0.264,0.264
0.520,42.236,-11.726,0.229,0.229,0.262,0.262
0.522,42.676,-11.846,0.237,0.237,0.261,0.261
0.522,42.954,-11.812,0.226,0.226,0.276,0.276
0.523,42.986,-11.855,0.241,0.241,0.272,0.272
0.523,42.937,-11.896,0.238,0.238,0.284,0.284
0.526,42.954,-11.984,0.230,0.230,0.270,0.270
0.527,42.905,-12.051,0.246,0.246,0.256,0.256
0.528,42.970,-12.091,0.230,0.230,0.264,0.264
0.530,43.149,-12.183,0.233,0.233,0.288,0.288
0.530,43.378,-12.190,0.230,0.230,0.269,0.269
0.531,43.460,-12.221,0.235,0.235,0.272,0.272
0.530,43.427,-12.178,0.223,0.223,0.281,0.281
0.532,43.411,-12.276,0.230,0.230,0.267,0.267
0.538,43.460,-12.507,0.221,0.221,0.256,0.256
0.540,43.672,-12.616,0.230,0.230,0.266,0.266
0.540,43.900,-12.609,0.218,0.218,0.261,0.261
0.541,44.210,-12.641,0.229,0.229,0.261,0.261
0.542,44.357,-12.696,0.217,0.217,0.261,0.261
0.544,44.471,-12.793,0.223,0.223,0.270,0.270
0.545,44.667,-12.839,0.218,0.218,0.258,0.258
0.547,44.847,-12.916,0.229,0.229,0.262,0.262
0.549,44.896,-13.021,0.211,0.211,0.256,0.256
0.549,44.879,-13.007,0.230,0.230,0.255,0.255
0.549,44.896,-13.008,0.218,0.218,0.256,0.256
0.549,44.879,-13.007,0.243,0.243,0.258,0.258
0.552,44.879,-13.167,0.212,0.212,0.249,0.249
0.557,44.928,-13.352,0.247,0.247,0.252,0.252
0.560,44.847,-13.519,0.215,0.215,0.253,0.253
0.560,44.651,-13.486,0.227,0.227,0.247,0.247
0.561,44.390,-13.563,0.223,0.223,0.259,0.259
0.562,44.096,-13.576,0.243,0.243,0.241,0.241
0.563,43.639,-13.659,0.226,0.226,0.256,0.256
0.564,43.149,-13.698,0.241,0.241,0.264,0.264
0.567,42.676,-13.803,0.232,0.232,0.261,0.261
0.569,42.366,-13.893,0.240,0.240,0.250,0.250
0.569,42.170,-13.898,0.230,0.230,0.264,0.264
0.571,42.170,-13.959,0.247,0.247,0.258,0.258
0.570,42.480,-13.928,0.229,0.229,0.270,0.270
0.572,42.954,-14.003,0.241,0.241,0.255,0.255
0.576,43.329,-14.198,0.223,0.223,0.250,0.250
0.579,43.231,-14.324,0.232,0.232,0.252,0.252
0.581,43.052,-14.401,0.209,0.209,0.250,0.250
0.582,42.905,-14.447,0.220,0.220,0.229,0.229
0.582,42.888,-14.446,0.215,0.215,0.233,0.233
0.584,42.692,-14.535,0.220,0.220,0.218,0.218
0.585,42.480,-14.600,0.209,0.209,0.238,0.238
0.588,42.431,-14.694,0.209,0.209,0.246,0.246
0.589,42.709,-14.739,0.214,0.214,0.243,0.243
0.590,43.166,-14.782,0.215,0.215,0.230,0.230
0.591,43.639,-14.858,0.211,0.211,0.241,0.241
0.590,43.916,-14.777,0.218,0.218,0.238,0.238
0.591,44.014,-14.830,0.218,0.218,0.223,0.223
0.595,44.161,-15.011,0.212,0.212,0.238,0.238
0.599,44.390,-15.174,0.224,0.224,0.250,0.250
0.602,44.700,-15.307,0.218,0.218,0.249,0.249
0.602,45.124,-15.343,0.230,0.230,0.246,0.246
0.603,45.353,-15.358,0.209,0.209,0.246,0.246
0.605,45.173,-15.451,0.224,0.224,0.246,0.246
0.606,44.716,-15.494,0.203,0.203,0.255,0.255
0.608,44.357,-15.593,0.224,0.224,0.252,0.252
0.609,44.080,-15.640,0.208,0.208,0.259,0.259
0.611,43.884,-15.718,0.233,0.233,0.255,0.255
0.611,43.623,-15.730,0.214,0.214,0.255,0.255
0.610,43.215,-15.691,0.226,0.226,0.278,0.278
0.611,42.921,-15.713,0.215,0.215,0.252,0.252
0.618,42.905,-16.031,0.232,0.232,0.249,0.249
0.620,42.937,-16.125,0.206,0.206,0.253,0.253
0.622,43.149,-16.202,0.230,0.230,0.252,0.252
0.623,43.117,-16.257,0.212,0.212,0.256,0.256
0.624,42.692,-16.274,0.226,0.226,0.256,0.256
0.626,41.958,-16.358,0.203,0.203,0.252,0.252
0.627,41.224,-16.420,0.235,0.235,0.249,0.249
0.628,40.848,-16.472,0.215,0.215,0.249,0.249
0.631,40.571,-16.592,0.229,0.229,0.249,0.249
0.632,40.196,-16.633,0.211,0.211,0.250,0.250
0.633,39.477,-16.644,0.218,0.218,0.252,0.252
0.633,38.792,-16.666,0.204,0.204,0.253,0.253
0.633,38.482,-16.651,0.221,0.221,0.250,0.250
0.635,38.449,-16.718,0.220,0.220,0.256,0.256
0.643,38.433,-17.028,0.240,0.240,0.259,0.259
0.645,37.992,-17.127,0.221,0.221,0.258,0.258
0.645,37.340,-17.112,0.235,0.235,0.259,0.259
0.647,36.703,-17.186,0.235,0.235,0.272,0.272
0.647,36.164,-17.194,0.237,0.237,0.279,0.279
0.649,35.561,-17.251,0.246,0.246,0.281,0.281
0.651,35.087,-17.330,0.240,0.240,0.281,0.281
0.652,35.006,-17.382,0.226,0.226,0.278,0.278
0.654,35.283,-17.451,0.226,0.226,0.262,0.262
0.656,35.805,-17.512,0.233,0.233,0.267,0.267
0.656,36.360,-17.506,0.229,0.229,0.278,0.278
0.656,36.850,-17.497,0.224,0.224,0.279,0.279
0.657,37.274,-17.559,0.233,0.233,0.272,0.272
0.663,37.258,-17.753,0.223,0.223,0.267,0.267
0.666,36.785,-17.871,0.206,0.206,0.267,0.267
0.669,35.740,-17.974,0.221,0.221,0.264,0.264
0.669,34.565,-17.987,0.214,0.214,0.266,0.266
0.669,33.488,-17.983,0.220,0.220,0.284,0.284
0.670,32.721,-18.039,0.218,0.218,0.262,0.262
0.673,31.987,-18.117,0.230,0.230,0.250,0.250
0.674,31.056,-18.142,0.211,0.211,0.261,0.261
0.675,30.126,-18.183,0.226,0.226,0.259,0.259
0.677,29.375,-18.250,0.209,0.209,0.264,0.264
0.677,29.065,-18.245,0.235,0.235,0.253,0.253
0.676,28.788,-18.224,0.212,0.212,0.279,0.279
0.678,28.641,-18.280,0.235,0.235,0.249,0.249
0.684,28.364,-18.433,0.211,0.211,0.243,0.243
0.688,27.858,-18.563,0.226,0.226,0.256,0.256
0.690,27.156,-18.597,0.211,0.211,0.256,0.256
0.690,26.209,-18.608,0.246,0.246,0.255,0.255
0.689,25.410,-18.594,0.227,0.227,0.256,0.256
0.693,24.838,-18.675,0.237,0.237,0.272,0.272
0.694,24.186,-18.709,0.224,0.224,0.255,0.255
0.696,23.859,-18.744,0.237,0.237,0.249,0.249
0.698,23.908,-18.804,0.218,0.218,0.258,0.258
0.698,24.137,-18.814,0.250,0.250,0.258,0.258
0.700,24.022,-18.844,0.237,0.237,0.259,0.259
0.700,23.761,-18.839,0.243,0.243,0.261,0.261
0.698,23.190,-18.808,0.218,0.218,0.270,0.270
0.703,22.554,-18.930,0.243,0.243,0.249,0.249
0.710,21.950,-19.073,0.220,0.220,0.249,0.249
0.711,21.476,-19.102,0.232,0.232,0.249,0.249
0.713,21.003,-19.130,0.220,0.220,0.255,0.255
0.713,20.448,-19.144,0.221,0.221,0.232,0.232
0.713,19.763,-19.144,0.209,0.209,0.238,0.238
0.716,19.077,-19.189,0.203,0.203,0.211,0.211
0.717,18.539,-19.210,0.208,0.208,0.241,0.241
0.720,18.033,-19.263,0.212,0.212,0.249,0.249
0.721,17.609,-19.287,0.218,0.218,0.246,0.246
0.723,17.364,-19.315,0.206,0.206,0.232,0.232
0.722,17.282,-19.306,0.221,0.221,0.233,0.233
0.722,17.315,-19.299,0.204,0.204,0.241,0.241
0.724,17.331,-19.346,0.204,0.204,0.241,0.241
0.730,17.135,-19.447,0.211,0.211,0.241,0.241
0.732,16.842,-19.479,0.218,0.218,0.243,0.243
0.735,16.629,-19.525,0.206,0.206,0.240,0.240
0.734,16.613,-19.511,0.224,0.224,0.246,0.246
0.736,16.580,-19.538,0.209,0.209,0.272,0.272
0.738,16.695,-19.574,0.224,0.224,0.244,0.244
0.739,16.809,-19.590,0.208,0.208,0.246,0.246
0.741,16.842,-19.624,0.233,0.233,0.250,0.250
0.743,16.678,-19.660,0.212,0.212,0.252,0.252
0.743,16.629,-19.659,0.232,0.232,0.253,0.253
0.742,16.776,-19.651,0.209,0.209,0.258,0.258
0.745,16.842,-19.695,0.224,0.224,0.250,0.250
0.745,16.842,-19.703,0.209,0.209,0.256,0.256
0.752,16.613,-19.815,0.229,0.229,0.253,0.253
0.754,16.156,-19.843,0.218,0.218,0.256,0.256
0.755,15.879,-19.854,0.237,0.237,0.249,0.249
0.756,15.830,-19.875,0.208,0.208,0.250,0.250
0.757,15.862,-19.893,0.227,0.227,0.250,0.250
0.759,15.879,-19.925,0.212,0.212,0.249,0.249
0.761,15.960,-19.957,0.221,0.221,0.247,0.247
0.763,16.075,-19.982,0.214,0.214,0.252,0.252
0.764,16.091,-20.001,0.229,0.229,0.252,0.252
0.765,15.993,-20.028,0.209,0.209,0.249,0.249
0.764,16.091,-20.012,0.212,0.212,0.230,0.230
0.765,16.058,-20.026,0.220,0.220,0.255,0.255
0.769,15.944,-20.081,0.221,0.221,0.261,0.261
0.773,15.585,-20.147,0.214,0.214,0.255,0.255
0.776,15.144,-20.195,0.229,0.229,0.252,0.252
0.777,14.851,-20.214,0.223,0.223,0.266,0.266
0.778,14.508,-20.220,0.232,0.232,0.262,0.262
0.779,14.116,-20.235,0.230,0.230,0.301,0.301
0.780,13.659,-20.256,0.238,0.238,0.272,0.272
0.783,13.137,-20.293,0.240,0.240,0.270,0.270
0.784,12.811,-20.303,0.241,0.241,0.270,0.270
0.787,12.337,-20.341,0.238,0.238,0.273,0.273
0.788,11.717,-20.354,0.237,0.237,0.259,0.259
0.788,11.130,-20.351,0.227,0.227,0.278,0.278
0.788,10.624,-20.357,0.227,0.227,0.259,0.259
0.789,10.167,-20.369,0.230,0.230,0.270,0.270
0.794,9.628,-20.419,0.220,0.220,0.281,0.281
0.797,8.926,-20.440,0.237,0.237,0.269,0.269
0.799,8.257,-20.459,0.217,0.217,0.262,0.262
0.799,7.898,-20.460,0.226,0.226,0.259,0.259
0.801,7.572,-20.477,0.215,0.215,0.261,0.261
0.803,7.180,-20.490,0.232,0.232,0.256,0.256
0.804,6.495,-20.494,0.217,0.217,0.258,0.258
0.805,5.777,-20.505,0.223,0.223,0.252,0.252
0.808,5.222,-20.519,0.212,0.212,0.249,0.249
0.808,4.667,-20.521,0.226,0.226,0.250,0.250
0.808,3.965,-20.521,0.209,0.209,0.270,0.270
0.809,3.100,-20.522,0.232,0.232,0.255,0.255
0.814,2.284,-20.535,0.223,0.223,0.247,0.247
0.817,1.501,-20.541,0.229,0.229,0.252,0.252
0.820,0.832,-20.545,0.218,0.218,0.252,0.252
0.819,0.309,-20.544,0.233,0.233,0.250,0.250
0.820,-0.262,-20.544,0.211,0.211,0.252,0.252
0.823,-1.012,-20.543,0.232,0.232,0.270,0.270
0.824,-1.600,-20.541,0.226,0.226,0.252,0.252
0.826,-1.910,-20.538,0.240,0.240,0.249,0.249
0.828,-2.188,-20.534,0.224,0.224,0.256,0.256
0.829,-2.514,-20.532,0.250,0.250,0.253,0.253
0.830,-2.775,-20.530,0.226,0.226,0.249,0.249
0.830,-2.840,-20.530,0.247,0.247,0.252,0.252
0.830,-2.579,-20.530,0.229,0.229,0.256,0.256
0.836,-2.351,-20.515,0.246,0.246,0.253,0.253
0.839,-2.253,-20.506,0.230,0.230,0.252,0.252
0.841,-2.253,-20.504,0.233,0.233,0.253,0.253
0.842,-2.041,-20.500,0.224,0.224,0.252,0.252
0.843,-1.600,-20.498,0.229,0.229,0.250,0.250
0.844,-1.339,-20.498,0.217,0.217,0.247,0.247
0.845,-1.208,-20.496,0.217,0.217,0.208,0.208
0.847,-1.012,-20.494,0.221,0.221,0.233,0.233
0.849,-0.604,-20.492,0.217,0.217,0.238,0.238
0.850,-0.245,-20.492,0.203,0.203,0.232,0.232
0.853,0.065,-20.491,0.212,0.212,0.235,0.235
0.852,0.195,-20.491,0.218,0.218,0.243,0.243
0.853,0.228,-20.491,0.203,0.203,0.226,0.226
0.854,0.179,-20.492,0.208,0.208,0.215,0.215
0.856,0.375,-20.492,0.214,0.214,0.233,0.233
0.862,0.603,-20.495,0.224,0.224,0.246,0.246
0.864,0.946,-20.497,0.212,0.212,0.241,0.241
0.865,1.338,-20.498,0.226,0.226,0.241,0.241
0.867,1.648,-20.500,0.212,0.212,0.235,0.235
0.868,1.925,-20.502,0.224,0.224,0.246,0.246
0.869,2.137,-20.505,0.206,0.206,0.247,0.247
0.871,2.382,-20.509,0.229,0.229,0.246,0.246
0.873,2.611,-20.514,0.203,0.203,0.247,0.247
0.874,2.872,-20.516,0.223,0.223,0.246,0.246
0.874,3.068,-20.517,0.211,0.211,0.249,0.249
0.874,3.410,-20.519,0.233,0.233,0.282,0.282
0.875,3.818,-20.519,0.212,0.212,0.255,0.255
0.882,4.079,-20.547,0.227,0.227,0.240,0.240
0.885,4.373,-20.559,0.215,0.215,0.247,0.247
0.886,4.585,-20.566,0.232,0.232,0.246,0.246
0.886,4.830,-20.565,0.206,0.206,0.252,0.252
0.888,5.042,-20.576,0.235,0.235,0.250,0.250
0.888,5.320,-20.578,0.211,0.211,0.264,0.264
0.891,5.532,-20.591,0.233,0.233,0.246,0.246
0.892,5.809,-20.599,0.214,0.214,0.252,0.252
0.894,6.054,-20.608,0.232,0.232,0.249,0.249
0.896,6.315,-20.619,0.214,0.214,0.250,0.250
0.896,6.527,-20.619,0.220,0.220,0.243,0.243
0.896,6.772,-20.619,0.208,0.208,0.244,0.244
0.898,7.017,-20.637,0.221,0.221,0.246,0.246
0.903,7.278,-20.671,0.208,0.208,0.253,0.253
0.906,7.523,-20.695,0.224,0.224,0.253,0.253
0.907,7.768,-20.698,0.221,0.221,0.250,0.250
0.908,7.964,-20.708,0.229,0.229,0.249,0.249
0.909,7.996,-20.717,0.223,0.223,0.244,0.244
0.911,7.751,-20.730,0.246,0.246,0.258,0.258
0.912,7.507,-20.744,0.238,0.238,0.267,0.267
0.913,7.392,-20.750,0.233,0.233,0.270,0.270
0.916,7.262,-20.769,0.240,0.240,0.285,0.285
0.917,7.229,-20.776,0.235,0.235,0.269,0.269
0.918,7.213,-20.781,0.230,0.230,0.267,0.267
0.918,7.245,-20.788,0.237,0.237,0.275,0.275
0.920,7.196,-20.796,0.233,0.233,0.269,0.269
0.923,7.033,-20.817,0.221,0.221,0.256,0.256
0.927,6.984,-20.849,0.240,0.240,0.266,0.266
0.929,6.952,-20.863,0.220,0.220,0.276,0.276
0.930,6.756,-20.868,0.227,0.227,0.266,0.266
0.931,6.772,-20.879,0.212,0.212,0.258,0.258
0.932,6.935,-20.883,0.226,0.226,0.279,0.279
0.934,7.001,-20.897,0.220,0.220,0.253,0.253
0.935,6.788,-20.901,0.224,0.224,0.249,0.249
0.937,6.527,-20.920,0.215,0.215,0.250,0.250
0.938,6.266,-20.926,0.230,0.230,0.255,0.255
0.940,6.299,-20.937,0.212,0.212,0.255,0.255
0.940,6.429,-20.937,0.237,0.237,0.249,0.249
0.940,6.544,-20.937,0.220,0.220,0.230,0.230
0.942,6.544,-20.950,0.230,0.230,0.247,0.247
0.947,6.511,-20.984,0.212,0.212,0.262,0.262
0.951,6.511,-21.008,0.241,0.241,0.246,0.246
0.951,6.495,-21.008,0.218,0.218,0.250,0.250
0.953,6.495,-21.023,0.237,0.237,0.240,0.240
0.954,6.511,-21.027,0.223,0.223,0.255,0.255
0.955,6.495,-21.035,0.243,0.243,0.253,0.253
0.958,6.478,-21.054,0.232,0.232,0.252,0.252
0.959,6.250,-21.058,0.240,0.240,0.244,0.244
0.961,5.842,-21.072,0.237,0.237,0.253,0.253
0.961,5.516,-21.074,0.243,0.243,0.253,0.253
0.961,5.205,-21.071,0.233,0.233,0.240,0.240
0.962,4.732,-21.077,0.243,0.243,0.255,0.255
0.966,4.063,-21.093,0.233,0.233,0.261,0.261
0.970,3.361,-21.109,0.233,0.233,0.246,0.246
0.972,3.019,-21.115,0.218,0.218,0.246,0.246
0.974,2.757,-21.120,0.226,0.226,0.250,0.250
0.974,2.382,-21.121,0.227,0.227,0.249,0.249
0.976,2.170,-21.125,0.212,0.212,0.244,0.244
0.977,2.317,-21.128,0.226,0.226,0.243,0.243
0.978,2.513,-21.131,0.203,0.203,0.227,0.227
0.980,2.676,-21.136,0.217,0.217,0.232,0.232
0.982,2.921,-21.142,0.192,0.192,0.226,0.226
0.983,3.296,-21.145,0.221,0.221,0.224,0.224
0.984,3.541,-21.147,0.203,0.203,0.227,0.227
0.985,3.622,-21.152,0.223,0.223,0.256,0.256
0.987,3.557,-21.157,0.197,0.197,0.230,0.230
0.991,3.296,-21.171,0.233,0.233,0.229,0.229
0.994,2.872,-21.180,0.215,0.215,0.233,0.233
0.996,2.349,-21.186,0.227,0.227,0.227,0.227
0.996,2.056,-21.185,0.221,0.221,0.238,0.238
0.998,1.778,-21.189,0.233,0.233,0.240,0.240
0.999,1.338,-21.190,0.224,0.224,0.250,0.250
1.001,0.913,-21.193,0.223,0.223,0.238,0.238
1.002,0.587,-21.194,0.229,0.229,0.246,0.246
1.004,0.309,-21.195,0.221,0.221,0.241,0.241
1.006,0.195,-21.195,0.221,0.221,0.249,0.249
1.007,-0.099,-21.195,0.218,0.218,0.240,0.240
1.007,-0.735,-21.195,0.227,0.227,0.249,0.249
1.008,-1.502,-21.194,0.217,0.217,0.246,0.246
1.011,-1.877,-21.188,0.218,0.218,0.249,0.249
1.015,-1.910,-21.182,0.224,0.224,0.256,0.256
1.018,-1.877,-21.176,0.224,0.224,0.249,0.249
1.018,-2.041,-21.175,0.212,0.212,0.249,0.249
1.019,-2.236,-21.174,0.224,0.224,0.246,0.246
1.021,-2.318,-21.169,0.204,0.204,0.250,0.250
1.022,-2.090,-21.166,0.227,0.227,0.249,0.249
1.024,-1.861,-21.163,0.200,0.200,0.244,0.244
1.026,-1.763,-21.159,0.230,0.230,0.243,0.243
1.028,-1.763,-21.156,0.206,0.206,0.249,0.249
1.028,-1.812,-21.156,0.221,0.221,0.246,0.246
1.028,-1.828,-21.155,0.206,0.206,0.247,0.247
1.031,-1.812,-21.150,0.227,0.227,0.238,0.238
1.031,-1.796,-21.149,0.206,0.206,0.241,0.241
1.037,-1.828,-21.139,0.223,0.223,0.240,0.240
1.038,-2.024,-21.137,0.209,0.209,0.247,0.247
1.039,-2.220,-21.135,0.233,0.233,0.249,0.249
1.041,-2.073,-21.131,0.212,0.212,0.252,0.252
1.043,-1.877,-21.127,0.243,0.243,0.258,0.258
1.044,-1.731,-21.126,0.230,0.230,0.259,0.259
1.046,-1.518,-21.122,0.246,0.246,0.261,0.261
1.048,-1.323,-21.119,0.240,0.240,0.269,0.269
1.049,-1.274,-21.118,0.241,0.241,0.275,0.275
1.051,-1.274,-21.116,0.240,0.240,0.270,0.270
1.051,-1.323,-21.115,0.233,0.233,0.266,0.266
1.051,-1.290,-21.115,0.243,0.243,0.246,0.246
1.053,-1.306,-21.113,0.233,0.233,0.273,0.273
1.059,-1.061,-21.106,0.226,0.226,0.276,0.276
1.060,-0.800,-21.105,0.227,0.227,0.261,0.261
1.062,-0.539,-21.103,0.233,0.233,0.266,0.266
1.063,-0.311,-21.103,0.220,0.220,0.252,0.252
1.064,-0.311,-21.103,0.233,0.233,0.258,0.258
1.065,-0.523,-21.102,0.224,0.224,0.255,0.255
1.068,-0.768,-21.101,0.229,0.229,0.256,0.256
1.068,-0.882,-21.100,0.211,0.211,0.252,0.252
1.071,-1.094,-21.097,0.230,0.230,0.255,0.255
1.072,-1.274,-21.096,0.217,0.217,0.253,0.253
1.071,-1.372,-21.097,0.221,0.221,0.273,0.273
1.072,-1.633,-21.096,0.218,0.218,0.252,0.252
1.075,-2.024,-21.091,0.233,0.233,0.238,0.238
1.077,-2.383,-21.086,0.212,0.212,0.253,0.253
1.082,-2.873,-21.074,0.238,0.238,0.250,0.250
1.084,-3.248,-21.066,0.221,0.221,0.252,0.252
1.085,-3.363,-21.065,0.246,0.246,0.243,0.243
1.085,-3.346,-21.062,0.221,0.221,0.246,0.246
1.088,-3.575,-21.053,0.247,0.247,0.247,0.247
1.088,-3.966,-21.052,0.224,0.224,0.252,0.252
1.091,-4.260,-21.042,0.240,0.240,0.252,0.252
1.093,-4.587,-21.033,0.223,0.223,0.252,0.252
1.094,-4.750,-21.027,0.244,0.244,0.244,0.244
1.094,-4.864,-21.027,0.230,0.230,0.253,0.253
1.094,-5.027,-21.027,0.233,0.233,0.258,0.258
1.096,-5.239,-21.018,0.246,0.246,0.255,0.255
1.101,-5.549,-20.992,0.227,0.227,0.249,0.249
1.104,-5.745,-20.973,0.243,0.243,0.255,0.255
1.104,-5.827,-20.973,0.232,0.232,0.255,0.255
1.107,-6.039,-20.953,0.240,0.240,0.264,0.264
1.107,-6.219,-20.955,0.220,0.220,0.253,0.253
1.108,-6.529,-20.948,0.218,0.218,0.238,0.238
1.110,-6.692,-20.935,0.211,0.211,0.240,0.240
1.112,-6.529,-20.920,0.217,0.217,0.226,0.226
1.114,-6.333,-20.912,0.201,0.201,0.233,0.233
1.116,-6.480,-20.898,0.220,0.220,0.226,0.226
1.115,-6.871,-20.901,0.206,0.206,0.223,0.223
1.116,-7.181,-20.895,0.229,0.229,0.230,0.230
1.117,-7.263,-20.889,0.206,0.206,0.243,0.243
1.118,-6.986,-20.880,0.226,0.226,0.227,0.227
1.123,-6.529,-20.850,0.217,0.217,0.230,0.230
1.128,-6.202,-20.816,0.230,0.230,0.230,0.230
1.129,-5.925,-20.814,0.206,0.206,0.230,0.230
1.130,-5.745,-20.806,0.233,0.233,0.226,0.226
1.131,-5.745,-20.801,0.218,0.218,0.244,0.244
1.132,-5.974,-20.794,0.227,0.227,0.241,0.241
1.134,-6.153,-20.784,0.218,0.218,0.243,0.243
1.136,-6.039,-20.768,0.240,0.240,0.237,0.237
1.137,-5.811,-20.764,0.227,0.227,0.258,0.258
1.138,-5.745,-20.755,0.221,0.221,0.247,0.247
1.138,-5.957,-20.757,0.230,0.230,0.241,0.241
1.138,-6.202,-20.759,0.224,0.224,0.244,0.244
1.142,-6.333,-20.734,0.227,0.227,0.258,0.258
1.147,-6.480,-20.702,0.215,0.215,0.247,0.247
1.148,-6.463,-20.693,0.230,0.230,0.249,0.249
1.150,-6.316,-20.680,0.212,0.212,0.240,0.240
1.151,-6.251,-20.675,0.221,0.221,0.249,0.249
1.151,-6.529,-20.672,0.214,0.214,0.246,0.246
1.154,-6.904,-20.653,0.233,0.233,0.249,0.249
1.156,-7.181,-20.642,0.215,0.215,0.252,0.252
1.157,-7.002,-20.633,0.233,0.233,0.247,0.247
1.159,-6.561,-20.619,0.211,0.211,0.244,0.244
1.160,-6.268,-20.614,0.223,0.223,0.240,0.240
1.159,-6.431,-20.621,0.203,0.203,0.247,0.247
1.161,-6.643,-20.609,0.237,0.237,0.244,0.244
1.162,-6.839,-20.598,0.206,0.206,0.246,0.246
1.166,-7.067,-20.571,0.235,0.235,0.246,0.246
1.171,-7.443,-20.537,0.212,0.212,0.237,0.237
1.172,-7.687,-20.525,0.233,0.233,0.249,0.249
1.174,-7.508,-20.513,0.212,0.212,0.253,0.253
1.174,-7.296,-20.513,0.230,0.230,0.250,0.250
1.175,-7.165,-20.507,0.232,0.232,0.258,0.258
1.177,-6.986,-20.494,0.247,0.247,0.256,0.256
1.179,-7.002,-20.479,0.227,0.227,0.273,0.273
1.181,-6.953,-20.466,0.252,0.252,0.293,0.293
1.182,-7.100,-20.456,0.233,0.233,0.279,0.279
1.184,-7.508,-20.443,0.246,0.246,0.267,0.267
1.184,-8.210,-20.442,0.238,0.238,0.267,0.267
1.184,-8.699,-20.439,0.252,0.252,0.259,0.259
1.186,-8.977,-20.427,0.233,0.233,0.264,0.264
1.191,-8.667,-20.383,0.246,0.246,0.269,0.269
1.194,-7.997,-20.355,0.233,0.233,0.256,0.256
1.195,-7.149,-20.344,0.240,0.240,0.267,0.267
1.196,-6.235,-20.338,0.224,0.224,0.272,0.272
1.197,-5.778,-20.335,0.240,0.240,0.261,0.261
1.198,-6.121,-20.330,0.233,0.233,0.258,0.258
1.201,-6.659,-20.311,0.227,0.227,0.259,0.259
1.202,-7.067,-20.305,0.233,0.233,0.256,0.256
1.204,-7.230,-20.289,0.224,0.224,0.237,0.237
1.206,-6.986,-20.271,0.230,0.230,0.261,0.261
1.205,-6.512,-20.277,0.230,0.230,0.264,0.264
1.205,-5.957,-20.278,0.230,0.230,0.258,0.258
1.207,-5.713,-20.269,0.220,0.220,0.246,0.246
1.213,-5.680,-20.234,0.226,0.226,0.243,0.243
1.216,-5.729,-20.217,0.223,0.223,0.255,0.255
1.217,-5.745,-20.209,0.232,0.232,0.249,0.249
1.218,-5.778,-20.205,0.224,0.224,0.253,0.253
1.219,-5.729,-20.201,0.235,0.235,0.258,0.258
1.221,-5.762,-20.190,0.220,0.220,0.255,0.255
1.222,-5.762,-20.181,0.238,0.238,0.250,0.250
1.224,-6.006,-20.171,0.220,0.220,0.237,0.237
1.226,-6.219,-20.157,0.240,0.240,0.252,0.252
1.227,-6.300,-20.154,0.229,0.229,0.264,0.264
1.228,-6.202,-20.148,0.241,0.241,0.255,0.255
1.228,-5.990,-20.147,0.218,0.218,0.249,0.249
1.228,-5.729,-20.149,0.247,0.247,0.256,0.256
1.233,-5.452,-20.118,0.224,0.224,0.259,0.259
1.237,-5.190,-20.097,0.249,0.249,0.252,0.252
1.238,-4.766,-20.092,0.226,0.226,0.249,0.249
1.240,-4.603,-20.083,0.238,0.238,0.252,0.252
1.240,-4.978,-20.081,0.220,0.220,0.250,0.250
1.242,-5.745,-20.072,0.235,0.235,0.247,0.247
1.243,-6.480,-20.063,0.208,0.208,0.244,0.244
1.246,-6.822,-20.048,0.227,0.227,0.229,0.229
1.247,-6.822,-20.040,0.214,0.214,0.252,0.252
1.249,-6.512,-20.026,0.229,0.229,0.230,0.230
1.250,-6.251,-20.020,0.214,0.214,0.229,0.229
1.249,-6.170,-20.026,0.218,0.218,0.227,0.227
1.251,-6.137,-20.014,0.215,0.215,0.244,0.244
1.254,-5.990,-19.998,0.224,0.224,0.232,0.232
1.259,-5.778,-19.967,0.218,0.218,0.244,0.244
1.260,-5.713,-19.960,0.220,0.220,0.244,0.244
1.262,-5.778,-19.946,0.221,0.221,0.235,0.235
1.263,-6.023,-19.945,0.218,0.218,0.238,0.238
1.264,-6.463,-19.938,0.218,0.218,0.243,0.243
1.265,-6.692,-19.928,0.235,0.235,0.244,0.244
1.267,-6.251,-19.917,0.235,0.235,0.249,0.249
1.269,-5.549,-19.904,0.224,0.224,0.252,0.252
1.271,-4.913,-19.897,0.221,0.221,0.230,0.230
1.271,-4.440,-19.893,0.218,0.218,0.252,0.252
1.271,-4.244,-19.895,0.223,0.223,0.258,0.258
1.272,-4.211,-19.891,0.212,0.212,0.252,0.252
1.276,-4.228,-19.873,0.235,0.235,0.246,0.246
1.280,-4.260,-19.855,0.218,0.218,0.247,0.247
1.282,-4.276,-19.846,0.230,0.230,0.253,0.253
1.283,-4.260,-19.844,0.212,0.212,0.259,0.259
1.284,-4.276,-19.840,0.233,0.233,0.253,0.253
1.285,-4.276,-19.834,0.217,0.217,0.246,0.246
1.287,-4.554,-19.827,0.227,0.227,0.244,0.244
1.289,-4.946,-19.818,0.221,0.221,0.252,0.252
1.291,-5.239,-19.808,0.237,0.237,0.267,0.267
1.292,-5.272,-19.801,0.206,0.206,0.249,0.249
1.293,-4.995,-19.796,0.232,0.232,0.241,0.241
1.293,-4.521,-19.797,0.218,0.218,0.252,0.252
1.293,-4.276,-19.795,0.230,0.230,0.244,0.244
1.295,-4.489,-19.789,0.214,0.214,0.250,0.250
1.301,-4.929,-19.758,0.229,0.229,0.247,0.247
1.303,-5.272,-19.748,0.209,0.209,0.253,0.253
1.305,-5.533,-19.739,0.224,0.224,0.249,0.249
1.306,-5.419,-19.732,0.220,0.220,0.253,0.253
1.306,-5.060,-19.731,0.240,0.240,0.255,0.255
1.309,-4.782,-19.720,0.227,0.227,0.258,0.258
1.311,-4.668,-19.710,0.255,0.255,0.253,0.253
1.311,-4.766,-19.709,0.229,0.229,0.270,0.270
1.314,-4.962,-19.695,0.253,0.253,0.252,0.252
1.316,-4.978,-19.684,0.238,0.238,0.275,0.275
1.315,-4.831,-19.687,0.255,0.255,0.279,0.279
1.316,-4.750,-19.684,0.240,0.240,0.273,0.273
1.317,-4.799,-19.681,0.244,0.244,0.262,0.262
1.319,-4.995,-19.668,0.233,0.233,0.282,0.282
1.325,-5.190,-19.638,0.243,0.243,0.267,0.267
1.328,-5.060,-19.626,0.227,0.227,0.266,0.266
1.328,-4.848,-19.625,0.255,0.255,0.270,0.270
1.329,-4.717,-19.619,0.240,0.240,0.266,0.266
1.331,-4.766,-19.611,0.240,0.240,0.261,0.261
1.331,-5.044,-19.607,0.221,0.221,0.267,0.267
1.334,-5.435,-19.595,0.227,0.227,0.269,0.269
1.336,-5.484,-19.584,0.226,0.226,0.266,0.266
1.337,-5.337,-19.578,0.233,0.233,0.252,0.252
1.338,-5.256,-19.573,0.238,0.238,0.253,0.253
1.338,-5.452,-19.570,0.233,0.233,0.255,0.255
1.337,-5.680,-19.580,0.224,0.224,0.256,0.256
1.343,-5.745,-19.546,0.233,0.233,0.255,0.255
1.348,-5.484,-19.516,0.233,0.233,0.237,0.237
1.349,-5.011,-19.512,0.223,0.223,0.250,0.250
1.350,-4.489,-19.507,0.243,0.243,0.261,0.261
1.350,-4.244,-19.506,0.223,0.223,0.253,0.253
1.352,-4.211,-19.497,0.232,0.232,0.259,0.259
1.354,-4.521,-19.490,0.217,0.217,0.240,0.240
1.356,-4.995,-19.481,0.249,0.249,0.255,0.255
1.357,-5.517,-19.473,0.230,0.230,0.264,0.264
1.359,-5.990,-19.464,0.240,0.240,0.258,0.258
1.360,-5.974,-19.458,0.229,0.229,0.258,0.258
1.359,-5.582,-19.465,0.243,0.243,0.252,0.252
1.359,-5.272,-19.460,0.224,0.224,0.253,0.253
1.364,-5.174,-19.438,0.246,0.246,0.269,0.269
1.369,-5.223,-19.411,0.227,0.227,0.256,0.256
1.371,-5.223,-19.400,0.250,0.250,0.252,0.252
1.372,-5.288,-19.396,0.224,0.224,0.252,0.252
1.372,-5.500,-19.396,0.240,0.240,0.252,0.252
1.374,-5.419,-19.383,0.221,0.221,0.253,0.253
1.376,-5.027,-19.372,0.240,0.240,0.249,0.249
1.377,-4.489,-19.366,0.215,0.215,0.243,0.243
1.379,-3.983,-19.360,0.235,0.235,0.233,0.233
1.381,-3.722,-19.352,0.209,0.209,0.246,0.246
1.382,-3.722,-19.348,0.215,0.215,0.229,0.229
1.381,-3.754,-19.351,0.211,0.211,0.227,0.227
1.381,-3.771,-19.352,0.223,0.223,0.224,0.224
1.383,-3.526,-19.344,0.217,0.217,0.237,0.237
1.389,-3.379,-19.322,0.233,0.233,0.221,0.221
1.392,-3.509,-19.312,0.224,0.224,0.240,0.240
1.395,-3.983,-19.304,0.221,0.221,0.243,0.243
1.395,-4.472,-19.303,0.215,0.215,0.240,0.240
1.396,-4.521,-19.297,0.224,0.224,0.240,0.240
1.397,-4.342,-19.294,0.229,0.229,0.238,0.238
1.399,-4.276,-19.285,0.227,0.227,0.247,0.247
1.401,-4.489,-19.277,0.221,0.221,0.246,0.246
1.402,-4.929,-19.270,0.217,0.217,0.253,0.253
1.404,-5.223,-19.260,0.212,0.212,0.249,0.249
1.404,-5.288,-19.261,0.218,0.218,0.252,0.252
1.403,-4.962,-19.268,0.241,0.241,0.256,0.256
1.406,-4.276,-19.254,0.220,0.220,0.284,0.284
1.413,-3.493,-19.227,0.230,0.230,0.259,0.259
1.414,-2.677,-19.223,0.204,0.204,0.243,0.243
1.415,-2.008,-19.219,0.227,0.227,0.252,0.252
1.416,-1.437,-19.218,0.209,0.209,0.253,0.253
1.416,-1.045,-19.219,0.227,0.227,0.255,0.255
1.418,-0.833,-19.217,0.217,0.217,0.255,0.255
1.421,-1.061,-19.214,0.232,0.232,0.262,0.262
1.421,-1.486,-19.213,0.206,0.206,0.255,0.255
1.424,-1.828,-19.209,0.224,0.224,0.255,0.255
1.424,-1.894,-19.209,0.212,0.212,0.255,0.255
1.425,-1.812,-19.207,0.232,0.232,0.253,0.253
1.426,-1.796,-19.206,0.208,0.208,0.252,0.252
1.425,-1.780,-19.207,0.227,0.227,0.250,0.250
1.430,-1.845,-19.198,0.203,0.203,0.250,0.250
1.435,-2.057,-19.188,0.218,0.218,0.253,0.253
1.437,-2.302,-19.184,0.212,0.212,0.259,0.259
1.438,-2.612,-19.182,0.243,0.243,0.252,0.252
1.438,-3.101,-19.179,0.220,0.220,0.252,0.252
1.440,-3.852,-19.176,0.240,0.240,0.238,0.238
1.441,-4.815,-19.168,0.227,0.227,0.264,0.264
1.443,-6.039,-19.157,0.241,0.241,0.272,0.272
1.445,-7.051,-19.146,0.230,0.230,0.279,0.279
1.447,-7.997,-19.132,0.258,0.258,0.284,0.284
1.447,-9.107,-19.129,0.246,0.246,0.281,0.281
1.447,-10.756,-19.134,0.249,0.249,0.276,0.276
1.448,-12.485,-19.122,0.243,0.243,0.298,0.298
1.451,-14.036,-19.081,0.243,0.243,0.266,0.266
1.454,-15.260,-19.029,0.235,0.235,0.273,0.273
1.459,-16.288,-18.962,0.255,0.255,0.269,0.269
1.459,-17.463,-18.950,0.243,0.243,0.276,0.276
1.461,-18.932,-18.928,0.240,0.240,0.276,0.276
1.461,-20.678,-18.918,0.226,0.226,0.273,0.273
1.462,-22.343,-18.908,0.233,0.233,0.247,0.247
1.464,-23.632,-18.856,0.240,0.240,0.262,0.262
1.466,-24.628,-18.813,0.238,0.238,0.267,0.267
1.468,-25.346,-18.759,0.243,0.243,0.264,0.264
1.469,-26.341,-18.730,0.233,0.233,0.258,0.258
1.467,-27.418,-18.784,0.221,0.221,0.259,0.259
1.467,-28.463,-18.781,0.226,0.226,0.256,0.256
1.471,-29.148,-18.669,0.229,0.229,0.240,0.240
1.475,-29.246,-18.545,0.232,0.232,0.256,0.256
1.478,-29.279,-18.453,0.226,0.226,0.261,0.261
1.479,-29.866,-18.429,0.224,0.224,0.261,0.261
1.480,-30.764,-18.412,0.230,0.230,0.258,0.258
1.481,-31.564,-18.367,0.209,0.209,0.241,0.241
1.482,-31.890,-18.345,0.244,0.244,0.261,0.261
1.484,-31.955,-18.275,0.226,0.226,0.273,0.273
1.486,-32.151,-18.220,0.233,0.233,0.255,0.255
1.487,-32.853,-18.177,0.218,0.218,0.252,0.252
1.489,-33.832,-18.123,0.230,0.230,0.256,0.256
1.487,-34.566,-18.170,0.218,0.218,0.262,0.262
1.489,-34.828,-18.117,0.235,0.235,0.279,0.279
1.490,-34.403,-18.079,0.244,0.244,0.264,0.264
1.495,-33.914,-17.897,0.249,0.249,0.255,0.255
1.498,-33.767,-17.812,0.224,0.224,0.261,0.261
1.500,-34.044,-17.733,0.240,0.240,0.266,0.266
1.500,-34.795,-17.745,0.218,0.218,0.262,0.262
1.500,-35.480,-17.731,0.240,0.240,0.255,0.255
1.502,-35.611,-17.665,0.227,0.227,0.258,0.258
1.503,-35.399,-17.643,0.241,0.241,0.252,0.252
1.505,-35.040,-17.564,0.209,0.209,0.253,0.253
1.507,-34.811,-17.493,0.217,0.217,0.241,0.241
1.508,-34.746,-17.461,0.198,0.198,0.230,0.230
1.508,-34.746,-17.467,0.233,0.233,0.230,0.230
1.507,-34.485,-17.482,0.211,0.211,0.240,0.240
1.507,-33.832,-17.479,0.233,0.233,0.221,0.221
1.513,-33.098,-17.271,0.218,0.218,0.247,0.247
1.517,-32.788,-17.158,0.226,0.226,0.247,0.247
1.518,-32.967,-17.108,0.209,0.209,0.243,0.243
1.519,-33.293,-17.099,0.221,0.221,0.237,0.237
1.518,-33.604,-17.106,0.232,0.232,0.240,0.240
1.521,-33.587,-17.031,0.233,0.233,0.250,0.250
1.522,-33.669,-16.996,0.221,0.221,0.250,0.250
1.524,-33.799,-16.935,0.215,0.215,0.250,0.250
1.525,-34.028,-16.885,0.221,0.221,0.258,0.258
1.527,-34.012,-16.820,0.215,0.215,0.258,0.258
1.527,-33.701,-16.826,0.232,0.232,0.264,0.264
1.525,-33.587,-16.868,0.220,0.220,0.273,0.273
1.528,-33.391,-16.777,0.229,0.229,0.252,0.252
1.530,-33.065,-16.705,0.203,0.203,0.258,0.258
1.536,-32.543,-16.534,0.224,0.224,0.262,0.262
1.535,-32.118,-16.540,0.212,0.212,0.261,0.261
1.536,-32.102,-16.511,0.230,0.230,0.261,0.261
1.539,-32.494,-16.432,0.229,0.229,0.259,0.259
1.539,-32.771,-16.427,0.230,0.230,0.253,0.253
1.541,-32.869,-16.368,0.206,0.206,0.259,0.259
1.542,-32.559,-16.326,0.218,0.218,0.261,0.261
1.543,-32.135,-16.298,0.206,0.206,0.258,0.258
1.545,-31.792,-16.241,0.227,0.227,0.255,0.255
1.544,-31.792,-16.247,0.214,0.214,0.238,0.238
1.545,-32.069,-16.231,0.244,0.244,0.255,0.255
1.547,-32.282,-16.177,0.211,0.211,0.269,0.269
1.549,-32.086,-16.109,0.224,0.224,0.253,0.253
1.553,-31.286,-15.965,0.200,0.200,0.249,0.249
1.554,-30.095,-15.945,0.227,0.227,0.249,0.249
1.555,-29.181,-15.924,0.212,0.212,0.255,0.255
1.555,-29.099,-15.900,0.229,0.229,0.250,0.250
1.556,-29.752,-15.877,0.212,0.212,0.255,0.255
1.557,-30.519,-15.844,0.230,0.230,0.264,0.264
1.560,-30.911,-15.763,0.218,0.218,0.264,0.264
1.561,-30.715,-15.744,0.249,0.249,0.264,0.264
1.562,-30.486,-15.712,0.238,0.238,0.279,0.279
1.564,-30.601,-15.646,0.256,0.256,0.278,0.278
1.564,-31.025,-15.639,0.237,0.237,0.305,0.305
1.563,-31.694,-15.667,0.243,0.243,0.276,0.276
1.565,-32.641,-15.618,0.237,0.237,0.269,0.269
1.568,-33.571,-15.513,0.244,0.244,0.281,0.281
1.571,-34.077,-15.398,0.244,0.244,0.284,0.284
1.573,-33.848,-15.347,0.244,0.244,0.266,0.266
1.573,-33.196,-15.355,0.224,0.224,0.272,0.272
1.574,-32.608,-15.298,0.244,0.244,0.276,0.276
1.576,-32.853,-15.255,0.227,0.227,0.270,0.270
1.577,-33.685,-15.205,0.235,0.235,0.275,0.275
1.577,-34.289,-15.195,0.235,0.235,0.275,0.275
1.580,-34.109,-15.100,0.232,0.232,0.266,0.266
1.580,-33.424,-15.094,0.227,0.227,0.264,0.264
1.581,-32.788,-15.079,0.226,0.226,0.262,0.262
1.579,-32.494,-15.122,0.229,0.229,0.249,0.249
1.581,-32.592,-15.067,0.224,0.224,0.267,0.267
1.587,-33.081,-14.860,0.238,0.238,0.273,0.273
1.588,-33.832,-14.831,0.233,0.233,0.264,0.264
1.590,-34.338,-14.763,0.232,0.232,0.256,0.256
1.590,-34.452,-14.783,0.218,0.218,0.267,0.267
1.591,-34.354,-14.754,0.229,0.229,0.255,0.255
1.591,-34.093,-14.727,0.214,0.214,0.258,0.258
1.594,-34.142,-14.648,0.240,0.240,0.258,0.258
1.594,-34.746,-14.619,0.227,0.227,0.258,0.258
1.595,-35.529,-14.594,0.240,0.240,0.259,0.259
1.596,-36.117,-14.551,0.220,0.220,0.258,0.258
1.597,-36.525,-14.539,0.224,0.224,0.270,0.270
1.596,-36.492,-14.578,0.229,0.229,0.261,0.261
1.598,-36.035,-14.507,0.240,0.240,0.259,0.259
1.602,-35.660,-14.334,0.226,0.226,0.261,0.261
1.606,-35.986,-14.223,0.241,0.241,0.261,0.261
1.606,-36.574,-14.192,0.224,0.224,0.261,0.261
1.608,-36.819,-14.150,0.240,0.240,0.262,0.262
1.607,-36.557,-14.185,0.218,0.218,0.259,0.259
1.609,-36.296,-14.115,0.249,0.249,0.258,0.258
1.610,-35.954,-14.072,0.220,0.220,0.256,0.256
1.611,-35.790,-14.039,0.240,0.240,0.252,0.252
1.611,-35.725,-14.015,0.211,0.211,0.249,0.249
1.613,-35.725,-13.963,0.226,0.226,0.255,0.255
1.614,-35.546,-13.927,0.206,0.206,0.244,0.244
1.614,-35.382,-13.927,0.209,0.209,0.232,0.232
1.614,-35.284,-13.926,0.209,0.209,0.243,0.243
1.614,-35.236,-13.927,0.224,0.224,0.243,0.243
1.618,-35.170,-13.779,0.215,0.215,0.249,0.249
1.623,-35.611,-13.595,0.215,0.215,0.240,0.240
1.623,-36.133,-13.611,0.218,0.218,0.247,0.247
1.623,-36.427,-13.593,0.212,0.212,0.246,0.246
1.624,-36.655,-13.560,0.214,0.214,0.255,0.255
1.625,-37.047,-13.534,0.218,0.218,0.264,0.264
1.626,-37.569,-13.477,0.226,0.226,0.250,0.250
1.627,-38.304,-13.452,0.214,0.214,0.252,0.252
1.629,-38.908,-13.378,0.218,0.218,0.252,0.252
1.630,-39.038,-13.345,0.217,0.217,0.233,0.233
1.629,-38.810,-13.379,0.224,0.224,0.255,0.255
1.629,-38.500,-13.388,0.215,0.215,0.264,0.264
1.631,-38.451,-13.291,0.229,0.229,0.259,0.259
1.634,-38.320,-13.200,0.217,0.217,0.256,0.256
1.637,-37.716,-13.060,0.223,0.223,0.246,0.246
1.638,-36.786,-13.023,0.212,0.212,0.264,0.264
1.638,-35.954,-13.043,0.224,0.224,0.258,0.258
1.638,-35.219,-13.014,0.206,0.206,0.261,0.261
1.639,-34.730,-12.987,0.218,0.218,0.256,0.256
1.642,-34.485,-12.891,0.215,0.215,0.264,0.264
1.643,-34.289,-12.873,0.237,0.237,0.261,0.261
1.644,-34.077,-12.815,0.211,0.211,0.276,0.276
1.645,-33.865,-12.803,0.240,0.240,0.252,0.252
1.643,-34.109,-12.848,0.209,0.209,0.249,0.249
1.644,-34.828,-12.813,0.224,0.224,0.255,0.255
1.644,-35.758,-12.829,0.204,0.204,0.259,0.259
1.648,-36.296,-12.688,0.230,0.230,0.252,0.252
1.652,-36.149,-12.543,0.212,0.212,0.255,0.255
1.654,-35.872,-12.455,0.226,0.226,0.247,0.247
1.653,-35.774,-12.487,0.215,0.215,0.258,0.258
1.653,-36.003,-12.487,0.223,0.223,0.255,0.255
1.655,-36.476,-12.435,0.214,0.214,0.261,0.261
1.655,-36.786,-12.419,0.232,0.232,0.258,0.258
1.657,-36.802,-12.349,0.232,0.232,0.255,0.255
1.658,-36.557,-12.330,0.252,0.252,0.267,0.267
1.659,-36.296,-12.280,0.226,0.226,0.275,0.275
1.659,-36.231,-12.283,0.238,0.238,0.276,0.276
1.659,-36.264,-12.284,0.221,0.221,0.282,0.282
1.658,-36.541,-12.300,0.240,0.240,0.276,0.276
1.661,-36.802,-12.189,0.247,0.247,0.281,0.281
1.666,-37.112,-12.038,0.249,0.249,0.298,0.298
1.667,-37.553,-11.969,0.232,0.232,0.281,0.281
1.669,-38.059,-11.921,0.223,0.223,0.264,0.264
1.668,-38.565,-11.949,0.227,0.227,0.276,0.276
1.669,-39.054,-11.918,0.230,0.230,0.276,0.276
1.670,-39.544,-11.849,0.232,0.232,0.270,0.270
1.671,-40.278,-11.847,0.226,0.226,0.266,0.266
1.671,-41.045,-11.809,0.230,0.230,0.267,0.267
1.673,-41.780,-11.740,0.209,0.209,0.266,0.266
1.674,-42.220,-11.705,0.230,0.230,0.264,0.264
1.673,-42.057,-11.742,0.218,0.218,0.267,0.267
1.672,-41.812,-11.775,0.226,0.226,0.264,0.264
1.674,-41.927,-11.700,0.220,0.220,0.256,0.256
1.678,-42.139,-11.526,0.230,0.230,0.258,0.258
1.680,-42.220,-11.454,0.209,0.209,0.237,0.237
1.681,-41.959,-11.420,0.226,0.226,0.258,0.258
1.681,-41.453,-11.396,0.212,0.212,0.272,0.272
1.681,-40.964,-11.402,0.235,0.235,0.258,0.258
1.683,-40.735,-11.343,0.221,0.221,0.262,0.262
1.683,-40.948,-11.311,0.237,0.237,0.256,0.256
1.685,-41.421,-11.256,0.217,0.217,0.261,0.261
1.686,-41.747,-11.198,0.238,0.238,0.250,0.250
1.687,-41.747,-11.175,0.217,0.217,0.259,0.259
1.685,-41.486,-11.229,0.243,0.243,0.258,0.258
1.686,-41.225,-11.200,0.229,0.229,0.261,0.261
1.686,-40.948,-11.207,0.243,0.243,0.259,0.259
1.691,-41.029,-11.007,0.229,0.229,0.262,0.262
1.693,-41.404,-10.910,0.244,0.244,0.261,0.261
1.694,-41.649,-10.872,0.230,0.230,0.255,0.255
1.695,-41.519,-10.838,0.256,0.256,0.255,0.255
1.695,-41.274,-10.853,0.235,0.235,0.266,0.266
1.696,-40.948,-10.807,0.241,0.241,0.258,0.258
1.697,-41.029,-10.755,0.217,0.217,0.259,0.259
1.698,-41.421,-10.703,0.230,0.230,0.250,0.250
1.698,-41.959,-10.707,0.212,0.212,0.259,0.259
1.700,-42.237,-10.625,0.217,0.217,0.221,0.221
1.700,-42.269,-10.638,0.218,0.218,0.246,0.246
1.699,-42.025,-10.671,0.215,0.215,0.249,0.249
1.699,-41.992,-10.656,0.212,0.212,0.241,0.241
1.700,-42.220,-10.618,0.197,0.197,0.238,0.238
1.706,-42.759,-10.386,0.224,0.224,0.241,0.241
1.708,-43.412,-10.280,0.209,0.209,0.246,0.246
1.708,-43.950,-10.284,0.220,0.220,0.240,0.240
1.708,-44.195,-10.271,0.208,0.208,0.237,0.237
1.708,-44.244,-10.303,0.212,0.212,0.243,0.243
1.708,-44.114,-10.270,0.203,0.203,0.252,0.252
1.709,-43.918,-10.220,0.217,0.217,0.249,0.249
1.711,-43.918,-10.168,0.218,0.218,0.273,0.273
1.712,-43.852,-10.118,0.240,0.240,0.255,0.255
1.713,-43.689,-10.072,0.223,0.223,0.253,0.253
1.712,-43.379,-10.101,0.226,0.226,0.252,0.252
1.711,-42.955,-10.133,0.209,0.209,0.255,0.255
1.712,-42.743,-10.089,0.226,0.226,0.256,0.256
1.716,-42.922,-9.933,0.209,0.209,0.256,0.256
1.720,-43.379,-9.774,0.243,0.243,0.252,0.252
1.719,-43.608,-9.793,0.218,0.218,0.261,0.261
1.719,-43.461,-9.803,0.233,0.233,0.267,0.267
1.720,-43.004,-9.779,0.212,0.212,0.258,0.258
1.721,-42.759,-9.743,0.238,0.238,0.258,0.258
1.721,-42.906,-9.711,0.215,0.215,0.258,0.258
1.723,-43.461,-9.639,0.227,0.227,0.258,0.258
1.724,-44.212,-9.603,0.224,0.224,0.252,0.252
1.725,-44.913,-9.567,0.229,0.229,0.258,0.258
1.723,-45.501,-9.654,0.206,0.206,0.259,0.259
1.723,-45.925,-9.651,0.221,0.221,0.258,0.258
1.724,-46.154,-9.608,0.208,0.208,0.258,0.258
1.725,-46.137,-9.561,0.218,0.218,0.252,0.252
1.731,-45.909,-9.285,0.220,0.220,0.256,0.256
1.734,-45.860,-9.149,0.221,0.221,0.253,0.253
1.731,-45.860,-9.248,0.218,0.218,0.258,0.258
1.731,-45.958,-9.274,0.208,0.208,0.262,0.262
1.732,-46.349,-9.228,0.217,0.217,0.264,0.264
1.732,-46.806,-9.225,0.214,0.214,0.261,0.261
1.734,-47.068,-9.152,0.233,0.233,0.247,0.247
1.735,-46.921,-9.096,0.237,0.237,0.261,0.261
1.736,-46.627,-9.024,0.244,0.244,0.267,0.267
1.736,-46.284,-9.057,0.227,0.227,0.282,0.282
1.734,-45.827,-9.118,0.241,0.241,0.291,0.291
1.734,-45.387,-9.142,0.232,0.232,0.281,0.281
1.735,-45.076,-9.082,0.246,0.246,0.278,0.278
1.739,-44.864,-8.922,0.224,0.224,0.267,0.267
1.743,-44.864,-8.711,0.246,0.246,0.278,0.278
1.742,-45.044,-8.787,0.221,0.221,0.267,0.267
1.742,-45.207,-8.759,0.227,0.227,0.267,0.267
1.744,-45.370,-8.700,0.209,0.209,0.281,0.281
1.743,-45.354,-8.705,0.241,0.241,0.272,0.272
1.743,-45.207,-8.712,0.220,0.220,0.273,0.273
1.744,-45.109,-8.679,0.246,0.246,0.291,0.291
1.746,-45.076,-8.605,0.218,0.218,0.264,0.264
1.747,-45.109,-8.528,0.230,0.230,0.252,0.252
1.746,-44.897,-8.591,0.204,0.204,0.258,0.258
1.745,-44.962,-8.636,0.237,0.237,0.258,0.258
1.745,-45.093,-8.621,0.220,0.220,0.261,0.261
1.748,-45.305,-8.480,0.235,0.235,0.258,0.258
1.753,-45.338,-8.280,0.223,0.223,0.266,0.266
1.752,-44.881,-8.296,0.237,0.237,0.253,0.253
1.753,-44.130,-8.259,0.221,0.221,0.264,0.264
1.753,-43.379,-8.275,0.238,0.238,0.255,0.255
1.753,-42.841,-8.255,0.227,0.227,0.256,0.256
1.754,-42.400,-8.207,0.235,0.235,0.255,0.255
1.755,-42.204,-8.193,0.215,0.215,0.266,0.266
1.756,-42.188,-8.146,0.237,0.237,0.261,0.261
1.757,-42.172,-8.111,0.224,0.224,0.264,0.264
1.755,-42.220,-8.182,0.233,0.233,0.255,0.255
1.754,-42.220,-8.214,0.232,0.232,0.259,0.259
1.755,-42.237,-8.182,0.244,0.244,0.259,0.259
1.757,-42.204,-8.112,0.238,0.238,0.262,0.262
1.762,-42.204,-7.894,0.230,0.230,0.258,0.258
1.762,-42.204,-7.877,0.243,0.243,0.255,0.255
1.763,-42.237,-7.864,0.230,0.230,0.259,0.259
1.763,-42.433,-7.845,0.227,0.227,0.266,0.266
1.762,-42.416,-7.900,0.230,0.230,0.258,0.258
1.763,-42.269,-7.832,0.230,0.230,0.256,0.256
1.764,-41.959,-7.793,0.217,0.217,0.233,0.233
1.765,-41.715,-7.779,0.224,0.224,0.252,0.252
1.766,-41.649,-7.716,0.203,0.203,0.232,0.232
1.767,-41.372,-7.691,0.218,0.218,0.235,0.235
1.765,-41.045,-7.755,0.195,0.195,0.237,0.237
1.764,-40.686,-7.811,0.221,0.221,0.230,0.230
1.764,-40.458,-7.799,0.200,0.200,0.237,0.237
1.769,-40.523,-7.589,0.214,0.214,0.255,0.255
1.771,-40.948,-7.540,0.192,0.192,0.235,0.235
1.773,-41.453,-7.426,0.230,0.230,0.230,0.230
1.772,-41.715,-7.460,0.209,0.209,0.243,0.243
1.772,-41.502,-7.485,0.237,0.237,0.240,0.240
1.773,-41.274,-7.448,0.218,0.218,0.246,0.246
1.774,-41.192,-7.397,0.229,0.229,0.247,0.247
1.774,-41.421,-7.410,0.214,0.214,0.261,0.261
1.775,-41.682,-7.363,0.235,0.235,0.246,0.246
1.775,-42.008,-7.364,0.221,0.221,0.261,0.261
1.776,-42.220,-7.331,0.232,0.232,0.258,0.258
1.774,-42.482,-7.401,0.223,0.223,0.267,0.267
1.772,-42.367,-7.478,0.223,0.223,0.253,0.253
1.776,-41.992,-7.333,0.224,0.224,0.256,0.256
1.781,-41.682,-7.109,0.224,0.224,0.229,0.229
1.780,-41.388,-7.127,0.220,0.220,0.258,0.258
1.782,-41.258,-7.079,0.233,0.233,0.266,0.266
1.781,-41.404,-7.104,0.227,0.227,0.259,0.259
1.781,-41.649,-7.123,0.212,0.212,0.258,0.258
1.782,-41.747,-7.065,0.224,0.224,0.255,0.255
1.782,-41.682,-7.058,0.209,0.209,0.258,0.258
1.783,-41.453,-7.029,0.221,0.221,0.252,0.252
1.784,-41.192,-6.977,0.206,0.206,0.255,0.255
1.783,-40.850,-7.025,0.233,0.233,0.256,0.256
1.782,-40.442,-7.069,0.212,0.212,0.253,0.253
1.781,-39.936,-7.096,0.215,0.215,0.255,0.255
1.784,-39.364,-6.999,0.203,0.203,0.241,0.241
1.787,-38.695,-6.847,0.221,0.221,0.255,0.255
1.788,-38.255,-6.818,0.201,0.201,0.258,0.258
1.789,-38.124,-6.793,0.215,0.215,0.253,0.253
1.788,-38.206,-6.832,0.200,0.200,0.255,0.255
1.789,-38.238,-6.804,0.227,0.227,0.259,0.259
1.789,-38.255,-6.794,0.208,0.208,0.261,0.261
1.790,-38.287,-6.739,0.232,0.232,0.282,0.282
1.791,-38.516,-6.711,0.224,0.224,0.266,0.266
1.791,-38.728,-6.707,0.244,0.244,0.269,0.269
1.792,-39.038,-6.691,0.233,0.233,0.279,0.279
1.790,-39.250,-6.769,0.247,0.247,0.287,0.287
1.789,-39.528,-6.782,0.221,0.221,0.285,0.285
1.789,-39.691,-6.784,0.241,0.241,0.279,0.279
1.792,-39.707,-6.655,0.227,0.227,0.282,0.282
1.796,-39.724,-6.514,0.240,0.240,0.285,0.285
1.797,-39.658,-6.481,0.215,0.215,0.284,0.284
1.797,-39.413,-6.492,0.246,0.246,0.284,0.284
1.796,-38.973,-6.513,0.218,0.218,0.275,0.275
1.797,-38.500,-6.488,0.238,0.238,0.269,0.269
1.796,-38.189,-6.495,0.218,0.218,0.275,0.275
1.798,-37.912,-6.434,0.230,0.230,0.249,0.249
1.798,-37.732,-6.427,0.217,0.217,0.270,0.270
1.799,-37.520,-6.405,0.235,0.235,0.272,0.272
1.798,-37.537,-6.454,0.218,0.218,0.267,0.267
1.796,-37.716,-6.495,0.232,0.232,0.261,0.261
1.797,-38.026,-6.464,0.223,0.223,0.261,0.261
1.800,-38.271,-6.360,0.230,0.230,0.264,0.264
1.804,-38.532,-6.197,0.224,0.224,0.252,0.252
1.804,-38.712,-6.219,0.227,0.227,0.262,0.262
1.804,-38.761,-6.215,0.229,0.229,0.273,0.273
1.803,-38.744,-6.237,0.220,0.220,0.267,0.267
1.804,-38.679,-6.225,0.227,0.227,0.261,0.261
1.804,-38.483,-6.209,0.218,0.218,0.246,0.246
1.805,-38.238,-6.187,0.230,0.230,0.258,0.258
1.805,-37.928,-6.177,0.223,0.223,0.264,0.264
1.806,-37.504,-6.127,0.226,0.226,0.261,0.261
1.805,-37.227,-6.157,0.226,0.226,0.261,0.261
1.803,-36.933,-6.245,0.237,0.237,0.264,0.264
1.803,-36.492,-6.229,0.220,0.220,0.262,0.262
1.804,-36.100,-6.200,0.240,0.240,0.266,0.266
1.808,-36.035,-6.050,0.217,0.217,0.264,0.264
1.810,-36.215,-5.972,0.237,0.237,0.267,0.267
1.810,-36.525,-5.992,0.217,0.217,0.262,0.262
1.809,-36.770,-6.031,0.238,0.238,0.253,0.253
1.810,-36.819,-5.996,0.218,0.218,0.261,0.261
1.809,-36.786,-6.023,0.235,0.235,0.258,0.258
1.811,-36.721,-5.963,0.211,0.211,0.258,0.258
1.811,-36.525,-5.964,0.224,0.224,0.246,0.246
1.811,-36.264,-5.963,0.201,0.201,0.233,0.233
1.811,-36.035,-5.950,0.218,0.218,0.237,0.237
1.810,-36.052,-5.990,0.200,0.200,0.238,0.238
1.810,-36.166,-5.982,0.221,0.221,0.240,0.240
1.810,-36.035,-5.990,0.200,0.200,0.235,0.235
1.811,-35.856,-5.953,0.227,0.227,0.253,0.253
1.815,-35.725,-5.796,0.215,0.215,0.240,0.240
1.816,-35.774,-5.767,0.223,0.223,0.240,0.240
1.815,-36.003,-5.793,0.220,0.220,0.243,0.243
1.815,-36.231,-5.818,0.227,0.227,0.243,0.243
1.815,-36.329,-5.824,0.218,0.218,0.247,0.247
1.816,-36.345,-5.775,0.220,0.220,0.244,0.244
1.817,-36.541,-5.751,0.223,0.223,0.270,0.270
1.817,-36.704,-5.733,0.215,0.215,0.247,0.247
1.817,-36.786,-5.755,0.227,0.227,0.240,0.240
1.816,-36.770,-5.768,0.211,0.211,0.247,0.247
1.815,-36.737,-5.798,0.235,0.235,0.258,0.258
1.815,-36.508,-5.817,0.221,0.221,0.256,0.256
1.818,-36.362,-5.713,0.221,0.221,0.259,0.259
1.820,-36.198,-5.620,0.220,0.220,0.272,0.272
1.821,-35.986,-5.607,0.221,0.221,0.256,0.256
1.821,-35.513,-5.592,0.217,0.217,0.258,0.258
1.820,-35.040,-5.638,0.217,0.217,0.255,0.255
1.820,-34.501,-5.618,0.212,0.212,0.258,0.258
1.820,-34.044,-5.618,0.224,0.224,0.255,0.255
1.821,-33.767,-5.591,0.203,0.203,0.255,0.255
1.821,-33.718,-5.591,0.230,0.230,0.259,0.259
1.821,-33.555,-5.591,0.208,0.208,0.255,0.255
1.820,-33.424,-5.614,0.229,0.229,0.253,0.253
1.820,-33.538,-5.639,0.211,0.211,0.253,0.253
1.819,-33.750,-5.673,0.229,0.229,0.252,0.252
1.822,-33.881,-5.556,0.204,0.204,0.256,0.256
1.825,-34.158,-5.441,0.218,0.218,0.252,0.252
1.826,-34.534,-5.434,0.206,0.206,0.249,0.249
1.826,-34.844,-5.437,0.226,0.226,0.250,0.250
1.824,-35.121,-5.487,0.212,0.212,0.261,0.261
1.824,-35.317,-5.478,0.230,0.230,0.253,0.253
1.825,-35.333,-5.460,0.224,0.224,0.256,0.256
1.825,-35.333,-5.440,0.238,0.238,0.249,0.249
1.825,-35.284,-5.441,0.223,0.223,0.266,0.266
1.826,-35.317,-5.422,0.247,0.247,0.267,0.267
1.826,-35.252,-5.406,0.235,0.235,0.279,0.279
1.823,-35.007,-5.512,0.233,0.233,0.282,0.282
1.823,-34.566,-5.534,0.243,0.243,0.276,0.276
1.825,-34.028,-5.461,0.244,0.244,0.267,0.267
1.828,-33.538,-5.358,0.230,0.230,0.296,0.296
1.830,-33.261,-5.298,0.252,0.252,0.272,0.272
1.830,-33.000,-5.278,0.235,0.235,0.269,0.269
1.829,-32.820,-5.335,0.237,0.237,0.273,0.273
1.828,-32.559,-5.359,0.230,0.230,0.282,0.282
1.830,-32.347,-5.286,0.229,0.229,0.262,0.262
1.829,-32.331,-5.308,0.229,0.229,0.267,0.267
1.830,-32.314,-5.305,0.218,0.218,0.264,0.264
1.830,-32.363,-5.296,0.230,0.230,0.259,0.259
1.830,-32.380,-5.291,0.223,0.223,0.266,0.266
1.828,-32.575,-5.352,0.229,0.229,0.258,0.258
1.827,-32.788,-5.381,0.226,0.226,0.258,0.258
1.827,-32.885,-5.385,0.229,0.229,0.258,0.258
1.833,-33.130,-5.197,0.218,0.218,0.258,0.258
1.833,-33.293,-5.198,0.227,0.227,0.230,0.230
1.833,-33.408,-5.182,0.218,0.218,0.249,0.249
1.832,-33.571,-5.229,0.235,0.235,0.262,0.262
1.832,-33.816,-5.210,0.214,0.214,0.255,0.255
1.832,-34.093,-5.211,0.240,0.240,0.255,0.255
1.832,-34.273,-5.221,0.224,0.224,0.252,0.252
1.833,-34.077,-5.202,0.233,0.233,0.256,0.256
1.834,-33.865,-5.162,0.230,0.230,0.253,0.253
1.834,-33.750,-5.171,0.246,0.246,0.256,0.256
1.832,-33.718,-5.230,0.218,0.218,0.256,0.256
1.830,-33.816,-5.294,0.235,0.235,0.253,0.253
1.830,-33.832,-5.287,0.224,0.224,0.253,0.253
1.835,-33.604,-5.126,0.244,0.244,0.246,0.246
1.836,-33.424,-5.091,0.223,0.223,0.261,0.261
1.837,-33.261,-5.066,0.259,0.259,0.266,0.266
1.836,-33.326,-5.106,0.227,0.227,0.258,0.258
1.835,-33.489,-5.126,0.247,0.247,0.252,0.252
1.836,-33.538,-5.103,0.221,0.221,0.252,0.252
1.836,-33.555,-5.101,0.241,0.241,0.255,0.255
1.836,-33.718,-5.090,0.220,0.220,0.246,0.246
1.836,-33.767,-5.099,0.224,0.224,0.247,0.247
1.836,-33.832,-5.084,0.212,0.212,0.241,0.241
1.836,-33.685,-5.092,0.218,0.218,0.238,0.238
1.834,-33.440,-5.152,0.204,0.204,0.241,0.241
1.833,-33.424,-5.193,0.214,0.214,0.240,0.240
1.834,-33.457,-5.162,0.223,0.223,0.235,0.235
1.837,-33.342,-5.044,0.218,0.218,0.264,0.264
1.838,-33.310,-5.024,0.209,0.209,0.240,0.240
1.840,-33.065,-4.968,0.214,0.214,0.237,0.237
1.838,-32.951,-5.017,0.223,0.223,0.246,0.246
1.837,-33.196,-5.045,0.212,0.212,0.233,0.233
1.838,-33.212,-5.014,0.218,0.218,0.243,0.243
1.837,-32.967,-5.055,0.209,0.209,0.243,0.243
1.838,-32.788,-5.031,0.226,0.226,0.261,0.261
1.838,-32.510,-5.022,0.217,0.217,0.249,0.249
1.839,-32.347,-4.992,0.227,0.227,0.252,0.252
1.837,-32.380,-5.056,0.220,0.220,0.256,0.256
1.834,-32.543,-5.153,0.229,0.229,0.258,0.258
1.836,-32.804,-5.095,0.209,0.209,0.253,0.253
1.840,-32.853,-4.967,0.230,0.230,0.256,0.256
1.841,-32.853,-4.936,0.214,0.214,0.230,0.230
1.839,-32.820,-4.976,0.227,0.227,0.250,0.250
1.840,-32.820,-4.950,0.215,0.215,0.269,0.269
1.840,-32.836,-4.967,0.230,0.230,0.258,0.258
1.839,-32.804,-4.979,0.212,0.212,0.259,0.259
1.839,-32.820,-4.973,0.240,0.240,0.233,0.233
1.839,-32.820,-4.979,0.218,0.218,0.253,0.253
1.840,-32.788,-4.963,0.237,0.237,0.258,0.258
1.838,-32.559,-5.008,0.209,0.209,0.255,0.255
1.837,-32.363,-5.037,0.232,0.232,0.252,0.252
1.835,-32.298,-5.133,0.204,0.204,0.258,0.258
1.835,-32.249,-5.106,0.232,0.232,0.253,0.253
1.840,-32.086,-4.946,0.214,0.214,0.270,0.270
1.842,-31.825,-4.886,0.226,0.226,0.250,0.250
1.843,-31.531,-4.869,0.220,0.220,0.247,0.247
1.841,-31.319,-4.911,0.221,0.221,0.252,0.252
1.841,-31.270,-4.931,0.221,0.221,0.253,0.253
1.840,-31.302,-4.943,0.226,0.226,0.252,0.252
1.841,-31.335,-4.920,0.215,0.215,0.258,0.258
1.841,-31.351,-4.929,0.227,0.227,0.276,0.276
1.841,-31.335,-4.932,0.237,0.237,0.262,0.262
1.840,-31.384,-4.944,0.230,0.230,0.273,0.273
1.839,-31.596,-4.993,0.246,0.246,0.273,0.273
1.837,-31.759,-5.038,0.243,0.243,0.279,0.279
1.837,-31.874,-5.065,0.237,0.237,0.272,0.272
1.840,-31.792,-4.956,0.238,0.238,0.273,0.273
1.842,-31.580,-4.884,0.238,0.238,0.273,0.273
1.843,-31.368,-4.869,0.232,0.232,0.267,0.267
1.842,-31.286,-4.888,0.229,0.229,0.279,0.279
1.841,-31.319,-4.938,0.229,0.229,0.272,0.272
1.841,-31.302,-4.911,0.232,0.232,0.276,0.276
1.842,-31.286,-4.896,0.217,0.217,0.266,0.266
1.841,-31.074,-4.915,0.240,0.240,0.266,0.266
1.842,-30.845,-4.903,0.215,0.215,0.243,0.243
1.841,-30.813,-4.918,0.235,0.235,0.269,0.269
1.841,-30.813,-4.920,0.217,0.217,0.264,0.264
1.839,-30.862,-4.985,0.230,0.230,0.256,0.256
1.837,-31.090,-5.046,0.211,0.211,0.252,0.252
1.841,-31.335,-4.917,0.227,0.227,0.258,0.258
1.843,-31.596,-4.868,0.208,0.208,0.258,0.258
1.843,-31.841,-4.861,0.233,0.233,0.238,0.238
1.843,-32.118,-4.866,0.209,0.209,0.255,0.255
1.842,-32.314,-4.897,0.235,0.235,0.261,0.261
1.841,-32.412,-4.918,0.218,0.218,0.253,0.253
1.841,-32.575,-4.917,0.233,0.233,0.249,0.249
1.842,-32.788,-4.904,0.217,0.217,0.252,0.252
1.840,-32.853,-4.958,0.237,0.237,0.250,0.250
1.841,-32.853,-4.935,0.223,0.223,0.253,0.253
1.839,-32.820,-4.980,0.237,0.237,0.258,0.258
1.838,-32.820,-5.023,0.230,0.230,0.262,0.262
1.837,-32.804,-5.060,0.247,0.247,0.258,0.258
1.841,-32.836,-4.928,0.227,0.227,0.258,0.258
1.842,-32.836,-4.898,0.258,0.258,0.261,0.261
1.842,-32.820,-4.885,0.230,0.230,0.256,0.256
1.842,-32.804,-4.903,0.246,0.246,0.258,0.258
1.840,-32.788,-4.944,0.229,0.229,0.264,0.264
1.841,-32.836,-4.939,0.244,0.244,0.259,0.259
1.841,-32.804,-4.932,0.227,0.227,0.252,0.252
1.840,-32.853,-4.942,0.230,0.230,0.255,0.255
1.841,-32.836,-4.938,0.232,0.232,0.256,0.256
1.840,-32.853,-4.941,0.224,0.224,0.249,0.249
1.841,-32.820,-4.921,0.214,0.214,0.237,0.237
1.839,-32.869,-4.993,0.206,0.206,0.227,0.227
1.837,-33.081,-5.049,0.215,0.215,0.241,0.241
1.836,-33.326,-5.081,0.206,0.206,0.264,0.264
1.838,-33.620,-5.023,0.206,0.206,0.243,0.243
1.842,-33.783,-4.880,0.209,0.209,0.227,0.227
1.841,-33.848,-4.914,0.218,0.218,0.233,0.233
1.840,-33.816,-4.940,0.206,0.206,0.240,0.240
1.840,-33.783,-4.952,0.217,0.217,0.241,0.241
1.840,-33.555,-4.952,0.214,0.214,0.235,0.235
1.840,-33.375,-4.952,0.227,0.227,0.235,0.235
1.840,-33.326,-4.961,0.209,0.209,0.241,0.241
1.840,-33.310,-4.942,0.233,0.233,0.253,0.253
1.838,-33.326,-5.005,0.209,0.209,0.246,0.246
1.837,-33.342,-5.043,0.237,0.237,0.241,0.241
1.835,-33.326,-5.117,0.208,0.208,0.246,0.246
1.835,-33.391,-5.122,0.238,0.238,0.252,0.252
1.840,-33.538,-4.966,0.215,0.215,0.247,0.247
1.839,-33.767,-4.971,0.237,0.237,0.252,0.252
1.840,-33.848,-4.949,0.218,0.218,0.249,0.249
1.838,-33.832,-5.009,0.243,0.243,0.249,0.249
1.838,-33.587,-5.019,0.217,0.217,0.250,0.250
1.837,-33.604,-5.061,0.230,0.230,0.266,0.266
1.837,-33.489,-5.041,0.214,0.214,0.255,0.255
1.838,-33.391,-5.025,0.229,0.229,0.255,0.255
1.838,-33.310,-5.032,0.217,0.217,0.258,0.258
1.837,-33.342,-5.060,0.235,0.235,0.249,0.249
1.835,-33.310,-5.133,0.218,0.218,0.249,0.249
1.833,-33.326,-5.175,0.229,0.229,0.250,0.250
1.835,-33.065,-5.113,0.223,0.223,0.270,0.270
1.837,-32.885,-5.059,0.218,0.218,0.252,0.252
1.838,-32.804,-5.010,0.215,0.215,0.249,0.249
1.838,-32.804,-5.034,0.212,0.212,0.255,0.255
1.836,-32.836,-5.100,0.218,0.218,0.250,0.250
1.835,-33.098,-5.120,0.209,0.209,0.243,0.243
1.836,-33.293,-5.100,0.220,0.220,0.252,0.252
1.835,-33.359,-5.105,0.217,0.217,0.267,0.267
1.836,-33.359,-5.087,0.226,0.226,0.255,0.255
1.835,-33.342,-5.120,0.226,0.226,0.252,0.252
1.835,-33.342,-5.119,0.237,0.237,0.261,0.261
1.834,-33.571,-5.151,0.230,0.230,0.279,0.279
1.833,-33.816,-5.185,0.241,0.241,0.273,0.273
1.831,-34.109,-5.246,0.226,0.226,0.275,0.275
1.830,-34.305,-5.290,0.240,0.240,0.299,0.299
1.833,-34.354,-5.178,0.235,0.235,0.272,0.272
1.835,-34.371,-5.104,0.238,0.238,0.264,0.264
1.835,-34.322,-5.127,0.227,0.227,0.275,0.275
1.834,-34.338,-5.165,0.244,0.244,0.267,0.267
1.833,-34.338,-5.190,0.218,0.218,0.266,0.266
1.832,-34.322,-5.219,0.240,0.240,0.267,0.267
1.833,-34.077,-5.203,0.221,0.221,0.279,0.279
1.832,-33.865,-5.217,0.233,0.233,0.261,0.261
1.831,-33.783,-5.245,0.215,0.215,0.255,0.255
1.831,-33.832,-5.253,0.237,0.237,0.255,0.255
1.830,-34.077,-5.277,0.217,0.217,0.255,0.255
1.828,-34.240,-5.351,0.233,0.233,0.255,0.255
1.827,-34.126,-5.375,0.220,0.220,0.247,0.247
1.830,-33.930,-5.279,0.232,0.232,0.264,0.264
1.832,-34.044,-5.208,0.212,0.212,0.253,0.253
1.832,-34.289,-5.219,0.240,0.240,0.253,0.253
1.830,-34.599,-5.276,0.215,0.215,0.250,0.250
1.830,-34.844,-5.286,0.240,0.240,0.252,0.252
1.829,-34.828,-5.324,0.223,0.223,0.253,0.253
1.828,-34.860,-5.357,0.240,0.240,0.252,0.252
1.829,-35.007,-5.340,0.224,0.224,0.258,0.258
1.829,-35.023,-5.333,0.233,0.233,0.249,0.249
1.828,-34.893,-5.363,0.224,0.224,0.249,0.249
1.826,-34.779,-5.444,0.240,0.240,0.253,0.253
1.825,-34.550,-5.465,0.226,0.226,0.261,0.261
1.825,-34.338,-5.467,0.240,0.240,0.255,0.255
1.827,-34.273,-5.388,0.230,0.230,0.255,0.255
1.828,-33.995,-5.361,0.241,0.241,0.267,0.267
1.827,-33.636,-5.387,0.227,0.227,0.259,0.259
1.827,-33.571,-5.397,0.235,0.235,0.252,0.252
1.825,-33.734,-5.468,0.235,0.235,0.258,0.258
1.825,-33.816,-5.447,0.226,0.226,0.253,0.253
1.826,-33.848,-5.443,0.240,0.240,0.252,0.252
1.825,-33.816,-5.477,0.215,0.215,0.256,0.256
1.824,-33.799,-5.482,0.223,0.223,0.270,0.270
1.825,-33.848,-5.475,0.206,0.206,0.243,0.243
1.822,-34.077,-5.564,0.217,0.217,0.223,0.223
1.821,-34.289,-5.589,0.195,0.195,0.227,0.227
1.821,-34.387,-5.614,0.212,0.212,0.224,0.224
1.819,-34.632,-5.655,0.197,0.197,0.229,0.229
1.824,-35.007,-5.500,0.218,0.218,0.226,0.226
1.824,-35.252,-5.480,0.203,0.203,0.237,0.237
1.823,-35.089,-5.544,0.214,0.214,0.230,0.230
1.822,-34.925,-5.567,0.211,0.211,0.240,0.240
1.821,-34.991,-5.584,0.227,0.227,0.237,0.237
1.820,-35.236,-5.642,0.203,0.203,0.233,0.233
1.820,-35.317,-5.627,0.226,0.226,0.240,0.240
1.819,-35.333,-5.674,0.220,0.220,0.243,0.243
1.819,-35.317,-5.659,0.230,0.230,0.243,0.243
1.820,-35.284,-5.651,0.215,0.215,0.241,0.241
1.817,-35.284,-5.752,0.240,0.240,0.244,0.244
1.816,-35.252,-5.774,0.217,0.217,0.250,0.250
1.815,-35.040,-5.795,0.238,0.238,0.249,0.249
1.818,-34.844,-5.704,0.224,0.224,0.252,0.252
1.819,-34.779,-5.665,0.232,0.232,0.247,0.247
1.817,-34.762,-5.725,0.226,0.226,0.241,0.241
1.817,-34.762,-5.734,0.214,0.214,0.249,0.249
1.817,-34.583,-5.753,0.230,0.230,0.255,0.255
1.816,-34.387,-5.789,0.221,0.221,0.252,0.252
1.816,-34.273,-5.782,0.224,0.224,0.253,0.253
1.815,-34.273,-5.826,0.223,0.223,0.247,0.247
1.815,-34.077,-5.815,0.235,0.235,0.249,0.249
1.814,-34.077,-5.832,0.217,0.217,0.259,0.259
1.812,-34.012,-5.918,0.223,0.223,0.250,0.250
1.810,-34.126,-5.968,0.212,0.212,0.249,0.249
1.810,-34.338,-5.980,0.221,0.221,0.247,0.247
1.813,-34.632,-5.880,0.200,0.200,0.247,0.247
1.812,-35.023,-5.896,0.227,0.227,0.241,0.241
1.813,-35.317,-5.888,0.209,0.209,0.244,0.244
1.811,-35.595,-5.949,0.215,0.215,0.238,0.238
1.811,-35.790,-5.956,0.211,0.211,0.247,0.247
1.811,-36.052,-5.949,0.223,0.223,0.249,0.249
1.810,-36.296,-5.994,0.206,0.206,0.246,0.246
1.810,-36.525,-5.987,0.221,0.221,0.246,0.246
1.809,-36.721,-6.024,0.217,0.217,0.252,0.252
1.808,-36.525,-6.044,0.233,0.233,0.252,0.252
1.807,-36.394,-6.096,0.220,0.220,0.241,0.241
1.805,-36.427,-6.165,0.252,0.252,0.267,0.267
1.804,-36.476,-6.217,0.227,0.227,0.282,0.282
1.806,-36.329,-6.124,0.253,0.253,0.269,0.269
1.808,-35.986,-6.041,0.230,0.230,0.259,0.259
1.807,-35.546,-6.088,0.252,0.252,0.258,0.258
1.806,-35.284,-6.115,0.226,0.226,0.262,0.262
1.804,-35.236,-6.185,0.246,0.246,0.247,0.247
1.804,-35.268,-6.188,0.221,0.221,0.261,0.261
1.804,-35.333,-6.193,0.243,0.243,0.273,0.273
1.804,-35.301,-6.208,0.218,0.218,0.258,0.258
1.803,-35.301,-6.226,0.249,0.249,0.253,0.253
1.803,-35.317,-6.226,0.226,0.226,0.252,0.252
1.801,-35.562,-6.287,0.233,0.233,0.250,0.250
1.800,-35.741,-6.354,0.227,0.227,0.256,0.256
1.798,-35.774,-6.425,0.237,0.237,0.252,0.252
1.798,-35.578,-6.416,0.218,0.218,0.252,0.252
1.801,-35.317,-6.296,0.237,0.237,0.249,0.249
1.801,-35.252,-6.304,0.223,0.223,0.247,0.247
1.799,-35.023,-6.358,0.232,0.232,0.270,0.270
1.798,-34.811,-6.415,0.218,0.218,0.246,0.246
1.798,-34.501,-6.405,0.244,0.244,0.238,0.238
1.796,-34.077,-6.462,0.227,0.227,0.255,0.255
1.797,-33.832,-6.454,0.230,0.230,0.250,0.250
1.795,-33.750,-6.508,0.233,0.233,0.252,0.252
1.796,-33.538,-6.479,0.224,0.224,0.253,0.253
1.794,-33.408,-6.538,0.230,0.230,0.255,0.255
1.792,-33.555,-6.600,0.224,0.224,0.253,0.253
1.790,-33.783,-6.677,0.230,0.230,0.256,0.256
1.790,-34.126,-6.684,0.233,0.233,0.252,0.252
1.792,-34.371,-6.612,0.233,0.233,0.253,0.253
1.794,-34.648,-6.554,0.233,0.233,0.253,0.253
1.793,-35.023,-6.590,0.241,0.241,0.258,0.258
1.791,-35.350,-6.659,0.226,0.226,0.249,0.249
1.791,-35.611,-6.663,0.240,0.240,0.255,0.255
1.790,-35.807,-6.697,0.227,0.227,0.252,0.252
1.790,-36.035,-6.683,0.238,0.238,0.246,0.246
1.789,-36.003,-6.712,0.211,0.211,0.246,0.246
1.789,-35.839,-6.705,0.232,0.232,0.229,0.229
1.787,-35.497,-6.775,0.209,0.209,0.246,0.246
1.784,-35.317,-6.883,0.214,0.214,0.223,0.223
1.783,-35.252,-6.921,0.212,0.212,0.227,0.227
1.781,-35.513,-7.002,0.217,0.217,0.237,0.237
1.786,-35.790,-6.829,0.198,0.198,0.227,0.227
1.786,-36.117,-6.818,0.214,0.214,0.224,0.224
1.786,-36.492,-6.831,0.209,0.209,0.227,0.227
1.786,-36.786,-6.837,0.220,0.220,0.229,0.229
1.783,-36.851,-6.943,0.212,0.212,0.232,0.232
1.782,-37.014,-6.962,0.224,0.224,0.237,0.237
1.782,-37.243,-6.968,0.218,0.218,0.233,0.233
1.780,-37.537,-7.036,0.232,0.232,0.235,0.235
1.781,-37.765,-7.025,0.212,0.212,0.238,0.238
1.780,-38.059,-7.037,0.238,0.238,0.243,0.243
1.778,-38.222,-7.122,0.224,0.224,0.246,0.246
1.776,-38.255,-7.215,0.229,0.229,0.237,0.237
1.773,-37.961,-7.307,0.220,0.220,0.246,0.246
1.775,-37.504,-7.253,0.226,0.226,0.247,0.247
1.778,-36.998,-7.123,0.220,0.220,0.249,0.249
1.778,-36.688,-7.109,0.221,0.221,0.246,0.246
1.777,-36.427,-7.145,0.237,0.237,0.273,0.273
1.776,-36.280,-7.208,0.221,0.221,0.247,0.247
1.774,-36.247,-7.272,0.227,0.227,0.240,0.240
1.773,-36.313,-7.302,0.215,0.215,0.252,0.252
1.773,-36.541,-7.316,0.226,0.226,0.256,0.256
1.772,-37.014,-7.352,0.212,0.212,0.250,0.250
1.772,-37.488,-7.361,0.220,0.220,0.241,0.241
1.770,-37.781,-7.423,0.212,0.212,0.255,0.255
1.766,-37.798,-7.555,0.224,0.224,0.246,0.246
1.764,-37.765,-7.638,0.209,0.209,0.249,0.249
1.766,-37.700,-7.586,0.227,0.227,0.246,0.246
1.770,-37.520,-7.432,0.214,0.214,0.247,0.247
1.769,-37.292,-7.440,0.220,0.220,0.240,0.240
1.769,-37.178,-7.453,0.209,0.209,0.243,0.243
1.767,-36.982,-7.528,0.221,0.221,0.241,0.241
1.764,-36.721,-7.645,0.208,0.208,0.241,0.241
1.765,-36.427,-7.614,0.221,0.221,0.246,0.246
1.762,-35.986,-7.702,0.218,0.218,0.247,0.247
1.762,-35.513,-7.704,0.238,0.238,0.246,0.246
1.763,-35.284,-7.677,0.212,0.212,0.255,0.255
1.762,-35.301,-7.723,0.252,0.252,0.252,0.252
1.760,-35.839,-7.783,0.226,0.226,0.247,0.247
1.756,-36.753,-7.920,0.246,0.246,0.266,0.266
1.757,-37.471,-7.911,0.233,0.233,0.276,0.276
1.756,-37.602,-7.945,0.253,0.253,0.270,0.270
1.760,-37.422,-7.799,0.229,0.229,0.266,0.266
1.760,-37.259,-7.797,0.246,0.246,0.273,0.273
1.758,-37.227,-7.862,0.230,0.230,0.270,0.270
1.756,-37.259,-7.920,0.240,0.240,0.255,0.255
1.755,-37.259,-7.969,0.224,0.224,0.259,0.259
1.754,-37.308,-7.998,0.250,0.250,0.270,0.270
1.754,-37.243,-8.017,0.221,0.221,0.264,0.264
1.752,-37.243,-8.070,0.240,0.240,0.259,0.259
1.752,-37.276,-8.084,0.226,0.226,0.290,0.290
1.752,-36.965,-8.066,0.233,0.233,0.261,0.261
1.749,-36.541,-8.197,0.226,0.226,0.249,0.249
1.747,-36.035,-8.276,0.243,0.243,0.249,0.249
1.746,-35.709,-8.308,0.229,0.229,0.250,0.250
1.749,-35.431,-8.196,0.233,0.233,0.249,0.249
1.751,-35.072,-8.126,0.221,0.221,0.253,0.253
1.748,-34.893,-8.213,0.230,0.230,0.250,0.250
1.748,-35.284,-8.242,0.224,0.224,0.250,0.250
1.745,-36.035,-8.326,0.227,0.227,0.256,0.256
1.745,-36.835,-8.325,0.230,0.230,0.249,0.249
1.744,-37.553,-8.376,0.226,0.226,0.247,0.247
1.743,-38.092,-8.421,0.230,0.230,0.249,0.249
1.742,-38.255,-8.433,0.226,0.226,0.249,0.249
1.741,-38.059,-8.497,0.241,0.241,0.244,0.244
1.739,-37.847,-8.558,0.226,0.226,0.253,0.253
1.736,-37.961,-8.670,0.230,0.230,0.256,0.256
1.735,-38.157,-8.728,0.227,0.227,0.253,0.253
1.735,-38.287,-8.714,0.235,0.235,0.247,0.247
1.739,-38.287,-8.576,0.218,0.218,0.246,0.246
1.738,-38.222,-8.578,0.238,0.238,0.252,0.252
1.737,-37.977,-8.647,0.227,0.227,0.246,0.246
1.734,-37.569,-8.741,0.241,0.241,0.255,0.255
1.733,-37.243,-8.780,0.230,0.230,0.255,0.255
1.733,-37.227,-8.796,0.237,0.237,0.247,0.247
1.731,-37.178,-8.849,0.218,0.218,0.246,0.246
1.732,-36.998,-8.837,0.227,0.227,0.227,0.227
1.731,-36.753,-8.871,0.215,0.215,0.243,0.243
1.729,-36.492,-8.939,0.217,0.217,0.224,0.224
1.725,-36.280,-9.070,0.209,0.209,0.226,0.226
1.723,-36.198,-9.139,0.215,0.215,0.230,0.230
1.725,-36.003,-9.078,0.201,0.201,0.230,0.230
1.727,-35.856,-9.004,0.229,0.229,0.230,0.230
1.728,-36.035,-8.965,0.203,0.203,0.249,0.249
1.725,-36.411,-9.076,0.230,0.230,0.223,0.223
1.725,-36.541,-9.089,0.215,0.215,0.227,0.227
1.723,-36.606,-9.151,0.227,0.227,0.238,0.238
1.721,-36.770,-9.216,0.208,0.208,0.233,0.233
1.720,-37.047,-9.249,0.230,0.230,0.230,0.230
1.720,-37.471,-9.254,0.217,0.217,0.240,0.240
1.720,-37.781,-9.266,0.226,0.226,0.224,0.224
1.719,-38.026,-9.305,0.223,0.223,0.246,0.246
1.715,-37.994,-9.439,0.224,0.224,0.249,0.249
1.713,-37.814,-9.520,0.233,0.233,0.246,0.246
1.711,-37.504,-9.597,0.215,0.215,0.240,0.240
1.717,-37.422,-9.391,0.229,0.229,0.244,0.244
1.716,-37.406,-9.421,0.215,0.215,0.252,0.252
1.713,-37.161,-9.515,0.223,0.223,0.235,0.235
1.713,-37.161,-9.542,0.212,0.212,0.241,0.241
1.710,-36.965,-9.635,0.224,0.224,0.244,0.244
1.710,-36.672,-9.623,0.215,0.215,0.249,0.249
1.710,-36.623,-9.644,0.218,0.218,0.247,0.247
1.708,-36.525,-9.707,0.218,0.218,0.264,0.264
1.708,-36.606,-9.703,0.226,0.226,0.249,0.249
1.707,-36.737,-9.763,0.204,0.204,0.238,0.238
1.703,-37.080,-9.886,0.218,0.218,0.249,0.249
1.702,-37.569,-9.946,0.204,0.204,0.246,0.246
1.701,-38.010,-9.981,0.218,0.218,0.246,0.246
1.703,-38.287,-9.895,0.206,0.206,0.247,0.247
1.705,-38.304,-9.838,0.224,0.224,0.238,0.238
1.703,-38.287,-9.900,0.203,0.203,0.246,0.246
1.701,-38.304,-9.988,0.220,0.220,0.249,0.249
1.698,-38.875,-10.072,0.203,0.203,0.240,0.240
1.698,-39.609,-10.085,0.229,0.229,0.243,0.243
1.696,-40.180,-10.159,0.208,0.208,0.230,0.230
1.696,-40.083,-10.176,0.235,0.235,0.244,0.244
1.695,-39.740,-10.227,0.217,0.217,0.258,0.258
1.695,-39.332,-10.219,0.243,0.243,0.252,0.252
1.693,-38.956,-10.292,0.221,0.221,0.272,0.272
1.690,-38.663,-10.405,0.253,0.253,0.269,0.269
1.689,-38.124,-10.451,0.238,0.238,0.270,0.270
1.687,-37.243,-10.518,0.249,0.249,0.266,0.266
1.690,-36.427,-10.397,0.243,0.243,0.267,0.267
1.691,-35.350,-10.382,0.244,0.244,0.273,0.273
1.689,-34.207,-10.428,0.224,0.224,0.267,0.267
1.687,-32.967,-10.499,0.244,0.244,0.261,0.261
1.685,-31.759,-10.570,0.227,0.227,0.261,0.261
1.685,-30.682,-10.575,0.240,0.240,0.267,0.267
1.684,-29.638,-10.610,0.230,0.230,0.243,0.243
1.683,-28.218,-10.644,0.247,0.247,0.255,0.255
1.682,-26.619,-10.652,0.221,0.221,0.264,0.264
1.681,-25.052,-10.697,0.229,0.229,0.259,0.259
1.678,-23.795,-10.754,0.230,0.230,0.252,0.252
1.674,-22.832,-10.843,0.232,0.232,0.273,0.273
1.675,-22.098,-10.821,0.223,0.223,0.252,0.252
1.677,-21.331,-10.776,0.240,0.240,0.243,0.243
1.679,-20.156,-10.753,0.226,0.226,0.250,0.250
1.677,-18.736,-10.787,0.223,0.223,0.250,0.250
1.675,-17.479,-10.815,0.230,0.230,0.247,0.247
1.674,-16.729,-10.843,0.220,0.220,0.249,0.249
1.673,-16.500,-10.857,0.233,0.233,0.238,0.238
1.672,-16.451,-10.872,0.221,0.221,0.249,0.249
1.671,-16.255,-10.881,0.237,0.237,0.249,0.249
1.670,-15.505,-10.904,0.224,0.224,0.246,0.246
1.667,-14.281,-10.946,0.224,0.224,0.246,0.246
1.665,-12.730,-10.975,0.224,0.224,0.249,0.249
1.662,-11.310,-11.016,0.233,0.233,0.249,0.249
1.663,-10.315,-10.998,0.230,0.230,0.244,0.244
1.666,-9.727,-10.972,0.238,0.238,0.249,0.249
1.665,-9.091,-10.978,0.227,0.227,0.247,0.247
1.664,-8.177,-10.989,0.243,0.243,0.247,0.247
1.663,-7.410,-10.997,0.214,0.214,0.249,0.249
1.661,-6.610,-11.012,0.246,0.246,0.227,0.227
1.660,-5.974,-11.016,0.227,0.227,0.247,0.247
1.658,-5.713,-11.027,0.240,0.240,0.252,0.252
1.658,-5.876,-11.029,0.224,0.224,0.249,0.249
1.658,-5.941,-11.028,0.237,0.237,0.240,0.240
1.657,-5.778,-11.035,0.211,0.211,0.237,0.237
1.654,-5.468,-11.049,0.229,0.229,0.220,0.220
1.651,-4.995,-11.067,0.206,0.206,0.243,0.243
1.650,-4.456,-11.071,0.224,0.224,0.226,0.226
1.650,-3.983,-11.070,0.206,0.206,0.218,0.218
1.654,-3.738,-11.057,0.223,0.223,0.227,0.227
1.653,-3.722,-11.061,0.208,0.208,0.230,0.230
1.650,-3.771,-11.069,0.221,0.221,0.224,0.224
1.650,-3.787,-11.072,0.204,0.204,0.229,0.229
1.647,-3.754,-11.081,0.227,0.227,0.244,0.244
1.646,-3.542,-11.086,0.220,0.220,0.232,0.232
1.646,-3.526,-11.087,0.220,0.220,0.241,0.241
1.645,-3.428,-11.090,0.215,0.215,0.241,0.241
1.644,-3.330,-11.093,0.218,0.218,0.241,0.241
1.642,-3.297,-11.099,0.227,0.227,0.243,0.243
1.639,-3.493,-11.110,0.215,0.215,0.235,0.235
1.636,-3.722,-11.121,0.230,0.230,0.230,0.230
1.640,-3.820,-11.103,0.215,0.215,0.243,0.243
1.642,-3.771,-11.097,0.226,0.226,0.250,0.250
1.640,-3.542,-11.104,0.217,0.217,0.244,0.244
1.638,-3.297,-11.111,0.227,0.227,0.241,0.241
1.637,-3.004,-11.115,0.214,0.214,0.244,0.244
1.636,-2.808,-11.119,0.218,0.218,0.243,0.243
1.635,-2.775,-11.120,0.209,0.209,0.224,0.224
1.634,-2.824,-11.123,0.224,0.224,0.246,0.246
1.633,-3.052,-11.126,0.212,0.212,0.249,0.249
1.632,-3.281,-11.129,0.226,0.226,0.243,0.243
1.630,-3.281,-11.136,0.209,0.209,0.246,0.246
1.626,-3.069,-11.149,0.233,0.233,0.229,0.229
1.626,-2.824,-11.148,0.209,0.209,0.243,0.243
1.625,-2.759,-11.152,0.235,0.235,0.244,0.244
1.628,-2.808,-11.144,0.208,0.208,0.240,0.240
1.628,-3.069,-11.143,0.215,0.215,0.238,0.238
1.627,-3.232,-11.145,0.209,0.209,0.243,0.243
1.625,-3.330,-11.152,0.227,0.227,0.243,0.243
1.623,-3.330,-11.158,0.208,0.208,0.240,0.240
1.623,-3.558,-11.159,0.223,0.223,0.246,0.246
1.622,-3.705,-11.164,0.218,0.218,0.252,0.252
1.621,-3.803,-11.167,0.232,0.232,0.247,0.247
1.620,-3.803,-11.170,0.221,0.221,0.247,0.247
1.618,-3.803,-11.180,0.246,0.246,0.261,0.261
1.616,-3.722,-11.186,0.235,0.235,0.270,0.270
1.613,-3.477,-11.197,0.243,0.243,0.298,0.298
1.612,-3.052,-11.200,0.240,0.240,0.275,0.275
1.614,-2.563,-11.193,0.244,0.244,0.259,0.259
1.615,-2.302,-11.192,0.238,0.238,0.262,0.262
1.614,-2.171,-11.194,0.249,0.249,0.266,0.266
1.613,-2.041,-11.195,0.238,0.238,0.264,0.264
1.611,-2.073,-11.201,0.232,0.232,0.264,0.264
1.610,-2.008,-11.203,0.227,0.227,0.273,0.273
1.608,-1.877,-11.205,0.233,0.233,0.264,0.264
1.609,-2.024,-11.204,0.226,0.226,0.264,0.264
1.608,-2.188,-11.206,0.221,0.221,0.255,0.255
1.606,-2.073,-11.210,0.235,0.235,0.258,0.258
1.606,-1.796,-11.211,0.227,0.227,0.252,0.252
1.602,-1.518,-11.218,0.232,0.232,0.252,0.252
1.599,-1.290,-11.221,0.220,0.220,0.247,0.247
1.601,-1.225,-11.219,0.233,0.233,0.250,0.250
1.604,-1.012,-11.216,0.218,0.218,0.252,0.252
1.602,-0.849,-11.217,0.229,0.229,0.250,0.250
1.600,-0.800,-11.219,0.218,0.218,0.247,0.247
1.598,-0.768,-11.220,0.230,0.230,0.240,0.240
1.597,-0.768,-11.221,0.208,0.208,0.246,0.246
1.597,-0.539,-11.222,0.237,0.237,0.227,0.227
1.595,-0.360,-11.222,0.220,0.220,0.246,0.246
1.594,-0.164,-11.222,0.235,0.235,0.249,0.249
1.595,0.081,-11.222,0.224,0.224,0.246,0.246
1.591,0.195,-11.222,0.237,0.237,0.244,0.244
1.588,0.212,-11.221,0.221,0.221,0.249,0.249
1.587,0.163,-11.221,0.227,0.227,0.252,0.252
1.590,0.146,-11.222,0.223,0.223,0.244,0.244
1.591,0.097,-11.222,0.243,0.243,0.249,0.249
1.590,0.163,-11.222,0.230,0.230,0.253,0.253
1.589,0.342,-11.221,0.250,0.250,0.252,0.252
1.587,0.424,-11.221,0.229,0.229,0.250,0.250
1.586,0.489,-11.220,0.255,0.255,0.229,0.229
1.584,0.652,-11.219,0.221,0.221,0.244,0.244
1.584,0.897,-11.219,0.249,0.249,0.255,0.255
1.583,1.125,-11.217,0.226,0.226,0.250,0.250
1.582,1.125,-11.217,0.229,0.229,0.243,0.243
1.580,0.946,-11.215,0.218,0.218,0.243,0.243
1.576,0.913,-11.211,0.215,0.215,0.229,0.229
1.574,1.044,-11.209,0.209,0.209,0.256,0.256
1.577,1.174,-11.212,0.208,0.208,0.224,0.224
1.580,1.419,-11.216,0.221,0.221,0.220,0.220
1.579,1.582,-11.215,0.204,0.204,0.229,0.229
1.577,1.631,-11.211,0.212,0.212,0.229,0.229
1.575,1.436,-11.208,0.200,0.200,0.230,0.230
1.573,1.403,-11.206,0.226,0.226,0.232,0.232
1.572,1.272,-11.204,0.206,0.206,0.221,0.221
1.572,1.174,-11.204,0.218,0.218,0.221,0.221
1.570,1.109,-11.202,0.209,0.209,0.246,0.246
1.570,1.109,-11.202,0.229,0.229,0.237,0.237
1.569,1.109,-11.201,0.209,0.209,0.233,0.233
1.565,1.076,-11.197,0.226,0.226,0.232,0.232
1.563,0.897,-11.195,0.221,0.221,0.240,0.240
1.563,0.685,-11.194,0.235,0.235,0.233,0.233
1.566,0.620,-11.196,0.223,0.223,0.247,0.247
1.565,0.620,-11.196,0.244,0.244,0.244,0.244
1.563,0.620,-11.195,0.223,0.223,0.246,0.246
1.562,0.636,-11.194,0.230,0.230,0.240,0.240
1.561,0.652,-11.193,0.212,0.212,0.240,0.240
1.561,0.620,-11.193,0.230,0.230,0.249,0.249
1.559,0.652,-11.192,0.223,0.223,0.246,0.246
1.559,0.881,-11.192,0.223,0.223,0.241,0.241
1.557,1.076,-11.190,0.209,0.209,0.243,0.243
1.556,1.158,-11.189,0.223,0.223,0.255,0.255
1.553,1.109,-11.186,0.221,0.221,0.249,0.249
1.552,0.881,-11.184,0.211,0.211,0.258,0.258
1.551,0.652,-11.184,0.226,0.226,0.249,0.249
1.553,0.358,-11.185,0.212,0.212,0.240,0.240
1.554,0.179,-11.185,0.209,0.209,0.246,0.246
1.552,-0.033,-11.185,0.204,0.204,0.246,0.246
1.550,-0.213,-11.185,0.212,0.212,0.246,0.246
1.549,-0.196,-11.185,0.206,0.206,0.247,0.247
1.547,-0.001,-11.186,0.218,0.218,0.252,0.252
1.546,0.179,-11.185,0.206,0.206,0.250,0.250
1.546,0.065,-11.185,0.224,0.224,0.253,0.253
1.546,-0.099,-11.185,0.208,0.208,0.250,0.250
1.545,0.016,-11.185,0.241,0.241,0.243,0.243
1.543,0.114,-11.185,0.221,0.221,0.250,0.250
1.540,0.212,-11.185,0.238,0.238,0.270,0.270
1.538,0.016,-11.185,0.227,0.227,0.256,0.256
1.539,-0.229,-11.185,0.252,0.252,0.276,0.276
1.541,-0.604,-11.184,0.223,0.223,0.282,0.282
1.540,-0.800,-11.185,0.247,0.247,0.272,0.272
1.539,-0.882,-11.186,0.238,0.238,0.267,0.267
1.537,-0.849,-11.187,0.247,0.247,0.273,0.273
1.535,-0.817,-11.189,0.223,0.223,0.261,0.261
1.534,-0.817,-11.189,0.247,0.247,0.253,0.253
1.533,-0.866,-11.190,0.223,0.223,0.270,0.270
1.533,-1.045,-11.191,0.237,0.237,0.262,0.262
1.532,-1.306,-11.192,0.224,0.224,0.266,0.266
1.530,-1.323,-11.193,0.232,0.232,0.255,0.255
1.528,-1.388,-11.197,0.227,0.227,0.249,0.249
1.527,-1.567,-11.199,0.232,0.232,0.252,0.252
1.526,-1.763,-11.200,0.229,0.229,0.256,0.256
1.529,-1.828,-11.195,0.230,0.230,0.250,0.250
1.528,-1.828,-11.196,0.221,0.221,0.252,0.252
1.526,-1.812,-11.200,0.230,0.230,0.249,0.249
1.525,-1.812,-11.202,0.230,0.230,0.256,0.256
1.523,-1.763,-11.205,0.218,0.218,0.233,0.233
1.523,-1.584,-11.206,0.227,0.227,0.246,0.246
1.522,-1.600,-11.207,0.215,0.215,0.253,0.253
1.521,-1.731,-11.208,0.235,0.235,0.244,0.244
1.519,-1.796,-11.211,0.214,0.214,0.244,0.244
1.518,-1.828,-11.215,0.240,0.240,0.246,0.246
1.515,-1.780,-11.220,0.215,0.215,0.250,0.250
1.514,-1.535,-11.221,0.235,0.235,0.246,0.246
1.513,-1.094,-11.223,0.221,0.221,0.232,0.232
1.516,-0.849,-11.219,0.244,0.244,0.243,0.243
1.515,-0.751,-11.220,0.226,0.226,0.249,0.249
1.515,-0.751,-11.220,0.238,0.238,0.252,0.252
1.513,-0.572,-11.222,0.224,0.224,0.262,0.262
1.511,-0.343,-11.222,0.244,0.244,0.247,0.247
1.510,-0.262,-11.223,0.227,0.227,0.249,0.249
1.510,-0.262,-11.223,0.246,0.246,0.246,0.246
1.509,-0.294,-11.223,0.233,0.233,0.249,0.249
1.508,-0.360,-11.224,0.238,0.238,0.244,0.244
1.507,-0.523,-11.224,0.214,0.214,0.246,0.246
1.504,-0.490,-11.225,0.226,0.226,0.238,0.238
1.502,-0.392,-11.226,0.208,0.208,0.230,0.230
1.500,-0.311,-11.227,0.214,0.214,0.240,0.240
1.502,-0.262,-11.226,0.209,0.209,0.223,0.223
1.502,-0.343,-11.226,0.206,0.206,0.220,0.220
1.502,-0.604,-11.226,0.212,0.212,0.233,0.233
1.500,-1.029,-11.228,0.204,0.204,0.227,0.227
1.499,-1.290,-11.230,0.217,0.217,0.221,0.221
1.499,-1.372,-11.230,0.209,0.209,0.229,0.229
1.498,-1.306,-11.231,0.221,0.221,0.235,0.235
1.496,-0.980,-11.233,0.201,0.201,0.227,0.227
1.496,-0.490,-11.233,0.226,0.226,0.237,0.237
1.494,-0.001,-11.234,0.208,0.208,0.249,0.249
1.493,0.228,-11.234,0.224,0.224,0.240,0.240
1.490,0.244,-11.233,0.206,0.206,0.243,0.243
1.488,0.391,-11.232,0.230,0.230,0.241,0.241
1.490,0.571,-11.233,0.215,0.215,0.247,0.247
1.491,0.636,-11.234,0.237,0.237,0.240,0.240
1.490,0.701,-11.233,0.215,0.215,0.238,0.238
1.490,0.848,-11.233,0.237,0.237,0.224,0.224
1.488,1.093,-11.231,0.214,0.214,0.252,0.252
1.485,1.142,-11.228,0.226,0.226,0.258,0.258
1.485,1.076,-11.228,0.214,0.214,0.252,0.252
1.483,0.881,-11.226,0.227,0.227,0.249,0.249
1.483,0.668,-11.226,0.209,0.209,0.237,0.237
1.483,0.554,-11.226,0.227,0.227,0.249,0.249
1.481,0.375,-11.225,0.220,0.220,0.255,0.255
1.478,0.195,-11.224,0.214,0.214,0.249,0.249
1.476,0.146,-11.224,0.224,0.224,0.247,0.247
1.476,0.424,-11.224,0.214,0.214,0.246,0.246
1.479,0.881,-11.226,0.224,0.224,0.252,0.252
1.478,1.370,-11.224,0.198,0.198,0.267,0.267
1.477,1.615,-11.224,0.221,0.221,0.244,0.244
1.475,1.713,-11.220,0.203,0.203,0.230,0.230
1.474,1.844,-11.218,0.209,0.209,0.249,0.249
1.473,2.088,-11.215,0.201,0.201,0.247,0.247
1.472,2.170,-11.214,0.223,0.223,0.247,0.247
1.471,2.382,-11.211,0.212,0.212,0.250,0.250
1.470,2.594,-11.208,0.221,0.221,0.243,0.243
1.469,2.888,-11.205,0.215,0.215,0.252,0.252
1.466,3.051,-11.198,0.238,0.238,0.255,0.255
1.465,3.116,-11.194,0.217,0.217,0.269,0.269
1.463,3.084,-11.187,0.250,0.250,0.266,0.266
1.466,3.100,-11.196,0.229,0.229,0.262,0.262
1.466,3.100,-11.198,0.246,0.246,0.275,0.275
1.466,3.329,-11.197,0.224,0.224,0.267,0.267
1.464,3.557,-11.190,0.253,0.253,0.267,0.267
1.462,3.573,-11.184,0.218,0.218,0.270,0.270
1.460,3.361,-11.178,0.241,0.241,0.261,0.261
1.460,3.133,-11.175,0.224,0.224,0.261,0.261
1.459,3.068,-11.172,0.237,0.237,0.295,0.295
1.458,3.312,-11.170,0.223,0.223,0.267,0.267
1.456,3.508,-11.165,0.235,0.235,0.250,0.250
1.456,3.606,-11.162,0.223,0.223,0.261,0.261
1.453,3.639,-11.153,0.227,0.227,0.259,0.259
1.450,3.818,-11.143,0.218,0.218,0.253,0.253
1.450,4.047,-11.140,0.227,0.227,0.252,0.252
1.450,4.145,-11.143,0.230,0.230,0.238,0.238
1.454,4.340,-11.159,0.215,0.215,0.252,0.252
1.452,4.536,-11.149,0.232,0.232,0.264,0.264
1.450,4.569,-11.142,0.217,0.217,0.258,0.258
1.449,4.569,-11.134,0.220,0.220,0.252,0.252
1.448,4.569,-11.130,0.218,0.218,0.246,0.246
1.446,4.569,-11.122,0.227,0.227,0.249,0.249
1.446,4.602,-11.121,0.212,0.212,0.244,0.244
1.444,4.781,-11.114,0.224,0.224,0.252,0.252
1.443,4.765,-11.109,0.215,0.215,0.247,0.247
1.440,4.651,-11.096,0.243,0.243,0.250,0.250
1.439,4.536,-11.088,0.217,0.217,0.249,0.249
1.437,4.553,-11.081,0.240,0.240,0.243,0.243
1.440,4.536,-11.093,0.221,0.221,0.249,0.249
1.441,4.602,-11.097,0.238,0.238,0.253,0.253
1.439,4.863,-11.089,0.217,0.217,0.255,0.255
1.437,4.977,-11.077,0.243,0.243,0.250,0.250
1.436,5.124,-11.075,0.227,0.227,0.259,0.259
1.435,5.091,-11.070,0.237,0.237,0.255,0.255
1.434,5.303,-11.065,0.224,0.224,0.273,0.273
1.434,5.516,-11.063,0.241,0.241,0.246,0.246
1.432,5.516,-11.054,0.217,0.217,0.244,0.244
1.432,5.303,-11.052,0.240,0.240,0.247,0.247
1.430,5.091,-11.041,0.214,0.214,0.246,0.246
1.427,5.026,-11.029,0.221,0.221,0.227,0.227
1.425,5.254,-11.018,0.198,0.198,0.229,0.229
1.425,5.499,-11.019,0.215,0.215,0.211,0.211
1.428,5.564,-11.034,0.209,0.209,0.233,0.233
1.426,5.613,-11.025,0.212,0.212,0.243,0.243
1.425,5.744,-11.015,0.212,0.212,0.232,0.232
1.424,5.744,-11.010,0.211,0.211,0.227,0.227
1.423,5.613,-11.003,0.221,0.221,0.229,0.229
1.421,5.499,-10.997,0.204,0.204,0.241,0.241
1.420,5.516,-10.991,0.224,0.224,0.232,0.232
1.419,5.483,-10.984,0.201,0.201,0.240,0.240
1.420,5.320,-10.987,0.224,0.224,0.238,0.238
1.418,5.352,-10.980,0.200,0.200,0.240,0.240
1.416,5.483,-10.964,0.230,0.230,0.244,0.244
1.414,5.564,-10.955,0.212,0.212,0.264,0.264
1.412,5.564,-10.944,0.224,0.224,0.249,0.249
1.414,5.564,-10.957,0.214,0.214,0.249,0.249
1.416,5.516,-10.969,0.229,0.229,0.244,0.244
1.414,5.548,-10.955,0.215,0.215,0.249,0.249
1.411,5.548,-10.942,0.227,0.227,0.246,0.246
1.411,5.516,-10.940,0.212,0.212,0.246,0.246
1.409,5.532,-10.928,0.227,0.227,0.226,0.226
1.408,5.516,-10.924,0.214,0.214,0.246,0.246
1.407,5.581,-10.920,0.227,0.227,0.255,0.255
1.407,5.809,-10.917,0.211,0.211,0.253,0.253
1.406,5.972,-10.910,0.235,0.235,0.246,0.246
1.403,6.103,-10.892,0.206,0.206,0.233,0.233
1.401,6.021,-10.880,0.237,0.237,0.241,0.241
1.400,5.793,-10.876,0.214,0.214,0.252,0.252
1.401,5.548,-10.882,0.224,0.224,0.249,0.249
1.404,5.222,-10.898,0.200,0.200,0.249,0.249
1.402,4.830,-10.886,0.223,0.223,0.249,0.249
1.400,4.569,-10.879,0.209,0.209,0.252,0.252
1.399,4.585,-10.873,0.218,0.218,0.261,0.261
1.398,4.781,-10.866,0.215,0.215,0.249,0.249
1.397,5.026,-10.865,0.215,0.215,0.240,0.240
1.396,5.091,-10.860,0.217,0.217,0.252,0.252
1.395,5.026,-10.854,0.221,0.221,0.250,0.250
1.395,4.797,-10.851,0.227,0.227,0.259,0.259
1.392,4.569,-10.838,0.218,0.218,0.259,0.259
1.387,4.569,-10.818,0.240,0.240,0.255,0.255
1.385,4.797,-10.808,0.227,0.227,0.270,0.270
1.389,5.026,-10.825,0.237,0.237,0.281,0.281
1.390,5.401,-10.831,0.240,0.240,0.276,0.276
1.391,5.760,-10.839,0.243,0.243,0.270,0.270
1.389,6.038,-10.825,0.230,0.230,0.262,0.262
1.387,6.103,-10.814,0.233,0.233,0.269,0.269
1.385,6.005,-10.803,0.221,0.221,0.258,0.258
1.385,5.793,-10.800,0.233,0.233,0.269,0.269
1.383,5.581,-10.792,0.214,0.214,0.276,0.276
1.383,5.483,-10.793,0.230,0.230,0.264,0.264
1.381,5.254,-10.781,0.217,0.217,0.259,0.259
1.381,5.059,-10.777,0.226,0.226,0.284,0.284
1.377,4.781,-10.761,0.214,0.214,0.259,0.259
1.374,4.569,-10.748,0.233,0.233,0.247,0.247
1.374,4.536,-10.748,0.209,0.209,0.261,0.261
1.376,4.585,-10.757,0.230,0.230,0.247,0.247
1.379,4.814,-10.767,0.214,0.214,0.250,0.250
1.376,4.961,-10.754,0.226,0.226,0.250,0.250
1.374,4.830,-10.746,0.203,0.203,0.237,0.237
1.373,4.618,-10.740,0.237,0.237,0.252,0.252
1.371,4.569,-10.733,0.214,0.214,0.267,0.267
1.372,4.520,-10.736,0.230,0.230,0.249,0.249
1.371,4.618,-10.730,0.221,0.221,0.246,0.246
1.370,4.863,-10.725,0.235,0.235,0.240,0.240
1.368,5.254,-10.717,0.217,0.217,0.249,0.249
1.365,5.581,-10.699,0.237,0.237,0.253,0.253
1.362,5.875,-10.685,0.224,0.224,0.256,0.256
1.362,6.070,-10.682,0.229,0.229,0.253,0.253
1.365,6.038,-10.703,0.220,0.220,0.258,0.258
1.366,5.826,-10.705,0.247,0.247,0.252,0.252
1.364,5.564,-10.696,0.227,0.227,0.267,0.267
1.362,5.499,-10.685,0.249,0.249,0.252,0.252
1.361,5.499,-10.679,0.233,0.233,0.244,0.244
1.359,5.271,-10.668,0.244,0.244,0.255,0.255
1.358,5.091,-10.663,0.232,0.232,0.255,0.255
1.358,5.026,-10.661,0.227,0.227,0.250,0.250
1.356,5.026,-10.654,0.226,0.226,0.255,0.255
1.357,5.010,-10.656,0.224,0.224,0.247,0.247
1.354,4.797,-10.641,0.212,0.212,0.247,0.247
1.352,4.569,-10.632,0.211,0.211,0.240,0.240
1.350,4.292,-10.623,0.214,0.214,0.232,0.232
1.349,4.112,-10.620,0.203,0.203,0.226,0.226
1.354,3.998,-10.639,0.209,0.209,0.217,0.217
1.352,3.818,-10.634,0.201,0.201,0.240,0.240
1.352,3.851,-10.633,0.209,0.209,0.218,0.218
1.349,4.014,-10.621,0.189,0.189,0.230,0.230
1.347,4.145,-10.613,0.214,0.214,0.238,0.238
1.347,4.324,-10.611,0.201,0.201,0.240,0.240
1.345,4.585,-10.604,0.223,0.223,0.226,0.226
1.344,4.830,-10.600,0.204,0.204,0.256,0.256
1.344,5.026,-10.597,0.230,0.230,0.240,0.240
1.342,5.075,-10.590,0.214,0.214,0.237,0.237
1.340,5.042,-10.579,0.226,0.226,0.241,0.241
1.337,4.797,-10.563,0.208,0.208,0.246,0.246
1.338,4.536,-10.567,0.232,0.232,0.241,0.241
1.341,4.275,-10.581,0.214,0.214,0.244,0.244
1.340,4.079,-10.579,0.227,0.227,0.250,0.250
1.340,4.047,-10.578,0.223,0.223,0.258,0.258
1.338,4.292,-10.568,0.230,0.230,0.258,0.258
1.336,4.226,-10.561,0.221,0.221,0.247,0.247
1.335,3.900,-10.556,0.237,0.237,0.247,0.247
1.333,3.622,-10.550,0.220,0.220,0.253,0.253
1.333,3.541,-10.548,0.229,0.229,0.250,0.250
1.332,3.786,-10.545,0.211,0.211,0.246,0.246
1.331,4.047,-10.540,0.224,0.224,0.252,0.252
1.328,4.128,-10.529,0.211,0.211,0.253,0.253
1.325,4.112,-10.517,0.217,0.217,0.249,0.249
1.324,4.063,-10.512,0.220,0.220,0.250,0.250
1.328,4.096,-10.527,0.214,0.214,0.233,0.233
1.327,4.308,-10.527,0.223,0.223,0.246,0.246
1.328,4.536,-10.528,0.214,0.214,0.250,0.250
1.326,4.602,-10.519,0.215,0.215,0.250,0.250
1.324,4.602,-10.510,0.204,0.204,0.250,0.250
1.323,4.569,-10.505,0.209,0.209,0.250,0.250
1.321,4.553,-10.499,0.211,0.211,0.247,0.247
1.321,4.569,-10.498,0.220,0.220,0.252,0.252
1.319,4.553,-10.489,0.212,0.212,0.249,0.249
1.319,4.569,-10.489,0.226,0.226,0.252,0.252
1.316,4.569,-10.477,0.232,0.232,0.258,0.258
1.314,4.585,-10.466,0.233,0.233,0.273,0.273
1.312,4.504,-10.454,0.224,0.224,0.270,0.270
1.315,3.998,-10.467,0.238,0.238,0.272,0.272
1.315,3.394,-10.467,0.224,0.224,0.276,0.276
1.315,3.068,-10.468,0.233,0.233,0.269,0.269
1.313,3.068,-10.462,0.223,0.223,0.273,0.273
1.311,3.312,-10.455,0.237,0.237,0.279,0.279
1.310,3.557,-10.452,0.218,0.218,0.270,0.270
1.309,3.590,-10.451,0.246,0.246,0.267,0.267
1.309,3.361,-10.448,0.220,0.220,0.276,0.276
1.308,3.068,-10.445,0.232,0.232,0.243,0.243
1.307,2.774,-10.442,0.215,0.215,0.259,0.259
1.306,2.643,-10.440,0.240,0.240,0.264,0.264
1.304,2.757,-10.435,0.209,0.209,0.262,0.262
1.301,2.823,-10.427,0.232,0.232,0.252,0.252
1.300,2.676,-10.423,0.217,0.217,0.250,0.250
1.302,2.611,-10.429,0.235,0.235,0.252,0.252
1.302,2.594,-10.429,0.215,0.215,0.258,0.258
1.301,2.643,-10.427,0.237,0.237,0.249,0.249
1.300,2.888,-10.422,0.212,0.212,0.262,0.262
1.298,3.296,-10.418,0.237,0.237,0.252,0.252
1.296,3.557,-10.411,0.218,0.218,0.253,0.253
1.295,3.606,-10.407,0.237,0.237,0.278,0.278
1.295,3.361,-10.407,0.223,0.223,0.256,0.256
1.295,3.100,-10.406,0.232,0.232,0.244,0.244
1.293,3.051,-10.400,0.229,0.229,0.250,0.250
1.290,2.823,-10.393,0.240,0.240,0.249,0.249
1.287,2.643,-10.385,0.223,0.223,0.255,0.255
1.288,2.578,-10.386,0.238,0.238,0.249,0.249
1.290,2.562,-10.392,0.227,0.227,0.259,0.259
1.290,2.382,-10.393,0.235,0.235,0.253,0.253
1.289,2.398,-10.390,0.227,0.227,0.258,0.258
1.288,2.545,-10.386,0.235,0.235,0.252,0.252
1.286,2.611,-10.381,0.237,0.237,0.256,0.256
1.284,2.643,-10.378,0.223,0.223,0.256,0.256
1.283,2.578,-10.373,0.243,0.243,0.258,0.258
1.283,2.611,-10.373,0.227,0.227,0.244,0.244
1.282,2.594,-10.370,0.230,0.230,0.255,0.255
1.281,2.594,-10.368,0.217,0.217,0.252,0.252
1.279,2.611,-10.363,0.221,0.221,0.247,0.247
1.276,2.660,-10.354,0.203,0.203,0.224,0.224
1.275,2.888,-10.352,0.208,0.208,0.226,0.226
1.276,3.263,-10.354,0.194,0.194,0.227,0.227
1.278,3.329,-10.361,0.218,0.218,0.221,0.221
1.278,3.149,-10.361,0.197,0.197,0.229,0.229
1.275,2.839,-10.354,0.218,0.218,0.224,0.224
1.275,2.611,-10.353,0.209,0.209,0.230,0.230
1.272,2.562,-10.346,0.227,0.227,0.232,0.232
1.271,2.562,-10.344,0.201,0.201,0.261,0.261
1.271,2.611,-10.342,0.230,0.230,0.232,0.232
1.270,2.562,-10.340,0.212,0.212,0.233,0.233
1.269,2.349,-10.338,0.230,0.230,0.243,0.243
1.268,1.860,-10.336,0.211,0.211,0.249,0.249
1.265,1.370,-10.332,0.240,0.240,0.244,0.244
1.262,1.125,-10.328,0.220,0.220,0.241,0.241
1.261,1.093,-10.327,0.238,0.238,0.261,0.261
1.265,1.419,-10.332,0.220,0.220,0.247,0.247
1.265,1.860,-10.330,0.233,0.233,0.246,0.246
1.265,2.137,-10.331,0.217,0.217,0.253,0.253
1.262,2.170,-10.326,0.227,0.227,0.255,0.255
1.260,2.154,-10.321,0.221,0.221,0.255,0.255
1.259,2.137,-10.318,0.224,0.224,0.250,0.250
1.259,2.398,-10.317,0.218,0.218,0.258,0.258
1.258,2.823,-10.316,0.224,0.224,0.249,0.249
1.257,3.149,-10.312,0.224,0.224,0.250,0.250
1.255,3.394,-10.306,0.220,0.220,0.250,0.250
1.252,3.312,-10.295,0.221,0.221,0.253,0.253
1.250,3.165,-10.290,0.215,0.215,0.253,0.253
1.251,3.068,-10.292,0.223,0.223,0.253,0.253
1.254,3.068,-10.301,0.203,0.203,0.244,0.244
1.252,3.116,-10.297,0.224,0.224,0.244,0.244
1.252,3.361,-10.295,0.206,0.206,0.246,0.246
1.249,3.557,-10.284,0.215,0.215,0.246,0.246
1.248,3.622,-10.282,0.215,0.215,0.249,0.249
1.247,3.590,-10.278,0.224,0.224,0.247,0.247
1.246,3.312,-10.275,0.206,0.206,0.247,0.247
1.246,3.116,-10.275,0.223,0.223,0.243,0.243
1.245,3.035,-10.271,0.214,0.214,0.250,0.250
1.243,2.774,-10.266,0.226,0.226,0.255,0.255
1.241,2.366,-10.261,0.218,0.218,0.256,0.256
1.237,1.892,-10.253,0.243,0.243,0.267,0.267
1.237,1.599,-10.252,0.227,0.227,0.269,0.269
1.239,1.599,-10.256,0.246,0.246,0.278,0.278
1.241,1.892,-10.259,0.229,0.229,0.259,0.259
1.240,2.317,-10.257,0.249,0.249,0.267,0.267
1.237,2.611,-10.251,0.227,0.227,0.276,0.276
1.237,2.676,-10.249,0.246,0.246,0.266,0.266
1.234,2.627,-10.242,0.221,0.221,0.266,0.266
1.234,2.594,-10.242,0.243,0.243,0.264,0.264
1.233,2.349,-10.239,0.215,0.215,0.272,0.272
1.231,2.186,-10.235,0.243,0.243,0.261,0.261
1.232,2.382,-10.236,0.223,0.223,0.262,0.262
1.230,2.823,-10.233,0.233,0.233,0.261,0.261
1.226,3.084,-10.221,0.224,0.224,0.266,0.266
1.225,3.133,-10.217,0.240,0.240,0.258,0.258
1.226,2.937,-10.221,0.215,0.215,0.278,0.278
1.228,2.888,-10.225,0.241,0.241,0.252,0.252
1.228,3.019,-10.225,0.224,0.224,0.249,0.249
1.225,3.116,-10.215,0.233,0.233,0.255,0.255
1.224,3.084,-10.215,0.223,0.223,0.255,0.255
1.223,2.774,-10.211,0.243,0.243,0.243,0.243
1.221,2.121,-10.205,0.224,0.224,0.247,0.247
1.220,1.436,-10.204,0.238,0.238,0.230,0.230
1.220,1.338,-10.204,0.237,0.237,0.253,0.253
1.219,1.517,-10.202,0.243,0.243,0.256,0.256
1.216,1.909,-10.197,0.227,0.227,0.253,0.253
1.214,2.088,-10.193,0.233,0.233,0.250,0.250
1.211,1.909,-10.188,0.230,0.230,0.252,0.252
1.214,1.631,-10.192,0.233,0.233,0.253,0.253
1.217,1.338,-10.197,0.240,0.240,0.255,0.255
1.215,1.109,-10.195,0.240,0.240,0.253,0.253
1.214,0.881,-10.194,0.243,0.243,0.255,0.255
1.212,0.995,-10.192,0.233,0.233,0.258,0.258
1.211,1.338,-10.191,0.244,0.244,0.259,0.259
1.210,1.778,-10.189,0.232,0.232,0.255,0.255
1.208,1.892,-10.186,0.240,0.240,0.252,0.252
1.208,1.680,-10.185,0.223,0.223,0.247,0.247
1.207,1.370,-10.184,0.237,0.237,0.250,0.250
1.205,1.125,-10.182,0.221,0.221,0.249,0.249
1.203,1.109,-10.179,0.218,0.218,0.247,0.247
1.199,1.338,-10.175,0.208,0.208,0.235,0.235
1.199,1.533,-10.174,0.223,0.223,0.237,0.237
1.201,1.403,-10.177,0.197,0.197,0.230,0.230
1.203,0.930,-10.179,0.217,0.217,0.232,0.232
1.202,0.636,-10.178,0.204,0.204,0.237,0.237
1.200,0.571,-10.177,0.223,0.223,0.230,0.230
1.199,0.603,-10.177,0.206,0.206,0.233,0.233
1.197,0.571,-10.176,0.230,0.230,0.235,0.235
1.197,0.391,-10.175,0.215,0.215,0.221,0.221
1.196,0.195,-10.175,0.233,0.233,0.230,0.230
1.194,0.130,-10.175,0.209,0.209,0.250,0.250
1.194,-0.001,-10.175,0.240,0.240,0.243,0.243
1.192,-0.131,-10.175,0.221,0.221,0.243,0.243
1.188,0.032,-10.175,0.233,0.233,0.246,0.246
1.186,0.146,-10.175,0.215,0.215,0.253,0.253
1.188,0.228,-10.175,0.232,0.232,0.233,0.233
1.191,0.375,-10.176,0.224,0.224,0.253,0.253
1.189,0.358,-10.175,0.235,0.235,0.255,0.255
1.188,0.228,-10.175,0.230,0.230,0.256,0.256
1.186,-0.017,-10.175,0.230,0.230,0.252,0.252
1.185,-0.213,-10.175,0.221,0.221,0.252,0.252
1.184,-0.409,-10.175,0.226,0.226,0.255,0.255
1.184,-0.572,-10.175,0.218,0.218,0.256,0.256
1.183,-0.833,-10.176,0.218,0.218,0.258,0.258
1.182,-1.078,-10.177,0.209,0.209,0.253,0.253
1.179,-1.306,-10.180,0.218,0.218,0.250,0.250
1.177,-1.306,-10.184,0.224,0.224,0.253,0.253
1.176,-1.029,-10.184,0.209,0.209,0.266,0.266
1.178,-0.474,-10.183,0.223,0.223,0.255,0.255
1.179,0.048,-10.182,0.211,0.211,0.250,0.250
1.178,0.277,-10.182,0.215,0.215,0.256,0.256
1.175,0.489,-10.181,0.206,0.206,0.255,0.255
1.174,0.848,-10.181,0.215,0.215,0.252,0.252
1.173,1.093,-10.179,0.204,0.204,0.252,0.252
1.171,1.174,-10.177,0.212,0.212,0.255,0.255
1.171,1.158,-10.178,0.204,0.204,0.255,0.255
1.170,1.076,-10.177,0.226,0.226,0.256,0.256
1.169,0.832,-10.175,0.209,0.209,0.259,0.259
1.167,0.407,-10.174,0.243,0.243,0.255,0.255
1.165,-0.001,-10.174,0.224,0.224,0.255,0.255
1.163,-0.539,-10.174,0.238,0.238,0.270,0.270
1.166,-0.817,-10.172,0.227,0.227,0.261,0.261
1.166,-0.915,-10.172,0.249,0.249,0.278,0.278
1.166,-0.866,-10.172,0.227,0.227,0.288,0.288
1.163,-1.061,-10.175,0.246,0.246,0.272,0.272
1.162,-1.241,-10.176,0.235,0.235,0.270,0.270
1.161,-1.274,-10.178,0.249,0.249,0.285,0.285
1.160,-0.947,-10.179,0.227,0.227,0.272,0.272
1.159,-0.262,-10.179,0.247,0.247,0.261,0.261
1.158,0.228,-10.179,0.227,0.227,0.275,0.275
1.157,0.522,-10.179,0.235,0.235,0.269,0.269
1.156,0.652,-10.178,0.223,0.223,0.267,0.267
1.152,0.979,-10.175,0.233,0.233,0.262,0.262
1.150,1.370,-10.173,0.223,0.223,0.285,0.285
1.150,1.860,-10.173,0.246,0.246,0.256,0.256
1.154,2.105,-10.181,0.221,0.221,0.252,0.252
1.153,2.170,-10.179,0.240,0.240,0.255,0.255
1.151,2.072,-10.176,0.217,0.217,0.256,0.256
1.150,1.795,-10.174,0.244,0.244,0.255,0.255
1.148,1.321,-10.171,0.223,0.223,0.261,0.261
1.147,0.848,-10.170,0.233,0.233,0.250,0.250
1.147,0.620,-10.169,0.229,0.229,0.258,0.258
1.146,0.799,-10.169,0.232,0.232,0.262,0.262
1.145,0.783,-10.168,0.226,0.226,0.259,0.259
1.143,0.489,-10.167,0.226,0.226,0.256,0.256
1.140,-0.001,-10.166,0.241,0.241,0.258,0.258
1.139,-0.507,-10.166,0.230,0.230,0.258,0.258
1.137,-0.833,-10.168,0.230,0.230,0.256,0.256
1.141,-0.849,-10.164,0.227,0.227,0.258,0.258
1.139,-0.588,-10.165,0.233,0.233,0.256,0.256
1.139,-0.327,-10.166,0.224,0.224,0.253,0.253
1.138,-0.294,-10.166,0.237,0.237,0.255,0.255
1.136,-0.556,-10.167,0.229,0.229,0.258,0.258
1.136,-0.849,-10.167,0.241,0.241,0.259,0.259
1.135,-1.143,-10.167,0.230,0.230,0.250,0.250
1.134,-1.290,-10.169,0.243,0.243,0.259,0.259
1.133,-1.339,-10.170,0.221,0.221,0.259,0.259
1.132,-1.339,-10.171,0.227,0.227,0.249,0.249
1.129,-1.306,-10.175,0.215,0.215,0.249,0.249
1.127,-1.323,-10.178,0.229,0.229,0.247,0.247
1.126,-1.339,-10.180,0.201,0.201,0.235,0.235
1.125,-1.518,-10.181,0.214,0.214,0.212,0.212
1.127,-1.567,-10.177,0.209,0.209,0.235,0.235
1.128,-1.665,-10.176,0.226,0.226,0.246,0.246
1.126,-1.796,-10.180,0.201,0.201,0.238,0.238
1.123,-2.122,-10.185,0.232,0.232,0.224,0.224
1.122,-2.547,-10.187,0.214,0.214,0.229,0.229
1.122,-2.808,-10.188,0.227,0.227,0.237,0.237
1.121,-2.873,-10.192,0.209,0.209,0.223,0.223
1.120,-2.791,-10.193,0.237,0.237,0.235,0.235
1.120,-2.530,-10.194,0.227,0.227,0.252,0.252
1.118,-2.318,-10.199,0.235,0.235,0.241,0.241
1.116,-2.269,-10.204,0.221,0.221,0.246,0.246
1.114,-2.220,-10.207,0.233,0.233,0.237,0.237
1.114,-2.041,-10.208,0.230,0.230,0.250,0.250
1.114,-1.845,-10.207,0.224,0.224,0.246,0.246
1.115,-1.780,-10.205,0.235,0.235,0.256,0.256
1.113,-1.763,-10.209,0.218,0.218,0.255,0.255
1.111,-1.567,-10.212,0.224,0.224,0.256,0.256
1.110,-1.355,-10.214,0.215,0.215,0.244,0.244
1.110,-1.274,-10.214,0.227,0.227,0.266,0.266
1.109,-1.306,-10.215,0.215,0.215,0.252,0.252
1.108,-1.306,-10.216,0.223,0.223,0.241,0.241
1.106,-1.306,-10.219,0.221,0.221,0.253,0.253
1.105,-1.339,-10.221,0.227,0.227,0.255,0.255
1.102,-1.567,-10.224,0.208,0.208,0.253,0.253
1.102,-1.796,-10.226,0.227,0.227,0.250,0.250
1.103,-1.861,-10.224,0.209,0.209,0.270,0.270
1.104,-2.090,-10.221,0.221,0.221,0.249,0.249
1.104,-2.253,-10.222,0.203,0.203,0.244,0.244
1.101,-2.334,-10.229,0.226,0.226,0.247,0.247
1.100,-2.318,-10.231,0.211,0.211,0.252,0.252
1.098,-2.318,-10.234,0.226,0.226,0.252,0.252
1.098,-2.285,-10.235,0.211,0.211,0.252,0.252
1.096,-2.253,-10.239,0.227,0.227,0.255,0.255
1.095,-1.992,-10.241,0.206,0.206,0.246,0.246
1.095,-1.600,-10.241,0.232,0.232,0.250,0.250
1.094,-1.306,-10.243,0.218,0.218,0.252,0.252
1.090,-1.208,-10.247,0.240,0.240,0.253,0.253
1.088,-1.061,-10.250,0.223,0.223,0.261,0.261
1.088,-0.833,-10.250,0.252,0.252,0.273,0.273
1.091,-0.523,-10.248,0.235,0.235,0.256,0.256
1.092,-0.343,-10.248,0.253,0.253,0.270,0.270
1.090,-0.245,-10.248,0.237,0.237,0.288,0.288
1.088,-0.196,-10.248,0.250,0.250,0.267,0.267
1.087,0.016,-10.249,0.233,0.233,0.269,0.269
1.085,0.179,-10.249,0.253,0.253,0.262,0.262
1.084,0.212,-10.248,0.233,0.233,0.273,0.273
1.084,0.424,-10.248,0.249,0.249,0.264,0.264
1.082,0.587,-10.248,0.227,0.227,0.273,0.273
1.082,0.652,-10.247,0.238,0.238,0.264,0.264
1.080,0.620,-10.246,0.227,0.227,0.264,0.264
1.078,0.375,-10.245,0.243,0.243,0.262,0.262
1.075,0.163,-10.244,0.230,0.230,0.287,0.287
1.075,0.097,-10.244,0.238,0.238,0.259,0.259
1.078,-0.001,-10.244,0.221,0.221,0.253,0.253
1.076,-0.099,-10.244,0.241,0.241,0.258,0.258
1.075,0.065,-10.244,0.224,0.224,0.258,0.258
1.074,0.032,-10.244,0.233,0.233,0.252,0.252
1.073,-0.148,-10.244,0.238,0.238,0.258,0.258
1.072,-0.327,-10.245,0.230,0.230,0.230,0.230
1.072,-0.343,-10.245,0.232,0.232,0.252,0.252
1.071,-0.294,-10.245,0.224,0.224,0.267,0.267
1.070,-0.229,-10.245,0.233,0.233,0.258,0.258
1.068,0.048,-10.246,0.226,0.226,0.252,0.252
1.065,0.163,-10.245,0.229,0.229,0.237,0.237
1.064,0.179,-10.245,0.233,0.233,0.253,0.253
1.066,0.130,-10.245,0.233,0.233,0.262,0.262
1.066,0.146,-10.245,0.223,0.223,0.258,0.258
1.065,0.146,-10.245,0.233,0.233,0.253,0.253
1.063,0.130,-10.245,0.227,0.227,0.266,0.266
1.061,0.163,-10.245,0.240,0.240,0.255,0.255
1.060,0.179,-10.244,0.221,0.221,0.270,0.270
1.060,0.016,-10.244,0.246,0.246,0.258,0.258
1.059,-0.196,-10.244,0.227,0.227,0.256,0.256
1.059,-0.360,-10.244,0.240,0.240,0.261,0.261
1.057,-0.588,-10.245,0.223,0.223,0.253,0.253
1.056,-0.849,-10.246,0.240,0.240,0.253,0.253
1.054,-1.143,-10.248,0.211,0.211,0.258,0.258
1.052,-1.584,-10.250,0.227,0.227,0.252,0.252
1.051,-2.122,-10.252,0.206,0.206,0.233,0.233
1.054,-2.563,-10.246,0.224,0.224,0.227,0.227
1.052,-2.808,-10.250,0.200,0.200,0.235,0.235
1.051,-2.857,-10.253,0.223,0.223,0.230,0.230
1.049,-2.547,-10.258,0.203,0.203,0.261,0.261
1.048,-2.334,-10.261,0.226,0.226,0.240,0.240
1.046,-2.269,-10.266,0.203,0.203,0.235,0.235
1.046,-2.318,-10.265,0.227,0.227,0.238,0.238
1.046,-2.530,-10.267,0.220,0.220,0.240,0.240
1.045,-2.824,-10.269,0.226,0.226,0.235,0.235
1.044,-3.085,-10.273,0.218,0.218,0.247,0.247
1.042,-3.216,-10.277,0.230,0.230,0.221,0.221
1.040,-3.052,-10.283,0.221,0.221,0.250,0.250
1.038,-2.824,-10.289,0.220,0.220,0.259,0.259
1.042,-2.514,-10.281,0.227,0.227,0.249,0.249
1.041,-2.351,-10.283,0.224,0.224,0.252,0.252
1.040,-2.514,-10.285,0.230,0.230,0.238,0.238
1.038,-2.791,-10.289,0.230,0.230,0.252,0.252
1.037,-3.101,-10.293,0.224,0.224,0.250,0.250
1.035,-3.330,-10.298,0.220,0.220,0.255,0.255
1.034,-3.558,-10.303,0.223,0.223,0.259,0.259
1.034,-3.722,-10.302,0.218,0.218,0.255,0.255
1.033,-3.526,-10.307,0.224,0.224,0.253,0.253
1.032,-3.346,-10.309,0.212,0.212,0.270,0.270
1.029,-3.232,-10.319,0.224,0.224,0.253,0.253
1.028,-3.297,-10.324,0.212,0.212,0.249,0.249
1.026,-3.281,-10.331,0.230,0.230,0.252,0.252
1.028,-3.297,-10.324,0.204,0.204,0.255,0.255
1.029,-3.509,-10.319,0.233,0.233,0.256,0.256
1.028,-3.493,-10.323,0.211,0.211,0.253,0.253
1.027,-3.314,-10.325,0.215,0.215,0.240,0.240
1.025,-2.938,-10.333,0.208,0.208,0.249,0.249
1.024,-2.530,-10.336,0.221,0.221,0.252,0.252
1.022,-2.041,-10.339,0.201,0.201,0.246,0.246
1.022,-1.796,-10.340,0.226,0.226,0.246,0.246
1.021,-1.698,-10.342,0.208,0.208,0.233,0.233
1.020,-1.600,-10.344,0.226,0.226,0.252,0.252
1.019,-1.600,-10.346,0.218,0.218,0.262,0.262
1.016,-1.731,-10.351,0.243,0.243,0.252,0.252
1.013,-1.567,-10.354,0.226,0.226,0.256,0.256
1.013,-1.355,-10.355,0.249,0.249,0.272,0.272
1.015,-1.029,-10.352,0.238,0.238,0.278,0.278
1.015,-0.784,-10.352,0.253,0.253,0.298,0.298
1.013,-0.523,-10.353,0.230,0.230,0.287,0.287
1.012,-0.327,-10.354,0.247,0.247,0.262,0.262
1.011,-0.278,-10.354,0.237,0.237,0.272,0.272
1.011,-0.278,-10.354,0.258,0.258,0.264,0.264
1.010,-0.294,-10.354,0.232,0.232,0.266,0.266
1.009,-0.327,-10.355,0.249,0.249,0.262,0.262
1.008,-0.294,-10.355,0.230,0.230,0.298,0.298
1.006,-0.213,-10.356,0.237,0.237,0.267,0.267
1.005,0.048,-10.356,0.227,0.227,0.258,0.258
1.002,0.195,-10.355,0.237,0.237,0.261,0.261
1.001,0.440,-10.355,0.226,0.226,0.266,0.266
1.001,0.587,-10.355,0.240,0.240,0.255,0.255
1.004,0.717,-10.357,0.230,0.230,0.259,0.259
1.002,0.864,-10.356,0.229,0.229,0.253,0.253
1.000,0.815,-10.354,0.226,0.226,0.253,0.253
0.999,0.701,-10.353,0.224,0.224,0.264,0.264
0.998,0.636,-10.352,0.230,0.230,0.262,0.262
0.997,0.571,-10.351,0.221,0.221,0.255,0.255
0.996,0.391,-10.351,0.235,0.235,0.252,0.252
0.995,0.146,-10.351,0.223,0.223,0.250,0.250
0.995,0.097,-10.351,0.226,0.226,0.246,0.246
0.992,0.130,-10.351,0.232,0.232,0.252,0.252
0.990,0.179,-10.350,0.237,0.237,0.256,0.256
0.988,-0.033,-10.350,0.226,0.226,0.253,0.253
0.990,-0.490,-10.350,0.230,0.230,0.253,0.253
0.991,-0.817,-10.349,0.223,0.223,0.253,0.253
0.989,-0.866,-10.350,0.233,0.233,0.256,0.256
0.989,-0.866,-10.351,0.221,0.221,0.249,0.249
0.986,-0.784,-10.353,0.243,0.243,0.253,0.253
0.985,-0.588,-10.354,0.227,0.227,0.258,0.258
0.985,-0.588,-10.354,0.246,0.246,0.259,0.259
0.984,-0.751,-10.355,0.226,0.226,0.262,0.262
0.983,-0.833,-10.355,0.250,0.250,0.246,0.246
0.982,-0.833,-10.356,0.226,0.226,0.252,0.252
0.980,-0.882,-10.358,0.233,0.233,0.250,0.250
0.978,-1.078,-10.360,0.218,0.218,0.250,0.250
0.976,-1.241,-10.362,0.224,0.224,0.249,0.249
0.977,-1.355,-10.361,0.197,0.197,0.238,0.238
0.979,-1.339,-10.359,0.227,0.227,0.232,0.232
0.979,-1.355,-10.358,0.208,0.208,0.224,0.224
0.977,-1.535,-10.360,0.220,0.220,0.233,0.233
0.975,-1.780,-10.364,0.208,0.208,0.233,0.233
0.974,-1.877,-10.366,0.226,0.226,0.233,0.233
0.973,-2.090,-10.369,0.209,0.209,0.243,0.243
0.972,-2.579,-10.371,0.215,0.215,0.240,0.240
0.970,-3.069,-10.376,0.212,0.212,0.246,0.246
0.970,-3.314,-10.378,0.217,0.217,0.235,0.235
0.969,-3.379,-10.379,0.215,0.215,0.249,0.249
0.966,-3.346,-10.388,0.215,0.215,0.240,0.240
0.964,-3.542,-10.398,0.229,0.229,0.247,0.247
0.961,-3.673,-10.408,0.212,0.212,0.249,0.249
0.965,-3.526,-10.391,0.227,0.227,0.250,0.250
0.967,-3.297,-10.387,0.214,0.214,0.255,0.255
0.965,-3.020,-10.392,0.226,0.226,0.270,0.270
0.965,-2.759,-10.393,0.211,0.211,0.252,0.252
0.961,-2.465,-10.402,0.220,0.220,0.247,0.247
0.961,-2.041,-10.403,0.214,0.214,0.256,0.256
0.960,-1.796,-10.404,0.226,0.226,0.252,0.252
0.958,-1.747,-10.407,0.212,0.212,0.253,0.253
0.958,-1.812,-10.409,0.229,0.229,0.256,0.256
0.957,-2.090,-10.411,0.214,0.214,0.255,0.255
0.954,-2.302,-10.417,0.237,0.237,0.253,0.253
0.951,-2.628,-10.424,0.203,0.203,0.253,0.253
0.950,-2.791,-10.426,0.237,0.237,0.250,0.250
0.952,-2.840,-10.420,0.206,0.206,0.246,0.246
0.954,-2.857,-10.415,0.226,0.226,0.247,0.247
0.952,-2.873,-10.419,0.206,0.206,0.253,0.253
0.951,-3.069,-10.425,0.232,0.232,0.255,0.255
0.949,-3.297,-10.431,0.209,0.209,0.253,0.253
0.949,-3.509,-10.431,0.221,0.221,0.244,0.244
0.948,-3.493,-10.434,0.218,0.218,0.250,0.250
0.946,-3.314,-10.439,0.229,0.229,0.250,0.250
0.946,-2.971,-10.441,0.209,0.209,0.246,0.246
0.945,-2.514,-10.442,0.227,0.227,0.252,0.252
0.944,-1.975,-10.445,0.220,0.220,0.264,0.264
0.940,-1.257,-10.451,0.230,0.230,0.256,0.256
0.938,-0.474,-10.453,0.227,0.227,0.261,0.261
0.939,0.097,-10.453,0.244,0.244,0.273,0.273
0.941,0.293,-10.454,0.235,0.235,0.273,0.273
0.941,0.473,-10.453,0.249,0.249,0.293,0.293
0.940,0.571,-10.453,0.241,0.241,0.282,0.282
0.937,0.717,-10.451,0.244,0.244,0.276,0.276
0.936,0.848,-10.450,0.230,0.230,0.279,0.279
0.935,0.848,-10.449,0.246,0.246,0.269,0.269
0.933,0.717,-10.448,0.230,0.230,0.273,0.273
0.933,0.636,-10.448,0.229,0.229,0.266,0.266
0.932,0.832,-10.447,0.238,0.238,0.252,0.252
0.932,0.799,-10.448,0.232,0.232,0.266,0.266
0.930,0.668,-10.446,0.240,0.240,0.267,0.267
0.927,0.375,-10.444,0.229,0.229,0.259,0.259
0.926,0.130,-10.444,0.235,0.235,0.262,0.262
0.925,0.114,-10.444,0.224,0.224,0.261,0.261
0.929,0.146,-10.444,0.224,0.224,0.258,0.258
0.928,0.391,-10.444,0.220,0.220,0.255,0.255
0.925,0.620,-10.443,0.230,0.230,0.252,0.252
0.924,0.685,-10.442,0.212,0.212,0.261,0.261
0.923,0.685,-10.441,0.233,0.233,0.256,0.256
0.922,0.652,-10.440,0.223,0.223,0.253,0.253
0.921,0.620,-10.440,0.226,0.226,0.282,0.282
0.920,0.636,-10.439,0.220,0.220,0.255,0.255
0.919,0.636,-10.439,0.229,0.229,0.247,0.247
0.917,0.603,-10.437,0.217,0.217,0.255,0.255
0.916,0.391,-10.437,0.230,0.230,0.255,0.255
0.914,0.195,-10.436,0.221,0.221,0.255,0.255
0.913,0.114,-10.436,0.230,0.230,0.252,0.252
0.916,0.163,-10.437,0.215,0.215,0.273,0.273
0.916,0.032,-10.437,0.249,0.249,0.258,0.258
0.914,-0.196,-10.437,0.221,0.221,0.258,0.258
0.912,-0.311,-10.438,0.247,0.247,0.252,0.252
0.911,-0.343,-10.438,0.224,0.224,0.259,0.259
0.910,-0.343,-10.438,0.250,0.250,0.255,0.255
0.909,-0.556,-10.439,0.229,0.229,0.259,0.259
0.908,-0.817,-10.439,0.240,0.240,0.250,0.250
0.907,-1.094,-10.440,0.227,0.227,0.256,0.256
0.905,-1.241,-10.442,0.240,0.240,0.255,0.255
0.902,-1.078,-10.446,0.224,0.224,0.249,0.249
0.900,-0.866,-10.448,0.229,0.229,0.247,0.247
0.900,-0.768,-10.448,0.215,0.215,0.237,0.237
0.901,-0.800,-10.447,0.220,0.220,0.230,0.230
0.904,-0.768,-10.445,0.200,0.200,0.223,0.223
0.902,-0.539,-10.446,0.212,0.212,0.233,0.233
0.900,-0.229,-10.446,0.214,0.214,0.250,0.250
0.899,0.081,-10.447,0.214,0.214,0.230,0.230
0.898,0.244,-10.447,0.209,0.209,0.233,0.233
0.896,0.391,-10.446,0.218,0.218,0.232,0.232
0.895,0.358,-10.446,0.217,0.217,0.243,0.243
0.895,0.228,-10.446,0.217,0.217,0.230,0.230
0.894,0.016,-10.445,0.220,0.220,0.240,0.240
0.892,-0.229,-10.446,0.208,0.208,0.246,0.246
0.888,-0.327,-10.447,0.226,0.226,0.246,0.246
0.887,-0.360,-10.447,0.206,0.206,0.249,0.249
0.888,-0.343,-10.447,0.227,0.227,0.267,0.267
0.891,-0.556,-10.446,0.211,0.211,0.249,0.249
0.890,-0.784,-10.446,0.224,0.224,0.243,0.243
0.887,-0.915,-10.448,0.215,0.215,0.250,0.250
0.886,-1.159,-10.449,0.237,0.237,0.255,0.255
0.886,-1.535,-10.449,0.209,0.209,0.258,0.258
0.885,-1.812,-10.451,0.232,0.232,0.250,0.250
0.884,-1.894,-10.454,0.209,0.209,0.256,0.256
0.883,-2.041,-10.455,0.227,0.227,0.249,0.249
0.882,-1.992,-10.456,0.206,0.206,0.255,0.255
0.879,-1.828,-10.463,0.238,0.238,0.253,0.253
0.876,-1.535,-10.468,0.212,0.212,0.255,0.255
0.875,-1.274,-10.469,0.230,0.230,0.252,0.252
0.878,-1.029,-10.466,0.214,0.214,0.255,0.255
0.878,-0.817,-10.466,0.233,0.233,0.247,0.247
0.878,-0.833,-10.466,0.211,0.211,0.255,0.255
0.876,-1.061,-10.468,0.227,0.227,0.250,0.250
0.874,-1.257,-10.470,0.209,0.209,0.252,0.252
0.873,-1.045,-10.472,0.223,0.223,0.246,0.246
0.871,-0.637,-10.473,0.204,0.204,0.238,0.238
0.871,-0.213,-10.473,0.229,0.229,0.252,0.252
0.872,0.097,-10.473,0.214,0.214,0.261,0.261
0.871,0.163,-10.473,0.229,0.229,0.252,0.252
0.868,0.146,-10.472,0.220,0.220,0.250,0.250
0.864,0.146,-10.472,0.241,0.241,0.255,0.255
0.864,0.163,-10.472,0.233,0.233,0.261,0.261
0.862,0.163,-10.471,0.230,0.230,0.299,0.299
0.866,0.016,-10.472,0.237,0.237,0.275,0.275
0.866,-0.245,-10.472,0.240,0.240,0.273,0.273
0.864,-0.604,-10.472,0.229,0.229,0.281,0.281
0.862,-0.849,-10.474,0.238,0.238,0.275,0.275
0.860,-0.898,-10.475,0.238,0.238,0.273,0.273
0.860,-0.849,-10.476,0.230,0.230,0.273,0.273
0.859,-0.800,-10.477,0.241,0.241,0.259,0.259
0.857,-0.768,-10.478,0.221,0.221,0.267,0.267
0.857,-0.523,-10.478,0.230,0.230,0.288,0.288
0.856,-0.327,-10.478,0.224,0.224,0.270,0.270
0.853,-0.180,-10.479,0.233,0.233,0.262,0.262
0.851,0.065,-10.479,0.220,0.220,0.258,0.258
0.850,0.244,-10.479,0.224,0.224,0.262,0.262
0.852,0.407,-10.480,0.214,0.214,0.237,0.237
0.854,0.603,-10.481,0.226,0.226,0.261,0.261
0.853,0.668,-10.480,0.215,0.215,0.270,0.270
0.851,0.668,-10.479,0.232,0.232,0.255,0.255
0.849,0.652,-10.478,0.214,0.214,0.250,0.250
0.848,0.603,-10.477,0.229,0.229,0.246,0.246
0.846,0.620,-10.476,0.214,0.214,0.253,0.253
0.846,0.391,-10.476,0.230,0.230,0.244,0.244
0.845,0.228,-10.476,0.215,0.215,0.253,0.253
0.843,0.326,-10.475,0.230,0.230,0.249,0.249
0.840,0.342,-10.474,0.221,0.221,0.253,0.253
0.837,0.097,-10.473,0.243,0.243,0.256,0.256
0.840,-0.245,-10.473,0.209,0.209,0.244,0.244
0.842,-0.670,-10.472,0.243,0.243,0.252,0.252
0.840,-1.094,-10.473,0.221,0.221,0.259,0.259
0.840,-1.274,-10.474,0.237,0.237,0.255,0.255
0.839,-1.127,-10.476,0.215,0.215,0.256,0.256
0.836,-1.061,-10.478,0.247,0.247,0.262,0.262
0.836,-0.947,-10.478,0.227,0.227,0.258,0.258
0.834,-0.817,-10.480,0.244,0.244,0.269,0.269
0.834,-0.817,-10.480,0.238,0.238,0.261,0.261
0.833,-0.751,-10.481,0.247,0.247,0.255,0.255
0.831,-0.572,-10.482,0.227,0.227,0.255,0.255
0.829,-0.311,-10.483,0.238,0.238,0.252,0.252
0.826,-0.278,-10.484,0.223,0.223,0.259,0.259
0.826,-0.180,-10.484,0.218,0.218,0.253,0.253
0.827,0.048,-10.484,0.201,0.201,0.252,0.252
0.829,0.163,-10.484,0.212,0.212,0.229,0.229
0.829,0.212,-10.484,0.208,0.208,0.247,0.247
0.825,0.130,-10.483,0.212,0.212,0.235,0.235
0.824,0.130,-10.483,0.206,0.206,0.237,0.237
0.823,0.130,-10.483,0.215,0.215,0.233,0.233
0.822,0.179,-10.483,0.211,0.211,0.244,0.244
0.822,-0.066,-10.483,0.200,0.200,0.218,0.218
0.820,-0.474,-10.483,0.223,0.223,0.241,0.241
0.819,-0.833,-10.484,0.212,0.212,0.249,0.249
0.818,-0.882,-10.485,0.221,0.221,0.240,0.240
0.815,-0.882,-10.488,0.206,0.206,0.243,0.243
0.813,-0.898,-10.489,0.232,0.232,0.249,0.249
0.812,-1.045,-10.491,0.211,0.211,0.252,0.252
0.815,-1.012,-10.488,0.230,0.230,0.247,0.247
0.816,-0.915,-10.487,0.209,0.209,0.252,0.252
0.812,-0.784,-10.490,0.237,0.237,0.246,0.246
0.812,-0.490,-10.490,0.211,0.211,0.249,0.249
0.810,-0.229,-10.490,0.227,0.227,0.249,0.249
0.809,0.081,-10.490,0.218,0.218,0.272,0.272
0.809,0.244,-10.490,0.232,0.232,0.253,0.253
0.807,0.440,-10.490,0.208,0.208,0.258,0.258
0.807,0.620,-10.490,0.240,0.240,0.253,0.253
0.806,0.913,-10.489,0.221,0.221,0.255,0.255
0.802,1.093,-10.485,0.230,0.230,0.252,0.252
0.802,1.109,-10.485,0.218,0.218,0.252,0.252
0.801,0.946,-10.483,0.230,0.230,0.244,0.244
0.805,0.913,-10.488,0.214,0.214,0.253,0.253
0.803,1.044,-10.486,0.223,0.223,0.256,0.256
0.802,1.109,-10.484,0.215,0.215,0.259,0.259
0.800,1.174,-10.483,0.220,0.220,0.253,0.253
0.798,1.387,-10.480,0.211,0.211,0.233,0.233
0.798,1.599,-10.479,0.224,0.224,0.246,0.246
0.796,1.892,-10.476,0.212,0.212,0.258,0.258
0.796,2.088,-10.476,0.221,0.221,0.241,0.241
0.795,2.186,-10.474,0.214,0.214,0.255,0.255
0.794,2.382,-10.472,0.220,0.220,0.255,0.255
0.791,2.611,-10.465,0.221,0.221,0.256,0.256
0.788,2.904,-10.456,0.218,0.218,0.272,0.272
0.788,3.068,-10.455,0.235,0.235,0.261,0.261
0.792,3.100,-10.468,0.227,0.227,0.270,0.270
0.792,2.904,-10.468,0.235,0.235,0.276,0.276
0.790,2.855,-10.464,0.237,0.237,0.273,0.273
0.789,2.823,-10.459,0.241,0.241,0.282,0.282
0.787,2.823,-10.455,0.229,0.229,0.273,0.273
0.786,2.806,-10.451,0.238,0.238,0.256,0.256
0.784,2.611,-10.447,0.224,0.224,0.270,0.270
0.783,2.349,-10.444,0.241,0.241,0.285,0.285
0.783,2.105,-10.443,0.217,0.217,0.259,0.259
0.782,1.795,-10.441,0.238,0.238,0.267,0.267
0.780,1.615,-10.438,0.221,0.221,0.261,0.261
0.777,1.533,-10.433,0.223,0.223,0.262,0.262
0.775,1.305,-10.430,0.223,0.223,0.255,0.255
0.774,0.897,-10.429,0.230,0.230,0.267,0.267
0.778,0.358,-10.432,0.204,0.204,0.261,0.261
0.778,0.146,-10.432,0.229,0.229,0.253,0.253
0.777,0.097,-10.432,0.212,0.212,0.255,0.255
0.775,0.130,-10.432,0.227,0.227,0.267,0.267
0.773,0.163,-10.431,0.206,0.206,0.258,0.258
0.772,0.146,-10.431,0.237,0.237,0.249,0.249
0.772,0.179,-10.431,0.214,0.214,0.256,0.256
0.771,0.163,-10.431,0.237,0.237,0.259,0.259
0.771,0.130,-10.431,0.218,0.218,0.252,0.252
0.768,0.032,-10.431,0.240,0.240,0.252,0.252
0.765,-0.262,-10.431,0.218,0.218,0.272,0.272
0.762,-0.604,-10.432,0.235,0.235,0.252,0.252
0.766,-0.817,-10.430,0.218,0.218,0.258,0.258
0.766,-0.882,-10.429,0.244,0.244,0.253,0.253
0.766,-0.784,-10.430,0.223,0.223,0.256,0.256
0.763,-0.539,-10.431,0.249,0.249,0.250,0.250
0.762,-0.327,-10.432,0.230,0.230,0.256,0.256
0.760,-0.131,-10.432,0.241,0.241,0.258,0.258
0.759,0.097,-10.432,0.238,0.238,0.262,0.262
0.760,0.065,-10.432,0.246,0.246,0.261,0.261
0.759,-0.196,-10.432,0.232,0.232,0.262,0.262
0.758,-0.588,-10.433,0.232,0.232,0.262,0.262
0.757,-0.817,-10.434,0.232,0.232,0.256,0.256
0.752,-0.833,-10.438,0.227,0.227,0.253,0.253
0.751,-0.849,-10.439,0.221,0.221,0.246,0.246
0.751,-0.866,-10.438,0.227,0.227,0.249,0.249
0.754,-1.012,-10.435,0.215,0.215,0.250,0.250
0.754,-0.996,-10.435,0.206,0.206,0.233,0.233
0.753,-0.898,-10.437,0.211,0.211,0.227,0.227
0.751,-0.751,-10.438,0.204,0.204,0.235,0.235
0.749,-0.458,-10.440,0.206,0.206,0.238,0.238
0.748,0.048,-10.440,0.194,0.194,0.214,0.214
0.747,0.489,-10.440,0.224,0.224,0.240,0.240
0.747,0.636,-10.439,0.204,0.204,0.247,0.247
0.746,0.685,-10.439,0.221,0.221,0.241,0.241
0.744,0.636,-10.438,0.200,0.200,0.235,0.235
0.741,0.652,-10.436,0.233,0.233,0.244,0.244
0.739,0.620,-10.434,0.206,0.206,0.246,0.246
0.738,0.652,-10.434,0.227,0.227,0.227,0.227
0.740,0.620,-10.435,0.209,0.209,0.249,0.249
0.742,0.587,-10.436,0.232,0.232,0.252,0.252
0.741,0.424,-10.436,0.215,0.215,0.255,0.255
0.738,0.424,-10.435,0.230,0.230,0.249,0.249
0.737,0.554,-10.434,0.223,0.223,0.252,0.252
0.736,0.587,-10.433,0.237,0.237,0.253,0.253
0.734,0.456,-10.433,0.215,0.215,0.252,0.252
0.734,0.391,-10.432,0.235,0.235,0.247,0.247
0.733,0.293,-10.432,0.223,0.223,0.256,0.256
0.732,0.195,-10.432,0.230,0.230,0.250,0.250
0.728,0.424,-10.431,0.212,0.212,0.256,0.256
0.725,0.881,-10.429,0.230,0.230,0.266,0.266
0.726,1.403,-10.430,0.218,0.218,0.259,0.259
0.730,1.941,-10.436,0.221,0.221,0.252,0.252
0.729,2.415,-10.434,0.221,0.221,0.252,0.252
0.729,2.904,-10.433,0.227,0.227,0.252,0.252
0.727,3.394,-10.428,0.217,0.217,0.255,0.255
0.725,3.851,-10.421,0.220,0.220,0.250,0.250
0.724,4.030,-10.415,0.218,0.218,0.244,0.244
0.723,3.884,-10.412,0.211,0.211,0.249,0.249
0.722,3.606,-10.408,0.206,0.206,0.253,0.253
0.721,3.524,-10.404,0.217,0.217,0.252,0.252
0.720,3.508,-10.402,0.218,0.218,0.250,0.250
0.717,3.312,-10.392,0.211,0.211,0.247,0.247
0.715,3.100,-10.385,0.233,0.233,0.256,0.256
0.714,3.068,-10.383,0.215,0.215,0.259,0.259
0.713,3.035,-10.378,0.233,0.233,0.264,0.264
0.715,2.806,-10.386,0.230,0.230,0.281,0.281
0.716,2.382,-10.388,0.241,0.241,0.269,0.269
0.715,2.088,-10.384,0.232,0.232,0.267,0.267
0.712,1.795,-10.379,0.240,0.240,0.287,0.287
0.712,1.599,-10.379,0.223,0.223,0.272,0.272
0.711,1.566,-10.378,0.246,0.246,0.267,0.267
0.710,1.533,-10.376,0.218,0.218,0.267,0.267
0.709,1.338,-10.375,0.244,0.244,0.273,0.273
0.708,1.142,-10.374,0.229,0.229,0.266,0.266
0.707,1.044,-10.372,0.232,0.232,0.273,0.273
0.704,0.848,-10.369,0.215,0.215,0.290,0.290
0.701,0.685,-10.367,0.237,0.237,0.264,0.264
0.701,0.864,-10.367,0.215,0.215,0.261,0.261
0.703,1.076,-10.369,0.237,0.237,0.267,0.267
0.703,1.354,-10.370,0.223,0.223,0.264,0.264
0.702,1.321,-10.369,0.240,0.240,0.258,0.258
0.701,1.174,-10.366,0.211,0.211,0.252,0.252
0.699,0.848,-10.364,0.246,0.246,0.252,0.252
0.698,0.603,-10.364,0.218,0.218,0.252,0.252
0.697,0.342,-10.363,0.237,0.237,0.249,0.249
0.698,-0.017,-10.363,0.221,0.221,0.253,0.253
0.696,-0.523,-10.364,0.241,0.241,0.255,0.255
0.694,-0.882,-10.365,0.223,0.223,0.256,0.256
0.690,-1.127,-10.368,0.237,0.237,0.252,0.252
0.688,-1.306,-10.371,0.229,0.229,0.256,0.256
0.692,-1.355,-10.367,0.240,0.240,0.258,0.258
0.693,-1.274,-10.365,0.224,0.224,0.258,0.258
0.692,-1.094,-10.366,0.241,0.241,0.252,0.252
0.690,-1.110,-10.368,0.232,0.232,0.261,0.261
0.689,-1.241,-10.370,0.237,0.237,0.259,0.259
0.687,-1.306,-10.372,0.233,0.233,0.262,0.262
0.686,-1.029,-10.374,0.233,0.233,0.253,0.253
0.684,-0.458,-10.374,0.238,0.238,0.255,0.255
0.684,0.293,-10.374,0.233,0.233,0.255,0.255
0.682,0.734,-10.373,0.244,0.244,0.258,0.258
0.681,0.979,-10.372,0.237,0.237,0.258,0.258
0.680,1.109,-10.371,0.235,0.235,0.252,0.252
0.677,1.125,-10.368,0.229,0.229,0.253,0.253
0.678,1.109,-10.369,0.232,0.232,0.256,0.256
0.680,1.060,-10.371,0.214,0.214,0.250,0.250
0.679,0.881,-10.370,0.209,0.209,0.241,0.241
0.679,0.717,-10.370,0.206,0.206,0.229,0.229
0.677,0.815,-10.368,0.218,0.218,0.227,0.227
0.675,1.028,-10.367,0.198,0.198,0.237,0.237
0.673,0.864,-10.365,0.220,0.220,0.235,0.235
0.672,0.636,-10.364,0.197,0.197,0.233,0.233
0.672,0.326,-10.364,0.218,0.218,0.224,0.224
0.670,0.179,-10.364,0.197,0.197,0.233,0.233
0.670,-0.017,-10.364,0.227,0.227,0.240,0.240
0.668,-0.229,-10.364,0.206,0.206,0.233,0.233
0.666,-0.229,-10.364,0.229,0.229,0.258,0.258
0.662,0.032,-10.365,0.209,0.209,0.246,0.246
0.664,0.260,-10.365,0.240,0.240,0.253,0.253
0.666,0.734,-10.366,0.218,0.218,0.249,0.249
0.666,1.354,-10.366,0.237,0.237,0.249,0.249
0.666,1.909,-10.365,0.227,0.227,0.250,0.250
0.663,2.219,-10.360,0.243,0.243,0.253,0.253
0.662,2.398,-10.357,0.217,0.217,0.233,0.233
0.661,2.317,-10.354,0.233,0.233,0.255,0.255
0.660,2.186,-10.353,0.221,0.221,0.276,0.276
0.658,2.088,-10.349,0.230,0.230,0.258,0.258
0.657,2.088,-10.347,0.215,0.215,0.249,0.249
0.656,2.105,-10.345,0.238,0.238,0.244,0.244
0.653,2.105,-10.338,0.223,0.223,0.255,0.255
0.650,2.121,-10.333,0.227,0.227,0.261,0.261
0.653,2.105,-10.339,0.224,0.224,0.253,0.253
0.654,2.105,-10.341,0.215,0.215,0.255,0.255
0.653,2.121,-10.339,0.223,0.223,0.255,0.255
0.651,2.056,-10.335,0.214,0.214,0.252,0.252
0.650,1.860,-10.331,0.220,0.220,0.264,0.264
0.648,1.631,-10.329,0.211,0.211,0.252,0.252
0.648,1.338,-10.329,0.218,0.218,0.246,0.246
0.648,1.387,-10.328,0.212,0.212,0.249,0.249
0.647,1.501,-10.328,0.224,0.224,0.255,0.255
0.647,1.599,-10.327,0.200,0.200,0.253,0.253
0.644,1.631,-10.322,0.226,0.226,0.252,0.252
0.641,1.599,-10.318,0.208,0.208,0.261,0.261
0.639,1.599,-10.314,0.220,0.220,0.250,0.250
0.639,1.599,-10.314,0.215,0.215,0.256,0.256
0.642,1.599,-10.319,0.237,0.237,0.264,0.264
0.641,1.631,-10.317,0.230,0.230,0.276,0.276
0.641,1.615,-10.317,0.240,0.240,0.273,0.273
0.638,1.599,-10.313,0.237,0.237,0.279,0.279
0.637,1.615,-10.311,0.252,0.252,0.252,0.252
0.635,1.631,-10.309,0.221,0.221,0.273,0.273
0.635,1.844,-10.308,0.246,0.246,0.282,0.282
0.634,1.827,-10.307,0.226,0.226,0.267,0.267
0.634,1.664,-10.305,0.238,0.238,0.267,0.267
0.633,1.599,-10.304,0.221,0.221,0.261,0.261
0.631,1.550,-10.302,0.247,0.247,0.276,0.276
0.629,1.615,-10.298,0.226,0.226,0.264,0.264
0.626,1.550,-10.293,0.246,0.246,0.262,0.262
0.626,1.305,-10.294,0.218,0.218,0.267,0.267
0.630,0.864,-10.298,0.238,0.238,0.262,0.262
0.628,0.358,-10.296,0.212,0.212,0.262,0.262
0.626,0.114,-10.296,0.244,0.244,0.273,0.273
0.624,0.048,-10.296,0.212,0.212,0.261,0.261
0.624,0.130,-10.296,0.240,0.240,0.256,0.256
0.622,0.163,-10.295,0.223,0.223,0.261,0.261
0.622,0.163,-10.295,0.237,0.237,0.255,0.255
0.620,0.163,-10.295,0.226,0.226,0.256,0.256
0.620,0.130,-10.295,0.233,0.233,0.252,0.252
0.618,0.130,-10.295,0.224,0.224,0.269,0.269
0.615,0.163,-10.294,0.238,0.238,0.253,0.253
0.614,0.375,-10.294,0.221,0.221,0.256,0.256
0.614,0.375,-10.294,0.241,0.241,0.256,0.256
0.617,0.456,-10.295,0.230,0.230,0.261,0.261
0.617,0.587,-10.295,0.244,0.244,0.255,0.255
0.615,0.701,-10.294,0.237,0.237,0.255,0.255
0.614,0.897,-10.293,0.247,0.247,0.249,0.249
0.612,1.044,-10.292,0.237,0.237,0.261,0.261
0.611,0.897,-10.290,0.230,0.230,0.262,0.262
0.610,0.636,-10.290,0.238,0.238,0.255,0.255
0.609,0.375,-10.289,0.232,0.232,0.252,0.252
0.608,-0.001,-10.289,0.232,0.232,0.244,0.244
0.606,-0.245,-10.289,0.238,0.238,0.258,0.258
0.603,-0.262,-10.290,0.233,0.233,0.259,0.259
0.602,0.016,-10.290,0.226,0.226,0.253,0.253
0.601,0.179,-10.290,0.223,0.223,0.250,0.250
0.603,0.195,-10.290,0.214,0.214,0.250,0.250
0.603,0.212,-10.290,0.218,0.218,0.240,0.240
0.604,0.391,-10.291,0.197,0.197,0.258,0.258
0.602,0.554,-10.290,0.218,0.218,0.233,0.233
0.599,0.407,-10.289,0.198,0.198,0.220,0.220
0.599,0.228,-10.288,0.215,0.215,0.240,0.240
0.598,0.130,-10.288,0.197,0.197,0.241,0.241
0.597,0.342,-10.288,0.229,0.229,0.244,0.244
0.595,0.636,-10.287,0.209,0.209,0.240,0.240
0.595,0.913,-10.287,0.224,0.224,0.246,0.246
0.593,1.109,-10.285,0.212,0.212,0.237,0.237
0.589,1.109,-10.281,0.235,0.235,0.246,0.246
0.587,0.848,-10.279,0.215,0.215,0.246,0.246
0.589,0.668,-10.280,0.230,0.230,0.247,0.247
0.591,0.554,-10.281,0.221,0.221,0.250,0.250
0.591,0.326,-10.281,0.229,0.229,0.253,0.253
0.589,0.130,-10.281,0.220,0.220,0.233,0.233
0.587,0.163,-10.280,0.235,0.235,0.247,0.247
0.587,0.424,-10.280,0.221,0.221,0.255,0.255
0.586,0.946,-10.279,0.235,0.235,0.253,0.253
0.585,1.664,-10.278,0.218,0.218,0.255,0.255
0.584,2.366,-10.277,0.238,0.238,0.252,0.252
0.583,2.937,-10.274,0.221,0.221,0.256,0.256
0.580,3.182,-10.265,0.223,0.223,0.247,0.247
0.579,3.394,-10.261,0.229,0.229,0.258,0.258
0.576,3.541,-10.252,0.215,0.215,0.250,0.250
0.575,3.606,-10.248,0.227,0.227,0.256,0.256
0.578,3.557,-10.259,0.221,0.221,0.255,0.255
0.578,3.557,-10.259,0.233,0.233,0.264,0.264
0.577,3.557,-10.255,0.218,0.218,0.252,0.252
0.575,3.508,-10.247,0.221,0.221,0.249,0.249
0.573,3.345,-10.242,0.212,0.212,0.259,0.259
0.572,3.329,-10.238,0.221,0.221,0.250,0.250
0.572,3.231,-10.236,0.203,0.203,0.249,0.249
0.571,3.133,-10.233,0.221,0.221,0.250,0.250
0.571,3.019,-10.234,0.206,0.206,0.255,0.255
0.569,2.839,-10.228,0.227,0.227,0.253,0.253
0.567,2.578,-10.222,0.215,0.215,0.255,0.255
0.564,2.545,-10.214,0.230,0.230,0.253,0.253
0.563,2.562,-10.211,0.221,0.221,0.259,0.259
0.565,2.545,-10.218,0.233,0.233,0.253,0.253
0.567,2.349,-10.221,0.227,0.227,0.276,0.276
0.565,2.088,-10.218,0.246,0.246,0.256,0.256
0.564,1.795,-10.216,0.227,0.227,0.276,0.276
0.562,1.550,-10.212,0.256,0.256,0.288,0.288
0.560,1.060,-10.209,0.230,0.230,0.275,0.275
0.560,0.685,-10.209,0.253,0.253,0.270,0.270
0.559,0.571,-10.209,0.229,0.229,0.256,0.256
0.558,0.538,-10.208,0.247,0.247,0.270,0.270
0.557,0.424,-10.208,0.224,0.224,0.255,0.255
0.555,0.391,-10.207,0.243,0.243,0.270,0.270
0.552,0.326,-10.206,0.221,0.221,0.273,0.273
0.551,0.195,-10.206,0.240,0.240,0.264,0.264
0.551,-0.001,-10.206,0.218,0.218,0.262,0.262
0.554,-0.327,-10.205,0.246,0.246,0.258,0.258
0.553,-0.784,-10.206,0.224,0.224,0.262,0.262
0.552,-1.045,-10.207,0.240,0.240,0.262,0.262
0.551,-0.947,-10.208,0.223,0.223,0.256,0.256
0.548,-0.849,-10.211,0.230,0.230,0.252,0.252
0.547,-0.817,-10.211,0.226,0.226,0.264,0.264
0.547,-0.800,-10.211,0.238,0.238,0.255,0.255
0.546,-0.866,-10.212,0.232,0.232,0.279,0.279
0.545,-1.094,-10.213,0.229,0.229,0.252,0.252
0.543,-1.241,-10.216,0.223,0.223,0.244,0.244
0.539,-1.323,-10.220,0.246,0.246,0.253,0.253
0.539,-1.094,-10.221,0.235,0.235,0.261,0.261
0.540,-0.833,-10.219,0.238,0.238,0.255,0.255
0.541,-0.833,-10.218,0.233,0.233,0.261,0.261
0.540,-1.012,-10.219,0.235,0.235,0.276,0.276
0.539,-1.274,-10.221,0.237,0.237,0.255,0.255
0.538,-1.355,-10.222,0.224,0.224,0.249,0.249
0.536,-1.567,-10.225,0.241,0.241,0.258,0.258
0.535,-1.763,-10.226,0.232,0.232,0.259,0.259
0.535,-1.535,-10.227,0.243,0.243,0.258,0.258
0.533,-1.094,-10.229,0.230,0.230,0.255,0.255
0.533,-0.458,-10.229,0.246,0.246,0.269,0.269
0.531,0.114,-10.230,0.229,0.229,0.261,0.261
0.529,0.456,-10.229,0.233,0.233,0.252,0.252
0.526,0.603,-10.227,0.220,0.220,0.250,0.250
0.525,0.391,-10.227,0.230,0.230,0.249,0.249
0.529,0.195,-10.228,0.203,0.203,0.249,0.249
0.528,0.097,-10.228,0.226,0.226,0.240,0.240
0.528,0.114,-10.228,0.209,0.209,0.215,0.215
0.526,0.195,-10.228,0.221,0.221,0.233,0.233
0.524,0.391,-10.227,0.203,0.203,0.244,0.244
0.523,0.554,-10.227,0.224,0.224,0.235,0.235
0.523,0.473,-10.227,0.211,0.211,0.233,0.233
0.522,0.440,-10.226,0.224,0.224,0.232,0.232
0.521,0.326,-10.226,0.214,0.214,0.238,0.238
0.520,0.195,-10.226,0.230,0.230,0.233,0.233
0.518,0.146,-10.225,0.218,0.218,0.243,0.243
0.515,0.114,-10.225,0.217,0.217,0.249,0.249
0.512,0.146,-10.225,0.227,0.227,0.247,0.247
0.515,0.424,-10.225,0.235,0.235,0.241,0.241
0.516,0.946,-10.226,0.224,0.224,0.262,0.262
0.516,1.615,-10.226,0.232,0.232,0.249,0.249
0.514,2.137,-10.222,0.232,0.232,0.258,0.258
0.513,2.496,-10.220,0.230,0.230,0.252,0.252
0.511,2.855,-10.216,0.220,0.220,0.255,0.255
0.509,3.068,-10.211,0.227,0.227,0.255,0.255
0.509,3.116,-10.209,0.226,0.226,0.252,0.252
0.508,3.100,-10.205,0.224,0.224,0.279,0.279
0.508,3.068,-10.206,0.229,0.229,0.255,0.255
0.507,3.084,-10.202,0.215,0.215,0.246,0.246
0.503,3.068,-10.191,0.233,0.233,0.255,0.255
0.501,3.100,-10.185,0.214,0.214,0.258,0.258
0.501,3.035,-10.184,0.227,0.227,0.261,0.261
0.505,2.855,-10.196,0.211,0.211,0.250,0.250
0.504,2.578,-10.194,0.217,0.217,0.264,0.264
0.502,2.268,-10.188,0.212,0.212,0.249,0.249
0.501,1.876,-10.186,0.224,0.224,0.247,0.247
0.499,1.582,-10.183,0.211,0.211,0.255,0.255
0.499,1.305,-10.182,0.221,0.221,0.252,0.252
0.498,1.142,-10.181,0.214,0.214,0.252,0.252
0.496,1.125,-10.179,0.224,0.224,0.249,0.249
0.496,1.321,-10.179,0.204,0.204,0.249,0.249
0.494,1.566,-10.176,0.227,0.227,0.252,0.252
0.491,1.354,-10.172,0.214,0.214,0.255,0.255
0.488,0.897,-10.169,0.227,0.227,0.253,0.253
0.488,0.391,-10.169,0.218,0.218,0.259,0.259
0.492,0.097,-10.170,0.246,0.246,0.261,0.261
0.492,0.114,-10.170,0.237,0.237,0.281,0.281
0.491,0.424,-10.170,0.258,0.258,0.255,0.255
0.489,0.913,-10.168,0.237,0.237,0.273,0.273
0.487,1.338,-10.165,0.253,0.253,0.279,0.279
0.486,1.599,-10.164,0.230,0.230,0.273,0.273
0.484,1.436,-10.162,0.256,0.256,0.270,0.270
0.484,1.142,-10.161,0.226,0.226,0.255,0.255
0.483,0.783,-10.161,0.246,0.246,0.269,0.269
0.482,0.375,-10.160,0.238,0.238,0.262,0.262
0.480,0.016,-10.160,0.244,0.244,0.273,0.273
0.477,-0.311,-10.160,0.230,0.230,0.273,0.273
0.474,-0.604,-10.162,0.247,0.247,0.264,0.264
0.475,-0.751,-10.161,0.233,0.233,0.261,0.261
0.478,-0.572,-10.159,0.241,0.241,0.273,0.273
0.477,-0.360,-10.159,0.224,0.224,0.267,0.267
0.476,-0.229,-10.160,0.233,0.233,0.261,0.261
0.475,-0.262,-10.160,0.227,0.227,0.261,0.261
0.474,-0.278,-10.160,0.230,0.230,0.253,0.253
0.472,-0.311,-10.161,0.232,0.232,0.261,0.261
0.472,-0.294,-10.161,0.233,0.233,0.249,0.249
0.470,-0.294,-10.161,0.224,0.224,0.284,0.284
0.470,-0.196,-10.161,0.233,0.233,0.255,0.255
0.467,0.048,-10.162,0.226,0.226,0.246,0.246
0.464,0.228,-10.161,0.224,0.224,0.256,0.256
0.462,0.456,-10.161,0.227,0.227,0.253,0.253
0.466,0.636,-10.162,0.224,0.224,0.255,0.255
0.467,0.913,-10.164,0.232,0.232,0.252,0.252
0.467,0.864,-10.163,0.221,0.221,0.264,0.264
0.465,0.717,-10.161,0.240,0.240,0.252,0.252
0.462,0.620,-10.160,0.227,0.227,0.256,0.256
0.461,0.603,-10.159,0.240,0.240,0.258,0.258
0.461,0.620,-10.159,0.230,0.230,0.258,0.258
0.461,0.391,-10.159,0.247,0.247,0.255,0.255
0.459,0.195,-10.159,0.230,0.230,0.255,0.255
0.458,-0.050,-10.159,0.237,0.237,0.247,0.247
0.457,-0.490,-10.159,0.233,0.233,0.255,0.255
0.452,-0.849,-10.162,0.243,0.243,0.255,0.255
0.451,-1.176,-10.164,0.223,0.223,0.253,0.253
0.451,-1.257,-10.163,0.243,0.243,0.252,0.252
0.454,-1.078,-10.160,0.223,0.223,0.232,0.232
0.455,-0.800,-10.159,0.232,0.232,0.233,0.233
0.454,-0.523,-10.160,0.201,0.201,0.229,0.229
0.451,-0.229,-10.161,0.227,0.227,0.230,0.230
0.449,0.097,-10.161,0.206,0.206,0.240,0.240
0.447,0.195,-10.161,0.221,0.221,0.238,0.238
0.447,0.163,-10.161,0.211,0.211,0.240,0.240
0.446,0.179,-10.160,0.226,0.226,0.233,0.233
0.445,0.163,-10.160,0.212,0.212,0.238,0.238
0.444,0.130,-10.160,0.227,0.227,0.237,0.237
0.443,0.163,-10.160,0.226,0.226,0.235,0.235
0.440,0.163,-10.159,0.215,0.215,0.244,0.244
0.437,0.473,-10.159,0.221,0.221,0.247,0.247
0.439,0.848,-10.160,0.223,0.223,0.247,0.247
0.442,1.125,-10.162,0.226,0.226,0.264,0.264
0.440,1.174,-10.161,0.218,0.218,0.250,0.250
0.440,1.125,-10.160,0.217,0.217,0.252,0.252
0.437,0.848,-10.158,0.221,0.221,0.252,0.252
0.435,0.407,-10.156,0.233,0.233,0.255,0.255
0.435,0.163,-10.156,0.215,0.215,0.256,0.256
0.434,0.065,-10.156,0.230,0.230,0.259,0.259
0.433,0.097,-10.156,0.212,0.212,0.284,0.284
0.433,0.146,-10.156,0.230,0.230,0.252,0.252
0.429,0.195,-10.155,0.206,0.206,0.243,0.243
0.427,0.016,-10.155,0.230,0.230,0.249,0.249
0.425,-0.115,-10.155,0.211,0.211,0.255,0.255
0.429,0.032,-10.155,0.227,0.227,0.252,0.252
0.430,-0.001,-10.155,0.215,0.215,0.258,0.258
0.429,-0.066,-10.155,0.233,0.233,0.246,0.246
0.428,0.016,-10.155,0.214,0.214,0.253,0.253
0.424,0.195,-10.155,0.229,0.229,0.252,0.252
0.424,0.473,-10.155,0.209,0.209,0.249,0.249
0.423,0.913,-10.154,0.227,0.227,0.249,0.249
0.422,1.354,-10.152,0.200,0.200,0.235,0.235
0.421,1.631,-10.152,0.230,0.230,0.249,0.249
0.420,1.615,-10.150,0.209,0.209,0.264,0.264
0.418,1.354,-10.146,0.235,0.235,0.255,0.255
0.414,1.093,-10.142,0.208,0.208,0.250,0.250
0.414,0.783,-10.141,0.247,0.247,0.249,0.249
0.413,0.391,-10.141,0.223,0.223,0.259,0.259
0.417,-0.033,-10.142,0.244,0.244,0.270,0.270
0.415,-0.539,-10.142,0.238,0.238,0.279,0.279
0.414,-0.849,-10.143,0.252,0.252,0.264,0.264
0.413,-0.915,-10.144,0.229,0.229,0.282,0.282
0.412,-1.110,-10.145,0.256,0.256,0.279,0.279
0.410,-1.306,-10.148,0.235,0.235,0.275,0.275
0.410,-1.600,-10.148,0.243,0.243,0.270,0.270
0.409,-1.747,-10.149,0.244,0.244,0.258,0.258
0.408,-1.535,-10.151,0.247,0.247,0.275,0.275
0.407,-1.110,-10.153,0.238,0.238,0.275,0.275
0.404,-0.686,-10.155,0.238,0.238,0.276,0.276
0.401,-0.131,-10.156,0.233,0.233,0.272,0.272
0.400,0.195,-10.156,0.227,0.227,0.267,0.267
0.403,0.522,-10.157,0.218,0.218,0.264,0.264
0.404,0.881,-10.159,0.229,0.229,0.250,0.250
0.402,1.109,-10.156,0.229,0.229,0.259,0.259
0.401,1.109,-10.156,0.226,0.226,0.261,0.261
0.399,0.881,-10.153,0.235,0.235,0.262,0.262
0.398,0.685,-10.153,0.221,0.221,0.258,0.258
0.398,0.554,-10.152,0.229,0.229,0.275,0.275
0.397,0.571,-10.152,0.217,0.217,0.258,0.258
0.397,0.358,-10.152,0.230,0.230,0.243,0.243
0.395,0.195,-10.151,0.226,0.226,0.252,0.252
0.392,-0.017,-10.151,0.226,0.226,0.256,0.256
0.388,-0.245,-10.151,0.223,0.223,0.255,0.255
0.388,-0.327,-10.152,0.235,0.235,0.255,0.255
0.392,-0.392,-10.150,0.217,0.217,0.270,0.270
0.392,-0.572,-10.150,0.243,0.243,0.261,0.261
0.390,-0.849,-10.152,0.221,0.221,0.253,0.253
0.388,-1.061,-10.153,0.237,0.237,0.250,0.250
0.388,-1.061,-10.154,0.221,0.221,0.258,0.258
0.386,-0.882,-10.156,0.246,0.246,0.253,0.253
0.385,-0.784,-10.157,0.226,0.226,0.259,0.259
0.384,-0.800,-10.157,0.244,0.244,0.249,0.249
0.383,-0.800,-10.158,0.230,0.230,0.256,0.256
0.383,-0.784,-10.158,0.252,0.252,0.258,0.258
0.380,-0.572,-10.160,0.232,0.232,0.255,0.255
0.377,-0.343,-10.161,0.246,0.246,0.253,0.253
0.376,-0.164,-10.162,0.229,0.229,0.241,0.241
0.376,0.097,-10.162,0.237,0.237,0.252,0.252
0.381,0.228,-10.162,0.209,0.209,0.256,0.256
0.380,0.032,-10.162,0.230,0.230,0.238,0.238
0.377,-0.262,-10.163,0.203,0.203,0.243,0.243
0.376,-0.572,-10.163,0.220,0.220,0.232,0.232
0.374,-0.817,-10.164,0.206,0.206,0.229,0.229
0.373,-0.849,-10.165,0.230,0.230,0.261,0.261
0.372,-0.849,-10.166,0.218,0.218,0.238,0.238
0.371,-0.817,-10.166,0.218,0.218,0.240,0.240
0.371,-0.849,-10.167,0.223,0.223,0.237,0.237
0.369,-1.045,-10.169,0.212,0.212,0.243,0.243
0.365,-0.980,-10.172,0.226,0.226,0.240,0.240
0.363,-0.523,-10.174,0.215,0.215,0.240,0.240
0.362,0.032,-10.175,0.226,0.226,0.229,0.229
0.367,0.293,-10.175,0.223,0.223,0.246,0.246
0.367,0.424,-10.175,0.224,0.224,0.258,0.258
0.365,0.636,-10.174,0.218,0.218,0.246,0.246
0.364,0.881,-10.174,0.237,0.237,0.250,0.250
0.363,1.109,-10.172,0.212,0.212,0.247,0.247
0.361,1.142,-10.170,0.224,0.224,0.250,0.250
0.360,1.125,-10.169,0.212,0.212,0.241,0.241
0.360,1.109,-10.169,0.227,0.227,0.252,0.252
0.358,1.109,-10.167,0.206,0.206,0.262,0.262
0.356,1.109,-10.165,0.237,0.237,0.252,0.252
0.352,1.093,-10.161,0.218,0.218,0.255,0.255
0.350,1.109,-10.158,0.232,0.232,0.258,0.258
0.351,1.109,-10.159,0.220,0.220,0.255,0.255
0.353,1.125,-10.162,0.233,0.233,0.247,0.247
0.355,1.109,-10.163,0.214,0.214,0.252,0.252
0.352,1.076,-10.161,0.226,0.226,0.249,0.249
0.350,0.864,-10.158,0.215,0.215,0.250,0.250
0.350,0.636,-10.159,0.226,0.226,0.255,0.255
0.349,0.620,-10.158,0.208,0.208,0.264,0.264
0.348,0.603,-10.157,0.233,0.233,0.253,0.253
0.347,0.685,-10.157,0.212,0.212,0.249,0.249
0.346,0.897,-10.156,0.232,0.232,0.246,0.246
0.345,1.093,-10.155,0.204,0.204,0.246,0.246
0.340,1.142,-10.149,0.233,0.233,0.249,0.249
0.338,1.093,-10.147,0.220,0.220,0.258,0.258
0.339,0.881,-10.148,0.227,0.227,0.249,0.249
0.341,0.603,-10.149,0.229,0.229,0.256,0.256
0.342,0.342,-10.150,0.240,0.240,0.253,0.253
0.341,0.163,-10.150,0.235,0.235,0.278,0.278
0.339,0.081,-10.149,0.249,0.249,0.270,0.270
0.336,0.146,-10.149,0.244,0.244,0.291,0.291
0.336,0.146,-10.149,0.246,0.246,0.275,0.275
0.335,0.146,-10.149,0.246,0.246,0.266,0.266
0.335,0.163,-10.149,0.246,0.246,0.273,0.273
0.334,0.195,-10.149,0.241,0.241,0.266,0.266
0.333,-0.001,-10.149,0.230,0.230,0.276,0.276
0.330,-0.262,-10.149,0.238,0.238,0.270,0.270
0.327,-0.604,-10.151,0.233,0.233,0.269,0.269
0.325,-0.817,-10.152,0.227,0.227,0.266,0.266
0.329,-0.833,-10.149,0.243,0.243,0.270,0.270
0.330,-0.474,-10.148,0.232,0.232,0.267,0.267
0.330,0.081,-10.148,0.226,0.226,0.256,0.256
0.327,0.815,-10.146,0.235,0.235,0.255,0.255
0.325,1.697,-10.144,0.220,0.220,0.261,0.261
0.324,2.725,-10.141,0.229,0.229,0.259,0.259
0.324,3.720,-10.141,0.227,0.227,0.256,0.256
0.323,4.667,-10.140,0.232,0.232,0.258,0.258
0.322,5.467,-10.131,0.220,0.220,0.262,0.262
0.321,6.446,-10.124,0.232,0.232,0.253,0.253
0.318,7.572,-10.107,0.221,0.221,0.281,0.281
0.315,8.616,-10.081,0.240,0.240,0.258,0.258
0.314,9.710,-10.069,0.218,0.218,0.249,0.249
0.317,10.820,-10.104,0.238,0.238,0.249,0.249
0.319,11.782,-10.126,0.220,0.220,0.249,0.249
0.317,12.566,-10.104,0.240,0.240,0.253,0.253
0.316,13.235,-10.084,0.220,0.220,0.256,0.256
0.314,13.708,-10.057,0.246,0.246,0.252,0.252
0.312,14.035,-10.039,0.227,0.227,0.258,0.258
0.312,14.492,-10.034,0.238,0.238,0.253,0.253
0.312,15.112,-10.035,0.233,0.233,0.256,0.256
0.311,15.732,-10.019,0.250,0.250,0.256,0.256
0.310,16.189,-10.009,0.227,0.227,0.261,0.261
0.308,16.466,-9.965,0.247,0.247,0.256,0.256
0.303,16.744,-9.893,0.230,0.230,0.253,0.253
0.303,17.119,-9.884,0.252,0.252,0.259,0.259
0.306,17.609,-9.934,0.221,0.221,0.261,0.261
0.307,17.902,-9.961,0.249,0.249,0.249,0.249
0.307,18.212,-9.949,0.215,0.215,0.247,0.247
0.305,18.604,-9.919,0.232,0.232,0.229,0.229
0.303,18.898,-9.877,0.204,0.204,0.230,0.230
0.301,19.175,-9.847,0.223,0.223,0.235,0.235
0.302,19.616,-9.856,0.209,0.209,0.237,0.237
0.301,20.040,-9.838,0.215,0.215,0.241,0.241
0.300,20.367,-9.821,0.218,0.218,0.240,0.240
0.298,20.644,-9.784,0.218,0.218,0.244,0.244
0.297,21.068,-9.769,0.218,0.218,0.258,0.258
0.294,21.313,-9.703,0.212,0.212,0.243,0.243
0.293,21.607,-9.684,0.230,0.230,0.240,0.240
0.292,21.803,-9.656,0.212,0.212,0.243,0.243
0.295,21.819,-9.730,0.229,0.229,0.247,0.247
0.297,21.819,-9.765,0.215,0.215,0.249,0.249
0.296,21.770,-9.745,0.227,0.227,0.243,0.243
0.293,21.803,-9.684,0.214,0.214,0.224,0.224
0.291,21.787,-9.635,0.224,0.224,0.246,0.246
0.290,21.803,-9.624,0.217,0.217,0.258,0.258
0.291,21.770,-9.629,0.230,0.230,0.253,0.253
0.290,21.787,-9.616,0.214,0.214,0.253,0.253
0.289,21.787,-9.582,0.233,0.233,0.246,0.246
0.287,21.803,-9.549,0.224,0.224,0.255,0.255
0.285,21.819,-9.507,0.233,0.233,0.247,0.247
0.283,22.048,-9.453,0.212,0.212,0.246,0.246
0.284,22.162,-9.493,0.223,0.223,0.247,0.247
0.287,22.097,-9.548,0.212,0.212,0.250,0.250
0.286,21.819,-9.535,0.229,0.229,0.252,0.252
0.285,21.819,-9.503,0.223,0.223,0.264,0.264
0.283,22.031,-9.452,0.237,0.237,0.255,0.255
0.283,22.488,-9.463,0.212,0.212,0.250,0.250
0.282,22.831,-9.430,0.244,0.244,0.246,0.246
0.281,23.386,-9.426,0.211,0.211,0.249,0.249
0.279,23.973,-9.378,0.232,0.232,0.250,0.250
0.279,24.577,-9.377,0.204,0.204,0.255,0.255
0.278,25.051,-9.343,0.232,0.232,0.267,0.267
0.276,25.540,-9.296,0.208,0.208,0.255,0.255
0.274,26.030,-9.251,0.229,0.229,0.250,0.250
0.273,26.487,-9.214,0.224,0.224,0.253,0.253
0.274,26.748,-9.240,0.232,0.232,0.258,0.258
0.277,27.025,-9.334,0.232,0.232,0.259,0.259
0.277,27.531,-9.310,0.243,0.243,0.255,0.255
0.275,28.315,-9.268,0.238,0.238,0.258,0.258
0.275,29.522,-9.262,0.249,0.249,0.278,0.278
0.272,30.975,-9.186,0.238,0.238,0.291,0.291
0.272,32.280,-9.173,0.243,0.243,0.281,0.281
0.272,33.292,-9.168,0.246,0.246,0.272,0.272
0.271,34.239,-9.132,0.241,0.241,0.258,0.258
0.270,35.153,-9.105,0.237,0.237,0.269,0.269
0.270,35.969,-9.103,0.246,0.246,0.256,0.256
0.267,36.964,-9.010,0.230,0.230,0.267,0.267
0.264,38.188,-8.897,0.241,0.241,0.282,0.282
0.264,39.706,-8.866,0.233,0.233,0.273,0.273
0.268,41.354,-9.038,0.226,0.226,0.258,0.258
0.267,42.921,-9.002,0.229,0.229,0.272,0.272
0.267,44.390,-9.002,0.230,0.230,0.264,0.264
0.265,45.793,-8.909,0.230,0.230,0.259,0.259
0.264,47.017,-8.885,0.218,0.218,0.258,0.258
0.264,48.045,-8.847,0.240,0.240,0.256,0.256
0.262,48.959,-8.786,0.220,0.220,0.259,0.259
0.262,49.645,-8.771,0.224,0.224,0.261,0.261
0.261,49.939,-8.738,0.224,0.224,0.266,0.266
0.261,50.183,-8.707,0.232,0.232,0.252,0.252
0.260,50.575,-8.661,0.218,0.218,0.259,0.259
0.257,51.032,-8.525,0.237,0.237,0.252,0.252
0.255,51.326,-8.427,0.224,0.224,0.255,0.255
0.257,51.358,-8.530,0.241,0.241,0.255,0.255
0.260,51.309,-8.696,0.224,0.224,0.255,0.255
0.259,51.277,-8.609,0.243,0.243,0.252,0.252
0.258,51.277,-8.549,0.227,0.227,0.255,0.255
0.257,51.228,-8.497,0.240,0.240,0.252,0.252
0.256,50.983,-8.463,0.224,0.224,0.256,0.256
0.255,50.542,-8.397,0.246,0.246,0.258,0.258
0.255,49.971,-8.407,0.232,0.232,0.253,0.253
0.254,49.237,-8.382,0.246,0.246,0.256,0.256
0.252,48.502,-8.277,0.243,0.243,0.267,0.267
0.252,47.752,-8.263,0.255,0.255,0.253,0.253
0.249,47.066,-8.107,0.227,0.227,0.256,0.256
0.248,46.495,-8.059,0.256,0.256,0.247,0.247
0.250,46.054,-8.171,0.224,0.224,0.258,0.258
0.253,45.581,-8.299,0.237,0.237,0.264,0.264
0.252,45.304,-8.253,0.221,0.221,0.253,0.253
0.252,44.749,-8.274,0.229,0.229,0.241,0.241
0.250,44.161,-8.168,0.209,0.209,0.237,0.237
0.247,43.508,-8.062,0.212,0.212,0.235,0.235
0.248,42.774,-8.071,0.217,0.217,0.237,0.237
0.247,41.828,-8.033,0.214,0.214,0.237,0.237
0.247,40.865,-8.052,0.220,0.220,0.227,0.227
0.245,40.081,-7.979,0.214,0.214,0.249,0.249
0.247,39.331,-8.027,0.220,0.220,0.246,0.246
0.244,38.694,-7.910,0.217,0.217,0.244,0.244
0.242,38.156,-7.837,0.214,0.214,0.233,0.233
0.239,37.650,-7.732,0.214,0.214,0.250,0.250
0.242,37.209,-7.846,0.227,0.227,0.243,0.243
0.244,36.736,-7.921,0.221,0.221,0.241,0.241
0.245,36.524,-7.948,0.229,0.229,0.252,0.252
0.244,36.491,-7.924,0.218,0.218,0.249,0.249
0.242,36.768,-7.853,0.230,0.230,0.250,0.250
0.241,37.013,-7.803,0.212,0.212,0.252,0.252
0.241,37.340,-7.799,0.232,0.232,0.241,0.241
0.240,37.519,-7.782,0.215,0.215,0.255,0.255
0.239,37.552,-7.745,0.227,0.227,0.261,0.261
0.239,37.568,-7.745,0.211,0.211,0.255,0.255
0.238,37.535,-7.706,0.238,0.238,0.249,0.249
0.235,37.503,-7.595,0.217,0.217,0.249,0.249
0.233,37.519,-7.517,0.233,0.233,0.255,0.255
0.236,37.519,-7.622,0.215,0.215,0.256,0.256
0.238,37.535,-7.702,0.243,0.243,0.250,0.250
0.237,37.503,-7.675,0.209,0.209,0.247,0.247
0.236,37.535,-7.626,0.230,0.230,0.252,0.252
0.235,37.552,-7.572,0.212,0.212,0.252,0.252
0.235,37.813,-7.570,0.233,0.233,0.264,0.264
0.234,38.286,-7.559,0.208,0.208,0.253,0.253
0.234,38.841,-7.534,0.227,0.227,0.243,0.243
0.234,39.592,-7.550,0.215,0.215,0.252,0.252
0.233,40.244,-7.505,0.223,0.223,0.249,0.249
0.231,40.848,-7.441,0.220,0.220,0.255,0.255
0.228,41.534,-7.317,0.230,0.230,0.247,0.247
0.228,41.958,-7.310,0.212,0.212,0.255,0.255
0.229,42.284,-7.328,0.237,0.237,0.252,0.252
0.232,42.464,-7.488,0.227,0.227,0.259,0.259
0.233,42.774,-7.528,0.243,0.243,0.259,0.259
0.230,43.215,-7.375,0.230,0.230,0.270,0.270
0.231,43.998,-7.410,0.247,0.247,0.267,0.267
0.229,44.651,-7.339,0.243,0.243,0.276,0.276
0.229,44.977,-7.330,0.246,0.246,0.264,0.264
0.228,45.255,-7.291,0.244,0.244,0.276,0.276
0.228,45.385,-7.297,0.240,0.240,0.281,0.281
0.228,45.679,-7.288,0.233,0.233,0.264,0.264
0.227,45.875,-7.232,0.241,0.241,0.269,0.269
0.226,46.218,-7.189,0.238,0.238,0.267,0.267
0.222,46.642,-7.035,0.230,0.230,0.273,0.273
0.223,47.164,-7.062,0.241,0.241,0.264,0.264
0.223,47.637,-7.084,0.227,0.227,0.253,0.253
0.227,47.915,-7.234,0.237,0.237,0.264,0.264
0.227,48.176,-7.238,0.221,0.221,0.262,0.262
0.225,48.372,-7.138,0.237,0.237,0.267,0.267
0.224,48.633,-7.125,0.221,0.221,0.273,0.273
0.224,48.829,-7.111,0.226,0.226,0.249,0.249
0.222,48.910,-7.036,0.223,0.223,0.249,0.249
0.223,49.123,-7.075,0.233,0.233,0.256,0.256
0.223,49.302,-7.059,0.223,0.223,0.253,0.253
0.221,49.384,-6.974,0.232,0.232,0.256,0.256
0.220,49.384,-6.938,0.227,0.227,0.253,0.253
0.218,49.335,-6.810,0.232,0.232,0.229,0.229
0.217,49.335,-6.784,0.215,0.215,0.252,0.252
0.220,49.335,-6.928,0.240,0.240,0.258,0.258
0.222,49.400,-7.038,0.220,0.220,0.258,0.258
0.221,49.580,-6.987,0.232,0.232,0.255,0.255
0.221,49.808,-6.967,0.226,0.226,0.238,0.238
0.220,49.873,-6.937,0.243,0.243,0.255,0.255
0.218,49.873,-6.827,0.227,0.227,0.264,0.264
0.219,50.069,-6.876,0.252,0.252,0.255,0.255
0.220,50.281,-6.900,0.220,0.220,0.253,0.253
0.218,50.347,-6.826,0.253,0.253,0.253,0.253
0.218,50.363,-6.831,0.232,0.232,0.253,0.253
0.217,50.281,-6.756,0.249,0.249,0.275,0.275
0.213,50.004,-6.555,0.238,0.238,0.262,0.262
0.213,49.612,-6.571,0.244,0.244,0.249,0.249
0.214,49.286,-6.624,0.223,0.223,0.256,0.256
0.217,48.992,-6.743,0.240,0.240,0.253,0.253
0.219,48.551,-6.835,0.223,0.223,0.250,0.250
0.218,48.013,-6.809,0.220,0.220,0.233,0.233
0.215,47.262,-6.688,0.220,0.220,0.230,0.230
0.214,46.577,-6.622,0.212,0.212,0.229,0.229
0.215,46.005,-6.653,0.220,0.220,0.240,0.240
0.215,45.548,-6.668,0.203,0.203,0.235,0.235
0.214,45.059,-6.613,0.217,0.217,0.240,0.240
0.215,44.635,-6.660,0.206,0.206,0.246,0.246
0.213,44.373,-6.592,0.218,0.218,0.230,0.230
0.213,44.324,-6.576,0.206,0.206,0.220,0.220
0.209,44.390,-6.414,0.224,0.224,0.232,0.232
0.208,44.406,-6.370,0.212,0.212,0.253,0.253
0.212,44.373,-6.537,0.223,0.223,0.240,0.240
0.214,44.145,-6.616,0.221,0.221,0.240,0.240
0.214,43.965,-6.628,0.232,0.232,0.235,0.235
0.213,43.868,-6.595,0.215,0.215,0.246,0.246
0.211,43.851,-6.483,0.233,0.233,0.244,0.244
0.212,43.623,-6.523,0.215,0.215,0.246,0.246
0.211,43.476,-6.474,0.237,0.237,0.249,0.249
0.211,43.329,-6.491,0.212,0.212,0.253,0.253
0.211,43.149,-6.497,0.240,0.240,0.249,0.249
0.211,42.937,-6.479,0.218,0.218,0.264,0.264
0.208,42.888,-6.366,0.238,0.238,0.250,0.250
0.205,42.888,-6.229,0.217,0.217,0.246,0.246
0.205,42.954,-6.246,0.240,0.240,0.250,0.250
0.209,42.954,-6.397,0.224,0.224,0.256,0.256
0.211,42.921,-6.497,0.224,0.224,0.255,0.255
0.211,42.954,-6.470,0.226,0.226,0.256,0.256
0.210,43.182,-6.457,0.223,0.223,0.267,0.267
0.208,43.411,-6.366,0.215,0.215,0.252,0.252
0.209,43.460,-6.382,0.217,0.217,0.247,0.247
0.208,43.476,-6.374,0.220,0.220,0.252,0.252
0.208,43.688,-6.371,0.214,0.214,0.250,0.250
0.208,43.868,-6.343,0.220,0.220,0.249,0.249
0.207,43.949,-6.337,0.214,0.214,0.250,0.250
0.207,43.916,-6.315,0.224,0.224,0.247,0.247
0.204,43.900,-6.183,0.198,0.198,0.252,0.252
0.202,43.916,-6.104,0.232,0.232,0.252,0.252
0.206,43.933,-6.272,0.212,0.212,0.246,0.246
0.207,44.145,-6.313,0.229,0.229,0.249,0.249
0.210,44.390,-6.440,0.218,0.218,0.241,0.241
0.208,44.422,-6.382,0.249,0.249,0.275,0.275
0.207,44.439,-6.305,0.227,0.227,0.272,0.272
0.206,44.422,-6.281,0.250,0.250,0.270,0.270
0.206,44.684,-6.281,0.240,0.240,0.279,0.279
0.205,44.847,-6.244,0.252,0.252,0.273,0.273
0.205,44.912,-6.244,0.229,0.229,0.269,0.269
0.206,44.961,-6.274,0.256,0.256,0.278,0.278
0.206,45.124,-6.262,0.227,0.227,0.270,0.270
0.204,45.336,-6.178,0.243,0.243,0.266,0.266
0.200,45.451,-6.017,0.224,0.224,0.272,0.272
0.201,45.434,-6.034,0.246,0.246,0.266,0.266
0.203,45.402,-6.136,0.223,0.223,0.264,0.264
0.206,45.402,-6.272,0.246,0.246,0.259,0.259
0.206,45.418,-6.272,0.229,0.229,0.235,0.235
0.207,45.320,-6.296,0.246,0.246,0.253,0.253
0.205,45.124,-6.239,0.223,0.223,0.261,0.261
0.203,44.912,-6.128,0.241,0.241,0.258,0.258
0.203,44.847,-6.158,0.226,0.226,0.252,0.252
0.204,44.847,-6.200,0.237,0.237,0.246,0.246
0.204,44.928,-6.177,0.218,0.218,0.250,0.250
0.204,45.173,-6.200,0.237,0.237,0.246,0.246
0.203,45.336,-6.150,0.224,0.224,0.255,0.255
0.200,45.434,-6.021,0.229,0.229,0.255,0.255
0.199,45.434,-5.971,0.241,0.241,0.258,0.258
0.204,45.353,-6.167,0.227,0.227,0.252,0.252
0.206,45.173,-6.260,0.235,0.235,0.272,0.272
0.206,45.173,-6.254,0.223,0.223,0.259,0.259
0.204,45.287,-6.197,0.241,0.241,0.247,0.247
0.203,45.140,-6.140,0.223,0.223,0.252,0.252
0.202,44.977,-6.107,0.230,0.230,0.252,0.252
0.202,44.847,-6.098,0.224,0.224,0.258,0.258
0.203,44.814,-6.147,0.243,0.243,0.252,0.252
0.203,44.618,-6.129,0.227,0.227,0.252,0.252
0.203,44.439,-6.131,0.246,0.246,0.255,0.255
0.202,44.357,-6.088,0.240,0.240,0.258,0.258
0.200,44.357,-5.984,0.246,0.246,0.255,0.255
0.199,44.406,-5.950,0.224,0.224,0.269,0.269
0.202,44.406,-6.078,0.249,0.249,0.238,0.238
0.204,44.422,-6.196,0.221,0.221,0.252,0.252
0.205,44.390,-6.231,0.235,0.235,0.250,0.250
0.204,44.357,-6.199,0.211,0.211,0.226,0.226
0.204,44.145,-6.165,0.223,0.223,0.232,0.232
0.202,43.933,-6.105,0.211,0.211,0.237,0.237
0.203,43.868,-6.120,0.223,0.223,0.224,0.224
0.203,43.868,-6.153,0.214,0.214,0.252,0.252
0.203,43.916,-6.133,0.233,0.233,0.235,0.235
0.203,43.884,-6.138,0.215,0.215,0.235,0.235
0.202,43.933,-6.076,0.215,0.215,0.230,0.230
0.201,43.900,-6.031,0.226,0.226,0.237,0.237
0.198,43.868,-5.936,0.215,0.215,0.233,0.233
0.198,43.655,-5.907,0.223,0.223,0.246,0.246
0.198,43.394,-5.929,0.214,0.214,0.227,0.227
0.204,43.133,-6.163,0.232,0.232,0.244,0.244
0.206,42.937,-6.244,0.215,0.215,0.258,0.258
0.205,42.905,-6.207,0.229,0.229,0.243,0.243
0.203,42.905,-6.133,0.221,0.221,0.252,0.252
0.203,42.954,-6.114,0.240,0.240,0.246,0.246
0.203,42.970,-6.149,0.214,0.214,0.249,0.249
0.203,43.149,-6.136,0.238,0.238,0.241,0.241
0.204,43.133,-6.170,0.221,0.221,0.246,0.246
0.203,42.986,-6.126,0.235,0.235,0.253,0.253
0.201,42.856,-6.060,0.215,0.215,0.252,0.252
0.199,42.627,-5.964,0.243,0.243,0.247,0.247
0.200,42.431,-5.998,0.218,0.218,0.258,0.258
0.202,42.382,-6.098,0.237,0.237,0.249,0.249
0.205,42.350,-6.217,0.220,0.220,0.252,0.252
0.206,42.121,-6.241,0.237,0.237,0.250,0.250
0.203,41.713,-6.148,0.223,0.223,0.250,0.250
0.203,41.468,-6.141,0.227,0.227,0.252,0.252
0.203,41.420,-6.137,0.223,0.223,0.258,0.258
0.203,41.403,-6.134,0.223,0.223,0.272,0.272
0.203,41.452,-6.118,0.218,0.218,0.261,0.261
0.203,41.420,-6.137,0.220,0.220,0.244,0.244
0.203,41.175,-6.145,0.220,0.220,0.250,0.250
0.202,40.995,-6.111,0.214,0.214,0.247,0.247
0.200,40.897,-6.001,0.214,0.214,0.247,0.247
0.200,40.930,-5.995,0.221,0.221,0.270,0.270
0.200,40.963,-6.006,0.227,0.227,0.264,0.264
0.205,40.914,-6.219,0.212,0.212,0.256,0.256
0.207,40.685,-6.293,0.235,0.235,0.259,0.259
0.205,40.212,-6.205,0.224,0.224,0.275,0.275
0.205,39.722,-6.212,0.237,0.237,0.272,0.272
0.205,39.428,-6.198,0.226,0.226,0.275,0.275
0.204,39.200,-6.158,0.241,0.241,0.281,0.281
0.204,39.200,-6.164,0.230,0.230,0.249,0.249
0.204,38.939,-6.157,0.243,0.243,0.270,0.270
0.206,38.580,-6.242,0.232,0.232,0.279,0.279
0.205,38.384,-6.219,0.247,0.247,0.273,0.273
0.203,37.976,-6.139,0.218,0.218,0.262,0.262
0.202,37.878,-6.084,0.246,0.246,0.256,0.256
0.201,37.943,-6.049,0.223,0.223,0.270,0.270
0.205,38.221,-6.219,0.246,0.246,0.258,0.258
0.206,38.221,-6.271,0.218,0.218,0.266,0.266
0.207,37.878,-6.279,0.233,0.233,0.262,0.262
0.208,37.813,-6.333,0.218,0.218,0.264,0.264
0.206,37.927,0.000,0.238,0.238,0.259,0.259
0.206,38.041,0.006,0.229,0.229,0.291,0.291
0.206,38.270,-0.006,0.237,0.237,0.255,0.255
0.206,38.237,0.005,0.221,0.221,0.253,0.253
0.206,38.074,-0.005,0.237,0.237,0.256,0.256
0.207,37.780,-0.033,0.227,0.227,0.264,0.264
0.205,37.552,0.043,0.229,0.229,0.256,0.256
0.203,37.503,0.097,0.223,0.223,0.259,0.259
0.202,37.503,0.137,0.230,0.230,0.253,0.253
0.207,37.470,-0.035,0.232,0.232,0.255,0.255
0.209,37.242,-0.104,0.223,0.223,0.250,0.250
0.210,37.046,-0.150,0.233,0.233,0.256,0.256
0.209,36.980,-0.118,0.233,0.233,0.255,0.255
0.208,36.964,-0.088,0.232,0.232,0.253,0.253
0.207,37.095,-0.056,0.224,0.224,0.256,0.256
0.207,36.980,-0.056,0.233,0.233,0.249,0.249
0.208,36.768,-0.077,0.221,0.221,0.255,0.255
0.209,36.556,-0.099,0.230,0.230,0.253,0.253
0.209,36.458,-0.104,0.226,0.226,0.256,0.256
0.208,36.491,-0.079,0.240,0.240,0.250,0.250
0.205,36.540,0.041,0.221,0.221,0.253,0.253
0.206,36.524,0.015,0.237,0.237,0.233,0.233
0.208,36.475,-0.077,0.224,0.224,0.252,0.252
0.211,36.262,-0.186,0.240,0.240,0.250,0.250
0.213,36.050,-0.264,0.208,0.208,0.244,0.244
0.212,35.773,-0.207,0.230,0.230,0.227,0.227
0.212,35.544,-0.205,0.204,0.204,0.233,0.233
0.211,35.512,-0.181,0.224,0.224,0.240,0.240
0.211,35.577,-0.180,0.204,0.204,0.230,0.230
0.210,35.561,-0.165,0.223,0.223,0.243,0.243
0.212,35.544,-0.227,0.211,0.211,0.235,0.235
0.212,35.348,-0.227,0.220,0.220,0.243,0.243
0.211,35.055,-0.185,0.217,0.217,0.233,0.233
0.210,34.728,-0.152,0.215,0.215,0.237,0.237
0.209,34.337,-0.121,0.223,0.223,0.215,0.215
0.209,34.043,-0.111,0.208,0.208,0.240,0.240
0.211,33.782,-0.176,0.227,0.227,0.258,0.258
0.215,33.586,-0.327,0.212,0.212,0.244,0.244
0.215,33.537,-0.318,0.223,0.223,0.249,0.249
0.215,33.570,-0.320,0.212,0.212,0.230,0.230
0.214,33.570,-0.286,0.229,0.229,0.237,0.237
0.214,33.602,-0.272,0.206,0.206,0.244,0.244
0.215,33.586,-0.327,0.223,0.223,0.250,0.250
0.215,33.586,-0.333,0.211,0.211,0.250,0.250
0.215,33.602,-0.318,0.230,0.230,0.247,0.247
0.215,33.553,-0.335,0.218,0.218,0.246,0.246
0.213,33.325,-0.261,0.232,0.232,0.259,0.259
0.212,33.162,-0.232,0.211,0.211,0.249,0.249
0.212,33.260,-0.213,0.229,0.229,0.255,0.255
0.217,33.260,-0.401,0.209,0.209,0.249,0.249
0.219,33.113,-0.467,0.237,0.237,0.246,0.246
0.218,32.819,-0.417,0.215,0.215,0.252,0.252
0.219,32.607,-0.465,0.232,0.232,0.253,0.253
0.218,32.525,-0.430,0.212,0.212,0.269,0.269
0.217,32.346,-0.402,0.237,0.237,0.249,0.249
0.219,32.150,-0.436,0.214,0.214,0.241,0.241
0.219,32.084,-0.465,0.226,0.226,0.244,0.244
0.219,32.117,-0.455,0.217,0.217,0.247,0.247
0.220,32.101,-0.493,0.218,0.218,0.250,0.250
0.218,32.133,-0.422,0.214,0.214,0.252,0.252
0.216,32.133,-0.366,0.214,0.214,0.250,0.250
0.217,32.182,-0.401,0.212,0.212,0.267,0.267
0.220,32.378,-0.485,0.221,0.221,0.252,0.252
0.223,32.558,-0.574,0.220,0.220,0.255,0.255
0.224,32.639,-0.621,0.223,0.223,0.256,0.256
0.224,32.639,-0.619,0.243,0.243,0.269,0.269
0.223,32.574,-0.567,0.223,0.223,0.275,0.275
0.223,32.607,-0.579,0.246,0.246,0.250,0.250
0.223,32.574,-0.580,0.226,0.226,0.278,0.278
0.224,32.623,-0.601,0.238,0.238,0.284,0.284
0.224,32.590,-0.599,0.224,0.224,0.270,0.270
0.224,32.607,-0.630,0.241,0.241,0.255,0.255
0.225,32.541,-0.633,0.220,0.220,0.267,0.267
0.222,32.346,-0.558,0.233,0.233,0.267,0.267
0.221,32.150,-0.508,0.224,0.224,0.258,0.258
0.221,32.052,-0.524,0.237,0.237,0.261,0.261
0.225,31.856,-0.656,0.223,0.223,0.266,0.266
0.228,31.676,-0.742,0.240,0.240,0.261,0.261
0.229,31.579,-0.771,0.218,0.218,0.256,0.256
0.228,31.628,-0.730,0.235,0.235,0.246,0.246
0.228,31.644,-0.734,0.217,0.217,0.255,0.255
0.228,31.660,-0.753,0.237,0.237,0.258,0.258
0.228,31.628,-0.733,0.218,0.218,0.252,0.252
0.229,31.693,-0.770,0.230,0.230,0.255,0.255
0.229,31.938,-0.779,0.226,0.226,0.256,0.256
0.229,32.346,-0.769,0.237,0.237,0.249,0.249
0.227,32.656,-0.701,0.220,0.220,0.258,0.258
0.226,32.917,-0.680,0.244,0.244,0.247,0.247
0.228,33.162,-0.756,0.224,0.224,0.259,0.259
0.232,33.374,-0.877,0.230,0.230,0.252,0.252
0.234,33.586,-0.944,0.224,0.224,0.252,0.252
0.234,33.668,-0.952,0.235,0.235,0.253,0.253
0.233,33.880,-0.916,0.232,0.232,0.258,0.258
0.233,34.043,-0.919,0.227,0.227,0.267,0.267
0.234,34.124,-0.947,0.232,0.232,0.255,0.255
0.234,34.092,-0.928,0.227,0.227,0.249,0.249
0.234,34.108,-0.956,0.237,0.237,0.255,0.255
0.236,34.076,-0.995,0.230,0.230,0.252,0.252
0.234,34.076,-0.934,0.246,0.246,0.258,0.258
0.233,34.108,-0.921,0.229,0.229,0.256,0.256
0.231,34.108,-0.851,0.229,0.229,0.249,0.249
0.233,34.353,-0.913,0.227,0.227,0.258,0.258
0.238,34.516,-1.068,0.233,0.233,0.249,0.249
0.240,34.598,-1.156,0.212,0.212,0.247,0.247
0.240,34.598,-1.134,0.226,0.226,0.243,0.243
0.240,34.565,-1.143,0.204,0.204,0.226,0.226
0.239,34.565,-1.116,0.220,0.220,0.233,0.233
0.241,34.532,-1.166,0.203,0.203,0.227,0.227
0.240,34.304,-1.134,0.224,0.224,0.227,0.227
0.241,34.108,-1.175,0.197,0.197,0.235,0.235
0.241,34.027,-1.174,0.224,0.224,0.229,0.229
0.241,33.765,-1.190,0.209,0.209,0.237,0.237
0.240,33.374,-1.161,0.230,0.230,0.253,0.253
0.239,33.064,-1.131,0.215,0.215,0.243,0.243
0.239,32.754,-1.110,0.224,0.224,0.227,0.227
0.241,32.313,-1.167,0.214,0.214,0.241,0.241
0.245,31.872,-1.319,0.224,0.224,0.241,0.241
0.247,31.562,-1.386,0.223,0.223,0.241,0.241
0.246,31.334,-1.351,0.217,0.217,0.238,0.238
0.246,31.089,-1.339,0.224,0.224,0.237,0.237
0.245,30.812,-1.322,0.227,0.227,0.256,0.256
0.247,30.648,-1.375,0.223,0.223,0.256,0.256
0.247,30.616,-1.364,0.215,0.215,0.249,0.249
0.248,30.648,-1.390,0.230,0.230,0.249,0.249
0.248,30.893,-1.401,0.212,0.212,0.247,0.247
0.246,31.105,-1.348,0.215,0.215,0.250,0.250
0.245,31.171,-1.305,0.220,0.220,0.230,0.230
0.247,31.138,-1.362,0.221,0.221,0.249,0.249
0.249,31.154,-1.444,0.214,0.214,0.253,0.253
0.252,31.171,-1.541,0.235,0.235,0.255,0.255
0.254,31.383,-1.585,0.215,0.215,0.249,0.249
0.252,31.611,-1.530,0.237,0.237,0.230,0.230
0.252,31.676,-1.526,0.206,0.206,0.243,0.243
0.253,31.676,-1.560,0.235,0.235,0.252,0.252
0.254,31.644,-1.589,0.206,0.206,0.250,0.250
0.254,31.579,-1.584,0.227,0.227,0.247,0.247
0.255,31.383,-1.618,0.206,0.206,0.249,0.249
0.256,31.399,-1.648,0.229,0.229,0.249,0.249
0.256,31.562,-1.639,0.212,0.212,0.272,0.272
0.254,31.676,-1.591,0.223,0.223,0.247,0.247
0.253,31.954,-1.566,0.218,0.218,0.246,0.246
0.254,32.313,-1.579,0.226,0.226,0.247,0.247
0.259,32.672,-1.749,0.215,0.215,0.255,0.255
0.261,33.178,-1.816,0.237,0.237,0.252,0.252
0.261,33.553,-1.828,0.232,0.232,0.262,0.262
0.261,33.945,-1.810,0.243,0.243,0.255,0.255
0.261,34.337,-1.831,0.233,0.233,0.276,0.276
0.262,34.565,-1.855,0.246,0.246,0.276,0.276
0.261,34.598,-1.834,0.241,0.241,0.275,0.275
0.263,34.549,-1.886,0.244,0.244,0.262,0.262
0.264,34.255,-1.924,0.238,0.238,0.267,0.267
0.264,33.814,-1.924,0.237,0.237,0.269,0.269
0.263,33.260,-1.888,0.230,0.230,0.267,0.267
0.262,32.819,-1.853,0.243,0.243,0.264,0.264
0.262,32.541,-1.858,0.220,0.220,0.273,0.273
0.265,32.525,-1.944,0.227,0.227,0.269,0.269
0.269,32.313,-2.067,0.240,0.240,0.261,0.261
0.269,32.150,-2.094,0.221,0.221,0.288,0.288
0.269,32.101,-2.095,0.233,0.233,0.262,0.262
0.269,32.117,-2.081,0.221,0.221,0.252,0.252
0.270,32.362,-2.120,0.232,0.232,0.252,0.252
0.270,32.509,-2.130,0.218,0.218,0.258,0.258
0.271,32.427,-2.147,0.223,0.223,0.249,0.249
0.272,32.378,-2.190,0.218,0.218,0.252,0.252
0.273,32.264,-2.214,0.230,0.230,0.227,0.227
0.270,32.101,-2.107,0.211,0.211,0.252,0.252
0.271,31.840,-2.137,0.232,0.232,0.261,0.261
0.272,31.693,-2.178,0.221,0.221,0.250,0.250
0.275,31.823,-2.267,0.230,0.230,0.255,0.255
0.278,32.101,-2.360,0.221,0.221,0.249,0.249
0.278,32.427,-2.368,0.235,0.235,0.250,0.250
0.277,32.656,-2.342,0.218,0.218,0.258,0.258
0.278,32.900,-2.357,0.235,0.235,0.252,0.252
0.279,33.064,-2.392,0.221,0.221,0.252,0.252
0.279,33.129,-2.395,0.240,0.240,0.255,0.255
0.281,33.080,-2.454,0.224,0.224,0.259,0.259
0.281,33.064,-2.462,0.249,0.249,0.270,0.270
0.282,33.096,-2.506,0.235,0.235,0.258,0.258
0.280,33.096,-2.433,0.250,0.250,0.241,0.241
0.279,33.080,-2.406,0.227,0.227,0.252,0.252
0.281,33.096,-2.456,0.252,0.252,0.253,0.253
0.284,33.406,-2.580,0.227,0.227,0.237,0.237
0.286,33.814,-2.622,0.238,0.238,0.250,0.250
0.287,34.076,-2.678,0.214,0.214,0.256,0.256
0.288,34.157,-2.700,0.233,0.233,0.246,0.246
0.287,34.157,-2.669,0.209,0.209,0.246,0.246
0.288,34.320,-2.695,0.220,0.220,0.240,0.240
0.289,34.500,-2.724,0.215,0.215,0.233,0.233
0.290,34.598,-2.779,0.215,0.215,0.230,0.230
0.290,34.532,-2.762,0.200,0.200,0.237,0.237
0.291,34.288,-2.800,0.215,0.215,0.212,0.212
0.292,33.847,-2.840,0.214,0.214,0.243,0.243
0.292,33.553,-2.825,0.212,0.212,0.244,0.244
0.290,33.292,-2.768,0.212,0.212,0.241,0.241
0.291,33.096,-2.804,0.215,0.215,0.230,0.230
0.294,33.129,-2.892,0.217,0.217,0.230,0.230
0.297,33.292,-3.008,0.215,0.215,0.246,0.246
0.299,33.602,-3.063,0.224,0.224,0.230,0.230
0.297,33.929,-3.016,0.220,0.220,0.241,0.241
0.298,34.353,-3.028,0.230,0.230,0.256,0.256
0.299,34.598,-3.063,0.209,0.209,0.249,0.249
0.300,34.924,-3.107,0.230,0.230,0.250,0.250
0.299,35.316,-3.065,0.206,0.206,0.240,0.240
0.301,35.544,-3.135,0.224,0.224,0.252,0.252
0.302,35.626,-3.163,0.211,0.211,0.237,0.237
0.301,35.577,-3.130,0.237,0.237,0.252,0.252
0.300,35.577,-3.103,0.212,0.212,0.258,0.258
0.300,35.577,-3.097,0.230,0.230,0.255,0.255
0.306,35.805,-3.321,0.211,0.211,0.246,0.246
0.307,35.985,-3.375,0.233,0.233,0.235,0.235
0.308,36.050,-3.410,0.208,0.208,0.247,0.247
0.308,35.805,-3.404,0.235,0.235,0.258,0.258
0.308,35.610,-3.393,0.214,0.214,0.250,0.250
0.308,35.577,-3.406,0.223,0.223,0.249,0.249
0.310,35.805,-3.478,0.208,0.208,0.250,0.250
0.311,36.018,-3.496,0.230,0.230,0.247,0.247
0.312,36.083,-3.547,0.211,0.211,0.252,0.252
0.312,36.083,-3.541,0.221,0.221,0.247,0.247
0.310,36.018,-3.466,0.212,0.212,0.249,0.249
0.310,36.116,-3.460,0.227,0.227,0.250,0.250
0.311,36.328,-3.510,0.209,0.209,0.252,0.252
0.316,36.752,-3.677,0.229,0.229,0.250,0.250
0.318,37.046,-3.763,0.220,0.220,0.258,0.258
0.319,37.388,-3.795,0.238,0.238,0.273,0.273
0.319,37.780,-3.799,0.227,0.227,0.255,0.255
0.320,38.025,-3.820,0.255,0.255,0.250,0.250
0.319,38.058,-3.798,0.238,0.238,0.275,0.275
0.321,38.041,-3.875,0.243,0.243,0.276,0.276
0.322,37.992,-3.899,0.244,0.244,0.281,0.281
0.323,38.041,-3.931,0.244,0.244,0.273,0.273
0.324,38.270,-3.979,0.230,0.230,0.276,0.276
0.325,38.498,-4.007,0.247,0.247,0.266,0.266
0.323,38.808,-3.948,0.240,0.240,0.276,0.276
0.322,38.955,-3.896,0.238,0.238,0.269,0.269
0.324,39.037,-3.972,0.240,0.240,0.276,0.276
0.328,38.955,-4.126,0.227,0.227,0.269,0.269
0.331,38.727,-4.271,0.230,0.230,0.267,0.267
0.331,38.547,-4.265,0.229,0.229,0.246,0.246
0.331,38.727,-4.261,0.238,0.238,0.264,0.264
0.331,38.972,-4.248,0.226,0.226,0.266,0.266
0.333,39.282,-4.322,0.221,0.221,0.259,0.259
0.334,39.510,-4.368,0.229,0.229,0.252,0.252
0.335,39.559,-4.419,0.235,0.235,0.253,0.253
0.334,39.494,-4.398,0.223,0.223,0.256,0.256
0.336,39.477,-4.439,0.233,0.233,0.252,0.252
0.334,39.461,-4.395,0.220,0.220,0.252,0.252
0.333,39.461,-4.347,0.229,0.229,0.258,0.258
0.337,39.233,-4.511,0.215,0.215,0.255,0.255
0.340,38.988,-4.611,0.233,0.233,0.255,0.255
0.343,38.694,-4.727,0.221,0.221,0.269,0.269
0.344,38.515,-4.771,0.229,0.229,0.250,0.250
0.344,38.449,-4.755,0.221,0.221,0.246,0.246
0.343,38.515,-4.731,0.238,0.238,0.249,0.249
0.345,38.759,-4.800,0.220,0.220,0.256,0.256
0.346,38.955,-4.840,0.244,0.244,0.250,0.250
0.347,39.004,-4.891,0.230,0.230,0.252,0.252
0.348,39.020,-4.922,0.238,0.238,0.246,0.246
0.348,38.972,-4.942,0.220,0.220,0.255,0.255
0.347,38.988,-4.897,0.249,0.249,0.261,0.261
0.346,38.939,-4.848,0.226,0.226,0.258,0.258
0.351,38.743,-5.037,0.244,0.244,0.255,0.255
0.354,38.482,-5.153,0.226,0.226,0.249,0.249
0.355,38.204,-5.211,0.243,0.243,0.255,0.255
0.356,37.780,-5.240,0.224,0.224,0.255,0.255
0.357,37.519,-5.271,0.233,0.233,0.247,0.247
0.357,37.437,-5.288,0.215,0.215,0.240,0.240
0.357,37.470,-5.280,0.229,0.229,0.230,0.230
0.359,37.470,-5.330,0.208,0.208,0.237,0.237
0.359,37.258,-5.363,0.226,0.226,0.256,0.256
0.361,37.062,-5.405,0.214,0.214,0.241,0.241
0.362,37.242,-5.463,0.223,0.223,0.221,0.221
0.362,37.470,-5.472,0.206,0.206,0.237,0.237
0.360,37.568,-5.387,0.233,0.233,0.230,0.230
0.361,37.584,-5.413,0.218,0.218,0.246,0.246
0.364,37.764,-5.544,0.218,0.218,0.237,0.237
0.368,37.943,-5.679,0.224,0.224,0.221,0.221
0.371,38.041,-5.780,0.221,0.221,0.241,0.241
0.371,38.025,-5.806,0.224,0.224,0.252,0.252
0.371,37.780,-5.783,0.212,0.212,0.246,0.246
0.371,37.552,-5.802,0.227,0.227,0.243,0.243
0.371,37.486,-5.803,0.220,0.220,0.238,0.238
0.372,37.437,-5.852,0.230,0.230,0.250,0.250
0.374,37.519,-5.903,0.217,0.217,0.244,0.244
0.375,37.503,-5.931,0.235,0.235,0.252,0.252
0.375,37.274,-5.966,0.215,0.215,0.261,0.261
0.373,37.307,-5.876,0.224,0.224,0.253,0.253
0.373,37.454,-5.892,0.215,0.215,0.246,0.246
0.376,37.535,-5.995,0.230,0.230,0.273,0.273
0.382,37.584,-6.219,0.206,0.206,0.252,0.252
0.383,37.699,-6.243,0.232,0.232,0.249,0.249
0.384,37.748,-6.283,0.212,0.212,0.252,0.252
0.383,37.568,-6.267,0.229,0.229,0.249,0.249
0.385,37.535,-6.313,0.215,0.215,0.252,0.252
0.385,37.535,-6.339,0.232,0.232,0.247,0.247
0.387,37.535,-6.401,0.215,0.215,0.259,0.259
0.388,37.519,-6.425,0.224,0.224,0.250,0.250
0.389,37.552,-6.466,0.211,0.211,0.249,0.249
0.391,37.535,-6.532,0.224,0.224,0.246,0.246
0.388,37.486,-6.423,0.206,0.206,0.250,0.250
0.387,37.535,-6.404,0.227,0.227,0.253,0.253
0.390,37.519,-6.510,0.211,0.211,0.250,0.250
0.394,37.503,-6.680,0.235,0.235,0.240,0.240
0.397,37.568,-6.788,0.212,0.212,0.249,0.249
0.398,37.552,-6.826,0.250,0.250,0.253,0.253
0.398,37.780,-6.823,0.227,0.227,0.256,0.256
0.398,37.976,-6.803,0.241,0.241,0.259,0.259
0.400,38.090,-6.886,0.241,0.241,0.267,0.267
0.401,38.270,-6.928,0.255,0.255,0.272,0.272
0.402,38.449,-6.961,0.237,0.237,0.272,0.272
0.403,38.531,-7.010,0.249,0.249,0.270,0.270
0.404,38.515,-7.061,0.243,0.243,0.276,0.276
0.405,38.547,-7.069,0.250,0.250,0.267,0.267
0.403,38.759,-6.999,0.237,0.237,0.270,0.270
0.404,39.004,-7.030,0.244,0.244,0.282,0.282
0.405,39.314,-7.074,0.227,0.227,0.276,0.276
0.410,39.445,-7.277,0.227,0.227,0.262,0.262
0.413,39.298,-7.386,0.232,0.232,0.267,0.267
0.414,39.118,-7.438,0.229,0.229,0.258,0.258
0.414,39.233,-7.445,0.232,0.232,0.258,0.258
0.415,39.494,-7.472,0.233,0.233,0.255,0.255
0.416,39.836,-7.496,0.232,0.232,0.270,0.270
0.416,40.293,-7.527,0.226,0.226,0.255,0.255
0.418,40.734,-7.591,0.227,0.227,0.255,0.255
0.421,40.995,-7.716,0.221,0.221,0.258,0.258
0.420,40.995,-7.672,0.232,0.232,0.256,0.256
0.418,40.995,-7.603,0.217,0.217,0.255,0.255
0.418,40.946,-7.578,0.237,0.237,0.252,0.252
0.420,40.963,-7.697,0.218,0.218,0.229,0.229
0.425,40.930,-7.902,0.227,0.227,0.256,0.256
0.429,40.979,-8.033,0.220,0.220,0.258,0.258
0.429,41.012,-8.055,0.241,0.241,0.256,0.256
0.429,41.191,-8.031,0.221,0.221,0.255,0.255
0.430,41.109,-8.095,0.233,0.233,0.246,0.246
0.431,40.783,-8.115,0.221,0.221,0.253,0.253
0.433,40.538,-8.214,0.237,0.237,0.252,0.252
0.435,40.701,-8.281,0.218,0.218,0.255,0.255
0.435,40.865,-8.274,0.243,0.243,0.258,0.258
0.435,40.946,-8.293,0.230,0.230,0.256,0.256
0.435,40.767,-8.282,0.243,0.243,0.258,0.258
0.434,40.750,-8.243,0.227,0.227,0.247,0.247
0.435,40.832,-8.277,0.253,0.253,0.259,0.259
0.442,40.685,-8.572,0.226,0.226,0.237,0.237
0.444,40.522,-8.677,0.240,0.240,0.253,0.253
0.444,40.440,-8.674,0.218,0.218,0.252,0.252
0.444,40.718,-8.660,0.229,0.229,0.249,0.249
0.446,40.865,-8.755,0.209,0.209,0.250,0.250
0.448,40.767,-8.807,0.223,0.223,0.261,0.261
0.448,40.457,-8.811,0.208,0.208,0.237,0.237
0.450,40.147,-8.906,0.229,0.229,0.223,0.223
0.451,39.771,-8.935,0.206,0.206,0.233,0.233
0.453,39.706,-9.008,0.230,0.230,0.237,0.237
0.453,39.918,-9.016,0.212,0.212,0.247,0.247
0.452,39.983,-8.963,0.218,0.218,0.240,0.240
0.451,40.049,-8.932,0.211,0.211,0.240,0.240
0.456,40.261,-9.131,0.229,0.229,0.237,0.237
0.461,40.408,-9.329,0.217,0.217,0.247,0.247
0.462,40.261,-9.379,0.215,0.215,0.240,0.240
0.462,40.049,-9.400,0.229,0.229,0.244,0.244
0.464,39.983,-9.468,0.215,0.215,0.244,0.244
0.464,39.836,-9.460,0.230,0.230,0.247,0.247
0.465,39.461,-9.483,0.212,0.212,0.235,0.235
0.467,39.053,-9.589,0.230,0.230,0.253,0.253
0.467,38.678,-9.599,0.215,0.215,0.259,0.259
0.469,38.433,-9.649,0.218,0.218,0.252,0.252
0.471,38.172,-9.720,0.212,0.212,0.246,0.246
0.468,37.731,-9.617,0.229,0.229,0.246,0.246
0.470,37.258,-9.687,0.208,0.208,0.255,0.255
0.472,36.997,-9.763,0.227,0.227,0.247,0.247
0.476,36.964,-9.936,0.223,0.223,0.252,0.252
0.479,37.291,-10.031,0.221,0.221,0.247,0.247
0.479,37.796,-10.036,0.209,0.209,0.252,0.252
0.481,38.286,-10.096,0.230,0.230,0.253,0.253
0.481,38.547,-10.109,0.204,0.204,0.261,0.261
0.483,38.580,-10.179,0.218,0.218,0.250,0.250
0.484,38.498,-10.206,0.209,0.209,0.250,0.250
0.485,38.449,-10.256,0.224,0.224,0.249,0.249
0.487,38.237,-10.354,0.209,0.209,0.253,0.253
0.488,38.025,-10.378,0.227,0.227,0.255,0.255
0.487,37.731,-10.335,0.208,0.208,0.252,0.252
0.487,37.552,-10.324,0.229,0.229,0.266,0.266
0.489,37.454,-10.395,0.208,0.208,0.249,0.249
0.494,37.258,-10.603,0.237,0.237,0.249,0.249
0.497,37.046,-10.704,0.224,0.224,0.258,0.258
0.497,37.013,-10.719,0.235,0.235,0.253,0.253
0.498,37.307,-10.752,0.221,0.221,0.267,0.267
0.498,37.813,-10.759,0.246,0.246,0.264,0.264
0.500,38.319,-10.815,0.237,0.237,0.299,0.299
0.502,38.808,-10.894,0.249,0.249,0.273,0.273
0.503,39.020,-10.938,0.244,0.244,0.279,0.279
0.504,39.069,-10.978,0.247,0.247,0.270,0.270
0.506,39.298,-11.068,0.230,0.230,0.279,0.279
0.504,39.494,-10.996,0.250,0.250,0.270,0.270
0.506,39.804,-11.072,0.237,0.237,0.279,0.279
0.506,40.277,-11.046,0.237,0.237,0.261,0.261
0.509,40.734,-11.191,0.232,0.232,0.269,0.269
0.514,40.979,-11.389,0.237,0.237,0.278,0.278
0.517,41.109,-11.489,0.230,0.230,0.266,0.266
0.518,41.485,-11.539,0.240,0.240,0.261,0.261
0.517,42.170,-11.486,0.233,0.233,0.261,0.261
0.518,42.758,-11.538,0.223,0.223,0.261,0.261
0.520,43.247,-11.626,0.221,0.221,0.253,0.253
0.520,43.443,-11.641,0.223,0.223,0.258,0.258
0.523,43.443,-11.779,0.223,0.223,0.255,0.255
0.524,43.182,-11.802,0.218,0.218,0.256,0.256
0.524,42.954,-11.811,0.237,0.237,0.256,0.256
0.524,42.856,-11.786,0.220,0.220,0.273,0.273
0.524,42.905,-11.799,0.230,0.230,0.258,0.258
0.531,42.921,-12.107,0.218,0.218,0.249,0.249
0.533,42.954,-12.205,0.233,0.233,0.261,0.261
0.535,42.970,-12.263,0.217,0.217,0.252,0.252
0.534,42.921,-12.253,0.229,0.229,0.250,0.250
0.536,42.937,-12.316,0.212,0.212,0.255,0.255
0.536,43.182,-12.333,0.233,0.233,0.264,0.264
0.539,43.688,-12.448,0.214,0.214,0.255,0.255
0.539,44.161,-12.469,0.240,0.240,0.256,0.256
0.540,44.455,-12.497,0.227,0.227,0.259,0.259
0.543,44.700,-12.612,0.241,0.241,0.255,0.255
0.542,44.896,-12.591,0.227,0.227,0.255,0.255
0.543,44.912,-12.643,0.249,0.249,0.258,0.258
0.543,44.912,-12.618,0.226,0.226,0.249,0.249
0.548,45.108,-12.857,0.238,0.238,0.256,0.256
0.552,45.336,-13.031,0.224,0.224,0.264,0.264
0.553,45.418,-13.083,0.240,0.240,0.252,0.252
0.554,45.157,-13.145,0.218,0.218,0.258,0.258
0.554,44.928,-13.136,0.244,0.244,0.233,0.233
0.556,44.781,-13.197,0.215,0.215,0.244,0.244
0.557,44.569,-13.283,0.223,0.223,0.223,0.223
0.559,44.178,-13.340,0.198,0.198,0.230,0.230
0.561,43.835,-13.453,0.221,0.221,0.233,0.233
0.562,43.280,-13.470,0.206,0.206,0.240,0.240
0.564,42.692,-13.584,0.218,0.218,0.233,0.233
0.563,42.138,-13.508,0.209,0.209,0.262,0.262
0.564,41.876,-13.547,0.220,0.220,0.235,0.235
0.565,41.681,-13.626,0.214,0.214,0.243,0.243
0.568,41.730,-13.727,0.214,0.214,0.241,0.241
0.574,41.925,-14.003,0.229,0.229,0.243,0.243
0.574,42.317,-13.981,0.215,0.215,0.246,0.246
0.576,42.921,-14.051,0.226,0.226,0.250,0.250
0.576,43.378,-14.083,0.203,0.203,0.226,0.226
0.578,43.247,-14.160,0.229,0.229,0.246,0.246
0.578,42.954,-14.175,0.209,0.209,0.255,0.255
0.582,42.611,-14.317,0.223,0.223,0.249,0.249
0.582,42.415,-14.340,0.212,0.212,0.256,0.256
0.584,42.399,-14.407,0.229,0.229,0.244,0.244
0.584,42.448,-14.400,0.212,0.212,0.256,0.256
0.582,42.497,-14.349,0.221,0.221,0.246,0.246
0.586,42.725,-14.494,0.212,0.212,0.255,0.255
0.590,43.198,-14.662,0.230,0.230,0.258,0.258
0.595,43.688,-14.879,0.208,0.208,0.253,0.253
0.594,43.949,-14.841,0.235,0.235,0.252,0.252
0.595,44.243,-14.886,0.209,0.209,0.262,0.262
0.597,44.422,-14.999,0.220,0.220,0.255,0.255
0.597,44.700,-14.980,0.206,0.206,0.253,0.253
0.600,45.140,-15.122,0.235,0.235,0.253,0.253
0.601,45.402,-15.164,0.211,0.211,0.252,0.252
0.603,45.434,-15.242,0.227,0.227,0.246,0.246
0.605,45.385,-15.323,0.203,0.203,0.247,0.247
0.604,45.075,-15.292,0.226,0.226,0.249,0.249
0.604,44.651,-15.281,0.206,0.206,0.253,0.253
0.605,44.308,-15.343,0.235,0.235,0.255,0.255
0.611,44.031,-15.607,0.209,0.209,0.256,0.256
0.615,43.606,-15.771,0.226,0.226,0.249,0.249
0.616,43.182,-15.839,0.215,0.215,0.246,0.246
0.616,42.905,-15.812,0.226,0.226,0.258,0.258
0.618,42.872,-15.927,0.238,0.238,0.262,0.262
0.619,42.921,-15.937,0.243,0.243,0.259,0.259
0.621,42.954,-16.038,0.246,0.246,0.281,0.281
0.622,42.888,-16.085,0.238,0.238,0.275,0.275
0.624,42.611,-16.167,0.226,0.226,0.281,0.281
0.626,42.170,-16.244,0.240,0.240,0.273,0.273
0.627,41.681,-16.276,0.240,0.240,0.275,0.275
0.626,41.371,-16.245,0.233,0.233,0.273,0.273
0.626,41.077,-16.267,0.243,0.243,0.272,0.272
0.626,40.620,-16.264,0.235,0.235,0.266,0.266
0.635,39.918,-16.623,0.227,0.227,0.270,0.270
0.638,39.200,-16.731,0.217,0.217,0.273,0.273
0.638,38.678,-16.740,0.232,0.232,0.255,0.255
0.639,38.400,-16.767,0.227,0.227,0.266,0.266
0.641,38.172,-16.847,0.223,0.223,0.267,0.267
0.642,37.731,-16.877,0.220,0.220,0.262,0.262
0.644,37.274,-16.946,0.221,0.221,0.255,0.255
0.645,36.980,-17.012,0.208,0.208,0.266,0.266
0.647,36.638,-17.059,0.235,0.235,0.255,0.255
0.648,36.230,-17.094,0.218,0.218,0.262,0.262
0.647,35.773,-17.072,0.237,0.237,0.255,0.255
0.649,35.544,-17.137,0.208,0.208,0.255,0.255
0.650,35.561,-17.180,0.226,0.226,0.249,0.249
0.658,35.871,-17.449,0.209,0.209,0.253,0.253
0.660,36.556,-17.548,0.227,0.227,0.272,0.272
0.660,37.029,-17.518,0.217,0.217,0.258,0.258
0.661,37.372,-17.574,0.238,0.238,0.250,0.250
0.663,37.258,-17.653,0.218,0.218,0.255,0.255
0.664,36.719,-17.687,0.227,0.227,0.253,0.253
0.666,35.675,-17.752,0.218,0.218,0.259,0.259
0.668,34.500,-17.830,0.244,0.244,0.253,0.253
0.669,33.390,-17.850,0.218,0.218,0.255,0.255
0.671,32.476,-17.918,0.249,0.249,0.256,0.256
0.670,31.774,-17.898,0.224,0.224,0.258,0.258
0.670,30.975,-17.890,0.237,0.237,0.259,0.259
0.673,30.061,-17.977,0.224,0.224,0.261,0.261
0.678,29.359,-18.132,0.249,0.249,0.252,0.252
0.682,28.772,-18.238,0.226,0.226,0.253,0.253
0.682,28.331,-18.264,0.246,0.246,0.246,0.246
0.683,28.070,-18.289,0.223,0.223,0.255,0.255
0.685,27.841,-18.321,0.229,0.229,0.250,0.250
0.686,27.384,-18.369,0.203,0.203,0.247,0.247
0.687,26.617,-18.399,0.215,0.215,0.230,0.230
0.689,25.916,-18.431,0.212,0.212,0.238,0.238
0.691,25.295,-18.491,0.214,0.214,0.233,0.233
0.693,24.610,-18.549,0.206,0.206,0.230,0.230
0.693,23.957,-18.534,0.204,0.204,0.230,0.230
0.693,23.663,-18.540,0.212,0.212,0.240,0.240
0.695,23.468,-18.588,0.197,0.197,0.229,0.229
0.695,23.533,-18.582,0.221,0.221,0.247,0.247
0.702,23.712,-18.751,0.208,0.208,0.264,0.264
0.706,23.696,-18.842,0.224,0.224,0.238,0.238
0.705,23.239,-18.819,0.194,0.194,0.243,0.243
0.706,22.537,-18.857,0.220,0.220,0.247,0.247
0.708,21.933,-18.891,0.206,0.206,0.250,0.250
0.709,21.395,-18.907,0.227,0.227,0.246,0.246
0.711,20.693,-18.959,0.218,0.218,0.253,0.253
0.713,20.024,-18.993,0.230,0.230,0.232,0.232
0.714,19.485,-19.024,0.214,0.214,0.252,0.252
0.715,18.980,-19.028,0.221,0.221,0.256,0.256
0.715,18.506,-19.035,0.209,0.209,0.258,0.258
0.715,18.049,-19.038,0.232,0.232,0.252,0.252
0.722,17.560,-19.166,0.214,0.214,0.247,0.247
0.724,17.348,-19.205,0.235,0.235,0.256,0.256
0.725,17.331,-19.211,0.212,0.212,0.266,0.266
0.727,17.609,-19.251,0.224,0.224,0.258,0.258
0.727,17.853,-19.256,0.204,0.204,0.250,0.250
0.729,17.853,-19.278,0.243,0.243,0.249,0.249
0.731,17.364,-19.324,0.218,0.218,0.256,0.256
0.733,16.940,-19.353,0.226,0.226,0.269,0.269
0.734,16.776,-19.363,0.214,0.214,0.255,0.255
0.736,16.825,-19.401,0.220,0.220,0.247,0.247
0.736,16.825,-19.402,0.198,0.198,0.249,0.249
0.734,16.629,-19.378,0.220,0.220,0.252,0.252
0.739,16.466,-19.449,0.218,0.218,0.253,0.253
0.743,16.580,-19.526,0.218,0.218,0.250,0.250
0.746,16.809,-19.573,0.212,0.212,0.249,0.249
0.748,16.907,-19.602,0.218,0.218,0.252,0.252
0.749,16.874,-19.614,0.218,0.218,0.258,0.258
0.749,16.580,-19.617,0.214,0.214,0.259,0.259
0.751,16.401,-19.656,0.229,0.229,0.266,0.266
0.753,16.287,-19.680,0.232,0.232,0.261,0.261
0.753,16.140,-19.694,0.235,0.235,0.276,0.276
0.756,15.895,-19.734,0.235,0.235,0.249,0.249
0.757,15.895,-19.756,0.237,0.237,0.276,0.276
0.758,16.107,-19.762,0.240,0.240,0.284,0.284
0.758,16.352,-19.771,0.229,0.229,0.275,0.275
0.759,16.368,-19.785,0.230,0.230,0.267,0.267
0.764,16.156,-19.863,0.240,0.240,0.262,0.262
0.767,15.993,-19.918,0.223,0.223,0.266,0.266
0.769,16.107,-19.946,0.233,0.233,0.264,0.264
0.770,16.254,-19.956,0.220,0.220,0.273,0.273
0.771,16.140,-19.975,0.227,0.227,0.269,0.269
0.772,15.846,-19.998,0.226,0.226,0.264,0.264
0.774,15.324,-20.023,0.241,0.241,0.262,0.262
0.776,14.883,-20.060,0.218,0.218,0.266,0.266
0.778,14.573,-20.087,0.227,0.227,0.262,0.262
0.779,14.345,-20.103,0.206,0.206,0.258,0.258
0.779,14.002,-20.102,0.224,0.224,0.250,0.250
0.779,13.398,-20.097,0.206,0.206,0.252,0.252
0.782,12.827,-20.134,0.237,0.237,0.255,0.255
0.786,12.288,-20.188,0.215,0.215,0.252,0.252
0.789,11.848,-20.229,0.226,0.226,0.276,0.276
0.790,11.309,-20.233,0.221,0.221,0.253,0.253
0.792,10.689,-20.254,0.235,0.235,0.252,0.252
0.793,10.118,-20.264,0.218,0.218,0.249,0.249
0.794,9.612,-20.273,0.240,0.240,0.252,0.252
0.796,9.139,-20.291,0.223,0.223,0.255,0.255
0.798,8.649,-20.312,0.238,0.238,0.252,0.252
0.798,8.143,-20.317,0.215,0.215,0.273,0.273
0.800,7.409,-20.331,0.243,0.243,0.255,0.255
0.801,6.691,-20.337,0.224,0.224,0.253,0.253
0.801,6.168,-20.335,0.249,0.249,0.255,0.255
0.802,5.613,-20.343,0.229,0.229,0.253,0.253
0.806,4.895,-20.361,0.255,0.255,0.253,0.253
0.811,3.949,-20.385,0.230,0.230,0.255,0.255
0.812,2.953,-20.388,0.235,0.235,0.267,0.267
0.813,1.974,-20.392,0.227,0.227,0.259,0.259
0.815,1.223,-20.394,0.240,0.240,0.258,0.258
0.815,0.554,-20.395,0.218,0.218,0.255,0.255
0.817,-0.033,-20.395,0.235,0.235,0.247,0.247
0.818,-0.653,-20.395,0.217,0.217,0.244,0.244
0.821,-1.159,-20.393,0.211,0.211,0.232,0.232
0.823,-1.649,-20.390,0.211,0.211,0.227,0.227
0.823,-2.090,-20.389,0.212,0.212,0.230,0.230
0.824,-2.416,-20.386,0.212,0.212,0.241,0.241
0.825,-2.677,-20.386,0.203,0.203,0.233,0.233
0.826,-3.004,-20.383,0.221,0.221,0.233,0.233
0.830,-3.036,-20.370,0.200,0.200,0.243,0.243
0.834,-2.906,-20.359,0.215,0.215,0.238,0.238
0.836,-2.742,-20.353,0.204,0.204,0.229,0.229
0.838,-2.465,-20.348,0.224,0.224,0.237,0.237
0.837,-2.073,-20.349,0.218,0.218,0.243,0.243
0.839,-1.747,-20.347,0.223,0.223,0.243,0.243
0.840,-1.502,-20.344,0.209,0.209,0.243,0.243
0.843,-1.274,-20.340,0.226,0.226,0.233,0.233
0.844,-1.012,-20.339,0.212,0.212,0.247,0.247
0.845,-0.849,-20.338,0.223,0.223,0.252,0.252
0.848,-0.768,-20.336,0.217,0.217,0.253,0.253
0.847,-0.425,-20.337,0.232,0.232,0.250,0.250
0.847,0.016,-20.337,0.209,0.209,0.252,0.252
0.850,0.228,-20.337,0.240,0.240,0.255,0.255
0.856,0.456,-20.339,0.215,0.215,0.232,0.232
0.857,0.636,-20.339,0.240,0.240,0.244,0.244
0.859,0.946,-20.341,0.212,0.212,0.247,0.247
0.859,1.093,-20.341,0.237,0.237,0.252,0.252
0.860,1.191,-20.343,0.223,0.223,0.250,0.250
0.862,1.468,-20.346,0.229,0.229,0.262,0.262
0.864,1.860,-20.349,0.221,0.221,0.252,0.252
0.866,2.121,-20.352,0.226,0.226,0.243,0.243
0.868,2.186,-20.356,0.220,0.220,0.252,0.252
0.868,2.398,-20.355,0.224,0.224,0.249,0.249
0.868,2.578,-20.355,0.218,0.218,0.250,0.250
0.868,2.676,-20.358,0.223,0.223,0.249,0.249
0.873,2.937,-20.371,0.204,0.204,0.253,0.253
0.877,3.296,-20.383,0.217,0.217,0.249,0.249
0.880,3.606,-20.394,0.214,0.214,0.256,0.256
0.880,3.965,-20.391,0.217,0.217,0.247,0.247
0.881,4.292,-20.398,0.229,0.229,0.249,0.249
0.883,4.569,-20.405,0.227,0.227,0.250,0.250
0.882,4.602,-20.404,0.229,0.229,0.256,0.256
0.886,4.618,-20.420,0.233,0.233,0.253,0.253
0.888,4.863,-20.429,0.240,0.240,0.281,0.281
0.889,5.271,-20.436,0.237,0.237,0.276,0.276
0.890,5.613,-20.441,0.238,0.238,0.275,0.275
0.891,5.858,-20.447,0.232,0.232,0.264,0.264
0.889,6.070,-20.437,0.238,0.238,0.267,0.267
0.892,6.332,-20.454,0.220,0.220,0.266,0.266
0.899,6.511,-20.495,0.244,0.244,0.261,0.261
0.900,6.821,-20.506,0.227,0.227,0.262,0.262
0.902,7.033,-20.518,0.230,0.230,0.278,0.278
0.903,7.294,-20.528,0.227,0.227,0.270,0.270
0.904,7.539,-20.531,0.232,0.232,0.266,0.266
0.905,7.751,-20.543,0.215,0.215,0.262,0.262
0.908,7.702,-20.561,0.235,0.235,0.258,0.258
0.909,7.556,-20.574,0.211,0.211,0.255,0.255
0.911,7.458,-20.588,0.230,0.230,0.256,0.256
0.913,7.425,-20.599,0.212,0.212,0.252,0.252
0.913,7.213,-20.598,0.230,0.230,0.252,0.252
0.912,7.017,-20.596,0.221,0.221,0.253,0.253
0.915,6.919,-20.613,0.223,0.223,0.276,0.276
0.917,6.707,-20.628,0.217,0.217,0.250,0.250
0.922,6.527,-20.659,0.237,0.237,0.241,0.241
0.924,6.462,-20.676,0.218,0.218,0.252,0.252
0.924,6.495,-20.677,0.232,0.232,0.252,0.252
0.925,6.495,-20.684,0.221,0.221,0.252,0.252
0.928,6.495,-20.700,0.237,0.237,0.252,0.252
0.928,6.495,-20.701,0.214,0.214,0.273,0.273
0.931,6.234,-20.717,0.247,0.247,0.247,0.247
0.932,6.103,-20.728,0.227,0.227,0.247,0.247
0.934,6.005,-20.737,0.243,0.243,0.249,0.249
0.935,6.005,-20.743,0.229,0.229,0.255,0.255
0.935,5.972,-20.746,0.246,0.246,0.252,0.252
0.935,5.793,-20.745,0.229,0.229,0.255,0.255
0.940,5.679,-20.773,0.241,0.241,0.256,0.256
0.945,6.038,-20.802,0.237,0.237,0.253,0.253
0.944,6.413,-20.799,0.244,0.244,0.255,0.255
0.947,6.576,-20.812,0.233,0.233,0.255,0.255
0.948,6.576,-20.823,0.240,0.240,0.249,0.249
0.949,6.560,-20.829,0.227,0.227,0.252,0.252
0.951,6.707,-20.840,0.226,0.226,0.241,0.241
0.953,6.691,-20.855,0.215,0.215,0.243,0.243
0.953,6.560,-20.857,0.212,0.212,0.233,0.233
0.955,6.462,-20.871,0.211,0.211,0.247,0.247
0.957,6.168,-20.881,0.194,0.194,0.227,0.227
0.956,5.809,-20.877,0.212,0.212,0.227,0.227
0.957,5.516,-20.880,0.203,0.203,0.223,0.223
0.960,5.156,-20.895,0.220,0.220,0.238,0.238
0.965,4.797,-20.921,0.204,0.204,0.215,0.215
0.968,4.275,-20.934,0.220,0.220,0.233,0.233
0.969,3.737,-20.940,0.206,0.206,0.246,0.246
0.970,3.247,-20.942,0.218,0.218,0.233,0.233
0.971,2.806,-20.946,0.209,0.209,0.240,0.240
0.972,2.562,-20.948,0.230,0.230,0.227,0.227
0.974,2.562,-20.953,0.211,0.211,0.244,0.244
0.976,2.578,-20.958,0.233,0.233,0.241,0.241
0.978,2.627,-20.963,0.214,0.214,0.250,0.250
0.978,2.855,-20.964,0.230,0.230,0.247,0.247
0.980,3.100,-20.968,0.215,0.215,0.246,0.246
0.979,3.394,-20.967,0.238,0.238,0.246,0.246
0.979,3.557,-20.967,0.215,0.215,0.270,0.270
0.985,3.573,-20.989,0.233,0.233,0.252,0.252
0.989,3.296,-21.001,0.211,0.211,0.241,0.241
0.989,2.888,-21.002,0.232,0.232,0.246,0.246
0.991,2.562,-21.007,0.212,0.212,0.250,0.250
0.993,2.284,-21.012,0.227,0.227,0.250,0.250
0.994,2.088,-21.013,0.227,0.227,0.252,0.252
0.996,1.778,-21.018,0.233,0.233,0.266,0.266
0.997,1.338,-21.019,0.223,0.223,0.247,0.247
0.999,1.076,-21.022,0.224,0.224,0.235,0.235
1.001,0.750,-21.023,0.220,0.220,0.249,0.249
1.001,0.424,-21.023,0.217,0.217,0.249,0.249
1.000,0.163,-21.023,0.209,0.209,0.252,0.252
1.004,-0.066,-21.023,0.221,0.221,0.243,0.243
1.008,-0.556,-21.022,0.212,0.212,0.241,0.241
1.010,-1.061,-21.020,0.215,0.215,0.240,0.240
1.013,-1.372,-21.017,0.217,0.217,0.250,0.250
1.013,-1.388,-21.017,0.217,0.217,0.252,0.252
1.014,-1.355,-21.015,0.227,0.227,0.255,0.255
1.016,-1.535,-21.013,0.215,0.215,0.246,0.246
1.017,-1.731,-21.010,0.229,0.229,0.256,0.256
1.018,-1.567,-21.008,0.232,0.232,0.261,0.261
1.021,-1.306,-21.005,0.230,0.230,0.272,0.272
1.023,-1.061,-21.002,0.230,0.230,0.273,0.273
1.023,-1.110,-21.003,0.249,0.249,0.272,0.272
1.023,-1.241,-21.002,0.229,0.229,0.270,0.270
1.025,-1.339,-20.999,0.249,0.249,0.295,0.295
1.026,-1.372,-20.998,0.223,0.223,0.266,0.266
1.032,-1.518,-20.990,0.237,0.237,0.258,0.258
1.034,-1.502,-20.987,0.223,0.223,0.255,0.255
1.035,-1.404,-20.985,0.241,0.241,0.264,0.264
1.036,-1.551,-20.984,0.223,0.223,0.264,0.264
1.037,-1.812,-20.982,0.229,0.229,0.261,0.261
1.039,-2.073,-20.979,0.221,0.221,0.258,0.258
1.040,-2.285,-20.975,0.237,0.237,0.259,0.259
1.043,-2.285,-20.970,0.218,0.218,0.262,0.262
1.044,-1.992,-20.968,0.237,0.237,0.253,0.253
1.045,-1.584,-20.966,0.215,0.215,0.249,0.249
1.045,-1.290,-20.966,0.230,0.230,0.250,0.250
1.047,-1.241,-20.964,0.211,0.211,0.249,0.249
1.050,-1.274,-20.959,0.233,0.233,0.226,0.226
1.053,-1.323,-20.955,0.224,0.224,0.246,0.246
1.055,-1.306,-20.953,0.237,0.237,0.259,0.259
1.056,-1.290,-20.951,0.230,0.230,0.253,0.253
1.058,-1.257,-20.949,0.241,0.241,0.247,0.247
1.058,-1.045,-20.949,0.221,0.221,0.237,0.237
1.060,-0.784,-20.947,0.246,0.246,0.247,0.247
1.063,-0.539,-20.945,0.229,0.229,0.258,0.258
1.063,-0.572,-20.945,0.241,0.241,0.252,0.252
1.066,-0.751,-20.943,0.224,0.224,0.253,0.253
1.067,-1.061,-20.942,0.240,0.240,0.262,0.262
1.067,-1.274,-20.942,0.227,0.227,0.253,0.253
1.067,-1.404,-20.942,0.238,0.238,0.270,0.270
1.069,-1.600,-20.940,0.246,0.246,0.253,0.253
1.072,-2.073,-20.933,0.237,0.237,0.252,0.252
1.078,-2.351,-20.921,0.237,0.237,0.253,0.253
1.077,-2.677,-20.923,0.232,0.232,0.255,0.255
1.079,-3.069,-20.917,0.237,0.237,0.261,0.261
1.081,-3.330,-20.911,0.233,0.233,0.252,0.252
1.082,-3.542,-20.908,0.218,0.218,0.240,0.240
1.083,-3.477,-20.903,0.212,0.212,0.246,0.246
1.086,-3.314,-20.894,0.223,0.223,0.246,0.246
1.088,-3.314,-20.888,0.203,0.203,0.224,0.224
1.088,-3.509,-20.885,0.215,0.215,0.227,0.227
1.090,-3.738,-20.879,0.208,0.208,0.233,0.233
1.090,-3.803,-20.881,0.214,0.214,0.235,0.235
1.089,-3.868,-20.882,0.198,0.198,0.226,0.226
1.092,-4.032,-20.871,0.223,0.223,0.237,0.237
1.098,-4.260,-20.848,0.203,0.203,0.230,0.230
1.100,-4.538,-20.837,0.218,0.218,0.233,0.233
1.102,-4.782,-20.831,0.203,0.203,0.233,0.233
1.103,-5.060,-20.824,0.232,0.232,0.243,0.243
1.103,-5.256,-20.822,0.209,0.209,0.240,0.240
1.105,-5.582,-20.814,0.235,0.235,0.249,0.249
1.108,-5.990,-20.797,0.214,0.214,0.241,0.241
1.109,-6.316,-20.792,0.243,0.243,0.237,0.237
1.111,-6.578,-20.779,0.215,0.215,0.243,0.243
1.112,-6.708,-20.773,0.230,0.230,0.252,0.252
1.111,-6.757,-20.776,0.220,0.220,0.246,0.246
1.112,-6.806,-20.767,0.237,0.237,0.246,0.246
1.114,-7.002,-20.756,0.215,0.215,0.255,0.255
1.119,-7.459,-20.717,0.237,0.237,0.249,0.249
1.122,-7.655,-20.696,0.226,0.226,0.252,0.252
1.123,-7.540,-20.689,0.233,0.233,0.273,0.273
1.125,-7.247,-20.672,0.233,0.233,0.252,0.252
1.126,-6.888,-20.668,0.230,0.230,0.241,0.241
1.128,-6.480,-20.656,0.223,0.223,0.256,0.256
1.129,-6.202,-20.648,0.221,0.221,0.256,0.256
1.131,-5.941,-20.637,0.227,0.227,0.255,0.255
1.132,-5.811,-20.627,0.224,0.224,0.244,0.244
1.134,-5.941,-20.617,0.215,0.215,0.243,0.243
1.133,-5.925,-20.623,0.226,0.226,0.249,0.249
1.133,-5.778,-20.623,0.224,0.224,0.252,0.252
1.135,-5.745,-20.613,0.214,0.214,0.246,0.246
1.141,-5.762,-20.577,0.218,0.218,0.249,0.249
1.143,-5.990,-20.564,0.208,0.208,0.237,0.237
1.146,-6.170,-20.549,0.224,0.224,0.252,0.252
1.146,-6.039,-20.546,0.206,0.206,0.253,0.253
1.147,-5.794,-20.544,0.232,0.232,0.250,0.250
1.149,-5.713,-20.531,0.209,0.209,0.249,0.249
1.150,-5.827,-20.524,0.227,0.227,0.252,0.252
1.151,-6.316,-20.517,0.224,0.224,0.261,0.261
1.154,-6.888,-20.497,0.252,0.252,0.301,0.301
1.156,-7.035,-20.484,0.227,0.227,0.273,0.273
1.156,-6.888,-20.487,0.247,0.247,0.262,0.262
1.157,-6.773,-20.481,0.230,0.230,0.262,0.262
1.157,-6.741,-20.477,0.244,0.244,0.267,0.267
1.158,-6.806,-20.471,0.226,0.226,0.264,0.264
1.165,-6.969,-20.421,0.249,0.249,0.270,0.270
1.167,-7.312,-20.410,0.229,0.229,0.288,0.288
1.169,-7.769,-20.397,0.243,0.243,0.264,0.264
1.169,-8.210,-20.397,0.232,0.232,0.262,0.262
1.171,-8.487,-20.378,0.240,0.240,0.258,0.258
1.172,-8.471,-20.371,0.215,0.215,0.258,0.258
1.173,-8.226,-20.360,0.241,0.241,0.255,0.255
1.176,-7.900,-20.339,0.223,0.223,0.258,0.258
1.176,-7.736,-20.335,0.243,0.243,0.249,0.249
1.179,-7.606,-20.317,0.218,0.218,0.259,0.259
1.179,-7.475,-20.314,0.246,0.246,0.256,0.256
1.178,-7.573,-20.318,0.220,0.220,0.255,0.255
1.180,-7.997,-20.305,0.243,0.243,0.241,0.241
1.186,-8.748,-20.258,0.224,0.224,0.250,0.250
1.189,-9.189,-20.228,0.243,0.243,0.256,0.256
1.190,-9.270,-20.217,0.229,0.229,0.240,0.240
1.191,-8.928,-20.211,0.247,0.247,0.249,0.249
1.192,-8.144,-20.202,0.226,0.226,0.250,0.250
1.194,-7.116,-20.187,0.243,0.243,0.252,0.252
1.195,-6.202,-20.180,0.232,0.232,0.252,0.252
1.197,-5.647,-20.169,0.246,0.246,0.249,0.249
1.199,-5.664,-20.157,0.240,0.240,0.252,0.252
1.201,-6.023,-20.144,0.235,0.235,0.247,0.247
1.201,-6.496,-20.148,0.243,0.243,0.255,0.255
1.200,-6.790,-20.154,0.232,0.232,0.255,0.255
1.202,-6.757,-20.137,0.241,0.241,0.258,0.258
1.203,-6.463,-20.128,0.238,0.238,0.253,0.253
1.211,-5.925,-20.081,0.247,0.247,0.258,0.258
1.212,-5.484,-20.078,0.237,0.237,0.249,0.249
1.213,-5.174,-20.071,0.233,0.233,0.255,0.255
1.215,-5.141,-20.062,0.237,0.237,0.250,0.250
1.215,-5.239,-20.061,0.232,0.232,0.249,0.249
1.216,-5.256,-20.053,0.221,0.221,0.240,0.240
1.219,-5.256,-20.040,0.226,0.226,0.241,0.241
1.220,-5.305,-20.035,0.203,0.203,0.221,0.221
1.222,-5.484,-20.022,0.221,0.221,0.230,0.230
1.224,-5.713,-20.014,0.198,0.198,0.230,0.230
1.224,-5.811,-20.013,0.223,0.223,0.230,0.230
1.223,-6.023,-20.016,0.212,0.212,0.233,0.233
1.225,-6.202,-20.007,0.227,0.227,0.262,0.262
1.230,-6.251,-19.973,0.206,0.206,0.237,0.237
1.233,-6.219,-19.954,0.237,0.237,0.230,0.230
1.236,-5.908,-19.935,0.215,0.215,0.230,0.230
1.237,-5.452,-19.934,0.233,0.233,0.237,0.237
1.237,-5.011,-19.934,0.217,0.217,0.241,0.241
1.239,-5.076,-19.923,0.237,0.237,0.243,0.243
1.240,-5.778,-19.916,0.218,0.218,0.232,0.232
1.242,-6.757,-19.907,0.233,0.233,0.243,0.243
1.244,-7.557,-19.892,0.230,0.230,0.258,0.258
1.245,-8.046,-19.881,0.233,0.233,0.249,0.249
1.245,-7.965,-19.883,0.233,0.233,0.253,0.253
1.244,-7.508,-19.887,0.233,0.233,0.246,0.246
1.247,-6.969,-19.865,0.227,0.227,0.255,0.255
1.252,-6.692,-19.832,0.227,0.227,0.249,0.249
1.256,-6.627,-19.808,0.224,0.224,0.255,0.255
1.258,-6.447,-19.796,0.215,0.215,0.258,0.258
1.256,-6.235,-19.803,0.235,0.235,0.246,0.246
1.258,-5.957,-19.794,0.220,0.220,0.244,0.244
1.260,-5.794,-19.782,0.230,0.230,0.262,0.262
1.261,-5.990,-19.777,0.221,0.221,0.250,0.250
1.264,-6.447,-19.757,0.226,0.226,0.244,0.244
1.266,-6.741,-19.746,0.224,0.224,0.247,0.247
1.266,-6.708,-19.743,0.237,0.237,0.247,0.247
1.266,-6.202,-19.743,0.215,0.215,0.247,0.247
1.267,-5.468,-19.739,0.221,0.221,0.244,0.244
1.268,-4.929,-19.731,0.209,0.209,0.243,0.243
1.275,-4.684,-19.701,0.218,0.218,0.243,0.243
1.278,-4.701,-19.686,0.204,0.204,0.258,0.258
1.278,-4.733,-19.684,0.235,0.235,0.249,0.249
1.279,-4.766,-19.679,0.217,0.217,0.249,0.249
1.280,-4.750,-19.674,0.237,0.237,0.238,0.238
1.281,-4.782,-19.671,0.212,0.212,0.247,0.247
1.284,-4.766,-19.657,0.238,0.238,0.255,0.255
1.286,-4.766,-19.647,0.233,0.233,0.256,0.256
1.287,-4.782,-19.644,0.253,0.253,0.273,0.273
1.288,-5.027,-19.635,0.240,0.240,0.275,0.275
1.290,-5.174,-19.629,0.249,0.249,0.276,0.276
1.288,-5.060,-19.635,0.229,0.229,0.279,0.279
1.290,-4.799,-19.629,0.250,0.250,0.267,0.267
1.294,-4.701,-19.609,0.238,0.238,0.273,0.273
1.298,-4.717,-19.591,0.253,0.253,0.272,0.272
1.301,-4.733,-19.576,0.235,0.235,0.264,0.264
1.302,-4.799,-19.570,0.250,0.250,0.266,0.266
1.302,-5.027,-19.571,0.224,0.224,0.278,0.278
1.303,-5.239,-19.566,0.240,0.240,0.255,0.255
1.306,-5.223,-19.551,0.229,0.229,0.269,0.269
1.307,-5.011,-19.546,0.247,0.247,0.262,0.262
1.308,-4.799,-19.538,0.221,0.221,0.261,0.261
1.311,-4.733,-19.527,0.249,0.249,0.258,0.258
1.311,-4.782,-19.525,0.220,0.220,0.282,0.282
1.311,-4.978,-19.526,0.227,0.227,0.258,0.258
1.312,-4.978,-19.522,0.232,0.232,0.255,0.255
1.316,-4.831,-19.503,0.237,0.237,0.258,0.258
1.321,-4.766,-19.479,0.227,0.227,0.261,0.261
1.322,-4.733,-19.475,0.230,0.230,0.246,0.246
1.324,-4.750,-19.464,0.229,0.229,0.258,0.258
1.324,-4.750,-19.465,0.229,0.229,0.243,0.243
1.325,-4.766,-19.457,0.233,0.233,0.255,0.255
1.327,-4.766,-19.450,0.230,0.230,0.259,0.259
1.328,-4.750,-19.444,0.238,0.238,0.259,0.259
1.331,-4.799,-19.431,0.226,0.226,0.261,0.261
1.332,-5.027,-19.427,0.238,0.238,0.246,0.246
1.333,-5.207,-19.420,0.223,0.223,0.253,0.253
1.333,-5.272,-19.421,0.243,0.243,0.262,0.262
1.332,-5.288,-19.422,0.223,0.223,0.258,0.258
1.336,-5.239,-19.403,0.243,0.243,0.258,0.258
1.342,-5.288,-19.374,0.230,0.230,0.261,0.261
1.344,-5.517,-19.363,0.240,0.240,0.258,0.258
1.345,-5.647,-19.354,0.229,0.229,0.282,0.282
1.346,-5.484,-19.351,0.243,0.243,0.261,0.261
1.347,-4.995,-19.346,0.223,0.223,0.249,0.249
1.348,-4.456,-19.339,0.233,0.233,0.252,0.252
1.350,-4.276,-19.330,0.215,0.215,0.252,0.252
1.352,-4.521,-19.324,0.224,0.224,0.249,0.249
1.354,-4.962,-19.313,0.203,0.203,0.238,0.238
1.356,-5.305,-19.303,0.233,0.233,0.221,0.221
1.355,-5.615,-19.308,0.209,0.209,0.238,0.238
1.355,-5.745,-19.306,0.229,0.229,0.241,0.241
1.356,-5.745,-19.301,0.203,0.203,0.233,0.233
1.358,-5.484,-19.291,0.230,0.230,0.240,0.240
1.365,-5.272,-19.252,0.211,0.211,0.227,0.227
1.368,-5.223,-19.237,0.227,0.227,0.243,0.243
1.368,-5.223,-19.237,0.221,0.221,0.238,0.238
1.369,-5.239,-19.231,0.237,0.237,0.235,0.235
1.370,-5.256,-19.225,0.209,0.209,0.249,0.249
1.371,-5.239,-19.222,0.220,0.220,0.244,0.244
1.374,-5.174,-19.209,0.232,0.232,0.249,0.249
1.376,-4.929,-19.199,0.229,0.229,0.270,0.270
1.377,-4.472,-19.191,0.232,0.232,0.255,0.255
1.378,-3.934,-19.188,0.230,0.230,0.252,0.252
1.377,-3.526,-19.191,0.230,0.230,0.261,0.261
1.377,-3.558,-19.191,0.217,0.217,0.258,0.258
1.383,-3.901,-19.171,0.217,0.217,0.250,0.250
1.389,-3.917,-19.147,0.221,0.221,0.261,0.261
1.389,-3.607,-19.146,0.233,0.233,0.243,0.243
1.389,-3.395,-19.146,0.218,0.218,0.256,0.256
1.391,-3.722,-19.138,0.233,0.233,0.259,0.259
1.392,-4.211,-19.135,0.218,0.218,0.255,0.255
1.394,-4.538,-19.128,0.224,0.224,0.253,0.253
1.395,-4.472,-19.120,0.212,0.212,0.252,0.252
1.397,-4.081,-19.113,0.230,0.230,0.250,0.250
1.398,-3.803,-19.107,0.217,0.217,0.247,0.247
1.399,-4.015,-19.105,0.224,0.224,0.244,0.244
1.398,-4.456,-19.110,0.204,0.204,0.252,0.252
1.400,-4.962,-19.102,0.230,0.230,0.256,0.256
1.405,-4.995,-19.075,0.206,0.206,0.255,0.255
1.409,-4.505,-19.057,0.240,0.240,0.244,0.244
1.410,-3.705,-19.050,0.211,0.211,0.250,0.250
1.412,-2.971,-19.045,0.227,0.227,0.249,0.249
1.412,-2.416,-19.046,0.203,0.203,0.252,0.252
1.414,-1.861,-19.041,0.235,0.235,0.252,0.252
1.415,-1.208,-19.039,0.218,0.218,0.255,0.255
1.416,-0.604,-19.038,0.238,0.238,0.258,0.258
1.419,-0.588,-19.036,0.243,0.243,0.276,0.276
1.420,-0.964,-19.035,0.252,0.252,0.275,0.275
1.421,-1.290,-19.034,0.238,0.238,0.279,0.279
1.420,-1.437,-19.035,0.252,0.252,0.275,0.275
1.421,-1.600,-19.034,0.240,0.240,0.275,0.275
1.423,-1.780,-19.031,0.258,0.258,0.270,0.270
1.430,-1.845,-19.019,0.238,0.238,0.270,0.270
1.431,-1.812,-19.016,0.250,0.250,0.258,0.258
1.434,-1.861,-19.012,0.237,0.237,0.278,0.278
1.435,-2.057,-19.009,0.238,0.238,0.276,0.276
1.434,-2.269,-19.010,0.235,0.235,0.273,0.273
1.436,-2.416,-19.005,0.244,0.244,0.261,0.261
1.439,-2.873,-19.000,0.233,0.233,0.261,0.261
1.440,-3.575,-18.995,0.240,0.240,0.264,0.264
1.442,-4.456,-18.988,0.224,0.224,0.262,0.262
1.443,-5.647,-18.982,0.221,0.221,0.258,0.258
1.443,-6.855,-18.984,0.217,0.217,0.258,0.258
1.442,-7.948,-18.985,0.230,0.230,0.261,0.261
1.445,-9.009,-18.964,0.240,0.240,0.264,0.264
1.450,-10.445,-18.915,0.221,0.221,0.281,0.281
1.453,-12.110,-18.880,0.237,0.237,0.256,0.256
1.454,-13.824,-18.869,0.217,0.217,0.253,0.253
1.455,-15.309,-18.855,0.230,0.230,0.258,0.258
1.456,-16.419,-18.842,0.227,0.227,0.259,0.259
1.458,-17.659,-18.807,0.238,0.238,0.252,0.252
1.459,-19.226,-18.775,0.224,0.224,0.255,0.255
1.461,-20.956,-18.745,0.227,0.227,0.249,0.249
1.461,-22.555,-18.736,0.217,0.217,0.256,0.256
1.464,-23.926,-18.669,0.240,0.240,0.261,0.261
1.464,-24.889,-18.685,0.227,0.227,0.262,0.262
1.464,-25.705,-18.687,0.253,0.253,0.256,0.256
1.465,-26.570,-18.650,0.230,0.230,0.246,0.246
1.469,-27.484,-18.542,0.235,0.235,0.258,0.258
1.474,-28.202,-18.393,0.224,0.224,0.264,0.264
1.475,-28.463,-18.383,0.249,0.249,0.264,0.264
1.475,-28.479,-18.362,0.233,0.233,0.258,0.258
1.475,-28.561,-18.360,0.246,0.246,0.261,0.261
1.478,-29.246,-18.292,0.227,0.227,0.258,0.258
1.479,-30.340,-18.258,0.240,0.240,0.240,0.240
1.481,-31.417,-18.194,0.214,0.214,0.252,0.252
1.483,-31.923,-18.128,0.243,0.243,0.250,0.250
1.484,-31.988,-18.107,0.218,0.218,0.233,0.233
1.485,-32.135,-18.075,0.226,0.226,0.240,0.240
1.484,-32.641,-18.098,0.203,0.203,0.237,0.237
1.485,-33.424,-18.081,0.221,0.221,0.235,0.235
1.488,-34.289,-17.957,0.201,0.201,0.250,0.250
1.493,-34.550,-17.810,0.217,0.217,0.246,0.246
1.494,-34.175,-17.748,0.221,0.221,0.237,0.237
1.496,-33.652,-17.703,0.224,0.224,0.244,0.244
1.496,-33.620,-17.694,0.220,0.220,0.244,0.244
1.497,-34.338,-17.643,0.209,0.209,0.246,0.246
1.498,-35.284,-17.606,0.230,0.230,0.252,0.252
1.499,-36.068,-17.578,0.218,0.218,0.269,0.269
1.502,-36.068,-17.489,0.230,0.230,0.255,0.255
1.502,-35.611,-17.464,0.215,0.215,0.241,0.241
1.505,-35.023,-17.382,0.232,0.232,0.249,0.249
1.503,-34.779,-17.460,0.211,0.211,0.255,0.255
1.503,-34.925,-17.430,0.221,0.221,0.255,0.255
1.508,-34.925,-17.257,0.221,0.221,0.258,0.258
1.513,-34.599,-17.080,0.241,0.241,0.278,0.278
1.513,-33.979,-17.088,0.227,0.227,0.256,0.256
1.515,-33.261,-17.024,0.237,0.237,0.252,0.252
1.515,-32.836,-17.015,0.209,0.209,0.259,0.259
1.516,-32.967,-16.995,0.230,0.230,0.256,0.256
1.518,-32.967,-16.940,0.211,0.211,0.253,0.253
1.518,-32.902,-16.914,0.244,0.244,0.253,0.253
1.521,-32.836,-16.828,0.227,0.227,0.267,0.267
1.522,-32.836,-16.802,0.230,0.230,0.258,0.258
1.523,-32.853,-16.748,0.209,0.209,0.258,0.258
1.522,-33.114,-16.798,0.235,0.235,0.252,0.252
1.523,-33.342,-16.753,0.209,0.209,0.253,0.253
1.526,-33.604,-16.657,0.241,0.241,0.249,0.249
1.530,-33.816,-16.528,0.221,0.221,0.258,0.258
1.532,-33.816,-16.477,0.227,0.227,0.249,0.249
1.533,-33.522,-16.438,0.203,0.203,0.256,0.256
1.534,-33.098,-16.388,0.229,0.229,0.252,0.252
1.534,-32.804,-16.386,0.209,0.209,0.256,0.256
1.536,-32.836,-16.326,0.240,0.240,0.256,0.256
1.538,-33.098,-16.265,0.237,0.237,0.247,0.247
1.539,-33.244,-16.229,0.246,0.246,0.259,0.259
1.540,-33.065,-16.184,0.237,0.237,0.276,0.276
1.542,-32.575,-16.127,0.229,0.229,0.279,0.279
1.542,-32.020,-16.132,0.238,0.238,0.288,0.288
1.543,-31.531,-16.100,0.240,0.240,0.284,0.284
1.542,-31.319,-16.131,0.243,0.243,0.285,0.285
1.545,-31.564,-16.037,0.247,0.247,0.301,0.301
1.549,-31.727,-15.898,0.241,0.241,0.270,0.270
1.552,-31.482,-15.821,0.227,0.227,0.267,0.267
1.553,-30.519,-15.797,0.233,0.233,0.276,0.276
1.553,-29.344,-15.782,0.235,0.235,0.273,0.273
1.553,-28.577,-15.773,0.240,0.240,0.279,0.279
1.555,-28.675,-15.728,0.232,0.232,0.270,0.270
1.556,-29.589,-15.694,0.229,0.229,0.250,0.250
1.558,-30.552,-15.647,0.221,0.221,0.264,0.264
1.559,-30.927,-15.596,0.218,0.218,0.273,0.273
1.561,-30.715,-15.548,0.223,0.223,0.261,0.261
1.560,-30.421,-15.574,0.233,0.233,0.258,0.258
1.562,-30.388,-15.523,0.217,0.217,0.252,0.252
1.562,-30.862,-15.500,0.240,0.240,0.264,0.264
1.566,-31.661,-15.390,0.214,0.214,0.255,0.255
1.570,-32.722,-15.269,0.227,0.227,0.261,0.261
1.569,-33.587,-15.288,0.206,0.206,0.256,0.256
1.570,-33.914,-15.259,0.237,0.237,0.255,0.255
1.571,-33.555,-15.225,0.220,0.220,0.252,0.252
1.573,-33.130,-15.168,0.227,0.227,0.272,0.272
1.573,-32.836,-15.148,0.218,0.218,0.261,0.261
1.576,-33.049,-15.050,0.241,0.241,0.253,0.253
1.576,-33.522,-15.049,0.220,0.220,0.262,0.262
1.578,-33.799,-14.987,0.246,0.246,0.259,0.259
1.578,-33.587,-14.993,0.233,0.233,0.258,0.258
1.579,-33.065,-14.977,0.249,0.249,0.259,0.259
1.578,-32.510,-15.005,0.218,0.218,0.255,0.255
1.581,-32.037,-14.890,0.240,0.240,0.259,0.259
1.586,-32.118,-14.749,0.227,0.227,0.270,0.270
1.586,-32.559,-14.728,0.246,0.246,0.264,0.264
1.588,-33.114,-14.687,0.235,0.235,0.262,0.262
1.589,-33.620,-14.646,0.253,0.253,0.244,0.244
1.589,-33.783,-14.626,0.221,0.221,0.253,0.253
1.591,-33.701,-14.565,0.233,0.233,0.255,0.255
1.591,-33.669,-14.554,0.220,0.220,0.253,0.253
1.594,-34.060,-14.480,0.229,0.229,0.247,0.247
1.595,-34.648,-14.445,0.212,0.212,0.238,0.238
1.595,-35.399,-14.419,0.218,0.218,0.232,0.232
1.595,-36.035,-14.429,0.206,0.206,0.240,0.240
1.596,-36.329,-14.404,0.211,0.211,0.232,0.232
1.596,-36.100,-14.393,0.209,0.209,0.250,0.250
1.600,-35.839,-14.269,0.214,0.214,0.244,0.244
1.603,-35.741,-14.135,0.226,0.226,0.237,0.237
1.606,-36.035,-14.051,0.209,0.209,0.244,0.244
1.607,-36.231,-14.019,0.220,0.220,0.249,0.249
1.605,-36.329,-14.071,0.206,0.206,0.227,0.227
1.606,-36.345,-14.024,0.218,0.218,0.246,0.246
1.608,-36.557,-13.950,0.200,0.200,0.250,0.250
1.610,-36.655,-13.910,0.230,0.230,0.250,0.250
1.611,-36.557,-13.875,0.211,0.211,0.252,0.252
1.612,-36.313,-13.835,0.227,0.227,0.246,0.246
1.612,-36.003,-13.824,0.212,0.212,0.255,0.255
1.611,-35.725,-13.839,0.229,0.229,0.253,0.253
1.612,-35.480,-13.830,0.211,0.211,0.255,0.255
1.617,-35.301,-13.649,0.230,0.230,0.255,0.255
1.619,-35.301,-13.568,0.220,0.220,0.261,0.261
1.620,-35.317,-13.545,0.232,0.232,0.258,0.258
1.622,-35.546,-13.466,0.206,0.206,0.275,0.275
1.621,-35.774,-13.491,0.235,0.235,0.253,0.253
1.622,-35.839,-13.456,0.211,0.211,0.262,0.262
1.623,-36.133,-13.432,0.238,0.238,0.261,0.261
1.625,-36.557,-13.355,0.215,0.215,0.258,0.258
1.627,-37.129,-13.300,0.243,0.243,0.252,0.252
1.627,-37.798,-13.267,0.211,0.211,0.255,0.255
1.627,-38.238,-13.284,0.226,0.226,0.252,0.252
1.627,-38.320,-13.301,0.214,0.214,0.258,0.258
1.627,-38.026,-13.269,0.223,0.223,0.252,0.252
1.632,-37.749,-13.113,0.206,0.206,0.256,0.256
1.635,-37.439,-12.976,0.223,0.223,0.255,0.255
1.637,-37.210,-12.920,0.212,0.212,0.267,0.267
1.637,-36.900,-12.916,0.223,0.223,0.256,0.256
1.637,-36.443,-12.898,0.217,0.217,0.272,0.272
1.638,-35.709,-12.879,0.233,0.233,0.258,0.258
1.639,-34.991,-12.852,0.223,0.223,0.264,0.264
1.640,-34.501,-12.817,0.224,0.224,0.266,0.266
1.642,-34.256,-12.747,0.237,0.237,0.270,0.270
1.643,-34.240,-12.710,0.235,0.235,0.264,0.264
1.643,-34.093,-12.707,0.237,0.237,0.282,0.282
1.642,-34.175,-12.728,0.244,0.244,0.285,0.285
1.641,-34.615,-12.757,0.237,0.237,0.276,0.276
1.645,-35.415,-12.618,0.241,0.241,0.270,0.270
1.649,-36.296,-12.500,0.237,0.237,0.261,0.261
1.650,-36.786,-12.437,0.235,0.235,0.279,0.279
1.652,-36.851,-12.366,0.240,0.240,0.272,0.272
1.652,-36.541,-12.364,0.227,0.227,0.273,0.273
1.652,-36.313,-12.361,0.218,0.218,0.278,0.278
1.654,-36.231,-12.315,0.223,0.223,0.270,0.270
1.655,-36.492,-12.265,0.227,0.227,0.270,0.270
1.656,-36.737,-12.226,0.226,0.226,0.293,0.293
1.656,-36.802,-12.214,0.243,0.243,0.266,0.266
1.658,-36.802,-12.144,0.218,0.218,0.253,0.253
1.658,-36.753,-12.165,0.238,0.238,0.261,0.261
1.656,-36.770,-12.226,0.211,0.211,0.261,0.261
1.657,-36.721,-12.200,0.224,0.224,0.253,0.253
1.663,-36.557,-11.965,0.217,0.217,0.255,0.255
1.665,-36.623,-11.893,0.240,0.240,0.249,0.249
1.666,-37.031,-11.860,0.218,0.218,0.261,0.261
1.667,-37.814,-11.808,0.230,0.230,0.264,0.264
1.667,-38.500,-11.813,0.212,0.212,0.264,0.264
1.668,-38.859,-11.799,0.232,0.232,0.253,0.253
1.668,-39.103,-11.777,0.220,0.220,0.259,0.259
1.669,-39.544,-11.731,0.243,0.243,0.253,0.253
1.671,-40.327,-11.678,0.223,0.223,0.258,0.258
1.671,-41.290,-11.651,0.241,0.241,0.255,0.255
1.672,-41.992,-11.624,0.215,0.215,0.258,0.258
1.671,-42.237,-11.656,0.243,0.243,0.256,0.256
1.671,-42.008,-11.663,0.226,0.226,0.262,0.262
1.673,-41.764,-11.577,0.252,0.252,0.261,0.261
1.679,-41.649,-11.347,0.237,0.237,0.264,0.264
1.679,-41.682,-11.339,0.252,0.252,0.258,0.258
1.679,-41.682,-11.336,0.227,0.227,0.262,0.262
1.679,-41.666,-11.314,0.241,0.241,0.240,0.240
1.681,-41.486,-11.271,0.223,0.223,0.259,0.259
1.682,-41.258,-11.223,0.237,0.237,0.256,0.256
1.683,-41.176,-11.166,0.218,0.218,0.261,0.261
1.684,-41.241,-11.137,0.233,0.233,0.253,0.253
1.685,-41.535,-11.078,0.206,0.206,0.250,0.250
1.686,-41.943,-11.046,0.212,0.212,0.246,0.246
1.684,-42.139,-11.126,0.212,0.212,0.237,0.237
1.685,-41.780,-11.085,0.218,0.218,0.232,0.232
1.686,-41.274,-11.063,0.224,0.224,0.247,0.247
1.688,-40.915,-10.950,0.201,0.201,0.237,0.237
1.692,-41.013,-10.792,0.218,0.218,0.241,0.241
1.693,-41.404,-10.758,0.194,0.194,0.246,0.246
1.693,-41.649,-10.776,0.220,0.220,0.246,0.246
1.693,-41.535,-10.745,0.208,0.208,0.240,0.240
1.695,-41.290,-10.691,0.233,0.233,0.270,0.270
1.695,-41.209,-10.657,0.208,0.208,0.247,0.247
1.697,-41.502,-10.587,0.223,0.223,0.246,0.246
1.697,-42.008,-10.572,0.212,0.212,0.255,0.255
1.699,-42.465,-10.490,0.230,0.230,0.255,0.255
1.699,-42.726,-10.500,0.215,0.215,0.256,0.256
1.698,-42.694,-10.558,0.233,0.233,0.256,0.256
1.698,-42.465,-10.571,0.214,0.214,0.240,0.240
1.700,-42.269,-10.460,0.227,0.227,0.256,0.256
1.706,-42.465,-10.194,0.206,0.206,0.273,0.273
1.706,-42.906,-10.194,0.232,0.232,0.259,0.259
1.708,-43.444,-10.136,0.220,0.220,0.261,0.261
1.707,-43.657,-10.157,0.241,0.241,0.252,0.252
1.707,-43.722,-10.172,0.218,0.218,0.259,0.259
1.708,-43.657,-10.113,0.232,0.232,0.262,0.262
1.709,-43.657,-10.081,0.208,0.208,0.261,0.261
1.710,-43.624,-10.045,0.221,0.221,0.258,0.258
1.711,-43.689,-9.992,0.226,0.226,0.259,0.259
1.711,-43.869,-9.984,0.240,0.240,0.258,0.258
1.710,-43.820,-10.026,0.218,0.218,0.276,0.276
1.710,-43.428,-10.035,0.217,0.217,0.258,0.258
1.711,-42.971,-9.983,0.212,0.212,0.258,0.258
1.717,-42.955,-9.756,0.214,0.214,0.255,0.255
1.719,-43.363,-9.655,0.215,0.215,0.259,0.259
1.719,-43.869,-9.648,0.230,0.230,0.250,0.250
1.719,-43.934,-9.671,0.229,0.229,0.243,0.243
1.718,-43.706,-9.684,0.212,0.212,0.255,0.255
1.719,-43.379,-9.651,0.224,0.224,0.264,0.264
1.721,-43.167,-9.559,0.220,0.220,0.267,0.267
1.722,-43.151,-9.529,0.232,0.232,0.264,0.264
1.723,-43.526,-9.490,0.235,0.235,0.275,0.275
1.724,-44.130,-9.446,0.249,0.249,0.287,0.287
1.724,-44.946,-9.429,0.241,0.241,0.282,0.282
1.722,-45.762,-9.540,0.238,0.238,0.278,0.278
1.721,-46.382,-9.558,0.229,0.229,0.267,0.267
1.725,-46.643,-9.384,0.235,0.235,0.276,0.276
1.729,-46.643,-9.206,0.218,0.218,0.276,0.276
1.732,-46.594,-9.073,0.244,0.244,0.273,0.273
1.733,-46.545,-9.025,0.232,0.232,0.279,0.279
1.731,-46.562,-9.107,0.226,0.226,0.270,0.270
1.730,-46.578,-9.132,0.220,0.220,0.279,0.279
1.732,-46.611,-9.044,0.235,0.235,0.272,0.272
1.732,-46.839,-9.044,0.215,0.215,0.272,0.272
1.734,-47.035,-8.950,0.240,0.240,0.267,0.267
1.735,-47.084,-8.924,0.220,0.220,0.264,0.264
1.735,-46.790,-8.919,0.230,0.230,0.255,0.255
1.733,-46.333,-9.000,0.212,0.212,0.264,0.264
1.733,-45.844,-9.019,0.227,0.227,0.264,0.264
1.735,-45.517,-8.932,0.209,0.209,0.261,0.261
1.739,-45.289,-8.755,0.238,0.238,0.261,0.261
1.742,-45.191,-8.608,0.226,0.226,0.284,0.284
1.742,-45.370,-8.604,0.240,0.240,0.256,0.256
1.741,-45.599,-8.664,0.215,0.215,0.259,0.259
1.742,-45.925,-8.603,0.235,0.235,0.262,0.262
1.742,-46.121,-8.597,0.217,0.217,0.262,0.262
1.744,-46.088,-8.527,0.237,0.237,0.256,0.256
1.745,-45.892,-8.452,0.224,0.224,0.262,0.262
1.744,-45.582,-8.502,0.249,0.249,0.264,0.264
1.746,-45.533,-8.424,0.229,0.229,0.266,0.266
1.743,-45.305,-8.540,0.244,0.244,0.259,0.259
1.744,-45.191,-8.514,0.227,0.227,0.261,0.261
1.744,-45.403,-8.517,0.249,0.249,0.256,0.256
1.750,-45.811,-8.242,0.233,0.233,0.256,0.256
1.752,-46.105,-8.129,0.246,0.246,0.262,0.262
1.752,-46.072,-8.158,0.238,0.238,0.275,0.275
1.752,-45.582,-8.157,0.240,0.240,0.258,0.258
1.752,-44.815,-8.140,0.212,0.212,0.262,0.262
1.752,-43.967,-8.126,0.233,0.233,0.256,0.256
1.754,-43.085,-8.050,0.232,0.232,0.259,0.259
1.754,-42.580,-8.046,0.221,0.221,0.270,0.270
1.755,-42.302,-8.032,0.220,0.220,0.241,0.241
1.756,-42.188,-7.975,0.206,0.206,0.240,0.240
1.756,-42.172,-7.959,0.208,0.208,0.246,0.246
1.754,-42.188,-8.049,0.197,0.197,0.238,0.238
1.754,-42.188,-8.061,0.215,0.215,0.249,0.249
1.755,-41.943,-8.001,0.197,0.197,0.246,0.246
1.761,-41.747,-7.775,0.221,0.221,0.218,0.218
1.762,-41.682,-7.728,0.200,0.200,0.246,0.246
1.762,-41.682,-7.719,0.230,0.230,0.255,0.255
1.762,-41.715,-7.739,0.206,0.206,0.243,0.243
1.762,-41.698,-7.702,0.220,0.220,0.250,0.250
1.762,-41.715,-7.702,0.214,0.214,0.246,0.246
1.764,-41.715,-7.654,0.230,0.230,0.250,0.250
1.765,-41.698,-7.594,0.209,0.209,0.244,0.244
1.764,-41.698,-7.625,0.223,0.223,0.252,0.252
1.765,-41.698,-7.612,0.212,0.212,0.255,0.255
1.764,-41.666,-7.652,0.232,0.232,0.255,0.255
1.762,-41.421,-7.704,0.214,0.214,0.262,0.262
1.765,-40.931,-7.599,0.241,0.241,0.270,0.270
1.768,-40.491,-7.471,0.215,0.215,0.259,0.259
1.771,-40.491,-7.356,0.232,0.232,0.259,0.259
1.771,-40.931,-7.364,0.212,0.212,0.258,0.258
1.770,-41.388,-7.381,0.237,0.237,0.256,0.256
1.771,-41.519,-7.342,0.217,0.217,0.264,0.264
1.771,-41.274,-7.365,0.233,0.233,0.258,0.258
1.773,-40.964,-7.284,0.214,0.214,0.258,0.258
1.774,-40.719,-7.237,0.221,0.221,0.255,0.255
1.774,-40.686,-7.249,0.215,0.215,0.258,0.258
1.775,-40.996,-7.182,0.226,0.226,0.255,0.255
1.772,-41.421,-7.310,0.224,0.224,0.258,0.258
1.772,-41.715,-7.318,0.224,0.224,0.256,0.256
1.773,-41.780,-7.267,0.211,0.211,0.256,0.256
1.777,-41.747,-7.123,0.218,0.218,0.249,0.249
1.780,-41.682,-6.963,0.211,0.211,0.261,0.261
1.780,-41.666,-6.972,0.212,0.212,0.258,0.258
1.781,-41.486,-6.954,0.221,0.221,0.241,0.241
1.780,-41.486,-6.990,0.220,0.220,0.253,0.253
1.780,-41.649,-6.958,0.227,0.227,0.258,0.258
1.781,-41.715,-6.957,0.227,0.227,0.259,0.259
1.782,-41.715,-6.897,0.237,0.237,0.272,0.272
1.783,-41.715,-6.866,0.230,0.230,0.275,0.275
1.783,-41.649,-6.848,0.238,0.238,0.276,0.276
1.782,-41.421,-6.901,0.233,0.233,0.270,0.270
1.779,-40.931,-7.001,0.240,0.240,0.284,0.284
1.782,-40.376,-6.907,0.221,0.221,0.273,0.273
1.783,-39.870,-6.861,0.240,0.240,0.272,0.272
1.787,-39.381,-6.687,0.224,0.224,0.278,0.278
1.789,-38.908,-6.621,0.237,0.237,0.269,0.269
1.788,-38.451,-6.656,0.224,0.224,0.276,0.276
1.787,-38.222,-6.679,0.244,0.244,0.302,0.302
1.788,-38.206,-6.669,0.220,0.220,0.270,0.270
1.788,-38.271,-6.640,0.233,0.233,0.259,0.259
1.789,-38.255,-6.606,0.209,0.209,0.261,0.261
1.790,-38.255,-6.592,0.235,0.235,0.262,0.262
1.790,-38.238,-6.574,0.212,0.212,0.262,0.262
1.790,-38.320,-6.577,0.243,0.243,0.261,0.261
1.788,-38.483,-6.657,0.220,0.220,0.247,0.247
1.787,-38.744,-6.700,0.230,0.230,0.261,0.261
1.791,-39.071,-6.543,0.221,0.221,0.272,0.272
1.795,-39.479,-6.375,0.233,0.233,0.259,0.259
1.795,-39.724,-6.400,0.218,0.218,0.258,0.258
1.796,-39.756,-6.363,0.237,0.237,0.258,0.258
1.795,-39.675,-6.404,0.218,0.218,0.259,0.259
1.796,-39.430,-6.362,0.240,0.240,0.256,0.256
1.795,-39.136,-6.381,0.217,0.217,0.264,0.264
1.796,-38.646,-6.328,0.258,0.258,0.261,0.261
1.797,-38.222,-6.323,0.227,0.227,0.258,0.258
1.798,-37.896,-6.274,0.249,0.249,0.256,0.256
1.796,-37.732,-6.339,0.226,0.226,0.241,0.241
1.794,-37.700,-6.402,0.249,0.249,0.258,0.258
1.795,-37.732,-6.392,0.233,0.233,0.267,0.267
1.799,-37.798,-6.213,0.240,0.240,0.258,0.258
1.802,-38.026,-6.117,0.240,0.240,0.261,0.261
1.803,-38.206,-6.089,0.246,0.246,0.262,0.262
1.803,-38.336,-6.063,0.233,0.233,0.261,0.261
1.802,-38.516,-6.135,0.240,0.240,0.262,0.262
1.803,-38.695,-6.083,0.235,0.235,0.258,0.258
1.803,-38.744,-6.096,0.229,0.229,0.253,0.253
1.803,-38.761,-6.092,0.227,0.227,0.253,0.253
1.804,-38.663,-6.050,0.217,0.217,0.253,0.253
1.805,-38.467,-6.011,0.217,0.217,0.241,0.241
1.805,-38.255,-6.021,0.192,0.192,0.238,0.238
1.803,-37.961,-6.072,0.212,0.212,0.255,0.255
1.802,-37.700,-6.100,0.200,0.200,0.235,0.235
1.802,-37.390,-6.102,0.215,0.215,0.233,0.233
1.805,-37.014,-5.993,0.194,0.194,0.241,0.241
1.809,-36.737,-5.863,0.218,0.218,0.238,0.238
1.810,-36.688,-5.830,0.203,0.203,0.243,0.243
1.808,-36.721,-5.895,0.215,0.215,0.240,0.240
1.809,-36.770,-5.859,0.203,0.203,0.237,0.237
1.808,-36.770,-5.881,0.226,0.226,0.247,0.247
1.810,-36.770,-5.813,0.209,0.209,0.258,0.258
1.810,-36.753,-5.826,0.221,0.221,0.252,0.252
1.811,-36.786,-5.791,0.209,0.209,0.252,0.252
1.810,-36.704,-5.803,0.227,0.227,0.249,0.249
1.810,-36.508,-5.834,0.215,0.215,0.261,0.261
1.808,-36.247,-5.892,0.243,0.243,0.237,0.237
1.808,-35.954,-5.909,0.220,0.220,0.255,0.255
1.813,-35.741,-5.696,0.235,0.235,0.264,0.264
1.814,-35.725,-5.665,0.211,0.211,0.261,0.261
1.815,-35.758,-5.625,0.235,0.235,0.253,0.253
1.814,-35.774,-5.668,0.217,0.217,0.259,0.259
1.814,-35.823,-5.688,0.223,0.223,0.262,0.262
1.815,-36.052,-5.655,0.220,0.220,0.259,0.259
1.814,-36.280,-5.686,0.224,0.224,0.258,0.258
1.816,-36.557,-5.606,0.224,0.224,0.261,0.261
1.815,-36.753,-5.626,0.224,0.224,0.256,0.256
1.816,-36.835,-5.607,0.220,0.220,0.256,0.256
1.815,-37.014,-5.631,0.221,0.221,0.240,0.240
1.814,-37.194,-5.692,0.212,0.212,0.259,0.259
1.814,-37.308,-5.680,0.218,0.218,0.266,0.266
1.819,-37.276,-5.503,0.211,0.211,0.258,0.258
1.819,-37.243,-5.499,0.204,0.204,0.249,0.249
1.820,-36.916,-5.470,0.214,0.214,0.255,0.255
1.819,-36.492,-5.481,0.211,0.211,0.255,0.255
1.820,-35.970,-5.461,0.220,0.220,0.266,0.266
1.820,-35.431,-5.470,0.215,0.215,0.258,0.258
1.820,-34.958,-5.466,0.227,0.227,0.264,0.264
1.820,-34.485,-5.443,0.221,0.221,0.261,0.261
1.820,-33.979,-5.456,0.229,0.229,0.264,0.264
1.822,-33.522,-5.402,0.229,0.229,0.276,0.276
1.821,-33.293,-5.419,0.241,0.241,0.275,0.275
1.819,-33.277,-5.495,0.227,0.227,0.304,0.304
1.819,-33.310,-5.485,0.247,0.247,0.273,0.273
1.819,-33.359,-5.491,0.224,0.224,0.266,0.266
1.824,-33.587,-5.327,0.249,0.249,0.276,0.276
1.825,-33.816,-5.277,0.221,0.221,0.276,0.276
1.826,-34.142,-5.266,0.246,0.246,0.275,0.275
1.824,-34.354,-5.308,0.217,0.217,0.269,0.269
1.824,-34.615,-5.311,0.233,0.233,0.264,0.264
1.824,-34.844,-5.309,0.220,0.220,0.267,0.267
1.824,-35.089,-5.331,0.235,0.235,0.273,0.273
1.825,-35.284,-5.285,0.215,0.215,0.267,0.267
1.826,-35.317,-5.261,0.237,0.237,0.259,0.259
1.825,-35.252,-5.270,0.220,0.220,0.261,0.261
1.826,-35.023,-5.261,0.235,0.235,0.259,0.259
1.823,-34.762,-5.367,0.218,0.218,0.243,0.243
1.824,-34.468,-5.337,0.237,0.237,0.258,0.258
1.828,-34.028,-5.174,0.217,0.217,0.270,0.270
1.829,-33.750,-5.156,0.230,0.230,0.261,0.261
1.830,-33.440,-5.127,0.224,0.224,0.258,0.258
1.828,-33.065,-5.184,0.233,0.233,0.250,0.250
1.828,-32.788,-5.172,0.217,0.217,0.258,0.258
1.828,-32.510,-5.175,0.252,0.252,0.256,0.256
1.828,-32.347,-5.190,0.227,0.227,0.255,0.255
1.829,-32.298,-5.145,0.243,0.243,0.253,0.253
1.830,-32.314,-5.128,0.224,0.224,0.261,0.261
1.829,-32.380,-5.147,0.244,0.244,0.262,0.262
1.828,-32.575,-5.182,0.233,0.233,0.261,0.261
1.827,-32.804,-5.202,0.230,0.230,0.259,0.259
1.828,-32.869,-5.200,0.237,0.237,0.262,0.262
1.829,-32.885,-5.150,0.240,0.240,0.262,0.262
1.832,-33.081,-5.051,0.235,0.235,0.264,0.264
1.834,-33.293,-4.998,0.240,0.240,0.261,0.261
1.833,-33.620,-5.023,0.241,0.241,0.266,0.266
1.832,-33.816,-5.049,0.229,0.229,0.281,0.281
1.831,-33.848,-5.103,0.223,0.223,0.264,0.264
1.832,-33.881,-5.045,0.221,0.221,0.255,0.255
1.833,-34.077,-5.025,0.221,0.221,0.255,0.255
1.832,-34.305,-5.053,0.200,0.200,0.249,0.249
1.833,-34.354,-5.014,0.221,0.221,0.238,0.238
1.833,-34.338,-5.025,0.198,0.198,0.237,0.237
1.830,-34.305,-5.105,0.215,0.215,0.237,0.237
1.829,-34.256,-5.154,0.201,0.201,0.238,0.238
1.832,-34.044,-5.040,0.212,0.212,0.249,0.249
1.834,-33.783,-4.977,0.204,0.204,0.238,0.238
1.836,-33.506,-4.904,0.215,0.215,0.235,0.235
1.836,-33.310,-4.924,0.206,0.206,0.247,0.247
1.835,-33.293,-4.949,0.223,0.223,0.244,0.244
1.835,-33.277,-4.967,0.203,0.203,0.218,0.218
1.835,-33.293,-4.953,0.224,0.224,0.246,0.246
1.835,-33.049,-4.943,0.211,0.211,0.264,0.264
1.836,-32.869,-4.922,0.232,0.232,0.253,0.253
1.836,-32.804,-4.918,0.215,0.215,0.247,0.247
1.835,-32.804,-4.942,0.240,0.240,0.244,0.244
1.834,-32.788,-4.997,0.220,0.220,0.252,0.252
1.833,-32.853,-5.032,0.230,0.230,0.252,0.252
1.835,-32.820,-4.961,0.212,0.212,0.255,0.255
1.839,-32.885,-4.835,0.238,0.238,0.262,0.262
1.838,-33.065,-4.869,0.215,0.215,0.258,0.258
1.838,-33.293,-4.858,0.233,0.233,0.253,0.253
1.837,-33.326,-4.882,0.224,0.224,0.279,0.279
1.837,-33.098,-4.886,0.227,0.227,0.255,0.255
1.838,-32.836,-4.865,0.226,0.226,0.258,0.258
1.837,-32.771,-4.893,0.221,0.221,0.255,0.255
1.838,-32.804,-4.866,0.226,0.226,0.261,0.261
1.838,-32.836,-4.859,0.223,0.223,0.261,0.261
1.838,-32.820,-4.869,0.212,0.212,0.261,0.261
1.836,-32.836,-4.922,0.218,0.218,0.264,0.264
1.835,-32.820,-4.952,0.217,0.217,0.255,0.255
1.835,-32.820,-4.953,0.212,0.212,0.246,0.246
1.839,-32.739,-4.806,0.217,0.217,0.255,0.255
1.840,-32.559,-4.786,0.212,0.212,0.255,0.255
1.839,-32.396,-4.806,0.223,0.223,0.253,0.253
1.839,-32.314,-4.825,0.206,0.206,0.250,0.250
1.839,-32.331,-4.832,0.221,0.221,0.249,0.249
1.839,-32.347,-4.823,0.203,0.203,0.261,0.261
1.840,-32.380,-4.802,0.220,0.220,0.259,0.259
1.840,-32.608,-4.798,0.218,0.218,0.261,0.261
1.840,-32.804,-4.782,0.240,0.240,0.261,0.261
1.839,-32.853,-4.827,0.223,0.223,0.272,0.272
1.838,-32.804,-4.857,0.255,0.255,0.284,0.284
1.836,-32.575,-4.911,0.227,0.227,0.273,0.273
1.836,-32.363,-4.930,0.252,0.252,0.282,0.282
1.838,-32.282,-4.855,0.221,0.221,0.272,0.272
1.842,-32.298,-4.735,0.243,0.243,0.276,0.276
1.843,-32.086,-4.708,0.230,0.230,0.273,0.273
1.841,-31.792,-4.767,0.235,0.235,0.298,0.298
1.841,-31.531,-4.772,0.221,0.221,0.272,0.272
1.841,-31.319,-4.750,0.241,0.241,0.270,0.270
1.840,-31.302,-4.777,0.221,0.221,0.270,0.270
1.840,-31.286,-4.787,0.243,0.243,0.266,0.266
1.841,-31.335,-4.753,0.229,0.229,0.264,0.264
1.840,-31.335,-4.777,0.237,0.237,0.259,0.259
1.840,-31.302,-4.800,0.217,0.217,0.258,0.258
1.837,-31.123,-4.879,0.235,0.235,0.255,0.255
1.837,-31.139,-4.873,0.218,0.218,0.262,0.262
1.841,-31.302,-4.756,0.240,0.240,0.262,0.262
1.842,-31.629,-4.713,0.224,0.224,0.259,0.259
1.842,-31.825,-4.729,0.238,0.238,0.255,0.255
1.841,-31.841,-4.765,0.215,0.215,0.255,0.255
1.840,-31.808,-4.788,0.246,0.246,0.233,0.233
1.841,-31.564,-4.758,0.227,0.227,0.249,0.249
1.841,-31.335,-4.773,0.247,0.247,0.258,0.258
1.842,-31.270,-4.733,0.221,0.221,0.258,0.258
1.842,-31.319,-4.728,0.241,0.241,0.258,0.258
1.841,-31.319,-4.756,0.224,0.224,0.244,0.244
1.839,-31.319,-4.809,0.230,0.230,0.255,0.255
1.837,-31.335,-4.888,0.238,0.238,0.269,0.269
1.840,-31.302,-4.775,0.233,0.233,0.256,0.256
1.842,-31.041,-4.718,0.240,0.240,0.258,0.258
1.844,-30.927,-4.671,0.238,0.238,0.255,0.255
1.843,-31.074,-4.684,0.246,0.246,0.264,0.264
1.842,-31.319,-4.721,0.235,0.235,0.276,0.276
1.841,-31.629,-4.755,0.233,0.233,0.261,0.261
1.842,-31.874,-4.741,0.230,0.230,0.246,0.246
1.841,-32.151,-4.750,0.233,0.233,0.252,0.252
1.841,-32.363,-4.745,0.218,0.218,0.253,0.253
1.842,-32.657,-4.743,0.230,0.230,0.252,0.252
1.841,-32.820,-4.767,0.214,0.214,0.252,0.252
1.840,-32.869,-4.783,0.218,0.218,0.221,0.221
1.838,-32.836,-4.845,0.200,0.200,0.233,0.233
1.837,-32.885,-4.897,0.218,0.218,0.241,0.241
1.838,-33.065,-4.873,0.203,0.203,0.235,0.235
1.842,-33.293,-4.740,0.212,0.212,0.235,0.235
1.843,-33.359,-4.707,0.204,0.204,0.233,0.233
1.842,-33.375,-4.719,0.223,0.223,0.238,0.238
1.841,-33.326,-4.758,0.208,0.208,0.230,0.230
1.841,-33.310,-4.772,0.229,0.229,0.240,0.240
1.840,-33.342,-4.794,0.223,0.223,0.243,0.243
1.840,-33.326,-4.793,0.240,0.240,0.243,0.243
1.841,-33.342,-4.774,0.220,0.220,0.240,0.240
1.841,-33.326,-4.766,0.235,0.235,0.233,0.233
1.841,-33.342,-4.771,0.220,0.220,0.249,0.249
1.839,-33.326,-4.823,0.238,0.238,0.241,0.241
1.837,-33.359,-4.892,0.218,0.218,0.252,0.252
1.838,-33.342,-4.867,0.230,0.230,0.252,0.252
1.841,-33.326,-4.750,0.230,0.230,0.259,0.259
1.841,-33.326,-4.742,0.229,0.229,0.250,0.250
1.842,-33.326,-4.733,0.227,0.227,0.255,0.255
1.841,-33.310,-4.756,0.224,0.224,0.256,0.256
1.839,-33.342,-4.819,0.224,0.224,0.253,0.253
1.839,-33.310,-4.812,0.217,0.217,0.252,0.252
1.839,-33.277,-4.836,0.218,0.218,0.258,0.258
1.839,-33.049,-4.826,0.218,0.218,0.255,0.255
1.840,-32.885,-4.804,0.220,0.220,0.250,0.250
1.840,-32.820,-4.800,0.218,0.218,0.246,0.246
1.839,-33.098,-4.836,0.223,0.223,0.252,0.252
1.836,-33.342,-4.925,0.221,0.221,0.258,0.258
1.836,-33.636,-4.924,0.218,0.218,0.255,0.255
1.836,-33.816,-4.924,0.212,0.212,0.249,0.249
1.839,-33.865,-4.820,0.217,0.217,0.261,0.261
1.840,-33.799,-4.781,0.200,0.200,0.249,0.249
1.840,-33.538,-4.787,0.224,0.224,0.272,0.272
1.838,-33.359,-4.842,0.211,0.211,0.250,0.250
1.839,-33.293,-4.837,0.215,0.215,0.244,0.244
1.838,-33.326,-4.868,0.209,0.209,0.252,0.252
1.838,-33.359,-4.863,0.237,0.237,0.256,0.256
1.837,-33.555,-4.882,0.212,0.212,0.259,0.259
1.838,-33.489,-4.860,0.247,0.247,0.258,0.258
1.837,-33.196,-4.889,0.224,0.224,0.252,0.252
1.836,-33.130,-4.928,0.250,0.250,0.266,0.266
1.834,-33.277,-5.004,0.224,0.224,0.281,0.281
1.833,-33.555,-5.019,0.252,0.252,0.275,0.275
1.836,-33.538,-4.937,0.223,0.223,0.270,0.270
1.838,-33.408,-4.862,0.241,0.241,0.267,0.267
1.838,-33.293,-4.841,0.230,0.230,0.273,0.273
1.837,-33.228,-4.894,0.249,0.249,0.244,0.244
1.836,-33.081,-4.925,0.230,0.230,0.269,0.269
1.835,-33.114,-4.943,0.255,0.255,0.285,0.285
1.835,-33.293,-4.943,0.224,0.224,0.259,0.259
1.835,-33.604,-4.951,0.241,0.241,0.258,0.258
1.835,-33.799,-4.944,0.214,0.214,0.256,0.256
1.835,-33.914,-4.958,0.238,0.238,0.255,0.255
1.834,-34.093,-4.991,0.227,0.227,0.261,0.261
1.832,-34.338,-5.051,0.233,0.233,0.252,0.252
1.832,-34.632,-5.058,0.223,0.223,0.246,0.246
1.832,-34.795,-5.052,0.238,0.238,0.249,0.249
1.833,-34.844,-5.023,0.223,0.223,0.249,0.249
1.836,-34.762,-4.927,0.240,0.240,0.273,0.273
1.835,-34.534,-4.947,0.227,0.227,0.250,0.250
1.834,-34.371,-4.987,0.233,0.233,0.252,0.252
1.833,-34.273,-5.018,0.218,0.218,0.249,0.249
1.832,-34.240,-5.063,0.238,0.238,0.249,0.249
1.832,-34.060,-5.049,0.227,0.227,0.252,0.252
1.832,-33.865,-5.041,0.230,0.230,0.249,0.249
1.832,-33.767,-5.044,0.241,0.241,0.247,0.247
1.831,-33.783,-5.095,0.232,0.232,0.253,0.253
1.829,-33.767,-5.152,0.237,0.237,0.256,0.256
1.828,-33.783,-5.186,0.227,0.227,0.255,0.255
1.828,-33.816,-5.180,0.235,0.235,0.255,0.255
1.830,-33.865,-5.112,0.227,0.227,0.240,0.240
1.833,-34.126,-5.014,0.233,0.233,0.252,0.252
1.832,-34.501,-5.064,0.230,0.230,0.259,0.259
1.831,-34.550,-5.077,0.237,0.237,0.252,0.252
1.829,-34.420,-5.151,0.221,0.221,0.253,0.253
1.829,-34.305,-5.159,0.230,0.230,0.250,0.250
1.830,-34.338,-5.136,0.223,0.223,0.252,0.252
1.828,-34.501,-5.189,0.229,0.229,0.264,0.264
1.829,-34.501,-5.174,0.201,0.201,0.244,0.244
1.829,-34.403,-5.168,0.221,0.221,0.230,0.230
1.827,-34.387,-5.219,0.203,0.203,0.232,0.232
1.824,-34.534,-5.316,0.208,0.208,0.233,0.233
1.825,-34.550,-5.300,0.197,0.197,0.227,0.227
1.827,-34.599,-5.214,0.221,0.221,0.237,0.237
1.828,-34.468,-5.196,0.204,0.204,0.221,0.221
1.827,-34.354,-5.233,0.226,0.226,0.230,0.230
1.827,-34.305,-5.220,0.209,0.209,0.244,0.244
1.827,-34.322,-5.243,0.232,0.232,0.232,0.232
1.826,-34.338,-5.266,0.211,0.211,0.232,0.232
1.825,-34.256,-5.293,0.226,0.226,0.230,0.230
1.825,-34.044,-5.293,0.218,0.218,0.247,0.247
1.824,-33.930,-5.316,0.233,0.233,0.238,0.238
1.825,-34.012,-5.306,0.218,0.218,0.244,0.244
1.824,-34.240,-5.324,0.224,0.224,0.244,0.244
1.821,-34.371,-5.432,0.224,0.224,0.249,0.249
1.821,-34.387,-5.447,0.226,0.226,0.247,0.247
1.821,-34.387,-5.426,0.223,0.223,0.276,0.276
1.824,-34.599,-5.343,0.235,0.235,0.253,0.253
1.825,-34.795,-5.307,0.223,0.223,0.247,0.247
1.824,-34.844,-5.334,0.215,0.215,0.253,0.253
1.822,-34.860,-5.403,0.229,0.229,0.258,0.258
1.821,-35.089,-5.428,0.217,0.217,0.246,0.246
1.820,-35.252,-5.454,0.215,0.215,0.252,0.252
1.820,-35.366,-5.463,0.221,0.221,0.261,0.261
1.820,-35.366,-5.473,0.223,0.223,0.252,0.252
1.820,-35.546,-5.473,0.215,0.215,0.247,0.247
1.818,-35.709,-5.527,0.214,0.214,0.249,0.249
1.817,-35.807,-5.569,0.215,0.215,0.252,0.252
1.816,-35.774,-5.604,0.220,0.220,0.252,0.252
1.818,-35.774,-5.552,0.198,0.198,0.249,0.249
1.820,-35.758,-5.484,0.217,0.217,0.249,0.249
1.819,-35.513,-5.487,0.206,0.206,0.246,0.246
1.819,-35.317,-5.503,0.218,0.218,0.247,0.247
1.817,-35.007,-5.569,0.203,0.203,0.246,0.246
1.816,-34.779,-5.595,0.229,0.229,0.253,0.253
1.817,-34.534,-5.580,0.203,0.203,0.255,0.255
1.815,-34.256,-5.641,0.218,0.218,0.249,0.249
1.816,-34.044,-5.621,0.215,0.215,0.246,0.246
1.815,-33.865,-5.656,0.237,0.237,0.249,0.249
1.814,-33.816,-5.664,0.221,0.221,0.273,0.273
1.813,-33.881,-5.705,0.250,0.250,0.270,0.270
1.811,-34.158,-5.784,0.230,0.230,0.273,0.273
1.811,-34.583,-5.788,0.246,0.246,0.272,0.272
1.812,-34.828,-5.738,0.232,0.232,0.270,0.270
1.814,-35.121,-5.676,0.247,0.247,0.264,0.264
1.812,-35.317,-5.731,0.224,0.224,0.273,0.273
1.813,-35.382,-5.707,0.233,0.233,0.267,0.267
1.811,-35.595,-5.780,0.221,0.221,0.262,0.262
1.811,-36.084,-5.784,0.240,0.240,0.269,0.269
1.811,-36.557,-5.792,0.217,0.217,0.287,0.287
1.809,-36.819,-5.836,0.243,0.243,0.259,0.259
1.810,-37.047,-5.803,0.221,0.221,0.250,0.250
1.809,-37.014,-5.840,0.243,0.243,0.253,0.253
1.809,-36.786,-5.862,0.221,0.221,0.250,0.250
1.805,-36.508,-6.010,0.244,0.244,0.249,0.249
1.804,-36.247,-6.054,0.218,0.218,0.253,0.253
1.804,-35.937,-6.050,0.240,0.240,0.273,0.273
1.807,-35.774,-5.922,0.221,0.221,0.255,0.255
1.809,-35.497,-5.867,0.238,0.238,0.249,0.249
1.807,-35.301,-5.935,0.217,0.217,0.250,0.250
1.807,-35.040,-5.926,0.243,0.243,0.255,0.255
1.804,-34.811,-6.028,0.223,0.223,0.237,0.237
1.805,-34.762,-5.992,0.240,0.240,0.252,0.252
1.804,-34.795,-6.051,0.230,0.230,0.256,0.256
1.803,-34.779,-6.064,0.235,0.235,0.249,0.249
1.803,-34.811,-6.079,0.230,0.230,0.252,0.252
1.802,-35.072,-6.089,0.229,0.229,0.253,0.253
1.799,-35.268,-6.194,0.233,0.233,0.258,0.258
1.798,-35.350,-6.247,0.232,0.232,0.252,0.252
1.797,-35.333,-6.288,0.230,0.230,0.252,0.252
1.800,-35.301,-6.179,0.240,0.240,0.243,0.243
1.802,-35.236,-6.110,0.235,0.235,0.256,0.256
1.800,-35.023,-6.157,0.238,0.238,0.255,0.255
1.800,-34.828,-6.172,0.235,0.235,0.256,0.256
1.798,-34.746,-6.254,0.232,0.232,0.253,0.253
1.797,-34.534,-6.271,0.237,0.237,0.233,0.233
1.796,-34.273,-6.305,0.212,0.212,0.250,0.250
1.797,-33.995,-6.277,0.227,0.227,0.252,0.252
1.795,-33.783,-6.333,0.209,0.209,0.241,0.241
1.796,-33.489,-6.301,0.206,0.206,0.230,0.230
1.794,-33.359,-6.378,0.200,0.200,0.232,0.232
1.792,-33.555,-6.456,0.221,0.221,0.233,0.233
1.790,-33.799,-6.518,0.203,0.203,0.258,0.258
1.790,-34.158,-6.522,0.218,0.218,0.230,0.230
1.794,-34.599,-6.366,0.206,0.206,0.221,0.221
1.794,-35.056,-6.392,0.217,0.217,0.223,0.223
1.794,-35.350,-6.386,0.200,0.200,0.229,0.229
1.792,-35.627,-6.437,0.224,0.224,0.233,0.233
1.791,-35.774,-6.492,0.211,0.211,0.238,0.238
1.790,-36.068,-6.528,0.233,0.233,0.215,0.215
1.790,-36.264,-6.535,0.215,0.215,0.237,0.237
1.789,-36.329,-6.562,0.238,0.238,0.249,0.249
1.789,-36.247,-6.556,0.221,0.221,0.238,0.238
1.787,-36.003,-6.629,0.238,0.238,0.238,0.238
1.785,-35.790,-6.711,0.218,0.218,0.232,0.232
1.784,-35.758,-6.734,0.235,0.235,0.244,0.244
1.782,-36.003,-6.823,0.220,0.220,0.253,0.253
1.787,-36.264,-6.620,0.221,0.221,0.250,0.250
1.786,-36.345,-6.670,0.223,0.223,0.252,0.252
1.786,-36.574,-6.659,0.230,0.230,0.243,0.243
1.785,-36.753,-6.707,0.227,0.227,0.243,0.243
1.783,-37.080,-6.785,0.235,0.235,0.270,0.270
1.782,-37.227,-6.815,0.224,0.224,0.253,0.253
1.781,-37.341,-6.839,0.232,0.232,0.244,0.244
1.782,-37.586,-6.825,0.212,0.212,0.247,0.247
1.781,-37.994,-6.855,0.223,0.223,0.249,0.249
1.779,-38.255,-6.908,0.214,0.214,0.252,0.252
1.777,-38.271,-7.018,0.215,0.215,0.249,0.249
1.775,-37.961,-7.085,0.223,0.223,0.246,0.246
1.775,-37.471,-7.091,0.211,0.211,0.246,0.246
1.778,-36.965,-6.964,0.229,0.229,0.250,0.250
1.778,-36.688,-6.960,0.208,0.208,0.244,0.244
1.778,-36.443,-6.970,0.218,0.218,0.249,0.249
1.777,-36.296,-6.999,0.209,0.209,0.238,0.238
1.775,-36.264,-7.059,0.209,0.209,0.243,0.243
1.774,-36.247,-7.119,0.212,0.212,0.243,0.243
1.774,-36.345,-7.113,0.227,0.227,0.243,0.243
1.773,-36.541,-7.147,0.209,0.209,0.249,0.249
1.772,-36.802,-7.180,0.240,0.240,0.252,0.252
1.773,-37.047,-7.160,0.226,0.226,0.266,0.266
1.772,-37.341,-7.201,0.240,0.240,0.270,0.270
1.767,-37.553,-7.366,0.232,0.232,0.266,0.266
1.766,-37.749,-7.403,0.243,0.243,0.273,0.273
1.765,-37.700,-7.433,0.226,0.226,0.264,0.264
1.766,-37.488,-7.400,0.237,0.237,0.261,0.261
1.771,-37.292,-7.233,0.226,0.226,0.255,0.255
1.768,-37.210,-7.324,0.238,0.238,0.262,0.262
1.766,-37.194,-7.411,0.218,0.218,0.249,0.249
1.765,-36.933,-7.447,0.249,0.249,0.267,0.267
1.764,-36.541,-7.468,0.215,0.215,0.266,0.266
1.764,-36.215,-7.481,0.232,0.232,0.255,0.255
1.762,-35.937,-7.551,0.215,0.215,0.250,0.250
1.763,-35.774,-7.528,0.235,0.235,0.272,0.272
1.762,-35.839,-7.553,0.209,0.209,0.250,0.250
1.758,-36.329,-7.679,0.237,0.237,0.241,0.241
1.756,-36.998,-7.774,0.215,0.215,0.249,0.249
1.755,-37.586,-7.809,0.235,0.235,0.247,0.247
1.760,-37.765,-7.629,0.221,0.221,0.250,0.250
1.760,-37.569,-7.615,0.238,0.238,0.255,0.255
1.759,-37.259,-7.664,0.224,0.224,0.230,0.230
1.758,-36.933,-7.698,0.232,0.232,0.246,0.246
1.756,-36.819,-7.769,0.221,0.221,0.261,0.261
1.755,-36.982,-7.800,0.235,0.235,0.246,0.246
1.755,-37.227,-7.802,0.224,0.224,0.252,0.252
1.754,-37.569,-7.843,0.238,0.238,0.246,0.246
1.753,-37.716,-7.872,0.224,0.224,0.252,0.252
1.751,-37.781,-7.939,0.238,0.238,0.250,0.250
1.751,-37.700,-7.971,0.221,0.221,0.249,0.249
1.748,-37.471,-8.073,0.249,0.249,0.244,0.244
1.745,-37.243,-8.164,0.237,0.237,0.253,0.253
1.749,-36.916,-8.023,0.238,0.238,0.252,0.252
1.751,-36.525,-7.973,0.232,0.232,0.262,0.262
1.751,-36.247,-7.968,0.237,0.237,0.252,0.252
1.748,-36.296,-8.062,0.227,0.227,0.250,0.250
1.745,-36.541,-8.161,0.224,0.224,0.252,0.252
1.745,-37.080,-8.190,0.238,0.238,0.253,0.253
1.745,-37.830,-8.192,0.224,0.224,0.249,0.249
1.744,-38.467,-8.222,0.224,0.224,0.247,0.247
1.742,-38.565,-8.281,0.211,0.211,0.244,0.244
1.741,-38.304,-8.323,0.215,0.215,0.233,0.233
1.740,-37.977,-8.363,0.203,0.203,0.246,0.246
1.738,-37.716,-8.442,0.212,0.212,0.227,0.227
1.735,-37.684,-8.549,0.197,0.197,0.221,0.221
1.737,-37.765,-8.486,0.217,0.217,0.227,0.227
1.739,-37.961,-8.393,0.195,0.195,0.230,0.230
1.739,-37.945,-8.401,0.215,0.215,0.215,0.215
1.739,-37.814,-8.388,0.203,0.203,0.233,0.233
1.736,-37.651,-8.518,0.221,0.221,0.238,0.238
1.735,-37.471,-8.546,0.206,0.206,0.237,0.237
1.734,-37.308,-8.598,0.230,0.230,0.232,0.232
1.732,-37.504,-8.656,0.211,0.211,0.241,0.241
1.731,-37.667,-8.690,0.221,0.221,0.237,0.237
1.732,-37.732,-8.674,0.206,0.206,0.233,0.233
1.730,-37.471,-8.730,0.232,0.232,0.241,0.241
1.727,-37.031,-8.840,0.217,0.217,0.246,0.246
1.725,-36.721,-8.944,0.232,0.232,0.244,0.244
1.723,-36.639,-8.996,0.215,0.215,0.246,0.246
1.727,-36.460,-8.846,0.237,0.237,0.258,0.258
1.729,-36.313,-8.800,0.215,0.215,0.241,0.241
1.727,-36.231,-8.855,0.232,0.232,0.246,0.246
1.725,-36.296,-8.922,0.215,0.215,0.247,0.247
1.723,-36.541,-9.009,0.237,0.237,0.243,0.243
1.723,-36.704,-9.012,0.212,0.212,0.249,0.249
1.722,-36.868,-9.042,0.237,0.237,0.250,0.250
1.721,-37.047,-9.091,0.218,0.218,0.240,0.240
1.721,-37.292,-9.090,0.223,0.223,0.243,0.243
1.719,-37.537,-9.164,0.230,0.230,0.250,0.250
1.715,-37.700,-9.282,0.224,0.224,0.244,0.244
1.714,-37.765,-9.334,0.217,0.217,0.246,0.246
1.714,-37.765,-9.334,0.214,0.214,0.226,0.226
1.716,-37.765,-9.244,0.218,0.218,0.252,0.252
1.717,-37.667,-9.233,0.208,0.208,0.250,0.250
1.716,-37.520,-9.278,0.204,0.204,0.243,0.243
1.713,-37.292,-9.370,0.212,0.212,0.238,0.238
1.712,-37.194,-9.403,0.221,0.221,0.244,0.244
1.710,-37.194,-9.471,0.221,0.221,0.249,0.249
1.711,-36.982,-9.449,0.230,0.230,0.270,0.270
1.709,-36.786,-9.507,0.221,0.221,0.250,0.250
1.709,-36.460,-9.513,0.238,0.238,0.249,0.249
1.708,-36.329,-9.541,0.227,0.227,0.264,0.264
1.705,-36.541,-9.656,0.232,0.232,0.264,0.264
1.703,-37.080,-9.741,0.232,0.232,0.261,0.261
1.700,-37.847,-9.847,0.233,0.233,0.269,0.269
1.703,-38.532,-9.744,0.233,0.233,0.246,0.246
1.705,-38.810,-9.673,0.247,0.247,0.264,0.264
1.704,-38.777,-9.706,0.221,0.221,0.273,0.273
1.703,-38.777,-9.756,0.243,0.243,0.269,0.269
1.700,-39.054,-9.845,0.223,0.223,0.255,0.255
1.698,-39.430,-9.939,0.229,0.229,0.256,0.256
1.698,-39.772,-9.943,0.227,0.227,0.258,0.258
1.697,-40.001,-9.977,0.238,0.238,0.255,0.255
1.696,-39.936,-10.010,0.215,0.215,0.247,0.247
1.695,-39.740,-10.067,0.226,0.226,0.253,0.253
1.694,-39.348,-10.087,0.218,0.218,0.253,0.253
1.690,-38.924,-10.246,0.230,0.230,0.249,0.249
1.690,-38.418,-10.241,0.211,0.211,0.273,0.273
1.691,-37.847,-10.230,0.233,0.233,0.241,0.241
1.692,-37.112,-10.174,0.218,0.218,0.240,0.240
1.692,-36.100,-10.185,0.235,0.235,0.246,0.246
1.689,-34.811,-10.267,0.217,0.217,0.244,0.244
1.689,-33.375,-10.282,0.235,0.235,0.247,0.247
1.686,-32.118,-10.371,0.221,0.221,0.237,0.237
1.685,-31.058,-10.406,0.246,0.246,0.238,0.238
1.685,-30.144,-10.413,0.227,0.227,0.243,0.243
1.684,-29.148,-10.446,0.244,0.244,0.243,0.243
1.683,-27.940,-10.457,0.221,0.221,0.249,0.249
1.680,-26.472,-10.539,0.243,0.243,0.247,0.247
1.678,-25.003,-10.612,0.223,0.223,0.243,0.243
1.676,-23.779,-10.653,0.243,0.243,0.249,0.249
1.677,-22.751,-10.623,0.227,0.227,0.249,0.249
1.680,-21.804,-10.560,0.255,0.255,0.249,0.249
1.679,-20.776,-10.589,0.247,0.247,0.252,0.252
1.676,-19.552,-10.636,0.240,0.240,0.250,0.250
1.677,-18.132,-10.630,0.243,0.243,0.250,0.250
1.674,-16.908,-10.670,0.240,0.240,0.238,0.238
1.674,-15.913,-10.678,0.224,0.224,0.252,0.252
1.673,-15.521,-10.697,0.235,0.235,0.252,0.252
1.671,-15.472,-10.718,0.230,0.230,0.247,0.247
1.671,-15.472,-10.720,0.217,0.217,0.237,0.237
1.669,-14.950,-10.748,0.209,0.209,0.224,0.224
1.666,-13.742,-10.789,0.212,0.212,0.224,0.224
1.664,-12.257,-10.818,0.212,0.212,0.240,0.240
1.663,-10.968,-10.833,0.204,0.204,0.224,0.224
1.666,-10.005,-10.804,0.217,0.217,0.233,0.233
1.666,-9.319,-10.799,0.206,0.206,0.226,0.226
1.666,-8.830,-10.804,0.218,0.218,0.224,0.224
1.663,-8.324,-10.824,0.194,0.194,0.227,0.227
1.662,-7.638,-10.832,0.218,0.218,0.229,0.229
1.661,-6.937,-10.845,0.206,0.206,0.208,0.208
1.659,-6.365,-10.853,0.224,0.224,0.233,0.233
1.659,-5.908,-10.857,0.215,0.215,0.246,0.246
1.657,-5.713,-10.867,0.243,0.243,0.243,0.243
1.658,-5.696,-10.864,0.212,0.212,0.240,0.240
1.656,-5.680,-10.873,0.233,0.233,0.233,0.233
1.652,-5.517,-10.896,0.209,0.209,0.243,0.243
1.651,-5.158,-10.902,0.238,0.238,0.240,0.240
1.653,-4.636,-10.890,0.217,0.217,0.244,0.244
1.655,-4.015,-10.883,0.238,0.238,0.247,0.247
1.654,-3.722,-10.886,0.217,0.217,0.243,0.243
1.651,-3.689,-10.897,0.227,0.227,0.243,0.243
1.651,-3.754,-10.899,0.215,0.215,0.255,0.255
1.649,-3.787,-10.904,0.237,0.237,0.244,0.244
1.648,-3.738,-10.908,0.220,0.220,0.247,0.247
1.647,-3.493,-10.910,0.233,0.233,0.243,0.243
1.646,-3.297,-10.915,0.217,0.217,0.246,0.246
1.645,-3.232,-10.918,0.226,0.226,0.246,0.246
1.642,-3.265,-10.929,0.214,0.214,0.250,0.250
1.639,-3.297,-10.937,0.221,0.221,0.238,0.238
1.638,-3.363,-10.942,0.217,0.217,0.243,0.243
1.641,-3.526,-10.932,0.221,0.221,0.241,0.241
1.643,-3.738,-10.926,0.208,0.208,0.243,0.243
1.642,-3.820,-10.929,0.227,0.227,0.244,0.244
1.640,-3.738,-10.935,0.211,0.211,0.241,0.241
1.638,-3.460,-10.942,0.209,0.209,0.246,0.246
1.637,-3.052,-10.947,0.217,0.217,0.256,0.256
1.636,-2.710,-10.949,0.215,0.215,0.249,0.249
1.635,-2.530,-10.952,0.224,0.224,0.252,0.252
1.634,-2.579,-10.954,0.217,0.217,0.246,0.246
1.633,-2.742,-10.956,0.241,0.241,0.255,0.255
1.631,-2.808,-10.962,0.230,0.230,0.270,0.270
1.627,-2.775,-10.972,0.238,0.238,0.272,0.272
1.626,-2.547,-10.976,0.230,0.230,0.266,0.266
1.627,-2.302,-10.973,0.243,0.243,0.276,0.276
1.630,-2.302,-10.967,0.212,0.212,0.267,0.267
1.629,-2.579,-10.970,0.235,0.235,0.267,0.267
1.627,-3.036,-10.976,0.218,0.218,0.264,0.264
1.625,-3.297,-10.980,0.237,0.237,0.284,0.284
1.625,-3.395,-10.982,0.224,0.224,0.264,0.264
1.624,-3.575,-10.985,0.235,0.235,0.267,0.267
1.622,-3.754,-10.990,0.220,0.220,0.264,0.264
1.622,-3.787,-10.990,0.221,0.221,0.262,0.262
1.621,-3.787,-10.994,0.218,0.218,0.258,0.258
1.620,-3.771,-10.999,0.230,0.230,0.252,0.252
1.617,-3.722,-11.009,0.208,0.208,0.261,0.261
1.613,-3.460,-11.024,0.233,0.233,0.247,0.247
1.613,-2.987,-11.023,0.212,0.212,0.252,0.252
1.616,-2.498,-11.016,0.227,0.227,0.252,0.252
1.617,-2.008,-11.014,0.212,0.212,0.253,0.253
1.615,-1.714,-11.017,0.244,0.244,0.253,0.253
1.612,-1.469,-11.022,0.215,0.215,0.252,0.252
1.611,-1.274,-11.023,0.238,0.238,0.223,0.223
1.611,-1.323,-11.024,0.221,0.221,0.227,0.227
1.609,-1.535,-11.026,0.235,0.235,0.247,0.247
1.609,-1.780,-11.027,0.215,0.215,0.249,0.249
1.608,-1.796,-11.027,0.247,0.247,0.252,0.252
1.607,-1.535,-11.030,0.221,0.221,0.237,0.237
1.604,-1.339,-11.034,0.253,0.253,0.247,0.247
1.603,-1.241,-11.036,0.223,0.223,0.255,0.255
1.602,-1.290,-11.037,0.253,0.253,0.247,0.247
1.602,-1.225,-11.037,0.224,0.224,0.244,0.244
1.605,-1.061,-11.033,0.241,0.241,0.247,0.247
1.603,-0.866,-11.035,0.233,0.233,0.250,0.250
1.601,-0.702,-11.036,0.241,0.241,0.259,0.259
1.600,-0.507,-11.037,0.232,0.232,0.253,0.253
1.599,-0.311,-11.038,0.240,0.240,0.243,0.243
1.597,-0.262,-11.038,0.230,0.230,0.247,0.247
1.597,-0.262,-11.038,0.240,0.240,0.243,0.243
1.595,-0.294,-11.039,0.220,0.220,0.246,0.246
1.595,-0.213,-11.039,0.227,0.227,0.238,0.238
1.593,0.065,-11.039,0.215,0.215,0.226,0.226
1.590,0.195,-11.039,0.203,0.203,0.227,0.227
1.590,0.179,-11.039,0.212,0.212,0.240,0.240
1.588,0.163,-11.038,0.201,0.201,0.226,0.226
1.592,0.163,-11.039,0.214,0.214,0.232,0.232
1.591,0.130,-11.039,0.201,0.201,0.227,0.227
1.589,0.163,-11.038,0.224,0.224,0.230,0.230
1.588,0.195,-11.038,0.206,0.206,0.218,0.218
1.586,0.391,-11.038,0.229,0.229,0.237,0.237
1.585,0.652,-11.037,0.206,0.206,0.244,0.244
1.585,0.881,-11.037,0.230,0.230,0.233,0.233
1.583,0.864,-11.035,0.208,0.208,0.237,0.237
1.582,0.701,-11.035,0.224,0.224,0.230,0.230
1.580,0.652,-11.034,0.212,0.212,0.241,0.241
1.578,0.881,-11.031,0.233,0.233,0.243,0.243
1.576,1.093,-11.030,0.211,0.211,0.247,0.247
1.577,1.142,-11.031,0.230,0.230,0.241,0.241
1.580,1.191,-11.034,0.224,0.224,0.249,0.249
1.579,1.387,-11.034,0.237,0.237,0.249,0.249
1.577,1.582,-11.030,0.209,0.209,0.238,0.238
1.576,1.648,-11.028,0.233,0.233,0.244,0.244
1.574,1.582,-11.026,0.215,0.215,0.256,0.256
1.574,1.354,-11.026,0.232,0.232,0.243,0.243
1.572,1.142,-11.023,0.212,0.212,0.252,0.252
1.571,1.011,-11.022,0.235,0.235,0.241,0.241
1.571,0.897,-11.022,0.224,0.224,0.246,0.246
1.567,0.946,-11.018,0.230,0.230,0.246,0.246
1.566,0.995,-11.017,0.217,0.217,0.243,0.243
1.565,0.881,-11.016,0.220,0.220,0.241,0.241
1.567,0.668,-11.018,0.211,0.211,0.249,0.249
1.567,0.587,-11.018,0.232,0.232,0.244,0.244
1.566,0.587,-11.017,0.208,0.208,0.261,0.261
1.563,0.636,-11.016,0.226,0.226,0.243,0.243
1.562,0.652,-11.015,0.209,0.209,0.241,0.241
1.561,0.652,-11.014,0.218,0.218,0.243,0.243
1.561,0.652,-11.014,0.220,0.220,0.249,0.249
1.560,0.636,-11.013,0.215,0.215,0.247,0.247
1.559,0.636,-11.013,0.240,0.240,0.249,0.249
1.559,0.636,-11.013,0.223,0.223,0.246,0.246
1.558,0.636,-11.012,0.229,0.229,0.258,0.258
1.555,0.636,-11.010,0.233,0.233,0.281,0.281
1.554,0.636,-11.009,0.235,0.235,0.272,0.272
1.552,0.620,-11.008,0.230,0.230,0.256,0.256
1.552,0.571,-11.009,0.241,0.241,0.264,0.264
1.553,0.391,-11.009,0.240,0.240,0.264,0.264
1.553,0.065,-11.009,0.243,0.243,0.261,0.261
1.551,-0.262,-11.009,0.230,0.230,0.267,0.267
1.549,-0.343,-11.010,0.227,0.227,0.270,0.270
1.549,-0.327,-11.010,0.224,0.224,0.258,0.258
1.548,-0.294,-11.010,0.227,0.227,0.269,0.269
1.547,-0.278,-11.011,0.226,0.226,0.287,0.287
1.546,-0.327,-11.011,0.232,0.232,0.256,0.256
1.545,-0.343,-11.011,0.217,0.217,0.252,0.252
1.545,-0.588,-11.011,0.233,0.233,0.258,0.258
1.542,-0.800,-11.013,0.214,0.214,0.252,0.252
1.539,-0.866,-11.015,0.233,0.233,0.252,0.252
1.539,-0.849,-11.016,0.217,0.217,0.253,0.253
1.542,-0.817,-11.013,0.235,0.235,0.229,0.229
1.541,-0.882,-11.014,0.212,0.212,0.241,0.241
1.539,-1.045,-11.016,0.224,0.224,0.259,0.259
1.539,-1.290,-11.016,0.214,0.214,0.247,0.247
1.536,-1.274,-11.019,0.235,0.235,0.243,0.243
1.535,-1.078,-11.020,0.218,0.218,0.223,0.223
1.534,-0.898,-11.022,0.237,0.237,0.249,0.249
1.534,-1.012,-11.022,0.224,0.224,0.255,0.255
1.533,-1.306,-11.023,0.238,0.238,0.249,0.249
1.531,-1.600,-11.025,0.212,0.212,0.249,0.249
1.529,-1.780,-11.030,0.241,0.241,0.256,0.256
1.526,-1.828,-11.034,0.223,0.223,0.247,0.247
1.527,-1.877,-11.032,0.238,0.238,0.259,0.259
1.530,-2.090,-11.027,0.227,0.227,0.252,0.252
1.530,-2.253,-11.027,0.246,0.246,0.246,0.246
1.527,-2.351,-11.032,0.233,0.233,0.253,0.253
1.526,-2.318,-11.035,0.252,0.252,0.247,0.247
1.525,-2.285,-11.039,0.232,0.232,0.252,0.252
1.524,-2.302,-11.041,0.247,0.247,0.249,0.249
1.522,-2.253,-11.044,0.218,0.218,0.252,0.252
1.522,-2.073,-11.045,0.238,0.238,0.244,0.244
1.521,-2.122,-11.048,0.221,0.221,0.247,0.247
1.519,-2.236,-11.050,0.220,0.220,0.240,0.240
1.517,-2.269,-11.056,0.208,0.208,0.224,0.224
1.515,-2.008,-11.061,0.215,0.215,0.224,0.224
1.513,-1.535,-11.064,0.211,0.211,0.235,0.235
1.516,-1.061,-11.060,0.204,0.204,0.212,0.212
1.516,-0.768,-11.060,0.218,0.218,0.230,0.230
1.517,-0.719,-11.059,0.204,0.204,0.238,0.238
1.515,-0.556,-11.061,0.212,0.212,0.230,0.230
1.513,-0.229,-11.061,0.206,0.206,0.235,0.235
1.512,0.081,-11.061,0.217,0.217,0.238,0.238
1.510,0.195,-11.061,0.203,0.203,0.229,0.229
1.510,0.212,-11.061,0.221,0.221,0.229,0.229
1.508,-0.017,-11.061,0.211,0.211,0.240,0.240
1.508,-0.229,-11.061,0.229,0.229,0.241,0.241
1.506,-0.327,-11.061,0.217,0.217,0.241,0.241
1.504,-0.343,-11.062,0.224,0.224,0.244,0.244
1.502,-0.327,-11.063,0.215,0.215,0.240,0.240
1.501,-0.262,-11.063,0.229,0.229,0.244,0.244
1.503,-0.311,-11.063,0.204,0.204,0.252,0.252
1.504,-0.327,-11.062,0.232,0.232,0.246,0.246
1.501,-0.360,-11.063,0.217,0.217,0.240,0.240
1.500,-0.604,-11.064,0.230,0.230,0.244,0.244
1.499,-0.719,-11.065,0.211,0.211,0.252,0.252
1.499,-0.490,-11.065,0.240,0.240,0.240,0.240
1.497,-0.001,-11.065,0.214,0.214,0.246,0.246
1.497,0.260,-11.065,0.230,0.230,0.238,0.238
1.495,0.489,-11.064,0.215,0.215,0.246,0.246
1.494,0.620,-11.064,0.232,0.232,0.246,0.246
1.491,0.652,-11.062,0.209,0.209,0.262,0.262
1.490,0.652,-11.061,0.230,0.230,0.249,0.249
1.487,0.636,-11.060,0.209,0.209,0.241,0.241
1.490,0.636,-11.061,0.230,0.230,0.240,0.240
1.492,0.652,-11.063,0.211,0.211,0.246,0.246
1.490,0.636,-11.061,0.227,0.227,0.243,0.243
1.489,0.913,-11.060,0.215,0.215,0.246,0.246
1.487,1.125,-11.059,0.214,0.214,0.241,0.241
1.485,1.419,-11.056,0.217,0.217,0.246,0.246
1.485,1.582,-11.056,0.221,0.221,0.252,0.252
1.484,1.664,-11.054,0.217,0.217,0.255,0.255
1.483,1.582,-11.053,0.227,0.227,0.252,0.252
1.482,1.272,-11.052,0.230,0.230,0.237,0.237
1.480,0.864,-11.050,0.238,0.238,0.267,0.267
1.477,0.636,-11.047,0.235,0.235,0.272,0.272
1.475,0.636,-11.046,0.244,0.244,0.266,0.266
1.478,0.913,-11.048,0.241,0.241,0.278,0.278
1.479,1.370,-11.049,0.233,0.233,0.270,0.270
1.480,1.648,-11.050,0.240,0.240,0.270,0.270
1.477,1.664,-11.045,0.227,0.227,0.290,0.290
1.475,1.697,-11.043,0.224,0.224,0.264,0.264
1.473,1.892,-11.040,0.233,0.233,0.261,0.261
1.473,2.088,-11.038,0.230,0.230,0.272,0.272
1.471,2.415,-11.034,0.221,0.221,0.259,0.259
1.471,2.611,-11.033,0.233,0.233,0.256,0.256
1.469,2.904,-11.030,0.212,0.212,0.256,0.256
1.468,3.068,-11.025,0.227,0.227,0.241,0.241
1.465,3.182,-11.017,0.208,0.208,0.255,0.255
1.464,3.361,-11.013,0.230,0.230,0.258,0.258
1.466,3.557,-11.019,0.209,0.209,0.250,0.250
1.466,3.606,-11.022,0.220,0.220,0.246,0.246
1.466,3.671,-11.021,0.214,0.214,0.246,0.246
1.465,3.818,-11.017,0.230,0.230,0.255,0.255
1.463,3.769,-11.011,0.217,0.217,0.246,0.246
1.462,3.655,-11.005,0.227,0.227,0.249,0.249
1.461,3.524,-11.000,0.212,0.212,0.240,0.240
1.460,3.312,-10.998,0.232,0.232,0.247,0.247
1.459,3.165,-10.994,0.212,0.212,0.249,0.249
1.458,3.296,-10.991,0.233,0.233,0.246,0.246
1.457,3.524,-10.987,0.221,0.221,0.249,0.249
1.453,3.622,-10.974,0.232,0.232,0.255,0.255
1.451,3.655,-10.967,0.220,0.220,0.255,0.255
1.451,3.851,-10.966,0.249,0.249,0.252,0.252
1.454,4.047,-10.979,0.226,0.226,0.250,0.250
1.453,4.112,-10.975,0.246,0.246,0.247,0.247
1.453,4.145,-10.976,0.227,0.227,0.267,0.267
1.451,4.357,-10.966,0.243,0.243,0.253,0.253
1.450,4.569,-10.963,0.218,0.218,0.256,0.256
1.448,4.846,-10.954,0.247,0.247,0.255,0.255
1.447,5.042,-10.950,0.224,0.224,0.253,0.253
1.446,5.075,-10.944,0.233,0.233,0.249,0.249
1.446,5.059,-10.941,0.218,0.218,0.246,0.246
1.444,4.814,-10.931,0.221,0.221,0.240,0.240
1.441,4.846,-10.918,0.215,0.215,0.237,0.237
1.440,4.961,-10.913,0.206,0.206,0.238,0.238
1.438,5.059,-10.905,0.211,0.211,0.238,0.238
1.438,5.026,-10.904,0.206,0.206,0.226,0.226
1.441,4.814,-10.917,0.208,0.208,0.249,0.249
1.440,4.634,-10.911,0.200,0.200,0.230,0.230
1.439,4.814,-10.908,0.215,0.215,0.221,0.221
1.437,4.993,-10.899,0.209,0.209,0.235,0.235
1.436,5.124,-10.891,0.209,0.209,0.238,0.238
1.436,5.336,-10.894,0.214,0.214,0.233,0.233
1.434,5.516,-10.884,0.218,0.218,0.238,0.238
1.434,5.581,-10.883,0.203,0.203,0.227,0.227
1.433,5.564,-10.875,0.217,0.217,0.244,0.244
1.431,5.483,-10.866,0.208,0.208,0.249,0.249
1.428,5.287,-10.852,0.223,0.223,0.244,0.244
1.425,5.075,-10.834,0.200,0.200,0.247,0.247
1.426,5.059,-10.837,0.227,0.227,0.246,0.246
1.428,5.287,-10.850,0.209,0.209,0.253,0.253
1.430,5.499,-10.860,0.227,0.227,0.246,0.246
1.427,5.581,-10.845,0.204,0.204,0.250,0.250
1.424,5.564,-10.827,0.230,0.230,0.250,0.250
1.423,5.564,-10.824,0.212,0.212,0.250,0.250
1.423,5.483,-10.819,0.226,0.226,0.243,0.243
1.422,5.287,-10.817,0.214,0.214,0.258,0.258
1.420,5.075,-10.807,0.230,0.230,0.250,0.250
1.420,5.026,-10.806,0.208,0.208,0.244,0.244
1.420,5.026,-10.807,0.227,0.227,0.250,0.250
1.416,5.091,-10.787,0.211,0.211,0.250,0.250
1.413,5.303,-10.772,0.229,0.229,0.246,0.246
1.413,5.516,-10.767,0.211,0.211,0.249,0.249
1.413,5.564,-10.770,0.226,0.226,0.237,0.237
1.417,5.548,-10.792,0.211,0.211,0.246,0.246
1.416,5.597,-10.787,0.218,0.218,0.249,0.249
1.413,5.809,-10.771,0.204,0.204,0.249,0.249
1.412,6.005,-10.761,0.214,0.214,0.249,0.249
1.410,6.119,-10.753,0.218,0.218,0.233,0.233
1.410,6.070,-10.753,0.223,0.223,0.246,0.246
1.409,6.054,-10.744,0.218,0.218,0.256,0.256
1.409,5.989,-10.743,0.226,0.226,0.253,0.253
1.407,5.777,-10.735,0.227,0.227,0.258,0.258
1.405,5.646,-10.724,0.238,0.238,0.275,0.275
1.402,5.744,-10.707,0.235,0.235,0.273,0.273
1.400,5.728,-10.696,0.232,0.232,0.284,0.284
1.400,5.564,-10.693,0.237,0.237,0.278,0.278
1.403,5.287,-10.709,0.233,0.233,0.279,0.279
1.404,5.075,-10.714,0.238,0.238,0.270,0.270
1.402,4.944,-10.705,0.229,0.229,0.275,0.275
1.401,4.765,-10.701,0.240,0.240,0.272,0.272
1.398,4.634,-10.687,0.218,0.218,0.272,0.272
1.398,4.814,-10.686,0.232,0.232,0.259,0.259
1.396,4.993,-10.677,0.215,0.215,0.267,0.267
1.396,5.091,-10.674,0.235,0.235,0.269,0.269
1.395,5.091,-10.670,0.204,0.204,0.255,0.255
1.394,5.059,-10.664,0.230,0.230,0.255,0.255
1.391,5.059,-10.652,0.215,0.215,0.253,0.253
1.388,5.026,-10.633,0.221,0.221,0.253,0.253
1.386,5.108,-10.628,0.221,0.221,0.261,0.261
1.390,5.320,-10.647,0.227,0.227,0.256,0.256
1.390,5.532,-10.646,0.209,0.209,0.255,0.255
1.390,5.646,-10.649,0.221,0.221,0.252,0.252
1.388,5.793,-10.632,0.211,0.211,0.249,0.249
1.386,5.777,-10.625,0.224,0.224,0.266,0.266
1.386,5.597,-10.621,0.209,0.209,0.233,0.233
1.385,5.467,-10.616,0.233,0.233,0.249,0.249
1.384,5.205,-10.613,0.215,0.215,0.252,0.252
1.383,4.830,-10.606,0.235,0.235,0.255,0.255
1.382,4.569,-10.602,0.217,0.217,0.253,0.253
1.379,4.471,-10.587,0.238,0.238,0.243,0.243
1.376,4.308,-10.576,0.215,0.215,0.243,0.243
1.375,4.340,-10.571,0.230,0.230,0.253,0.253
1.377,4.292,-10.582,0.226,0.226,0.259,0.259
1.378,4.406,-10.586,0.246,0.246,0.256,0.256
1.378,4.504,-10.582,0.218,0.218,0.255,0.255
1.375,4.536,-10.573,0.246,0.246,0.238,0.238
1.374,4.308,-10.566,0.229,0.229,0.255,0.255
1.372,4.128,-10.558,0.241,0.241,0.258,0.258
1.372,4.047,-10.556,0.229,0.229,0.252,0.252
1.371,4.112,-10.555,0.237,0.237,0.247,0.247
1.370,4.340,-10.551,0.218,0.218,0.247,0.247
1.370,4.585,-10.548,0.212,0.212,0.247,0.247
1.368,4.895,-10.542,0.212,0.212,0.249,0.249
1.366,5.287,-10.528,0.208,0.208,0.233,0.233
1.363,5.532,-10.515,0.211,0.211,0.233,0.233
1.361,5.532,-10.501,0.204,0.204,0.223,0.223
1.366,5.369,-10.529,0.215,0.215,0.232,0.232
1.366,5.320,-10.528,0.209,0.209,0.232,0.232
1.364,5.173,-10.519,0.206,0.206,0.229,0.229
1.363,5.075,-10.516,0.211,0.211,0.217,0.217
1.360,5.026,-10.500,0.218,0.218,0.235,0.235
1.359,4.830,-10.494,0.201,0.201,0.238,0.238
1.358,4.846,-10.491,0.215,0.215,0.238,0.238
1.357,4.944,-10.487,0.211,0.211,0.238,0.238
1.356,4.814,-10.481,0.217,0.217,0.258,0.258
1.356,4.651,-10.482,0.203,0.203,0.237,0.237
1.354,4.536,-10.469,0.229,0.229,0.237,0.237
1.351,4.504,-10.458,0.211,0.211,0.252,0.252
1.349,4.308,-10.448,0.230,0.230,0.244,0.244
1.353,4.128,-10.463,0.208,0.208,0.243,0.243
1.354,4.079,-10.468,0.233,0.233,0.241,0.241
1.352,4.324,-10.459,0.212,0.212,0.235,0.235
1.350,4.536,-10.453,0.226,0.226,0.252,0.252
1.349,4.634,-10.447,0.209,0.209,0.264,0.264
1.348,4.602,-10.441,0.235,0.235,0.256,0.256
1.346,4.585,-10.434,0.215,0.215,0.250,0.250
1.346,4.553,-10.433,0.226,0.226,0.246,0.246
1.345,4.569,-10.430,0.221,0.221,0.249,0.249
1.344,4.569,-10.423,0.227,0.227,0.249,0.249
1.340,4.569,-10.405,0.206,0.206,0.246,0.246
1.338,4.324,-10.396,0.227,0.227,0.246,0.246
1.338,4.096,-10.395,0.209,0.209,0.252,0.252
1.341,3.769,-10.409,0.223,0.223,0.249,0.249
1.341,3.606,-10.409,0.209,0.209,0.259,0.259
1.341,3.541,-10.408,0.227,0.227,0.244,0.244
1.339,3.557,-10.403,0.211,0.211,0.237,0.237
1.336,3.557,-10.392,0.220,0.220,0.246,0.246
1.336,3.541,-10.390,0.217,0.217,0.250,0.250
1.334,3.296,-10.382,0.218,0.218,0.246,0.246
1.334,3.133,-10.382,0.214,0.214,0.252,0.252
1.333,3.100,-10.379,0.229,0.229,0.252,0.252
1.331,3.329,-10.376,0.227,0.227,0.262,0.262
1.330,3.557,-10.372,0.233,0.233,0.279,0.279
1.327,3.704,-10.359,0.233,0.233,0.270,0.270
1.325,3.900,-10.353,0.238,0.238,0.269,0.269
1.323,4.030,-10.346,0.246,0.246,0.267,0.267
1.327,4.047,-10.362,0.230,0.230,0.267,0.267
1.328,3.916,-10.364,0.241,0.241,0.270,0.270
1.327,4.161,-10.362,0.227,0.227,0.275,0.275
1.325,4.455,-10.353,0.215,0.215,0.273,0.273
1.324,4.651,-10.347,0.224,0.224,0.261,0.261
1.322,4.569,-10.339,0.232,0.232,0.264,0.264
1.322,4.373,-10.337,0.220,0.220,0.290,0.290
1.320,4.340,-10.331,0.233,0.233,0.261,0.261
1.320,4.504,-10.329,0.224,0.224,0.252,0.252
1.318,4.651,-10.321,0.223,0.223,0.258,0.258
1.316,4.781,-10.313,0.221,0.221,0.255,0.255
1.313,4.748,-10.297,0.224,0.224,0.252,0.252
1.312,4.340,-10.293,0.215,0.215,0.253,0.253
1.315,3.802,-10.305,0.221,0.221,0.243,0.243
1.315,3.231,-10.305,0.218,0.218,0.253,0.253
1.315,2.790,-10.304,0.227,0.227,0.261,0.261
1.312,2.594,-10.297,0.214,0.214,0.252,0.252
1.310,2.545,-10.292,0.238,0.238,0.250,0.250
1.309,2.578,-10.290,0.215,0.215,0.253,0.253
1.309,2.611,-10.289,0.232,0.232,0.250,0.250
1.309,2.611,-10.288,0.215,0.215,0.246,0.246
1.308,2.578,-10.286,0.238,0.238,0.247,0.247
1.307,2.415,-10.283,0.218,0.218,0.256,0.256
1.304,2.415,-10.276,0.230,0.230,0.253,0.253
1.302,2.545,-10.270,0.215,0.215,0.255,0.255
1.301,2.627,-10.269,0.243,0.243,0.246,0.246
1.303,2.611,-10.274,0.224,0.224,0.252,0.252
1.304,2.398,-10.276,0.244,0.244,0.258,0.258
1.302,2.382,-10.271,0.230,0.230,0.256,0.256
1.300,2.594,-10.266,0.243,0.243,0.253,0.253
1.299,2.937,-10.265,0.220,0.220,0.258,0.258
1.298,3.345,-10.261,0.249,0.249,0.253,0.253
1.296,3.606,-10.255,0.223,0.223,0.270,0.270
1.296,3.655,-10.253,0.226,0.226,0.255,0.255
1.294,3.590,-10.248,0.220,0.220,0.249,0.249
1.295,3.557,-10.251,0.224,0.224,0.241,0.241
1.293,3.296,-10.242,0.208,0.208,0.226,0.226
1.290,3.051,-10.233,0.215,0.215,0.233,0.233
1.288,2.823,-10.227,0.209,0.209,0.237,0.237
1.290,2.888,-10.233,0.208,0.208,0.211,0.211
1.292,3.035,-10.239,0.212,0.212,0.237,0.237
1.291,3.084,-10.235,0.212,0.212,0.240,0.240
1.289,2.872,-10.231,0.217,0.217,0.233,0.233
1.287,2.660,-10.225,0.206,0.206,0.230,0.230
1.285,2.545,-10.220,0.214,0.214,0.246,0.246
1.284,2.578,-10.218,0.209,0.209,0.237,0.237
1.283,2.611,-10.215,0.226,0.226,0.230,0.230
1.283,2.692,-10.214,0.208,0.208,0.243,0.243
1.282,2.888,-10.212,0.229,0.229,0.246,0.246
1.280,3.035,-10.205,0.209,0.209,0.243,0.243
1.276,2.921,-10.195,0.223,0.223,0.240,0.240
1.275,2.937,-10.192,0.204,0.204,0.244,0.244
1.277,3.051,-10.197,0.230,0.230,0.246,0.246
1.280,3.394,-10.206,0.209,0.209,0.253,0.253
1.278,3.590,-10.201,0.227,0.227,0.249,0.249
1.276,3.590,-10.193,0.215,0.215,0.249,0.249
1.275,3.329,-10.187,0.230,0.230,0.247,0.247
1.274,3.133,-10.185,0.215,0.215,0.255,0.255
1.273,3.068,-10.183,0.227,0.227,0.243,0.243
1.272,3.100,-10.178,0.218,0.218,0.252,0.252
1.271,3.051,-10.176,0.220,0.220,0.243,0.243
1.270,2.806,-10.172,0.204,0.204,0.249,0.249
1.268,2.333,-10.169,0.229,0.229,0.250,0.250
1.265,1.811,-10.161,0.212,0.212,0.267,0.267
1.262,1.321,-10.157,0.233,0.233,0.255,0.255
1.263,1.158,-10.158,0.206,0.206,0.243,0.243
1.266,1.370,-10.162,0.238,0.238,0.243,0.243
1.266,1.860,-10.162,0.209,0.209,0.249,0.249
1.264,2.121,-10.158,0.215,0.215,0.244,0.244
1.264,2.137,-10.158,0.214,0.214,0.252,0.252
1.262,1.876,-10.154,0.218,0.218,0.241,0.241
1.261,1.631,-10.152,0.209,0.209,0.252,0.252
1.260,1.615,-10.151,0.227,0.227,0.255,0.255
1.258,1.925,-10.148,0.220,0.220,0.255,0.255
1.258,2.366,-10.147,0.227,0.227,0.255,0.255
1.257,2.627,-10.145,0.229,0.229,0.246,0.246
1.254,2.692,-10.137,0.238,0.238,0.270,0.270
1.251,2.611,-10.130,0.240,0.240,0.270,0.270
1.249,2.643,-10.124,0.233,0.233,0.273,0.273
1.251,2.611,-10.129,0.241,0.241,0.284,0.284
1.253,2.627,-10.133,0.227,0.227,0.272,0.272
1.253,2.594,-10.135,0.235,0.235,0.269,0.269
1.252,2.660,-10.130,0.232,0.232,0.290,0.290
1.249,2.823,-10.123,0.233,0.233,0.270,0.270
1.248,2.806,-10.121,0.233,0.233,0.261,0.261
1.246,2.611,-10.115,0.233,0.233,0.270,0.270
1.247,2.333,-10.117,0.227,0.227,0.267,0.267
1.246,2.072,-10.115,0.233,0.233,0.252,0.252
1.244,1.795,-10.112,0.218,0.218,0.262,0.262
1.244,1.582,-10.111,0.230,0.230,0.238,0.238
1.240,1.289,-10.106,0.218,0.218,0.255,0.255
1.238,0.881,-10.103,0.223,0.223,0.266,0.266
1.238,0.701,-10.103,0.218,0.218,0.253,0.253
1.242,0.848,-10.107,0.232,0.232,0.250,0.250
1.240,1.387,-10.104,0.212,0.212,0.249,0.249
1.238,1.941,-10.102,0.237,0.237,0.256,0.256
1.237,2.431,-10.098,0.212,0.212,0.249,0.249
1.236,2.611,-10.096,0.235,0.235,0.247,0.247
1.235,2.382,-10.093,0.209,0.209,0.252,0.252
1.235,2.170,-10.093,0.235,0.235,0.247,0.247
1.233,2.072,-10.089,0.221,0.221,0.252,0.252
1.232,2.186,-10.087,0.238,0.238,0.269,0.269
1.229,2.382,-10.080,0.229,0.229,0.255,0.255
1.227,2.643,-10.075,0.246,0.246,0.244,0.244
1.226,2.855,-10.071,0.223,0.223,0.253,0.253
1.227,2.839,-10.076,0.243,0.243,0.252,0.252
1.230,2.725,-10.085,0.229,0.229,0.252,0.252
1.228,2.855,-10.080,0.247,0.247,0.256,0.256
1.227,3.084,-10.075,0.221,0.221,0.255,0.255
1.226,3.312,-10.070,0.258,0.258,0.253,0.253
1.223,3.231,-10.063,0.230,0.230,0.262,0.262
1.223,2.578,-10.063,0.247,0.247,0.252,0.252
1.222,1.909,-10.060,0.224,0.224,0.250,0.250
1.222,1.550,-10.059,0.249,0.249,0.241,0.241
1.221,1.599,-10.058,0.224,0.224,0.249,0.249
1.218,1.892,-10.054,0.221,0.221,0.243,0.243
1.214,2.366,-10.045,0.218,0.218,0.230,0.230
1.213,2.611,-10.043,0.209,0.209,0.233,0.233
1.213,2.660,-10.041,0.204,0.204,0.237,0.237
1.218,2.578,-10.054,0.211,0.211,0.220,0.220
1.217,2.300,-10.052,0.220,0.220,0.246,0.246
1.215,1.860,-10.049,0.215,0.215,0.230,0.230
1.214,1.566,-10.046,0.212,0.212,0.227,0.227
1.212,1.533,-10.044,0.211,0.211,0.237,0.237
1.211,1.599,-10.042,0.223,0.223,0.243,0.243
1.209,1.615,-10.039,0.214,0.214,0.240,0.240
1.209,1.599,-10.039,0.218,0.218,0.238,0.238
1.208,1.370,-10.037,0.214,0.214,0.243,0.243
1.207,1.142,-10.036,0.221,0.221,0.238,0.238
1.204,1.076,-10.033,0.206,0.206,0.253,0.253
1.202,1.076,-10.030,0.233,0.233,0.252,0.252
1.200,1.109,-10.029,0.221,0.221,0.249,0.249
1.204,1.142,-10.033,0.229,0.229,0.249,0.249
1.204,1.076,-10.033,0.218,0.218,0.250,0.250
1.202,0.799,-10.031,0.230,0.230,0.230,0.230
1.200,0.424,-10.030,0.212,0.212,0.250,0.250
1.199,0.179,-10.030,0.227,0.227,0.258,0.258
1.199,0.309,-10.030,0.217,0.217,0.252,0.252
1.197,0.309,-10.029,0.232,0.232,0.247,0.247
1.197,0.244,-10.029,0.212,0.212,0.249,0.249
1.196,-0.001,-10.029,0.235,0.235,0.252,0.252
1.194,-0.278,-10.029,0.215,0.215,0.256,0.256
1.191,-0.572,-10.031,0.233,0.233,0.246,0.246
1.189,-0.539,-10.032,0.211,0.211,0.247,0.247
1.189,-0.376,-10.032,0.238,0.238,0.247,0.247
1.191,-0.262,-10.031,0.206,0.206,0.252,0.252
1.192,-0.180,-10.031,0.224,0.224,0.264,0.264
1.190,0.081,-10.031,0.209,0.209,0.249,0.249
1.187,0.179,-10.031,0.227,0.227,0.243,0.243
1.187,0.179,-10.031,0.212,0.212,0.249,0.249
1.185,0.195,-10.030,0.224,0.224,0.249,0.249
1.185,0.016,-10.030,0.223,0.223,0.249,0.249
1.184,-0.278,-10.030,0.230,0.230,0.250,0.250
1.183,-0.670,-10.031,0.218,0.218,0.250,0.250
1.183,-1.110,-10.031,0.240,0.240,0.258,0.258
1.181,-1.306,-10.033,0.232,0.232,0.266,0.266
1.179,-1.355,-10.036,0.237,0.237,0.275,0.275
1.177,-1.274,-10.038,0.246,0.246,0.269,0.269
1.180,-1.045,-10.036,0.241,0.241,0.267,0.267
1.178,-0.800,-10.037,0.238,0.238,0.275,0.275
1.179,-0.523,-10.037,0.241,0.241,0.249,0.249
1.176,-0.262,-10.038,0.244,0.244,0.270,0.270
1.174,-0.164,-10.038,0.238,0.238,0.282,0.282
1.173,0.081,-10.038,0.233,0.233,0.272,0.272
1.173,0.244,-10.038,0.232,0.232,0.262,0.262
1.171,0.473,-10.038,0.230,0.230,0.272,0.272
1.170,0.620,-10.037,0.218,0.218,0.269,0.269
1.170,0.603,-10.037,0.233,0.233,0.258,0.258
1.168,0.407,-10.036,0.221,0.221,0.259,0.259
1.166,0.032,-10.035,0.229,0.229,0.259,0.259
1.164,-0.278,-10.036,0.217,0.217,0.262,0.262
1.165,-0.653,-10.035,0.232,0.232,0.259,0.259
1.167,-0.817,-10.034,0.221,0.221,0.272,0.272
1.166,-0.866,-10.035,0.224,0.224,0.246,0.246
1.164,-0.898,-10.036,0.218,0.218,0.252,0.252
1.163,-1.061,-10.038,0.226,0.226,0.252,0.252
1.161,-1.208,-10.039,0.203,0.203,0.256,0.256
1.160,-1.029,-10.040,0.233,0.233,0.256,0.256
1.160,-0.507,-10.041,0.220,0.220,0.238,0.238
1.159,0.097,-10.041,0.233,0.233,0.246,0.246
1.157,0.505,-10.041,0.218,0.218,0.253,0.253
1.156,0.701,-10.040,0.237,0.237,0.255,0.255
1.152,0.717,-10.037,0.217,0.217,0.256,0.256
1.152,0.979,-10.037,0.237,0.237,0.255,0.255
1.152,1.436,-10.037,0.224,0.224,0.243,0.243
1.156,1.909,-10.044,0.241,0.241,0.261,0.261
1.154,2.137,-10.039,0.223,0.223,0.264,0.264
1.152,2.137,-10.035,0.247,0.247,0.261,0.261
1.150,1.860,-10.032,0.226,0.226,0.258,0.258
1.149,1.566,-10.030,0.250,0.250,0.256,0.256
1.148,1.305,-10.029,0.218,0.218,0.261,0.261
1.148,1.125,-10.029,0.246,0.246,0.275,0.275
1.147,1.060,-10.027,0.223,0.223,0.258,0.258
1.146,1.109,-10.026,0.230,0.230,0.255,0.255
1.145,1.076,-10.025,0.218,0.218,0.258,0.258
1.142,0.799,-10.022,0.226,0.226,0.252,0.252
1.140,0.424,-10.021,0.212,0.212,0.229,0.229
1.139,-0.017,-10.021,0.214,0.214,0.237,0.237
1.139,-0.278,-10.021,0.221,0.221,0.217,0.217
1.141,-0.262,-10.020,0.214,0.214,0.229,0.229
1.140,0.032,-10.020,0.212,0.212,0.246,0.246
1.139,0.212,-10.020,0.209,0.209,0.235,0.235
1.139,0.065,-10.020,0.215,0.215,0.240,0.240
1.136,-0.262,-10.020,0.209,0.209,0.240,0.240
1.136,-0.604,-10.020,0.211,0.211,0.240,0.240
1.134,-0.866,-10.022,0.212,0.212,0.226,0.226
1.134,-1.110,-10.022,0.227,0.227,0.241,0.241
1.133,-1.339,-10.023,0.214,0.214,0.244,0.244
1.131,-1.584,-10.026,0.224,0.224,0.244,0.244
1.129,-1.780,-10.030,0.215,0.215,0.246,0.246
1.126,-1.861,-10.035,0.229,0.229,0.264,0.264
1.126,-1.910,-10.035,0.203,0.203,0.250,0.250
1.129,-2.057,-10.028,0.230,0.230,0.246,0.246
1.129,-2.253,-10.029,0.208,0.208,0.252,0.252
1.127,-2.383,-10.034,0.226,0.226,0.253,0.253
1.125,-2.596,-10.038,0.212,0.212,0.255,0.255
1.124,-2.775,-10.042,0.237,0.237,0.256,0.256
1.123,-2.824,-10.045,0.215,0.215,0.266,0.266
1.122,-2.759,-10.048,0.241,0.241,0.243,0.243
1.122,-2.498,-10.046,0.214,0.214,0.252,0.252
1.120,-2.057,-10.050,0.237,0.237,0.252,0.252
1.119,-1.780,-10.052,0.211,0.211,0.256,0.256
1.116,-1.747,-10.057,0.237,0.237,0.253,0.253
1.115,-1.828,-10.060,0.211,0.211,0.255,0.255
1.114,-2.073,-10.062,0.235,0.235,0.246,0.246
1.117,-2.269,-10.055,0.208,0.208,0.249,0.249
1.116,-2.285,-10.058,0.232,0.232,0.250,0.250
1.115,-2.057,-10.060,0.218,0.218,0.252,0.252
1.113,-1.845,-10.064,0.220,0.220,0.246,0.246
1.112,-1.780,-10.066,0.218,0.218,0.232,0.232
1.110,-1.747,-10.069,0.221,0.221,0.249,0.249
1.110,-1.796,-10.070,0.209,0.209,0.264,0.264
1.108,-1.894,-10.073,0.218,0.218,0.256,0.256
1.107,-2.073,-10.074,0.226,0.226,0.253,0.253
1.107,-2.285,-10.075,0.227,0.227,0.250,0.250
1.106,-2.334,-10.078,0.230,0.230,0.258,0.258
1.103,-2.302,-10.083,0.243,0.243,0.298,0.298
1.102,-2.253,-10.087,0.246,0.246,0.273,0.273
1.103,-2.024,-10.084,0.230,0.230,0.270,0.270
1.104,-1.845,-10.083,0.244,0.244,0.285,0.285
1.103,-1.763,-10.083,0.230,0.230,0.272,0.272
1.102,-1.796,-10.087,0.233,0.233,0.270,0.270
1.100,-1.780,-10.089,0.240,0.240,0.267,0.267
1.099,-1.796,-10.092,0.240,0.240,0.250,0.250
1.097,-1.828,-10.094,0.224,0.224,0.264,0.264
1.097,-1.796,-10.095,0.241,0.241,0.285,0.285
1.096,-1.780,-10.097,0.224,0.224,0.267,0.267
1.094,-1.518,-10.100,0.237,0.237,0.264,0.264
1.093,-1.355,-10.101,0.218,0.218,0.258,0.258
1.091,-1.274,-10.104,0.238,0.238,0.261,0.261
1.088,-1.274,-10.108,0.220,0.220,0.256,0.256
1.088,-1.274,-10.108,0.226,0.226,0.255,0.255
1.091,-1.045,-10.105,0.212,0.212,0.255,0.255
1.091,-0.849,-10.104,0.233,0.233,0.258,0.258
1.091,-0.719,-10.105,0.224,0.224,0.258,0.258
1.089,-0.409,-10.106,0.232,0.232,0.278,0.278
1.087,0.016,-10.106,0.221,0.221,0.253,0.253
1.085,0.244,-10.106,0.232,0.232,0.243,0.243
1.084,0.473,-10.105,0.212,0.212,0.258,0.258
1.084,0.652,-10.105,0.241,0.241,0.255,0.255
1.083,0.930,-10.104,0.223,0.223,0.255,0.255
1.082,1.109,-10.103,0.243,0.243,0.255,0.255
1.079,1.174,-10.100,0.223,0.223,0.255,0.255
1.076,1.142,-10.097,0.250,0.250,0.255,0.255
1.076,1.093,-10.097,0.221,0.221,0.256,0.256
1.078,1.060,-10.099,0.249,0.249,0.249,0.249
1.078,0.783,-10.099,0.232,0.232,0.258,0.258
1.077,0.391,-10.098,0.244,0.244,0.241,0.241
1.076,0.179,-10.098,0.230,0.230,0.261,0.261
1.074,-0.050,-10.098,0.250,0.250,0.264,0.264
1.073,-0.294,-10.098,0.240,0.240,0.259,0.259
1.072,-0.604,-10.098,0.233,0.233,0.250,0.250
1.072,-0.833,-10.099,0.235,0.235,0.259,0.259
1.070,-0.849,-10.100,0.240,0.240,0.253,0.253
1.069,-0.866,-10.101,0.227,0.227,0.266,0.266
1.067,-0.784,-10.103,0.226,0.226,0.247,0.247
1.065,-0.441,-10.104,0.217,0.217,0.233,0.233
1.063,-0.001,-10.104,0.211,0.211,0.238,0.238
1.066,0.228,-10.105,0.212,0.212,0.240,0.240
1.065,0.456,-10.105,0.204,0.204,0.226,0.226
1.065,0.652,-10.105,0.215,0.215,0.237,0.237
1.064,0.881,-10.103,0.204,0.204,0.252,0.252
1.062,0.832,-10.102,0.211,0.211,0.237,0.237
1.060,0.701,-10.101,0.209,0.209,0.235,0.235
1.060,0.603,-10.100,0.224,0.224,0.246,0.246
1.058,0.554,-10.100,0.211,0.211,0.233,0.233
1.059,0.391,-10.100,0.224,0.224,0.240,0.240
1.057,-0.017,-10.099,0.209,0.209,0.249,0.249
1.056,-0.572,-10.100,0.227,0.227,0.237,0.237
1.054,-1.176,-10.102,0.212,0.212,0.247,0.247
1.051,-1.731,-10.105,0.232,0.232,0.258,0.258
1.052,-2.416,-10.104,0.217,0.217,0.252,0.252
1.053,-3.085,-10.102,0.233,0.233,0.249,0.249
1.052,-3.330,-10.104,0.212,0.212,0.249,0.249
1.051,-3.314,-10.107,0.240,0.240,0.250,0.250
1.050,-3.036,-10.111,0.217,0.217,0.237,0.237
1.049,-2.824,-10.115,0.233,0.233,0.255,0.255
1.047,-2.808,-10.119,0.217,0.217,0.258,0.258
1.046,-3.004,-10.124,0.238,0.238,0.246,0.246
1.045,-3.004,-10.125,0.218,0.218,0.258,0.258
1.044,-2.857,-10.129,0.232,0.232,0.267,0.267
1.043,-2.791,-10.131,0.221,0.221,0.253,0.253
1.042,-2.742,-10.133,0.233,0.233,0.243,0.243
1.040,-2.432,-10.139,0.224,0.224,0.253,0.253
1.039,-2.057,-10.142,0.240,0.240,0.249,0.249
1.041,-1.812,-10.137,0.217,0.217,0.255,0.255
1.042,-1.763,-10.136,0.224,0.224,0.250,0.250
1.040,-1.828,-10.140,0.215,0.215,0.255,0.255
1.038,-2.139,-10.144,0.220,0.220,0.252,0.252
1.036,-2.612,-10.147,0.218,0.218,0.258,0.258
1.036,-3.069,-10.149,0.220,0.220,0.247,0.247
1.034,-3.363,-10.154,0.226,0.226,0.250,0.250
1.034,-3.591,-10.155,0.233,0.233,0.237,0.237
1.033,-3.722,-10.159,0.223,0.223,0.255,0.255
1.032,-3.591,-10.162,0.232,0.232,0.266,0.266
1.029,-3.591,-10.171,0.240,0.240,0.261,0.261
1.027,-3.722,-10.181,0.226,0.226,0.275,0.275
1.027,-3.820,-10.180,0.241,0.241,0.276,0.276
1.028,-4.032,-10.177,0.243,0.243,0.269,0.269
1.029,-4.195,-10.172,0.246,0.246,0.307,0.307
1.028,-3.950,-10.175,0.237,0.237,0.269,0.269
1.027,-3.493,-10.178,0.252,0.252,0.267,0.267
1.025,-2.971,-10.187,0.237,0.237,0.269,0.269
1.024,-2.481,-10.189,0.238,0.238,0.273,0.273
1.022,-2.204,-10.192,0.232,0.232,0.269,0.269
1.022,-1.992,-10.193,0.235,0.235,0.279,0.279
1.021,-1.828,-10.195,0.221,0.221,0.244,0.244
1.021,-1.780,-10.195,0.238,0.238,0.262,0.262
1.019,-1.796,-10.198,0.233,0.233,0.267,0.267
1.015,-1.877,-10.205,0.229,0.229,0.259,0.259
1.013,-2.073,-10.209,0.229,0.229,0.256,0.256
1.012,-2.269,-10.212,0.230,0.230,0.270,0.270
1.016,-2.285,-10.204,0.223,0.223,0.253,0.253
1.016,-2.041,-10.204,0.227,0.227,0.250,0.250
1.014,-1.796,-10.208,0.218,0.218,0.253,0.253
1.013,-1.469,-10.209,0.237,0.237,0.255,0.255
1.011,-1.257,-10.211,0.212,0.212,0.250,0.250
1.010,-0.996,-10.212,0.240,0.240,0.249,0.249
1.009,-0.784,-10.213,0.218,0.218,0.229,0.229
1.009,-0.507,-10.213,0.243,0.243,0.253,0.253
1.008,-0.213,-10.214,0.220,0.220,0.255,0.255
1.007,0.081,-10.214,0.246,0.246,0.252,0.252
1.005,0.179,-10.214,0.221,0.221,0.249,0.249
1.001,0.195,-10.213,0.241,0.241,0.243,0.243
0.999,0.179,-10.213,0.224,0.224,0.253,0.253
1.003,0.114,-10.213,0.247,0.247,0.258,0.258
1.003,0.114,-10.213,0.223,0.223,0.253,0.253
1.002,0.195,-10.213,0.249,0.249,0.255,0.255
1.001,0.130,-10.213,0.235,0.235,0.266,0.266
0.999,0.163,-10.212,0.249,0.249,0.258,0.258
0.997,0.016,-10.212,0.233,0.233,0.279,0.279
0.996,-0.229,-10.212,0.246,0.246,0.233,0.233
0.996,-0.294,-10.213,0.224,0.224,0.252,0.252
0.996,-0.311,-10.212,0.233,0.233,0.253,0.253
0.995,-0.311,-10.213,0.224,0.224,0.258,0.258
0.993,-0.180,-10.213,0.220,0.220,0.255,0.255
0.990,0.065,-10.213,0.208,0.208,0.240,0.240
0.988,0.065,-10.213,0.214,0.214,0.215,0.215
0.988,-0.196,-10.213,0.209,0.209,0.240,0.240
0.989,-0.360,-10.213,0.212,0.212,0.241,0.241
0.990,-0.588,-10.213,0.204,0.204,0.243,0.243
0.989,-0.523,-10.213,0.211,0.211,0.241,0.241
0.986,-0.392,-10.214,0.212,0.212,0.252,0.252
0.986,-0.507,-10.214,0.203,0.203,0.249,0.249
0.985,-0.523,-10.215,0.206,0.206,0.238,0.238
0.984,-0.637,-10.216,0.209,0.209,0.240,0.240
0.982,-0.784,-10.217,0.214,0.214,0.241,0.241
0.982,-0.849,-10.217,0.209,0.209,0.249,0.249
0.981,-1.045,-10.218,0.227,0.227,0.252,0.252
0.979,-1.274,-10.220,0.206,0.206,0.241,0.241
0.977,-1.306,-10.223,0.233,0.233,0.258,0.258
0.974,-1.372,-10.227,0.201,0.201,0.258,0.258
0.978,-1.567,-10.221,0.226,0.226,0.250,0.250
0.978,-1.747,-10.221,0.206,0.206,0.253,0.253
0.979,-1.845,-10.220,0.223,0.223,0.252,0.252
0.976,-1.828,-10.226,0.204,0.204,0.261,0.261
0.973,-1.861,-10.230,0.229,0.229,0.246,0.246
0.973,-2.090,-10.230,0.211,0.211,0.258,0.258
0.972,-2.579,-10.234,0.224,0.224,0.258,0.258
0.970,-3.052,-10.239,0.217,0.217,0.258,0.258
0.970,-3.297,-10.239,0.230,0.230,0.255,0.255
0.969,-3.314,-10.240,0.206,0.206,0.253,0.253
0.967,-3.363,-10.250,0.233,0.233,0.252,0.252
0.963,-3.526,-10.260,0.214,0.214,0.255,0.255
0.961,-3.673,-10.268,0.227,0.227,0.255,0.255
0.965,-3.493,-10.256,0.208,0.208,0.255,0.255
0.966,-3.101,-10.251,0.229,0.229,0.255,0.255
0.965,-2.742,-10.253,0.211,0.211,0.249,0.249
0.963,-2.514,-10.260,0.223,0.223,0.266,0.266
0.962,-2.236,-10.262,0.215,0.215,0.253,0.253
0.960,-1.926,-10.265,0.221,0.221,0.246,0.246
0.959,-1.535,-10.267,0.212,0.212,0.246,0.246
0.959,-1.306,-10.268,0.229,0.229,0.256,0.256
0.958,-1.274,-10.270,0.217,0.217,0.258,0.258
0.956,-1.257,-10.271,0.227,0.227,0.258,0.258
0.956,-1.355,-10.272,0.227,0.227,0.279,0.279
0.952,-1.633,-10.277,0.241,0.241,0.273,0.273
0.949,-2.057,-10.282,0.243,0.243,0.281,0.281
0.949,-2.302,-10.283,0.237,0.237,0.273,0.273
0.952,-2.400,-10.276,0.250,0.250,0.281,0.281
0.952,-2.579,-10.275,0.235,0.235,0.275,0.275
0.951,-2.759,-10.277,0.227,0.227,0.276,0.276
0.950,-2.857,-10.282,0.235,0.235,0.252,0.252
0.948,-3.101,-10.289,0.237,0.237,0.272,0.272
0.947,-3.265,-10.290,0.221,0.221,0.275,0.275
0.946,-3.297,-10.293,0.230,0.230,0.278,0.278
0.945,-3.265,-10.296,0.227,0.227,0.266,0.266
0.944,-2.971,-10.300,0.229,0.229,0.264,0.264
0.944,-2.481,-10.301,0.215,0.215,0.261,0.261
0.941,-1.682,-10.306,0.230,0.230,0.243,0.243
0.939,-0.980,-10.308,0.218,0.218,0.258,0.258
0.938,-0.294,-10.309,0.221,0.221,0.264,0.264
0.937,0.440,-10.309,0.218,0.218,0.258,0.258
0.940,0.979,-10.312,0.229,0.229,0.255,0.255
0.940,1.158,-10.311,0.212,0.212,0.244,0.244
0.938,1.191,-10.309,0.233,0.233,0.255,0.255
0.937,1.044,-10.308,0.214,0.214,0.249,0.249
0.935,0.864,-10.306,0.232,0.232,0.255,0.255
0.934,0.864,-10.306,0.209,0.209,0.243,0.243
0.933,0.783,-10.304,0.237,0.237,0.252,0.252
0.933,0.652,-10.305,0.215,0.215,0.253,0.253
0.932,0.636,-10.304,0.232,0.232,0.241,0.241
0.930,0.603,-10.303,0.215,0.215,0.253,0.253
0.928,0.636,-10.301,0.244,0.244,0.264,0.264
0.926,0.587,-10.300,0.221,0.221,0.255,0.255
0.925,0.391,-10.300,0.237,0.237,0.252,0.252
0.929,0.212,-10.301,0.230,0.230,0.261,0.261
0.927,0.358,-10.300,0.243,0.243,0.256,0.256
0.926,0.603,-10.300,0.221,0.221,0.259,0.259
0.923,0.652,-10.298,0.249,0.249,0.256,0.256
0.923,0.668,-10.298,0.232,0.232,0.259,0.259
0.921,0.636,-10.297,0.243,0.243,0.259,0.259
0.920,0.603,-10.296,0.229,0.229,0.258,0.258
0.920,0.587,-10.296,0.243,0.243,0.255,0.255
0.918,0.375,-10.295,0.226,0.226,0.250,0.250
0.917,0.179,-10.295,0.227,0.227,0.266,0.266
0.916,0.114,-10.295,0.217,0.217,0.240,0.240
0.914,0.114,-10.294,0.215,0.215,0.227,0.227
0.913,0.016,-10.294,0.217,0.217,0.238,0.238
0.915,-0.196,-10.294,0.209,0.209,0.233,0.233
0.916,-0.360,-10.294,0.212,0.212,0.238,0.238
0.915,-0.621,-10.294,0.206,0.206,0.240,0.240
0.913,-0.768,-10.296,0.208,0.208,0.247,0.247
0.911,-0.849,-10.297,0.203,0.203,0.240,0.240
0.909,-0.882,-10.299,0.223,0.223,0.243,0.243
0.909,-1.094,-10.299,0.204,0.204,0.237,0.237
0.908,-1.241,-10.300,0.227,0.227,0.247,0.247
0.907,-1.290,-10.302,0.209,0.209,0.244,0.244
0.906,-1.045,-10.302,0.232,0.232,0.237,0.237
0.904,-0.866,-10.304,0.209,0.209,0.229,0.229
0.901,-0.768,-10.307,0.230,0.230,0.249,0.249
0.899,-0.800,-10.308,0.218,0.218,0.259,0.259
0.900,-0.784,-10.308,0.238,0.238,0.252,0.252
0.904,-0.849,-10.304,0.208,0.208,0.253,0.253
0.903,-0.768,-10.306,0.240,0.240,0.252,0.252
0.901,-0.539,-10.307,0.221,0.221,0.259,0.259
0.899,-0.196,-10.307,0.233,0.233,0.230,0.230
0.897,0.081,-10.307,0.221,0.221,0.256,0.256
0.897,0.163,-10.307,0.233,0.233,0.259,0.259
0.897,0.179,-10.307,0.221,0.221,0.253,0.253
0.895,0.179,-10.307,0.220,0.220,0.253,0.253
0.895,-0.033,-10.307,0.226,0.226,0.244,0.244
0.890,-0.229,-10.308,0.218,0.218,0.255,0.255
0.888,-0.409,-10.308,0.217,0.217,0.255,0.255
0.888,-0.604,-10.308,0.218,0.218,0.250,0.250
0.889,-0.817,-10.308,0.211,0.211,0.249,0.249
0.891,-0.833,-10.306,0.215,0.215,0.255,0.255
0.889,-0.915,-10.307,0.214,0.214,0.255,0.255
0.888,-1.078,-10.309,0.208,0.208,0.262,0.262
0.886,-1.241,-10.311,0.217,0.217,0.253,0.253
0.885,-1.388,-10.312,0.197,0.197,0.246,0.246
0.885,-1.600,-10.313,0.223,0.223,0.252,0.252
0.884,-1.812,-10.315,0.203,0.203,0.256,0.256
0.882,-2.122,-10.317,0.223,0.223,0.255,0.255
0.882,-2.253,-10.318,0.211,0.211,0.256,0.256
0.880,-2.057,-10.323,0.246,0.246,0.273,0.273
0.877,-1.828,-10.328,0.226,0.226,0.275,0.275
0.875,-1.698,-10.332,0.247,0.247,0.282,0.282
0.875,-1.502,-10.331,0.224,0.224,0.269,0.269
0.878,-1.323,-10.327,0.252,0.252,0.269,0.269
0.878,-1.274,-10.328,0.221,0.221,0.258,0.258
0.876,-1.225,-10.329,0.249,0.249,0.273,0.273
0.875,-1.029,-10.331,0.230,0.230,0.249,0.249
0.872,-0.833,-10.333,0.243,0.243,0.272,0.272
0.872,-0.751,-10.334,0.223,0.223,0.281,0.281
0.870,-0.392,-10.335,0.246,0.246,0.273,0.273
0.870,0.016,-10.335,0.226,0.226,0.270,0.270
0.869,0.228,-10.335,0.237,0.237,0.255,0.255
0.868,0.244,-10.334,0.233,0.233,0.270,0.270
0.866,0.032,-10.334,0.235,0.235,0.256,0.256
0.862,-0.229,-10.334,0.220,0.220,0.264,0.264
0.861,-0.360,-10.334,0.230,0.230,0.258,0.258
0.865,-0.392,-10.333,0.223,0.223,0.262,0.262
0.866,-0.621,-10.333,0.224,0.224,0.261,0.261
0.863,-0.817,-10.335,0.221,0.221,0.281,0.281
0.862,-0.849,-10.336,0.221,0.221,0.250,0.250
0.861,-0.817,-10.337,0.230,0.230,0.247,0.247
0.859,-0.768,-10.338,0.220,0.220,0.256,0.256
0.859,-0.523,-10.338,0.230,0.230,0.255,0.255
0.858,-0.327,-10.338,0.215,0.215,0.252,0.252
0.856,-0.278,-10.339,0.227,0.227,0.252,0.252
0.855,-0.278,-10.339,0.212,0.212,0.253,0.253
0.853,-0.294,-10.340,0.233,0.233,0.258,0.258
0.851,-0.196,-10.340,0.218,0.218,0.256,0.256
0.850,0.081,-10.340,0.230,0.230,0.253,0.253
0.853,0.440,-10.341,0.220,0.220,0.252,0.252
0.854,0.652,-10.341,0.243,0.243,0.246,0.246
0.853,0.668,-10.341,0.220,0.220,0.262,0.262
0.850,0.636,-10.339,0.249,0.249,0.266,0.266
0.849,0.652,-10.339,0.233,0.233,0.256,0.256
0.847,0.620,-10.338,0.237,0.237,0.249,0.249
0.846,0.620,-10.337,0.218,0.218,0.255,0.255
0.846,0.620,-10.336,0.244,0.244,0.253,0.253
0.844,0.571,-10.336,0.221,0.221,0.273,0.273
0.844,0.342,-10.335,0.232,0.232,0.253,0.253
0.842,0.163,-10.335,0.208,0.208,0.243,0.243
0.839,0.130,-10.334,0.224,0.224,0.235,0.235
0.836,-0.017,-10.334,0.208,0.208,0.244,0.244
0.837,-0.294,-10.334,0.203,0.203,0.243,0.243
0.840,-0.604,-10.333,0.223,0.223,0.230,0.230
0.840,-1.078,-10.333,0.204,0.204,0.215,0.215
0.839,-1.274,-10.333,0.217,0.217,0.237,0.237
0.837,-1.110,-10.336,0.206,0.206,0.255,0.255
0.835,-0.882,-10.338,0.221,0.221,0.249,0.249
0.834,-0.784,-10.339,0.201,0.201,0.240,0.240
0.834,-0.719,-10.339,0.214,0.214,0.226,0.226
0.833,-0.507,-10.340,0.203,0.203,0.240,0.240
0.832,-0.343,-10.340,0.224,0.224,0.243,0.243
0.831,-0.164,-10.340,0.206,0.206,0.247,0.247
0.828,0.065,-10.341,0.227,0.227,0.249,0.249
0.825,0.195,-10.340,0.217,0.217,0.252,0.252
0.824,0.195,-10.340,0.232,0.232,0.249,0.249
0.828,0.424,-10.341,0.215,0.215,0.270,0.270
0.828,0.587,-10.341,0.230,0.230,0.253,0.253
0.826,0.668,-10.340,0.215,0.215,0.253,0.253
0.824,0.652,-10.339,0.230,0.230,0.255,0.255
0.823,0.620,-10.338,0.215,0.215,0.256,0.256
0.823,0.571,-10.338,0.235,0.235,0.258,0.258
0.821,0.358,-10.337,0.215,0.215,0.255,0.255
0.821,0.195,-10.337,0.227,0.227,0.244,0.244
0.820,-0.017,-10.337,0.212,0.212,0.253,0.253
0.818,-0.245,-10.337,0.238,0.238,0.253,0.253
0.815,-0.343,-10.338,0.223,0.223,0.258,0.258
0.812,-0.327,-10.339,0.218,0.218,0.252,0.252
0.812,-0.311,-10.339,0.224,0.224,0.243,0.243
0.816,-0.278,-10.338,0.209,0.209,0.250,0.250
0.816,-0.311,-10.338,0.211,0.211,0.261,0.261
0.814,-0.164,-10.339,0.208,0.208,0.249,0.249
0.811,0.097,-10.339,0.212,0.212,0.252,0.252
0.811,0.146,-10.339,0.206,0.206,0.249,0.249
0.810,0.228,-10.338,0.206,0.206,0.250,0.250
0.809,0.407,-10.338,0.203,0.203,0.258,0.258
0.808,0.652,-10.338,0.226,0.226,0.250,0.250
0.806,0.930,-10.336,0.209,0.209,0.258,0.258
0.807,1.125,-10.337,0.232,0.232,0.258,0.258
0.804,1.142,-10.333,0.220,0.220,0.255,0.255
0.802,1.125,-10.331,0.240,0.240,0.269,0.269
0.800,1.109,-10.329,0.223,0.223,0.276,0.276
0.803,1.093,-10.332,0.247,0.247,0.266,0.266
0.804,1.158,-10.333,0.227,0.227,0.279,0.279
0.802,1.403,-10.331,0.244,0.244,0.276,0.276
0.800,1.664,-10.328,0.232,0.232,0.273,0.273
0.799,1.925,-10.325,0.244,0.244,0.270,0.270
0.798,2.105,-10.323,0.229,0.229,0.295,0.295
0.797,2.235,-10.322,0.246,0.246,0.267,0.267
0.796,2.382,-10.319,0.230,0.230,0.264,0.264
0.795,2.578,-10.317,0.240,0.240,0.270,0.270
0.794,2.660,-10.314,0.223,0.223,0.262,0.262
0.791,2.839,-10.307,0.235,0.235,0.261,0.261
0.789,2.855,-10.300,0.220,0.220,0.262,0.262
0.787,2.986,-10.296,0.226,0.226,0.246,0.246
0.788,3.263,-10.297,0.230,0.230,0.258,0.258
0.792,3.329,-10.310,0.233,0.233,0.255,0.255
0.791,3.165,-10.307,0.224,0.224,0.253,0.253
0.788,2.839,-10.298,0.235,0.235,0.255,0.255
0.787,2.611,-10.295,0.227,0.227,0.256,0.256
0.786,2.513,-10.293,0.218,0.218,0.253,0.253
0.785,2.300,-10.291,0.220,0.220,0.237,0.237
0.784,2.186,-10.288,0.221,0.221,0.246,0.246
0.783,2.023,-10.287,0.232,0.232,0.256,0.256
0.782,1.860,-10.284,0.218,0.218,0.255,0.255
0.780,1.582,-10.280,0.230,0.230,0.250,0.250
0.777,1.240,-10.277,0.218,0.218,0.240,0.240
0.775,0.832,-10.275,0.243,0.243,0.258,0.258
0.778,0.342,-10.277,0.215,0.215,0.264,0.264
0.778,0.146,-10.277,0.243,0.243,0.256,0.256
0.777,0.081,-10.277,0.221,0.221,0.249,0.249
0.777,0.114,-10.277,0.229,0.229,0.255,0.255
0.775,0.146,-10.276,0.227,0.227,0.253,0.253
0.774,0.163,-10.276,0.249,0.249,0.255,0.255
0.772,0.016,-10.276,0.223,0.223,0.261,0.261
0.772,-0.229,-10.276,0.246,0.246,0.258,0.258
0.771,-0.376,-10.276,0.229,0.229,0.255,0.255
0.770,-0.653,-10.277,0.237,0.237,0.249,0.249
0.768,-0.866,-10.278,0.218,0.218,0.252,0.252
0.765,-1.127,-10.281,0.237,0.237,0.247,0.247
0.764,-1.306,-10.283,0.211,0.211,0.258,0.258
0.762,-1.339,-10.286,0.224,0.224,0.233,0.233
0.766,-1.290,-10.281,0.201,0.201,0.232,0.232
0.766,-1.029,-10.280,0.218,0.218,0.230,0.230
0.765,-0.817,-10.282,0.211,0.211,0.246,0.246
0.762,-0.392,-10.283,0.214,0.214,0.229,0.229
0.761,0.065,-10.283,0.212,0.212,0.237,0.237
0.760,0.081,-10.283,0.217,0.217,0.224,0.224
0.759,-0.229,-10.283,0.221,0.221,0.241,0.241
0.759,-0.604,-10.283,0.206,0.206,0.243,0.243
0.758,-0.849,-10.284,0.224,0.224,0.240,0.240
0.756,-0.833,-10.285,0.212,0.212,0.243,0.243
0.754,-0.621,-10.287,0.224,0.224,0.241,0.241
0.752,-0.621,-10.289,0.209,0.209,0.250,0.250
0.750,-0.751,-10.290,0.226,0.226,0.240,0.240
0.753,-0.833,-10.287,0.215,0.215,0.249,0.249
0.753,-0.817,-10.287,0.215,0.215,0.247,0.247
0.753,-0.556,-10.287,0.212,0.212,0.250,0.250
0.750,-0.327,-10.289,0.237,0.237,0.256,0.256
0.749,-0.131,-10.289,0.220,0.220,0.287,0.287
0.748,0.114,-10.289,0.241,0.241,0.250,0.250
0.747,0.440,-10.289,0.215,0.215,0.243,0.243
0.746,0.636,-10.288,0.240,0.240,0.244,0.244
0.745,0.717,-10.287,0.212,0.212,0.256,0.256
0.744,0.881,-10.287,0.238,0.238,0.253,0.253
0.740,1.142,-10.283,0.214,0.214,0.258,0.258
0.739,1.387,-10.281,0.232,0.232,0.250,0.250
0.741,1.582,-10.285,0.217,0.217,0.253,0.253
0.742,1.664,-10.286,0.230,0.230,0.255,0.255
0.742,1.566,-10.285,0.218,0.218,0.255,0.255
0.740,1.338,-10.283,0.217,0.217,0.250,0.250
0.737,1.158,-10.279,0.224,0.224,0.250,0.250
0.736,1.272,-10.278,0.212,0.212,0.252,0.252
0.735,1.289,-10.277,0.211,0.211,0.255,0.255
0.734,1.191,-10.276,0.212,0.212,0.255,0.255
0.734,1.109,-10.275,0.224,0.224,0.256,0.256
0.733,1.028,-10.274,0.206,0.206,0.249,0.249
0.731,0.832,-10.273,0.218,0.218,0.253,0.253
0.729,0.734,-10.271,0.220,0.220,0.240,0.240
0.727,0.913,-10.269,0.237,0.237,0.261,0.261
0.726,1.387,-10.268,0.226,0.226,0.269,0.269
0.728,1.974,-10.271,0.240,0.240,0.276,0.276
0.729,2.480,-10.275,0.229,0.229,0.282,0.282
0.729,2.937,-10.274,0.240,0.240,0.278,0.278
0.727,3.378,-10.267,0.221,0.221,0.267,0.267
0.725,3.590,-10.262,0.241,0.241,0.272,0.272
0.723,3.671,-10.254,0.227,0.227,0.272,0.272
0.723,3.851,-10.253,0.237,0.237,0.266,0.266
0.722,4.047,-10.248,0.223,0.223,0.270,0.270
0.721,4.112,-10.244,0.232,0.232,0.281,0.281
0.720,4.014,-10.242,0.220,0.220,0.276,0.276
0.719,3.786,-10.238,0.255,0.255,0.259,0.259
0.716,3.524,-10.226,0.218,0.218,0.278,0.278
0.714,3.198,-10.220,0.238,0.238,0.258,0.258
0.712,2.823,-10.214,0.220,0.220,0.258,0.258
0.715,2.545,-10.221,0.237,0.237,0.255,0.255
0.716,2.219,-10.225,0.217,0.217,0.264,0.264
0.714,1.860,-10.220,0.235,0.235,0.255,0.255
0.713,1.582,-10.218,0.227,0.227,0.256,0.256
0.712,1.501,-10.217,0.233,0.233,0.276,0.276
0.711,1.305,-10.215,0.224,0.224,0.255,0.255
0.710,1.125,-10.214,0.241,0.241,0.246,0.246
0.709,1.076,-10.213,0.223,0.223,0.261,0.261
0.707,1.060,-10.211,0.233,0.233,0.253,0.253
0.707,1.076,-10.211,0.220,0.220,0.259,0.259
0.703,0.897,-10.207,0.233,0.233,0.259,0.259
0.701,0.962,-10.205,0.229,0.229,0.273,0.273
0.700,1.044,-10.204,0.226,0.226,0.253,0.253
0.704,1.125,-10.208,0.233,0.233,0.252,0.252
0.703,1.158,-10.208,0.235,0.235,0.252,0.252
0.702,1.403,-10.206,0.235,0.235,0.259,0.259
0.701,1.501,-10.205,0.235,0.235,0.258,0.258
0.699,1.289,-10.202,0.240,0.240,0.258,0.258
0.698,0.881,-10.201,0.233,0.233,0.262,0.262
0.698,0.375,-10.201,0.227,0.227,0.259,0.259
0.697,-0.033,-10.200,0.230,0.230,0.258,0.258
0.696,-0.360,-10.201,0.233,0.233,0.258,0.258
0.696,-0.686,-10.201,0.221,0.221,0.258,0.258
0.692,-1.143,-10.204,0.235,0.235,0.252,0.252
0.691,-1.257,-10.206,0.206,0.206,0.253,0.253
0.688,-1.061,-10.209,0.221,0.221,0.220,0.220
0.689,-0.882,-10.208,0.204,0.204,0.237,0.237
0.691,-0.784,-10.206,0.221,0.221,0.250,0.250
0.690,-0.523,-10.207,0.197,0.197,0.233,0.233
0.690,-0.360,-10.207,0.211,0.211,0.232,0.232
0.687,-0.539,-10.208,0.197,0.197,0.235,0.235
0.685,-0.343,-10.209,0.223,0.223,0.240,0.240
0.685,0.277,-10.209,0.209,0.209,0.223,0.223
0.683,0.995,-10.208,0.223,0.223,0.240,0.240
0.683,1.403,-10.208,0.215,0.215,0.249,0.249
0.682,1.436,-10.206,0.233,0.233,0.240,0.240
0.681,1.419,-10.205,0.214,0.214,0.244,0.244
0.679,1.256,-10.202,0.240,0.240,0.237,0.237
0.676,1.191,-10.199,0.221,0.221,0.249,0.249
0.677,1.044,-10.199,0.233,0.233,0.249,0.249
0.678,0.783,-10.201,0.215,0.215,0.256,0.256
0.679,0.685,-10.201,0.238,0.238,0.258,0.258
0.678,0.587,-10.201,0.223,0.223,0.256,0.256
0.676,0.620,-10.199,0.241,0.241,0.252,0.252
0.674,0.587,-10.198,0.223,0.223,0.270,0.270
0.673,0.358,-10.198,0.232,0.232,0.258,0.258
0.671,0.179,-10.197,0.223,0.223,0.250,0.250
0.671,0.179,-10.197,0.218,0.218,0.247,0.247
0.670,0.114,-10.197,0.224,0.224,0.256,0.256
0.669,0.130,-10.197,0.223,0.223,0.252,0.252
0.666,0.130,-10.196,0.224,0.224,0.258,0.258
0.664,0.179,-10.196,0.218,0.218,0.275,0.275
0.664,0.456,-10.196,0.230,0.230,0.255,0.255
0.665,0.897,-10.197,0.212,0.212,0.246,0.246
0.666,1.387,-10.198,0.220,0.220,0.256,0.256
0.666,1.582,-10.198,0.212,0.212,0.259,0.259
0.664,1.729,-10.194,0.215,0.215,0.261,0.261
0.662,1.892,-10.191,0.197,0.197,0.255,0.255
0.661,2.056,-10.188,0.221,0.221,0.249,0.249
0.660,2.121,-10.187,0.206,0.206,0.252,0.252
0.658,2.105,-10.183,0.217,0.217,0.255,0.255
0.658,2.170,-10.182,0.217,0.217,0.255,0.255
0.656,2.382,-10.179,0.229,0.229,0.258,0.258
0.654,2.578,-10.173,0.217,0.217,0.250,0.250
0.652,2.627,-10.167,0.232,0.232,0.261,0.261
0.650,2.627,-10.163,0.226,0.226,0.267,0.267
0.652,2.594,-10.168,0.238,0.238,0.278,0.278
0.653,2.578,-10.171,0.212,0.212,0.276,0.276
0.653,2.545,-10.169,0.247,0.247,0.276,0.276
0.652,2.333,-10.168,0.226,0.226,0.269,0.269
0.650,2.056,-10.163,0.243,0.243,0.299,0.299
0.649,1.795,-10.161,0.227,0.227,0.272,0.272
0.648,1.566,-10.160,0.246,0.246,0.267,0.267
0.647,1.289,-10.158,0.226,0.226,0.264,0.264
0.646,1.109,-10.157,0.241,0.241,0.267,0.267
0.644,1.093,-10.155,0.215,0.215,0.267,0.267
0.644,1.076,-10.155,0.237,0.237,0.262,0.262
0.641,1.142,-10.151,0.214,0.214,0.249,0.249
0.639,1.370,-10.149,0.241,0.241,0.261,0.261
0.638,1.533,-10.148,0.220,0.220,0.266,0.266
0.638,1.436,-10.148,0.235,0.235,0.255,0.255
0.641,1.436,-10.152,0.227,0.227,0.258,0.258
0.640,1.533,-10.151,0.238,0.238,0.258,0.258
0.637,1.599,-10.145,0.212,0.212,0.259,0.259
0.635,1.599,-10.143,0.244,0.244,0.233,0.233
0.634,1.631,-10.142,0.220,0.220,0.258,0.258
0.634,1.599,-10.140,0.238,0.238,0.262,0.262
0.634,1.615,-10.140,0.221,0.221,0.266,0.266
0.633,1.566,-10.139,0.243,0.243,0.252,0.252
0.632,1.370,-10.138,0.230,0.230,0.243,0.243
0.629,1.125,-10.134,0.241,0.241,0.250,0.250
0.626,0.766,-10.131,0.230,0.230,0.261,0.261
0.628,0.391,-10.132,0.238,0.238,0.259,0.259
0.629,0.163,-10.133,0.227,0.227,0.258,0.258
0.628,0.048,-10.132,0.238,0.238,0.253,0.253
0.628,0.130,-10.133,0.237,0.237,0.259,0.259
0.626,0.146,-10.132,0.238,0.238,0.278,0.278
0.624,0.179,-10.132,0.232,0.232,0.255,0.255
0.622,0.130,-10.132,0.238,0.238,0.253,0.253
0.622,0.146,-10.132,0.241,0.241,0.256,0.256
0.620,0.195,-10.131,0.230,0.230,0.256,0.256
0.620,0.424,-10.131,0.241,0.241,0.259,0.259
0.618,0.620,-10.130,0.229,0.229,0.258,0.258
0.616,0.652,-10.129,0.230,0.230,0.249,0.249
0.614,0.358,-10.128,0.204,0.204,0.246,0.246
0.613,0.163,-10.128,0.220,0.220,0.244,0.244
0.615,0.097,-10.128,0.197,0.197,0.232,0.232
0.616,0.097,-10.128,0.217,0.217,0.230,0.230
0.616,0.130,-10.128,0.206,0.206,0.215,0.215
0.615,0.114,-10.128,0.220,0.220,0.243,0.243
0.612,0.146,-10.127,0.208,0.208,0.233,0.233
0.610,0.130,-10.127,0.217,0.217,0.246,0.246
0.610,0.163,-10.127,0.206,0.206,0.241,0.241
0.609,0.032,-10.127,0.229,0.229,0.246,0.246
0.608,-0.196,-10.127,0.208,0.208,0.238,0.238
0.607,-0.343,-10.127,0.232,0.232,0.246,0.246
0.606,-0.311,-10.128,0.214,0.214,0.252,0.252
0.603,-0.327,-10.129,0.230,0.230,0.243,0.243
0.599,-0.164,-10.130,0.209,0.209,0.249,0.249
0.600,0.048,-10.130,0.240,0.240,0.247,0.247
0.604,0.179,-10.130,0.220,0.220,0.252,0.252
0.604,0.195,-10.130,0.243,0.243,0.252,0.252
0.602,0.195,-10.130,0.221,0.221,0.276,0.276
0.601,0.391,-10.129,0.238,0.238,0.255,0.255
0.599,0.652,-10.128,0.217,0.217,0.252,0.252
0.598,0.668,-10.128,0.226,0.226,0.256,0.256
0.596,0.734,-10.126,0.227,0.227,0.261,0.261
0.596,0.815,-10.126,0.233,0.233,0.264,0.264
0.595,0.848,-10.125,0.226,0.226,0.258,0.258
0.594,0.685,-10.124,0.227,0.227,0.259,0.259
0.591,0.554,-10.123,0.226,0.226,0.256,0.256
0.588,0.375,-10.121,0.224,0.224,0.255,0.255
0.587,0.163,-10.121,0.215,0.215,0.258,0.258
0.591,0.065,-10.121,0.220,0.220,0.258,0.258
0.591,0.146,-10.121,0.224,0.224,0.256,0.256
0.590,0.212,-10.121,0.214,0.214,0.247,0.247
0.587,0.489,-10.120,0.226,0.226,0.249,0.249
0.587,0.930,-10.120,0.218,0.218,0.249,0.249
0.585,1.484,-10.118,0.220,0.220,0.253,0.253
0.585,2.203,-10.117,0.215,0.215,0.249,0.249
0.584,2.970,-10.116,0.221,0.221,0.255,0.255
0.583,3.427,-10.113,0.212,0.212,0.246,0.246
0.581,3.671,-10.107,0.224,0.224,0.259,0.259
0.579,3.916,-10.098,0.220,0.220,0.261,0.261
0.576,4.047,-10.087,0.235,0.235,0.262,0.262
0.575,4.128,-10.081,0.224,0.224,0.278,0.278
0.574,4.014,-10.077,0.252,0.252,0.276,0.276
0.578,3.867,-10.093,0.233,0.233,0.272,0.272
0.578,3.851,-10.092,0.246,0.246,0.288,0.288
0.577,4.014,-10.087,0.229,0.229,0.276,0.276
0.575,4.014,-10.080,0.250,0.250,0.262,0.262
0.572,3.835,-10.070,0.227,0.227,0.264,0.264
0.571,3.639,-10.065,0.243,0.243,0.270,0.270
0.571,3.476,-10.065,0.223,0.223,0.266,0.266
0.571,3.329,-10.064,0.243,0.243,0.267,0.267
0.570,3.100,-10.062,0.224,0.224,0.287,0.287
0.569,3.051,-10.057,0.241,0.241,0.261,0.261
0.566,3.035,-10.050,0.223,0.223,0.266,0.266
0.563,2.823,-10.041,0.232,0.232,0.258,0.258
0.561,2.578,-10.036,0.224,0.224,0.261,0.261
0.566,2.300,-10.047,0.237,0.237,0.255,0.255
0.565,2.039,-10.046,0.212,0.212,0.253,0.253
0.565,1.501,-10.045,0.238,0.238,0.244,0.244
0.563,1.142,-10.043,0.224,0.224,0.255,0.255
0.561,1.044,-10.040,0.243,0.243,0.255,0.255
0.560,1.076,-10.039,0.220,0.220,0.252,0.252
0.559,1.125,-10.038,0.252,0.252,0.246,0.246
0.558,1.076,-10.037,0.226,0.226,0.258,0.258
0.557,0.881,-10.036,0.243,0.243,0.252,0.252
0.555,0.685,-10.035,0.226,0.226,0.261,0.261
0.553,0.571,-10.033,0.241,0.241,0.258,0.258
0.551,0.130,-10.033,0.227,0.227,0.258,0.258
0.550,-0.523,-10.033,0.243,0.243,0.258,0.258
0.554,-1.159,-10.030,0.233,0.233,0.255,0.255
0.553,-1.665,-10.031,0.244,0.244,0.276,0.276
0.552,-1.812,-10.032,0.237,0.237,0.259,0.259
0.551,-1.584,-10.035,0.249,0.249,0.250,0.250
0.550,-1.355,-10.037,0.243,0.243,0.259,0.259
0.548,-1.241,-10.039,0.237,0.237,0.258,0.258
0.546,-1.274,-10.041,0.238,0.238,0.264,0.264
0.546,-1.323,-10.041,0.237,0.237,0.259,0.259
0.545,-1.306,-10.043,0.233,0.233,0.247,0.247
0.544,-1.290,-10.044,0.221,0.221,0.249,0.249
0.542,-1.306,-10.046,0.237,0.237,0.253,0.253
0.539,-1.339,-10.050,0.226,0.226,0.250,0.250
0.539,-1.600,-10.051,0.218,0.218,0.237,0.237
0.537,-1.780,-10.054,0.215,0.215,0.226,0.226
0.540,-1.861,-10.049,0.212,0.212,0.235,0.235
0.541,-1.812,-10.047,0.203,0.203,0.224,0.224
0.540,-1.828,-10.049,0.212,0.212,0.230,0.230
0.537,-1.796,-10.054,0.197,0.197,0.232,0.232
0.536,-1.763,-10.057,0.220,0.220,0.240,0.240
0.534,-1.486,-10.059,0.212,0.212,0.229,0.229
0.534,-1.306,-10.059,0.226,0.226,0.262,0.262
0.532,-0.833,-10.061,0.217,0.217,0.246,0.246
0.532,-0.196,-10.061,0.237,0.237,0.230,0.230
0.531,0.212,-10.061,0.215,0.215,0.246,0.246
0.528,0.244,-10.060,0.238,0.238,0.243,0.243
0.526,0.179,-10.060,0.218,0.218,0.246,0.246
0.524,0.130,-10.060,0.235,0.235,0.247,0.247
0.526,0.163,-10.060,0.214,0.214,0.244,0.244
0.529,0.114,-10.060,0.241,0.241,0.252,0.252
0.526,0.130,-10.060,0.218,0.218,0.258,0.258
0.525,0.130,-10.060,0.237,0.237,0.249,0.249
0.523,0.163,-10.060,0.226,0.226,0.261,0.261
0.523,0.130,-10.060,0.235,0.235,0.249,0.249
0.522,0.146,-10.059,0.224,0.224,0.255,0.255
0.521,0.048,-10.059,0.229,0.229,0.252,0.252
0.521,-0.196,-10.059,0.224,0.224,0.256,0.256
0.518,-0.327,-10.060,0.227,0.227,0.253,0.253
0.516,-0.327,-10.061,0.214,0.214,0.258,0.258
0.513,-0.164,-10.062,0.233,0.233,0.253,0.253
0.513,0.081,-10.062,0.223,0.223,0.253,0.253
0.514,0.522,-10.062,0.218,0.218,0.249,0.249
0.516,0.946,-10.063,0.224,0.224,0.255,0.255
0.514,1.403,-10.061,0.223,0.223,0.252,0.252
0.513,1.664,-10.059,0.220,0.220,0.256,0.256
0.511,1.990,-10.055,0.211,0.211,0.253,0.253
0.510,2.349,-10.054,0.221,0.221,0.250,0.250
0.508,2.578,-10.049,0.209,0.209,0.270,0.270
0.507,2.660,-10.048,0.218,0.218,0.252,0.252
0.508,2.627,-10.049,0.221,0.221,0.255,0.255
0.507,2.611,-10.046,0.230,0.230,0.255,0.255
0.506,2.578,-10.044,0.215,0.215,0.256,0.256
0.502,2.594,-10.033,0.246,0.246,0.261,0.261
0.499,2.611,-10.026,0.224,0.224,0.279,0.279
0.501,2.545,-10.030,0.246,0.246,0.253,0.253
0.502,2.300,-10.032,0.232,0.232,0.270,0.270
0.503,1.876,-10.035,0.250,0.250,0.290,0.290
0.502,1.550,-10.034,0.230,0.230,0.275,0.275
0.500,1.256,-10.030,0.240,0.240,0.267,0.267
0.498,1.109,-10.028,0.229,0.229,0.262,0.262
0.497,1.093,-10.027,0.249,0.249,0.273,0.273
0.496,1.093,-10.026,0.224,0.224,0.264,0.264
0.495,1.044,-10.025,0.250,0.250,0.266,0.266
0.495,0.864,-10.024,0.223,0.223,0.276,0.276
0.493,0.652,-10.024,0.232,0.232,0.261,0.261
0.491,0.603,-10.022,0.215,0.215,0.262,0.262
0.489,0.603,-10.021,0.237,0.237,0.269,0.269
0.487,0.587,-10.020,0.215,0.215,0.262,0.262
0.489,0.407,-10.021,0.233,0.233,0.258,0.258
0.491,0.212,-10.021,0.223,0.223,0.267,0.267
0.489,0.391,-10.021,0.246,0.246,0.259,0.259
0.488,0.620,-10.020,0.218,0.218,0.259,0.259
0.486,0.913,-10.018,0.249,0.249,0.250,0.250
0.484,1.125,-10.017,0.224,0.224,0.282,0.282
0.484,1.125,-10.016,0.237,0.237,0.258,0.258
0.483,0.897,-10.016,0.220,0.220,0.244,0.244
0.483,0.636,-10.016,0.246,0.246,0.252,0.252
0.480,0.212,-10.014,0.224,0.224,0.253,0.253
0.477,-0.196,-10.014,0.243,0.243,0.253,0.253
0.474,-0.343,-10.015,0.230,0.230,0.255,0.255
0.475,-0.360,-10.015,0.240,0.240,0.267,0.267
0.478,-0.311,-10.014,0.233,0.233,0.255,0.255
0.477,-0.278,-10.014,0.243,0.243,0.255,0.255
0.477,-0.294,-10.014,0.235,0.235,0.261,0.261
0.475,-0.294,-10.015,0.243,0.243,0.259,0.259
0.473,-0.327,-10.015,0.230,0.230,0.261,0.261
0.473,-0.294,-10.016,0.240,0.240,0.253,0.253
0.471,-0.213,-10.016,0.241,0.241,0.256,0.256
0.471,0.048,-10.016,0.238,0.238,0.255,0.255
0.470,0.179,-10.016,0.233,0.233,0.255,0.255
0.468,0.212,-10.016,0.232,0.232,0.252,0.252
0.466,0.179,-10.015,0.232,0.232,0.256,0.256
0.462,0.391,-10.014,0.218,0.218,0.249,0.249
0.462,0.587,-10.014,0.218,0.218,0.237,0.237
0.462,0.652,-10.014,0.206,0.206,0.230,0.230
0.465,0.603,-10.016,0.206,0.206,0.235,0.235
0.466,0.407,-10.016,0.204,0.204,0.238,0.238
0.463,0.440,-10.015,0.215,0.215,0.237,0.237
0.461,0.554,-10.014,0.198,0.198,0.238,0.238
0.461,0.603,-10.014,0.218,0.218,0.255,0.255
0.460,0.375,-10.013,0.206,0.206,0.243,0.243
0.459,0.195,-10.013,0.233,0.233,0.249,0.249
0.458,0.146,-10.013,0.208,0.208,0.241,0.241
0.457,-0.001,-10.013,0.232,0.232,0.233,0.233
0.456,-0.262,-10.013,0.215,0.215,0.249,0.249
0.453,-0.621,-10.015,0.230,0.230,0.246,0.246
0.450,-0.817,-10.017,0.217,0.217,0.230,0.230
0.449,-0.866,-10.017,0.240,0.240,0.252,0.252
0.453,-0.849,-10.014,0.223,0.223,0.258,0.258
0.453,-0.817,-10.014,0.238,0.238,0.253,0.253
0.451,-0.751,-10.015,0.224,0.224,0.255,0.255
0.450,-0.523,-10.016,0.243,0.243,0.247,0.247
0.448,-0.327,-10.017,0.226,0.226,0.256,0.256
0.446,-0.262,-10.017,0.227,0.227,0.233,0.233
0.446,-0.262,-10.017,0.227,0.227,0.255,0.255
0.446,-0.213,-10.018,0.237,0.237,0.276,0.276
0.445,0.097,-10.018,0.224,0.224,0.258,0.258
0.443,0.456,-10.017,0.232,0.232,0.253,0.253
0.439,0.668,-10.015,0.227,0.227,0.241,0.241
0.437,0.701,-10.014,0.227,0.227,0.253,0.253
0.441,0.930,-10.016,0.218,0.218,0.261,0.261
0.441,1.060,-10.017,0.229,0.229,0.256,0.256
0.442,1.076,-10.017,0.223,0.223,0.252,0.252
0.439,0.815,-10.015,0.211,0.211,0.252,0.252
0.437,0.391,-10.014,0.224,0.224,0.255,0.255
0.436,-0.017,-10.014,0.212,0.212,0.238,0.238
0.435,-0.343,-10.014,0.217,0.217,0.252,0.252
0.434,-0.670,-10.015,0.211,0.211,0.256,0.256
0.433,-0.849,-10.015,0.223,0.223,0.249,0.249
0.432,-0.866,-10.016,0.204,0.204,0.250,0.250
0.431,-0.849,-10.017,0.229,0.229,0.255,0.255
0.428,-0.768,-10.019,0.218,0.218,0.259,0.259
0.425,-0.523,-10.021,0.235,0.235,0.258,0.258
0.425,-0.327,-10.021,0.221,0.221,0.272,0.272
0.426,-0.164,-10.021,0.250,0.250,0.270,0.270
0.428,0.081,-10.021,0.230,0.230,0.272,0.272
0.429,0.212,-10.021,0.237,0.237,0.281,0.281
0.426,0.489,-10.020,0.230,0.230,0.272,0.272
0.424,0.864,-10.018,0.247,0.247,0.267,0.267
0.423,1.125,-10.017,0.230,0.230,0.284,0.284
0.422,1.093,-10.017,0.237,0.237,0.275,0.275
0.421,0.848,-10.016,0.227,0.227,0.264,0.264
0.419,0.636,-10.014,0.244,0.244,0.266,0.266
0.419,0.326,-10.014,0.218,0.218,0.273,0.273
0.417,0.130,-10.014,0.246,0.246,0.266,0.266
0.415,0.146,-10.013,0.226,0.226,0.267,0.267
0.411,-0.001,-10.013,0.235,0.235,0.291,0.291
0.412,-0.262,-10.013,0.220,0.220,0.267,0.267
0.414,-0.653,-10.012,0.246,0.246,0.255,0.255
0.415,-1.110,-10.012,0.221,0.221,0.255,0.255
0.414,-1.306,-10.012,0.240,0.240,0.252,0.252
0.411,-1.355,-10.016,0.230,0.230,0.255,0.255
0.411,-1.372,-10.017,0.243,0.243,0.253,0.253
0.410,-1.551,-10.018,0.220,0.220,0.285,0.285
0.409,-1.763,-10.019,0.250,0.250,0.253,0.253
0.408,-1.796,-10.021,0.221,0.221,0.269,0.269
0.407,-1.567,-10.023,0.243,0.243,0.255,0.255
0.405,-1.274,-10.026,0.227,0.227,0.258,0.258
0.401,-0.915,-10.030,0.243,0.243,0.255,0.255
0.399,-0.441,-10.032,0.230,0.230,0.252,0.252
0.403,0.081,-10.031,0.230,0.230,0.272,0.272
0.404,0.244,-10.031,0.243,0.243,0.261,0.261
0.402,0.212,-10.030,0.229,0.229,0.252,0.252
0.401,0.146,-10.030,0.238,0.238,0.259,0.259
0.399,0.163,-10.030,0.235,0.235,0.256,0.256
0.397,0.130,-10.030,0.240,0.240,0.258,0.258
0.397,0.163,-10.030,0.230,0.230,0.255,0.255
0.397,0.195,-10.030,0.232,0.232,0.278,0.278
0.396,0.163,-10.030,0.238,0.238,0.256,0.256
0.395,0.163,-10.029,0.237,0.237,0.255,0.255
0.392,0.032,-10.029,0.217,0.217,0.253,0.253
0.389,-0.245,-10.029,0.233,0.233,0.252,0.252
0.387,-0.621,-10.031,0.212,0.212,0.250,0.250
0.390,-0.817,-10.028,0.215,0.215,0.237,0.237
0.393,-0.849,-10.026,0.195,0.195,0.226,0.226
0.390,-0.882,-10.028,0.218,0.218,0.237,0.237
0.390,-1.110,-10.029,0.201,0.201,0.246,0.246
0.388,-1.274,-10.030,0.224,0.224,0.238,0.238
0.386,-1.339,-10.033,0.201,0.201,0.238,0.238
0.384,-1.274,-10.035,0.230,0.230,0.244,0.244
0.384,-1.045,-10.036,0.203,0.203,0.237,0.237
0.383,-0.817,-10.036,0.224,0.224,0.212,0.212
0.383,-0.784,-10.037,0.215,0.215,0.237,0.237
0.382,-0.800,-10.038,0.227,0.227,0.249,0.249
0.380,-0.784,-10.039,0.214,0.214,0.249,0.249
0.376,-0.556,-10.042,0.235,0.235,0.243,0.243
0.375,-0.213,-10.042,0.224,0.224,0.237,0.237
0.376,0.097,-10.042,0.232,0.232,0.247,0.247
0.379,0.195,-10.043,0.229,0.229,0.253,0.253
0.378,0.048,-10.042,0.235,0.235,0.250,0.250
0.375,-0.213,-10.043,0.224,0.224,0.252,0.252
0.374,-0.311,-10.043,0.235,0.235,0.253,0.253
0.373,-0.360,-10.043,0.227,0.227,0.255,0.255
0.371,-0.327,-10.044,0.230,0.230,0.279,0.279
0.371,-0.311,-10.044,0.224,0.224,0.256,0.256
0.370,-0.262,-10.044,0.221,0.221,0.243,0.243
0.368,-0.294,-10.045,0.233,0.233,0.249,0.249
0.365,-0.196,-10.045,0.227,0.227,0.255,0.255
0.362,0.016,-10.046,0.224,0.224,0.252,0.252
0.364,0.195,-10.046,0.229,0.229,0.253,0.253
0.366,0.212,-10.046,0.227,0.227,0.258,0.258
0.366,0.424,-10.046,0.221,0.221,0.250,0.250
0.366,0.636,-10.046,0.212,0.212,0.253,0.253
0.363,0.962,-10.044,0.214,0.214,0.252,0.252
0.361,1.387,-10.042,0.221,0.221,0.252,0.252
0.361,1.566,-10.041,0.200,0.200,0.249,0.249
0.360,1.452,-10.039,0.227,0.227,0.247,0.247
0.359,1.436,-10.038,0.208,0.208,0.243,0.243
0.357,1.582,-10.036,0.233,0.233,0.253,0.253
0.357,1.876,-10.035,0.214,0.214,0.255,0.255
0.353,2.039,-10.029,0.233,0.233,0.255,0.255
0.351,1.876,-10.024,0.217,0.217,0.253,0.253
0.349,1.648,-10.021,0.235,0.235,0.255,0.255
0.352,1.550,-10.025,0.230,0.230,0.272,0.272
0.354,1.501,-10.028,0.246,0.246,0.252,0.252
0.352,1.272,-10.025,0.227,0.227,0.270,0.270
0.351,0.848,-10.024,0.253,0.253,0.291,0.291
0.351,0.342,-10.024,0.232,0.232,0.273,0.273
0.349,0.081,-10.024,0.243,0.243,0.269,0.269
0.348,0.048,-10.024,0.230,0.230,0.261,0.261
0.347,0.114,-10.023,0.243,0.243,0.267,0.267
0.346,0.195,-10.023,0.226,0.226,0.249,0.249
0.345,0.391,-10.023,0.240,0.240,0.270,0.270
0.343,0.571,-10.022,0.227,0.227,0.284,0.284
0.341,0.652,-10.021,0.241,0.241,0.266,0.266
0.338,0.652,-10.019,0.217,0.217,0.264,0.264
0.338,0.620,-10.019,0.247,0.247,0.252,0.252
0.340,0.571,-10.020,0.224,0.224,0.256,0.256
0.342,0.375,-10.021,0.241,0.241,0.252,0.252
0.339,0.146,-10.020,0.224,0.224,0.258,0.258
0.337,0.097,-10.020,0.237,0.237,0.259,0.259
0.335,0.097,-10.020,0.218,0.218,0.256,0.256
0.335,0.130,-10.020,0.243,0.243,0.247,0.247
0.334,0.130,-10.019,0.224,0.224,0.261,0.261
0.335,0.179,-10.020,0.240,0.240,0.256,0.256
0.333,-0.033,-10.019,0.220,0.220,0.258,0.258
0.330,-0.539,-10.020,0.240,0.240,0.256,0.256
0.326,-0.784,-10.023,0.233,0.233,0.253,0.253
0.326,-0.915,-10.023,0.238,0.238,0.253,0.253
0.329,-0.784,-10.020,0.235,0.235,0.258,0.258
0.329,-0.425,-10.020,0.240,0.240,0.278,0.278
0.329,0.179,-10.020,0.241,0.241,0.262,0.262
0.327,0.864,-10.019,0.229,0.229,0.246,0.246
0.325,1.778,-10.016,0.241,0.241,0.256,0.256
0.324,2.790,-10.015,0.238,0.238,0.255,0.255
0.324,3.720,-10.014,0.233,0.233,0.259,0.259
0.323,4.487,-10.010,0.244,0.244,0.259,0.259
0.322,5.287,-10.006,0.241,0.241,0.266,0.266
0.322,6.234,-10.005,0.232,0.232,0.256,0.256
0.319,7.474,-9.984,0.233,0.233,0.258,0.258
0.316,8.649,-9.961,0.223,0.223,0.258,0.258
0.314,9.742,-9.944,0.229,0.229,0.252,0.252
0.315,10.966,-9.951,0.212,0.212,0.246,0.246
0.317,12.011,-9.975,0.221,0.221,0.237,0.237
0.318,12.811,-9.988,0.206,0.206,0.215,0.215
0.317,13.300,-9.979,0.218,0.218,0.237,0.237
0.314,13.773,-9.935,0.206,0.206,0.243,0.243
0.313,14.230,-9.922,0.220,0.220,0.235,0.235
0.312,14.704,-9.902,0.203,0.203,0.235,0.235
0.310,15.193,-9.883,0.218,0.218,0.232,0.232
0.310,15.716,-9.880,0.203,0.203,0.237,0.237
0.310,16.238,-9.882,0.232,0.232,0.240,0.240
0.309,16.695,-9.863,0.206,0.206,0.240,0.240
0.307,16.923,-9.824,0.230,0.230,0.238,0.238
0.304,17.250,-9.771,0.223,0.223,0.246,0.246
0.302,17.658,-9.744,0.232,0.232,0.246,0.246
0.302,18.115,-9.736,0.223,0.223,0.264,0.264
0.306,18.408,-9.822,0.238,0.238,0.246,0.246
0.305,18.751,-9.804,0.220,0.220,0.255,0.255
0.304,19.094,-9.772,0.232,0.232,0.255,0.255
0.302,19.388,-9.735,0.217,0.217,0.259,0.259
0.302,19.714,-9.741,0.238,0.238,0.241,0.241
0.301,20.073,-9.717,0.229,0.229,0.256,0.256
0.299,20.334,-9.685,0.230,0.230,0.230,0.230
0.299,20.612,-9.676,0.229,0.229,0.252,0.252
0.299,20.856,-9.672,0.230,0.230,0.269,0.269
0.297,21.117,-9.626,0.227,0.227,0.258,0.258
0.295,21.525,-9.586,0.224,0.224,0.255,0.255
0.292,21.770,-9.520,0.230,0.230,0.253,0.253
0.294,21.787,-9.563,0.223,0.223,0.255,0.255
0.296,21.574,-9.613,0.214,0.214,0.255,0.255
0.295,21.574,-9.596,0.227,0.227,0.255,0.255
0.293,21.705,-9.557,0.218,0.218,0.258,0.258
0.292,21.803,-9.527,0.211,0.211,0.252,0.252
0.290,21.803,-9.478,0.229,0.229,0.250,0.250
0.291,21.770,-9.499,0.206,0.206,0.250,0.250
0.289,21.770,-9.472,0.227,0.227,0.250,0.250
0.288,21.787,-9.446,0.201,0.201,0.253,0.253
0.287,21.787,-9.429,0.227,0.227,0.250,0.250
0.287,21.787,-9.423,0.215,0.215,0.250,0.250
0.284,21.770,-9.355,0.226,0.226,0.249,0.249
0.282,21.803,-9.317,0.215,0.215,0.255,0.255
0.285,21.819,-9.380,0.244,0.244,0.270,0.270
0.284,22.031,-9.359,0.230,0.230,0.278,0.278
0.285,22.276,-9.385,0.244,0.244,0.282,0.282
0.284,22.325,-9.364,0.240,0.240,0.273,0.273
0.283,22.603,-9.337,0.249,0.249,0.276,0.276
0.282,23.076,-9.319,0.230,0.230,0.270,0.270
0.281,23.843,-9.273,0.244,0.244,0.269,0.269
0.280,24.528,-9.256,0.229,0.229,0.246,0.246
0.280,25.051,-9.261,0.238,0.238,0.269,0.269
0.279,25.344,-9.241,0.235,0.235,0.276,0.276
0.278,25.556,-9.219,0.249,0.249,0.264,0.264
0.278,25.948,-9.205,0.223,0.223,0.272,0.272
0.275,26.258,-9.124,0.255,0.255,0.255,0.255
0.273,26.552,-9.069,0.223,0.223,0.261,0.261
0.274,27.042,-9.100,0.238,0.238,0.258,0.258
0.276,27.809,-9.167,0.220,0.220,0.258,0.258
0.276,28.837,-9.148,0.243,0.243,0.256,0.256
0.276,30.142,-9.167,0.223,0.223,0.259,0.259
0.273,31.562,-9.082,0.241,0.241,0.255,0.255
0.271,32.803,-9.003,0.230,0.230,0.284,0.284
0.271,33.863,-9.019,0.246,0.246,0.255,0.255
0.270,34.810,-8.980,0.226,0.226,0.247,0.247
0.270,35.740,-8.977,0.243,0.243,0.253,0.253
0.270,36.719,-8.956,0.229,0.229,0.285,0.285
0.269,37.764,-8.917,0.238,0.238,0.255,0.255
0.266,39.069,-8.810,0.227,0.227,0.261,0.261
0.264,40.767,-8.751,0.238,0.238,0.253,0.253
0.264,42.725,-8.745,0.230,0.230,0.256,0.256
0.268,44.471,-8.890,0.237,0.237,0.252,0.252
0.268,45.956,-8.905,0.237,0.237,0.256,0.256
0.267,47.132,-8.846,0.240,0.240,0.255,0.255
0.264,48.062,-8.728,0.238,0.238,0.255,0.255
0.264,48.731,-8.704,0.237,0.237,0.259,0.259
0.262,49.253,-8.644,0.237,0.237,0.259,0.259
0.263,49.906,-8.655,0.237,0.237,0.255,0.255
0.261,50.347,-8.597,0.235,0.235,0.258,0.258
0.261,50.657,-8.588,0.238,0.238,0.256,0.256
0.260,50.950,-8.546,0.238,0.238,0.256,0.256
0.258,51.636,-8.407,0.224,0.224,0.252,0.252
0.256,52.240,-8.291,0.237,0.237,0.253,0.253
0.256,52.648,-8.307,0.214,0.214,0.249,0.249
0.259,52.811,-8.491,0.220,0.220,0.238,0.238
0.261,52.811,-8.564,0.197,0.197,0.240,0.240
0.259,52.713,-8.451,0.221,0.221,0.233,0.233
0.257,52.436,-8.344,0.200,0.200,0.227,0.227
0.255,51.962,-8.285,0.217,0.217,0.235,0.235
0.255,51.489,-8.253,0.204,0.204,0.237,0.237
0.254,50.885,-8.229,0.229,0.229,0.252,0.252
0.254,50.200,-8.217,0.214,0.214,0.237,0.237
0.252,49.465,-8.126,0.227,0.227,0.238,0.238
0.253,48.666,-8.146,0.221,0.221,0.244,0.244
0.251,48.013,-8.080,0.238,0.238,0.240,0.240
0.250,47.425,-7.996,0.211,0.211,0.224,0.224
0.247,46.756,-7.899,0.240,0.240,0.241,0.241
0.250,46.120,-8.018,0.227,0.227,0.259,0.259
0.252,45.712,-8.090,0.238,0.238,0.247,0.247
0.252,45.189,-8.118,0.217,0.217,0.255,0.255
0.251,44.586,-8.059,0.241,0.241,0.249,0.249
0.247,43.770,-7.908,0.223,0.223,0.258,0.258
0.247,43.035,-7.885,0.238,0.238,0.246,0.246
0.247,42.219,-7.869,0.221,0.221,0.250,0.250
0.246,41.305,-7.857,0.237,0.237,0.258,0.258
0.246,40.310,-7.843,0.229,0.229,0.255,0.255
0.246,39.510,-7.850,0.224,0.224,0.259,0.259
0.244,38.825,-7.775,0.226,0.226,0.249,0.249
0.242,38.156,-7.701,0.223,0.223,0.252,0.252
0.241,37.666,-7.634,0.220,0.220,0.261,0.261
0.240,37.209,-7.620,0.221,0.221,0.252,0.252
0.244,36.948,-7.776,0.226,0.226,0.249,0.249
0.244,36.752,-7.780,0.220,0.220,0.250,0.250
0.243,36.817,-7.712,0.224,0.224,0.252,0.252
0.242,37.013,-7.682,0.211,0.211,0.264,0.264
0.241,37.307,-7.660,0.217,0.217,0.253,0.253
0.241,37.535,-7.648,0.200,0.200,0.252,0.252
0.240,37.584,-7.600,0.224,0.224,0.244,0.244
0.240,37.535,-7.623,0.203,0.203,0.246,0.246
0.239,37.535,-7.591,0.218,0.218,0.250,0.250
0.238,37.454,-7.549,0.215,0.215,0.258,0.258
0.235,37.258,-7.418,0.232,0.232,0.266,0.266
0.234,37.046,-7.385,0.218,0.218,0.258,0.258
0.234,36.964,-7.385,0.237,0.237,0.255,0.255
0.237,37.013,-7.510,0.237,0.237,0.276,0.276
0.238,37.013,-7.530,0.247,0.247,0.275,0.275
0.237,37.062,-7.500,0.226,0.226,0.275,0.275
0.236,37.095,-7.460,0.253,0.253,0.273,0.273
0.235,37.323,-7.442,0.233,0.233,0.299,0.299
0.234,37.813,-7.392,0.249,0.249,0.276,0.276
0.234,38.335,-7.404,0.230,0.230,0.256,0.256
0.234,38.874,-7.386,0.253,0.253,0.276,0.276
0.233,39.624,-7.348,0.229,0.229,0.266,0.266
0.234,40.293,-7.383,0.249,0.249,0.256,0.256
0.231,40.832,-7.271,0.221,0.221,0.262,0.262
0.228,41.354,-7.152,0.243,0.243,0.250,0.250
0.226,42.056,-7.045,0.217,0.217,0.262,0.262
0.230,42.758,-7.244,0.247,0.247,0.262,0.262
0.233,43.280,-7.357,0.224,0.224,0.256,0.256
0.233,43.786,-7.343,0.246,0.246,0.249,0.249
0.232,44.259,-7.316,0.227,0.227,0.255,0.255
0.229,44.667,-7.204,0.241,0.241,0.255,0.255
0.229,44.945,-7.182,0.226,0.226,0.249,0.249
0.228,45.189,-7.127,0.240,0.240,0.250,0.250
0.228,45.369,-7.139,0.227,0.227,0.264,0.264
0.229,45.467,-7.163,0.232,0.232,0.255,0.255
0.227,45.646,-7.110,0.221,0.221,0.252,0.252
0.226,45.908,-7.066,0.246,0.246,0.241,0.241
0.224,46.250,-6.934,0.227,0.227,0.252,0.252
0.222,46.691,-6.853,0.243,0.243,0.256,0.256
0.222,47.148,-6.845,0.227,0.227,0.255,0.255
0.225,47.507,-7.027,0.243,0.243,0.255,0.255
0.227,47.752,-7.100,0.238,0.238,0.261,0.261
0.225,48.209,-7.014,0.233,0.233,0.255,0.255
0.224,48.584,-6.951,0.238,0.238,0.276,0.276
0.224,48.927,-6.951,0.238,0.238,0.256,0.256
0.224,49.123,-6.930,0.237,0.237,0.252,0.252
0.223,49.041,-6.896,0.237,0.237,0.253,0.253
0.223,48.943,-6.901,0.241,0.241,0.259,0.259
0.222,48.780,-6.870,0.229,0.229,0.258,0.258
0.222,48.845,-6.868,0.238,0.238,0.258,0.258
0.220,48.894,-6.756,0.227,0.227,0.256,0.256
0.218,49.123,-6.639,0.237,0.237,0.255,0.255
0.217,49.302,-6.631,0.206,0.206,0.246,0.246
0.220,49.433,-6.749,0.221,0.221,0.227,0.227
0.222,49.710,-6.843,0.200,0.200,0.224,0.224
0.222,50.020,-6.856,0.220,0.220,0.232,0.232
0.221,50.069,-6.793,0.200,0.200,0.227,0.227
0.219,49.939,-6.692,0.221,0.221,0.215,0.215
0.218,49.873,-6.679,0.206,0.206,0.232,0.232
0.218,50.053,-6.670,0.220,0.220,0.241,0.241
0.218,50.298,-6.665,0.206,0.206,0.230,0.230
0.218,50.363,-6.639,0.226,0.226,0.237,0.237
0.218,50.298,-6.644,0.212,0.212,0.247,0.247
0.217,50.053,-6.584,0.226,0.226,0.240,0.240
0.214,49.792,-6.475,0.220,0.220,0.237,0.237
0.213,49.482,-6.409,0.233,0.233,0.244,0.244
0.212,48.959,-6.352,0.218,0.218,0.240,0.240
0.217,48.274,-6.598,0.237,0.237,0.237,0.237
0.219,47.556,-6.682,0.221,0.221,0.249,0.249
0.217,46.985,-6.596,0.235,0.235,0.252,0.252
0.216,46.462,-6.564,0.214,0.214,0.256,0.256
0.214,45.989,-6.473,0.235,0.235,0.258,0.258
0.215,45.532,-6.499,0.224,0.224,0.255,0.255
0.214,45.026,-6.464,0.230,0.230,0.252,0.252
0.214,44.586,-6.450,0.227,0.227,0.253,0.253
0.215,44.324,-6.510,0.226,0.226,0.261,0.261
0.214,44.324,-6.459,0.232,0.232,0.249,0.249
0.210,44.096,-6.305,0.221,0.221,0.252,0.252
0.209,43.949,-6.262,0.235,0.235,0.255,0.255
0.209,43.884,-6.261,0.218,0.218,0.252,0.252
0.214,43.868,-6.476,0.218,0.218,0.258,0.258
0.214,43.949,-6.466,0.221,0.221,0.235,0.235
0.214,43.916,-6.451,0.227,0.227,0.249,0.249
0.213,43.884,-6.403,0.206,0.206,0.258,0.258
0.212,43.639,-6.385,0.218,0.218,0.244,0.244
0.211,43.443,-6.340,0.197,0.197,0.247,0.247
0.211,43.133,-6.351,0.223,0.223,0.259,0.259
0.211,42.872,-6.341,0.204,0.204,0.250,0.250
0.212,42.595,-6.357,0.227,0.227,0.262,0.262
0.211,42.399,-6.317,0.220,0.220,0.252,0.252
0.208,42.350,-6.208,0.226,0.226,0.241,0.241
0.207,42.415,-6.143,0.215,0.215,0.253,0.253
0.205,42.366,-6.086,0.243,0.243,0.258,0.258
0.208,42.236,-6.192,0.233,0.233,0.270,0.270
0.211,42.219,-6.322,0.250,0.250,0.278,0.278
0.212,42.350,-6.387,0.237,0.237,0.264,0.264
0.210,42.497,-6.307,0.256,0.256,0.278,0.278
0.209,42.725,-6.257,0.227,0.227,0.288,0.288
0.208,42.954,-6.206,0.255,0.255,0.267,0.267
0.208,43.231,-6.206,0.237,0.237,0.259,0.259
0.209,43.411,-6.233,0.258,0.258,0.269,0.269
0.208,43.508,-6.206,0.230,0.230,0.269,0.269
0.208,43.672,-6.215,0.246,0.246,0.255,0.255
0.208,43.868,-6.215,0.233,0.233,0.273,0.273
0.205,43.982,-6.069,0.233,0.233,0.269,0.269
0.202,44.194,-5.936,0.230,0.230,0.264,0.264
0.203,44.357,-5.967,0.240,0.240,0.253,0.253
0.209,44.422,-6.245,0.226,0.226,0.278,0.278
0.209,44.455,-6.236,0.233,0.233,0.258,0.258
0.208,44.684,-6.211,0.232,0.232,0.256,0.256
0.207,44.847,-6.153,0.230,0.230,0.252,0.252
0.205,44.912,-6.089,0.230,0.230,0.256,0.256
0.206,44.896,-6.120,0.227,0.227,0.258,0.258
0.206,44.945,-6.119,0.232,0.232,0.258,0.258
0.206,45.173,-6.098,0.215,0.215,0.258,0.258
0.206,45.287,-6.131,0.233,0.233,0.264,0.264
0.205,45.140,-6.082,0.227,0.227,0.252,0.252
0.203,44.912,-5.968,0.226,0.226,0.253,0.253
0.201,44.896,-5.873,0.237,0.237,0.256,0.256
0.203,45.140,-5.988,0.233,0.233,0.255,0.255
0.206,45.369,-6.112,0.224,0.224,0.258,0.258
0.207,45.434,-6.185,0.237,0.237,0.249,0.249
0.208,45.418,-6.192,0.224,0.224,0.255,0.255
0.205,45.402,-6.055,0.237,0.237,0.253,0.253
0.204,45.369,-6.045,0.223,0.223,0.256,0.256
0.204,45.402,-6.020,0.252,0.252,0.255,0.255
0.204,45.369,-6.016,0.229,0.229,0.246,0.246
0.205,45.418,-6.072,0.250,0.250,0.258,0.258
0.204,45.369,-6.008,0.230,0.230,0.261,0.261
0.204,45.385,-6.023,0.243,0.243,0.246,0.246
0.203,45.369,-5.984,0.220,0.220,0.244,0.244
0.201,45.402,-5.870,0.229,0.229,0.246,0.246
0.200,45.385,-5.835,0.212,0.212,0.249,0.249
0.201,45.320,-5.868,0.223,0.223,0.255,0.255
0.205,45.075,-6.065,0.203,0.203,0.232,0.232
0.204,44.912,-6.041,0.221,0.221,0.230,0.230
0.204,44.814,-6.027,0.214,0.214,0.237,0.237
0.204,44.814,-6.017,0.227,0.227,0.240,0.240
0.203,44.586,-5.982,0.204,0.204,0.237,0.237
0.203,44.422,-5.987,0.227,0.227,0.240,0.240
0.202,44.357,-5.958,0.208,0.208,0.247,0.247
0.202,44.357,-5.940,0.229,0.229,0.240,0.240
0.203,44.357,-5.987,0.212,0.212,0.249,0.249
0.203,44.373,-5.968,0.233,0.233,0.233,0.233
0.201,44.129,-5.880,0.224,0.224,0.244,0.244
0.199,43.965,-5.804,0.227,0.227,0.240,0.240
0.198,43.868,-5.762,0.227,0.227,0.246,0.246
0.204,43.933,-6.018,0.232,0.232,0.223,0.223
0.205,44.161,-6.064,0.227,0.227,0.250,0.250
0.206,44.390,-6.099,0.218,0.218,0.259,0.259
0.203,44.406,-5.981,0.227,0.227,0.253,0.253
0.203,44.161,-5.971,0.221,0.221,0.249,0.249
0.203,43.933,-5.965,0.220,0.220,0.235,0.235
0.203,43.851,-5.978,0.218,0.218,0.252,0.252
0.204,43.851,-6.011,0.224,0.224,0.233,0.233
0.202,43.541,-5.926,0.211,0.211,0.253,0.253
0.201,43.182,-5.893,0.229,0.229,0.252,0.252
0.198,42.856,-5.773,0.215,0.215,0.255,0.255
0.197,42.578,-5.740,0.224,0.224,0.249,0.249
0.200,42.431,-5.843,0.203,0.203,0.240,0.240
0.204,42.382,-6.001,0.227,0.227,0.246,0.246
0.204,42.366,-6.037,0.208,0.208,0.253,0.253
0.205,42.154,-6.050,0.224,0.224,0.250,0.250
0.204,42.040,-5.998,0.217,0.217,0.249,0.249
0.203,42.203,-5.989,0.230,0.230,0.249,0.249
0.202,42.431,-5.931,0.214,0.214,0.249,0.249
0.203,42.758,-5.983,0.221,0.221,0.264,0.264
0.203,42.921,-5.996,0.211,0.211,0.247,0.247
0.204,42.921,-6.009,0.227,0.227,0.246,0.246
0.203,42.627,-5.963,0.200,0.200,0.250,0.250
0.200,42.056,-5.853,0.237,0.237,0.252,0.252
0.198,41.256,-5.777,0.221,0.221,0.258,0.258
0.200,40.277,-5.829,0.241,0.241,0.259,0.259
0.202,39.249,-5.939,0.229,0.229,0.255,0.255
0.205,38.204,-6.035,0.255,0.255,0.270,0.270
0.205,36.980,-6.053,0.233,0.233,0.279,0.279
0.204,35.789,-6.014,0.250,0.250,0.275,0.275
0.203,34.435,-5.956,0.233,0.233,0.269,0.269
0.203,33.031,-5.979,0.247,0.247,0.266,0.266
0.203,31.546,-5.972,0.224,0.224,0.262,0.262
0.203,30.289,-5.963,0.255,0.255,0.270,0.270
0.203,29.098,-5.980,0.227,0.227,0.266,0.266
0.203,28.004,-5.972,0.241,0.241,0.273,0.273
0.202,27.205,-5.956,0.233,0.233,0.273,0.273
0.200,26.405,-5.882,0.238,0.238,0.258,0.258
0.198,25.573,-5.834,0.230,0.230,0.285,0.285
0.200,24.789,-5.892,0.230,0.230,0.256,0.256
0.204,24.055,-5.988,0.227,0.227,0.264,0.264
0.205,23.451,-6.003,0.230,0.230,0.258,0.258
0.204,23.141,-5.984,0.224,0.224,0.264,0.264
0.203,22.880,-5.972,0.232,0.232,0.252,0.252
0.203,22.472,-5.957,0.230,0.230,0.255,0.255
0.203,22.031,-5.973,0.224,0.224,0.226,0.226
0.202,21.705,-5.950,0.230,0.230,0.255,0.255
0.203,21.460,-5.969,0.227,0.227,0.267,0.267
0.204,21.297,-5.980,0.227,0.227,0.256,0.256
0.201,21.264,-5.932,0.218,0.218,0.252,0.252
0.199,21.264,-5.872,0.230,0.230,0.237,0.237
0.198,21.281,-5.861,0.226,0.226,0.252,0.252
0.201,21.297,-5.931,0.229,0.229,0.264,0.264
0.205,21.297,-5.996,0.224,0.224,0.252,0.252
0.205,21.281,-6.005,0.238,0.238,0.255,0.255
0.204,21.297,-5.990,0.217,0.217,0.253,0.253
0.204,21.297,-5.983,0.243,0.243,0.258,0.258
0.202,21.281,-5.949,0.223,0.223,0.276,0.276
0.204,21.313,-5.975,0.243,0.243,0.253,0.253
0.202,21.313,-5.953,0.218,0.218,0.249,0.249
0.203,21.313,0.000,0.243,0.243,0.252,0.252
0.203,21.281,0.013,0.221,0.221,0.255,0.255
0.203,21.215,0.018,0.237,0.237,0.252,0.252
0.200,21.036,0.064,0.221,0.221,0.249,0.249
0.199,21.101,0.094,0.235,0.235,0.256,0.256
0.198,21.232,0.111,0.215,0.215,0.247,0.247
0.202,21.313,0.031,0.227,0.227,0.237,0.237
0.205,21.281,-0.037,0.204,0.204,0.230,0.230
0.205,21.020,-0.033,0.218,0.218,0.223,0.223
0.204,20.775,-0.019,0.198,0.198,0.226,0.226
0.203,20.497,0.016,0.220,0.220,0.230,0.230
0.203,20.236,0.001,0.208,0.208,0.221,0.221
0.202,19.910,0.023,0.221,0.221,0.240,0.240
0.203,19.502,0.012,0.212,0.212,0.241,0.241
0.204,18.980,-0.002,0.232,0.232,0.235,0.235
0.203,18.506,0.012,0.217,0.217,0.233,0.233
0.202,18.245,0.021,0.226,0.226,0.229,0.229
0.200,17.935,0.068,0.224,0.224,0.246,0.246
0.198,17.250,0.095,0.223,0.223,0.241,0.241
0.200,16.483,0.071,0.221,0.221,0.244,0.244
0.205,15.667,-0.013,0.204,0.204,0.241,0.241
0.205,15.014,-0.019,0.223,0.223,0.249,0.249
0.204,14.426,-0.008,0.220,0.220,0.250,0.250
0.203,13.676,0.015,0.224,0.224,0.267,0.267
0.203,12.582,0.014,0.218,0.218,0.247,0.247
0.203,11.064,0.014,0.229,0.229,0.250,0.250
0.203,9.188,0.011,0.214,0.214,0.253,0.253
0.203,7.670,0.013,0.226,0.226,0.253,0.253
0.203,6.348,0.012,0.215,0.215,0.243,0.243
0.201,5.254,0.021,0.226,0.226,0.243,0.243
0.198,3.965,0.037,0.201,0.201,0.244,0.244
0.199,2.545,0.033,0.221,0.221,0.250,0.250
0.203,1.109,0.026,0.218,0.218,0.253,0.253
0.205,-0.343,0.025,0.224,0.224,0.247,0.247
0.205,-1.926,0.026,0.214,0.214,0.250,0.250
0.204,-3.640,0.023,0.220,0.220,0.235,0.235
0.203,-5.354,0.016,0.200,0.200,0.246,0.246
0.203,-6.888,0.019,0.209,0.209,0.249,0.249
0.203,-8.373,0.016,0.209,0.209,0.247,0.247
0.203,-9.825,0.023,0.220,0.220,0.249,0.249
0.204,-11.343,0.025,0.201,0.201,0.250,0.250
0.203,-13.024,0.017,0.229,0.229,0.249,0.249
0.201,-14.689,-0.004,0.208,0.208,0.261,0.261
0.199,-16.190,-0.040,0.233,0.233,0.249,0.249
0.199,-17.365,-0.050,0.209,0.209,0.249,0.249
0.202,-18.393,0.018,0.243,0.243,0.252,0.252
0.205,-19.307,0.072,0.227,0.227,0.270,0.270
0.205,-20.205,0.069,0.240,0.240,0.273,0.273
0.204,-20.923,0.052,0.230,0.230,0.270,0.270
0.203,-21.445,0.028,0.246,0.246,0.252,0.252
0.203,-21.853,0.031,0.227,0.227,0.270,0.270
0.203,-22.033,0.025,0.249,0.249,0.276,0.276
0.203,-22.098,0.018,0.240,0.240,0.264,0.264
0.203,-22.294,0.026,0.246,0.246,0.267,0.267
0.204,-22.490,0.037,0.232,0.232,0.256,0.256
0.203,-22.506,0.021,0.238,0.238,0.273,0.273
0.201,-22.457,-0.024,0.226,0.226,0.267,0.267
0.199,-22.228,-0.065,0.230,0.230,0.264,0.264
0.198,-21.984,-0.089,0.221,0.221,0.264,0.264
0.204,-21.625,0.035,0.237,0.237,0.253,0.253
0.205,-21.086,0.073,0.224,0.224,0.255,0.255
0.205,-20.401,0.074,0.237,0.237,0.278,0.278
0.204,-19.617,0.041,0.224,0.224,0.253,0.253
0.203,-18.785,0.024,0.224,0.224,0.246,0.246
0.203,-17.920,0.027,0.226,0.226,0.253,0.253
0.203,-17.137,0.035,0.229,0.229,0.252,0.252
0.203,-16.321,0.028,0.221,0.221,0.253,0.253
0.204,-15.309,0.039,0.218,0.218,0.252,0.252
0.202,-14.068,0.014,0.232,0.232,0.226,0.226
0.201,-12.959,-0.006,0.227,0.227,0.252,0.252
0.198,-12.143,-0.039,0.227,0.227,0.253,0.253
0.200,-11.376,-0.017,0.223,0.223,0.253,0.253
0.205,-10.478,0.045,0.233,0.233,0.255,0.255
0.205,-9.466,0.042,0.221,0.221,0.240,0.240
0.204,-8.503,0.034,0.227,0.227,0.252,0.252
0.204,-7.736,0.031,0.215,0.215,0.253,0.253
0.203,-6.969,0.022,0.233,0.233,0.250,0.250
0.203,-6.104,0.021,0.220,0.220,0.256,0.256
0.203,-5.370,0.021,0.244,0.244,0.253,0.253
0.203,-4.848,0.023,0.229,0.229,0.256,0.256
0.203,-4.325,0.024,0.238,0.238,0.261,0.261
0.203,-3.640,0.023,0.223,0.223,0.252,0.252
0.201,-2.971,0.016,0.240,0.240,0.250,0.250
0.198,-2.318,0.010,0.218,0.218,0.253,0.253
0.198,-1.682,0.009,0.226,0.226,0.249,0.249
0.204,-1.225,0.018,0.215,0.215,0.243,0.243
0.204,-0.898,0.017,0.221,0.221,0.227,0.227
0.206,-0.523,0.019,0.200,0.200,0.223,0.223
0.205,-0.311,0.018,0.233,0.233,0.233,0.233
0.203,-0.099,0.018,0.200,0.200,0.233,0.233
0.203,0.065,0.018,0.223,0.223,0.226,0.226
0.202,0.195,0.018,0.198,0.198,0.229,0.229
0.203,0.016,0.018,0.229,0.229,0.253,0.253
0.203,-0.278,0.018,0.206,0.206,0.227,0.227
0.203,-0.653,0.018,0.227,0.227,0.230,0.230
0.202,-0.915,0.018,0.209,0.209,0.232,0.232
0.200,-1.192,0.015,0.230,0.230,0.238,0.238
0.200,-1.665,0.015,0.218,0.218,0.237,0.237
0.201,-2.171,0.017,0.229,0.229,0.241,0.241
0.204,-2.677,0.024,0.226,0.226,0.221,0.221
0.205,-3.199,0.028,0.224,0.224,0.243,0.243
0.204,-3.689,0.025,0.224,0.224,0.261,0.261
0.203,-4.195,0.021,0.218,0.218,0.250,0.250
0.203,-4.897,0.019,0.224,0.224,0.258,0.258
0.203,-5.631,0.019,0.220,0.220,0.240,0.240
0.204,-6.186,0.025,0.215,0.215,0.249,0.249
0.203,-6.708,0.019,0.221,0.221,0.238,0.238
0.203,-7.475,0.018,0.226,0.226,0.252,0.252
0.201,-8.356,0.007,0.220,0.220,0.252,0.252
0.200,-9.107,-0.009,0.223,0.223,0.252,0.252
0.200,-9.695,-0.008,0.215,0.215,0.250,0.250
0.202,-10.396,0.015,0.224,0.224,0.252,0.252
0.205,-11.033,0.047,0.204,0.204,0.252,0.252
0.206,-11.555,0.054,0.224,0.224,0.249,0.249
0.204,-12.028,0.036,0.209,0.209,0.250,0.250
0.203,-12.518,0.025,0.218,0.218,0.249,0.249
0.203,-13.057,0.018,0.206,0.206,0.249,0.249
0.203,-13.758,0.025,0.224,0.224,0.250,0.250
0.204,-14.476,0.035,0.203,0.203,0.269,0.269
0.203,-14.999,0.019,0.221,0.221,0.246,0.246
0.203,-15.488,0.023,0.200,0.200,0.243,0.243
0.202,-15.880,0.010,0.218,0.218,0.243,0.243
0.200,-16.157,-0.023,0.198,0.198,0.252,0.252
0.199,-16.468,-0.043,0.233,0.233,0.250,0.250
0.198,-16.843,-0.050,0.214,0.214,0.258,0.258
0.204,-17.137,0.049,0.237,0.237,0.247,0.247
0.205,-17.430,0.070,0.233,0.233,0.273,0.273
0.204,-17.561,0.044,0.249,0.249,0.285,0.285
0.204,-17.610,0.050,0.227,0.227,0.273,0.273
0.203,-17.610,0.023,0.250,0.250,0.275,0.275
0.203,-17.594,0.026,0.229,0.229,0.270,0.270
0.203,-17.577,0.025,0.249,0.249,0.270,0.270
0.203,-17.561,0.022,0.221,0.221,0.258,0.258
0.203,-17.577,0.030,0.252,0.252,0.272,0.272
0.203,-17.561,0.023,0.227,0.227,0.272,0.272
0.201,-17.528,-0.007,0.243,0.243,0.272,0.272
0.198,-17.300,-0.060,0.230,0.230,0.269,0.269
0.198,-17.104,-0.053,0.240,0.240,0.276,0.276
0.203,-16.957,0.029,0.221,0.221,0.267,0.267
0.205,-16.794,0.058,0.235,0.235,0.255,0.255
0.205,-16.549,0.061,0.229,0.229,0.258,0.258
0.204,-16.206,0.045,0.235,0.235,0.261,0.261
0.203,-15.749,0.031,0.217,0.217,0.261,0.261
0.203,-15.244,0.024,0.230,0.230,0.258,0.258
0.203,-14.721,0.023,0.224,0.224,0.267,0.267
0.203,-14.232,0.026,0.224,0.224,0.258,0.258
0.203,-13.742,0.028,0.237,0.237,0.264,0.264
0.202,-13.252,0.019,0.226,0.226,0.252,0.252
0.201,-12.828,-0.003,0.223,0.223,0.252,0.252
0.199,-12.567,-0.031,0.226,0.226,0.261,0.261
0.201,-12.257,-0.004,0.230,0.230,0.256,0.256
0.203,-11.882,0.023,0.226,0.226,0.246,0.246
0.205,-11.604,0.044,0.224,0.224,0.253,0.253
0.204,-11.327,0.040,0.232,0.232,0.258,0.258
0.203,-11.131,0.026,0.237,0.237,0.256,0.256
0.203,-10.853,0.021,0.227,0.227,0.252,0.252
0.203,-10.658,0.024,0.238,0.238,0.240,0.240
0.203,-10.331,0.024,0.227,0.227,0.255,0.255
0.203,-9.923,0.022,0.237,0.237,0.261,0.261
0.203,-9.629,0.026,0.221,0.221,0.256,0.256
0.203,-9.319,0.025,0.233,0.233,0.255,0.255
0.202,-8.944,0.015,0.223,0.223,0.255,0.255
0.200,-8.732,-0.006,0.232,0.232,0.255,0.255
0.199,-8.601,-0.008,0.220,0.220,0.272,0.272
0.203,-8.422,0.019,0.240,0.240,0.255,0.255
0.204,-8.226,0.029,0.208,0.208,0.246,0.246
0.205,-8.193,0.037,0.224,0.224,0.229,0.229
0.205,-8.193,0.039,0.203,0.203,0.232,0.232
0.203,-8.226,0.018,0.217,0.217,0.230,0.230
0.203,-8.242,0.025,0.191,0.191,0.230,0.230
0.203,-8.226,0.020,0.227,0.227,0.252,0.252
0.203,-8.226,0.020,0.206,0.206,0.237,0.237
0.203,-8.275,0.021,0.224,0.224,0.230,0.230
0.203,-8.520,0.021,0.209,0.209,0.232,0.232
0.203,-8.781,0.024,0.233,0.233,0.241,0.241
0.201,-9.009,0.005,0.215,0.215,0.230,0.230
0.199,-9.172,-0.010,0.224,0.224,0.232,0.232
0.198,-9.254,-0.026,0.223,0.223,0.259,0.259
0.199,-9.205,-0.009,0.226,0.226,0.246,0.246
0.205,-9.205,0.041,0.221,0.221,0.247,0.247
0.204,-9.221,0.034,0.220,0.220,0.244,0.244
0.203,-9.319,0.027,0.230,0.230,0.250,0.250
0.202,-9.532,0.017,0.227,0.227,0.249,0.249
0.203,-9.809,0.022,0.221,0.221,0.255,0.255
0.202,-10.070,0.018,0.223,0.223,0.259,0.259
0.203,-10.250,0.019,0.223,0.223,0.255,0.255
0.203,-10.201,0.025,0.221,0.221,0.249,0.249
0.203,-10.233,0.018,0.220,0.220,0.252,0.252
0.201,-10.429,-0.001,0.218,0.218,0.250,0.250
0.200,-10.707,-0.012,0.221,0.221,0.252,0.252
0.200,-11.000,-0.005,0.211,0.211,0.253,0.253
0.203,-11.180,0.025,0.227,0.227,0.258,0.258
0.205,-11.261,0.050,0.209,0.209,0.249,0.249
0.204,-11.474,0.037,0.224,0.224,0.249,0.249
0.203,-11.620,0.025,0.204,0.204,0.258,0.258
0.203,-11.735,0.024,0.224,0.224,0.256,0.256
0.202,-11.931,0.016,0.209,0.209,0.246,0.246
0.203,-12.126,0.026,0.215,0.215,0.244,0.244
0.203,-12.159,0.024,0.200,0.200,0.238,0.238
0.203,-12.143,0.024,0.218,0.218,0.252,0.252
0.203,-12.110,0.022,0.204,0.204,0.252,0.252
0.201,-12.143,-0.001,0.226,0.226,0.252,0.252
0.200,-12.143,-0.011,0.218,0.218,0.252,0.252
0.199,-12.159,-0.018,0.227,0.227,0.246,0.246
0.200,-12.159,-0.015,0.212,0.212,0.255,0.255
0.204,-12.208,0.043,0.243,0.243,0.256,0.256
0.206,-12.420,0.060,0.220,0.220,0.278,0.278
0.205,-12.632,0.045,0.241,0.241,0.281,0.281
0.203,-12.763,0.030,0.235,0.235,0.279,0.279
0.203,-12.959,0.027,0.247,0.247,0.275,0.275
0.204,-13.089,0.033,0.224,0.224,0.275,0.275
0.202,-13.155,0.015,0.259,0.259,0.273,0.273
0.203,-13.138,0.022,0.232,0.232,0.264,0.264
0.203,-13.138,0.020,0.244,0.244,0.270,0.270
0.203,-13.057,0.025,0.218,0.218,0.267,0.267
0.201,-12.861,-0.007,0.246,0.246,0.267,0.267
0.199,-12.665,-0.022,0.223,0.223,0.270,0.270
0.199,-12.632,-0.023,0.237,0.237,0.282,0.282
0.202,-12.583,0.015,0.224,0.224,0.266,0.266
0.204,-12.306,0.038,0.240,0.240,0.252,0.252
0.205,-11.882,0.054,0.224,0.224,0.261,0.261
0.203,-11.653,0.029,0.240,0.240,0.253,0.253
0.202,-11.588,0.015,0.226,0.226,0.262,0.262
0.202,-11.376,0.014,0.238,0.238,0.255,0.255
0.203,-11.196,0.022,0.224,0.224,0.249,0.249
0.202,-11.115,0.015,0.224,0.224,0.255,0.255
0.203,-10.886,0.019,0.229,0.229,0.269,0.269
0.203,-10.674,0.026,0.224,0.224,0.252,0.252
0.202,-10.396,0.016,0.230,0.230,0.258,0.258
0.200,-10.217,-0.008,0.230,0.230,0.241,0.241
0.199,-10.152,-0.019,0.229,0.229,0.253,0.253
0.201,-10.184,0.006,0.233,0.233,0.262,0.262
0.205,-10.217,0.043,0.230,0.230,0.255,0.255
0.205,-10.152,0.042,0.224,0.224,0.255,0.255
0.204,-9.956,0.032,0.230,0.230,0.256,0.256
0.203,-9.727,0.026,0.223,0.223,0.256,0.256
0.203,-9.678,0.020,0.233,0.233,0.264,0.264
0.203,-9.678,0.021,0.221,0.221,0.256,0.256
0.203,-9.695,0.019,0.243,0.243,0.255,0.255
0.204,-9.711,0.029,0.224,0.224,0.258,0.258
0.203,-9.695,0.023,0.241,0.241,0.261,0.261
0.203,-9.662,0.020,0.223,0.223,0.255,0.255
0.201,-9.434,0.002,0.241,0.241,0.255,0.255
0.199,-9.254,-0.014,0.217,0.217,0.252,0.252
0.199,-9.172,-0.017,0.224,0.224,0.250,0.250
0.203,-9.189,0.021,0.212,0.212,0.247,0.247
0.205,-9.205,0.038,0.226,0.226,0.233,0.233
0.205,-9.254,0.042,0.201,0.201,0.237,0.237
0.204,-9.189,0.034,0.218,0.218,0.255,0.255
0.203,-9.156,0.019,0.209,0.209,0.233,0.233
0.203,-8.944,0.019,0.221,0.221,0.227,0.227
0.203,-8.732,0.025,0.206,0.206,0.235,0.235
0.204,-8.732,0.033,0.227,0.227,0.238,0.238
0.203,-8.977,0.024,0.211,0.211,0.232,0.232
0.203,-9.172,0.026,0.221,0.221,0.238,0.238
0.203,-9.254,0.019,0.211,0.211,0.252,0.252
0.200,-9.238,-0.004,0.227,0.227,0.237,0.237
0.198,-9.140,-0.026,0.215,0.215,0.252,0.252
0.201,-8.960,0.000,0.230,0.230,0.244,0.244
0.204,-9.042,0.028,0.224,0.224,0.243,0.243
0.206,-9.140,0.049,0.232,0.232,0.247,0.247
0.205,-9.221,0.040,0.224,0.224,0.255,0.255
0.203,-9.238,0.017,0.224,0.224,0.237,0.237
0.203,-9.238,0.018,0.224,0.224,0.256,0.256
0.203,-9.205,0.018,0.226,0.226,0.255,0.255
0.202,-9.205,0.016,0.215,0.215,0.258,0.258
0.204,-9.189,0.026,0.230,0.230,0.246,0.246
0.203,-9.205,0.016,0.229,0.229,0.262,0.262
0.202,-9.221,0.011,0.212,0.212,0.258,0.258
0.199,-9.205,-0.015,0.232,0.232,0.258,0.258
0.199,-9.221,-0.020,0.217,0.217,0.255,0.255
0.202,-9.205,0.012,0.223,0.223,0.258,0.258
0.205,-9.221,0.039,0.211,0.211,0.259,0.259
0.205,-9.140,0.043,0.229,0.229,0.249,0.249
0.204,-8.928,0.034,0.206,0.206,0.252,0.252
0.203,-8.748,0.024,0.217,0.217,0.256,0.256
0.203,-8.667,0.020,0.212,0.212,0.252,0.252
0.202,-8.650,0.013,0.221,0.221,0.252,0.252
0.203,-8.422,0.021,0.209,0.209,0.249,0.249
0.204,-8.242,0.027,0.218,0.218,0.246,0.246
0.203,-8.193,0.023,0.208,0.208,0.249,0.249
0.203,-8.112,0.017,0.218,0.218,0.253,0.253
0.199,-7.948,-0.008,0.195,0.195,0.252,0.252
0.199,-7.736,-0.010,0.233,0.233,0.249,0.249
0.199,-7.671,-0.013,0.215,0.215,0.253,0.253
0.204,-7.704,0.025,0.233,0.233,0.259,0.259
0.205,-7.671,0.033,0.224,0.224,0.304,0.304
0.204,-7.475,0.030,0.256,0.256,0.281,0.281
0.204,-7.214,0.028,0.224,0.224,0.264,0.264
0.203,-6.937,0.023,0.249,0.249,0.273,0.273
0.202,-6.757,0.013,0.233,0.233,0.273,0.273
0.203,-6.708,0.021,0.246,0.246,0.267,0.267
0.203,-6.724,0.018,0.221,0.221,0.267,0.267
0.203,-6.676,0.019,0.252,0.252,0.252,0.252
0.203,-6.463,0.022,0.226,0.226,0.266,0.266
0.202,-6.202,0.012,0.238,0.238,0.267,0.267
0.200,-5.876,0.003,0.232,0.232,0.273,0.273
0.198,-5.452,-0.007,0.241,0.241,0.262,0.262
0.200,-5.190,0.002,0.218,0.218,0.291,0.291
0.203,-4.897,0.018,0.246,0.246,0.259,0.259
0.205,-4.799,0.027,0.221,0.221,0.253,0.253
0.204,-4.684,0.022,0.240,0.240,0.261,0.261
0.203,-4.472,0.017,0.218,0.218,0.262,0.262
0.203,-4.228,0.016,0.249,0.249,0.255,0.255
0.203,-3.934,0.017,0.223,0.223,0.252,0.252
0.203,-3.787,0.017,0.240,0.240,0.230,0.230
0.203,-3.738,0.018,0.229,0.229,0.255,0.255
0.203,-3.705,0.017,0.240,0.240,0.258,0.258
0.201,-3.509,0.012,0.224,0.224,0.266,0.266
0.199,-3.248,0.003,0.237,0.237,0.253,0.253
0.199,-2.971,0.002,0.227,0.227,0.273,0.273
0.200,-2.726,0.006,0.240,0.240,0.255,0.255
0.205,-2.481,0.019,0.230,0.230,0.255,0.255
0.205,-2.253,0.019,0.241,0.241,0.255,0.255
0.204,-1.975,0.016,0.243,0.243,0.258,0.258
0.204,-1.828,0.016,0.229,0.229,0.253,0.253
0.202,-1.763,0.013,0.240,0.240,0.258,0.258
0.203,-1.796,0.015,0.230,0.230,0.253,0.253
0.203,-1.828,0.015,0.241,0.241,0.258,0.258
0.203,-1.780,0.014,0.229,0.229,0.253,0.253
0.204,-1.502,0.016,0.243,0.243,0.255,0.255
0.203,-1.323,0.015,0.229,0.229,0.252,0.252
0.200,-1.274,0.011,0.229,0.229,0.262,0.262
0.198,-1.274,0.009,0.232,0.232,0.255,0.255
0.199,-1.257,0.009,0.237,0.237,0.247,0.247
0.204,-1.045,0.016,0.212,0.212,0.250,0.250
0.206,-0.849,0.017,0.227,0.227,0.233,0.233
0.205,-0.751,0.017,0.201,0.201,0.237,0.237
0.205,-0.490,0.016,0.218,0.218,0.237,0.237
0.203,-0.327,0.016,0.198,0.198,0.209,0.209
0.203,-0.262,0.016,0.224,0.224,0.230,0.230
0.203,-0.311,0.016,0.209,0.209,0.244,0.244
0.203,-0.311,0.016,0.226,0.226,0.243,0.243
0.203,-0.311,0.016,0.206,0.206,0.233,0.233
0.203,-0.311,0.016,0.235,0.235,0.238,0.238
0.201,-0.262,0.015,0.211,0.211,0.238,0.238
0.200,-0.311,0.015,0.224,0.224,0.227,0.227
0.198,-0.311,0.014,0.224,0.224,0.244,0.244
0.201,-0.294,0.015,0.237,0.237,0.246,0.246
0.206,-0.164,0.016,0.221,0.221,0.247,0.247
0.204,0.097,0.016,0.232,0.232,0.246,0.246
0.204,0.048,0.016,0.229,0.229,0.247,0.247
0.203,-0.066,0.016,0.235,0.235,0.253,0.253
0.203,0.048,0.016,0.223,0.223,0.261,0.261
0.203,0.163,0.016,0.235,0.235,0.253,0.253
0.203,0.163,0.016,0.224,0.224,0.250,0.250
0.203,0.146,0.016,0.230,0.230,0.247,0.247
0.203,0.146,0.016,0.221,0.221,0.262,0.262
0.202,0.195,0.017,0.217,0.217,0.255,0.255
0.199,0.130,0.017,0.230,0.230,0.253,0.253
0.199,0.130,0.017,0.220,0.220,0.252,0.252
0.201,0.146,0.017,0.230,0.230,0.256,0.256
0.205,0.163,0.016,0.224,0.224,0.255,0.255
0.205,0.424,0.016,0.221,0.221,0.272,0.272
0.204,0.620,0.017,0.218,0.218,0.255,0.255
0.203,0.685,0.017,0.226,0.226,0.255,0.255
0.203,0.652,0.017,0.212,0.212,0.252,0.252
0.203,0.636,0.017,0.215,0.215,0.249,0.249
0.204,0.652,0.017,0.209,0.209,0.250,0.250
0.203,0.603,0.017,0.220,0.220,0.249,0.249
0.204,0.636,0.017,0.204,0.204,0.255,0.255
0.203,0.620,0.018,0.235,0.235,0.253,0.253
0.199,0.685,0.020,0.203,0.203,0.255,0.255
0.198,0.897,0.021,0.230,0.230,0.259,0.259
0.202,1.093,0.017,0.220,0.220,0.249,0.249
0.204,1.125,0.014,0.237,0.237,0.275,0.275
0.206,1.158,0.013,0.226,0.226,0.258,0.258
0.205,1.174,0.014,0.246,0.246,0.279,0.279
0.203,1.387,0.016,0.232,0.232,0.278,0.278
0.203,1.566,0.016,0.252,0.252,0.279,0.279
0.203,1.664,0.016,0.229,0.229,0.272,0.272
0.203,1.599,0.017,0.250,0.250,0.270,0.270
0.203,1.648,0.016,0.232,0.232,0.256,0.256
0.203,1.811,0.016,0.243,0.243,0.269,0.269
0.203,1.762,0.016,0.218,0.218,0.267,0.267
0.201,1.387,0.019,0.244,0.244,0.262,0.262
0.198,1.240,0.023,0.226,0.226,0.270,0.270
0.199,1.566,0.022,0.243,0.243,0.281,0.281
0.204,1.746,0.013,0.221,0.221,0.266,0.266
0.205,1.762,0.012,0.247,0.247,0.261,0.261
0.206,1.925,0.010,0.217,0.217,0.262,0.262
0.205,2.088,0.013,0.247,0.247,0.256,0.256
0.202,2.023,0.018,0.227,0.227,0.253,0.253
0.203,1.664,0.017,0.235,0.235,0.255,0.255
0.203,1.746,0.015,0.224,0.224,0.261,0.261
0.202,2.023,0.017,0.246,0.246,0.255,0.255
0.203,2.415,0.016,0.223,0.223,0.261,0.261
0.202,2.676,0.018,0.243,0.243,0.256,0.256
0.200,3.002,0.024,0.232,0.232,0.237,0.237
0.200,3.312,0.025,0.238,0.238,0.269,0.269
0.199,3.361,0.026,0.233,0.233,0.255,0.255
0.204,3.361,0.011,0.240,0.240,0.256,0.256
0.206,3.280,0.003,0.233,0.233,0.258,0.258
0.205,3.182,0.008,0.230,0.230,0.262,0.262
0.203,3.361,0.013,0.230,0.230,0.259,0.259
0.203,3.524,0.013,0.227,0.227,0.256,0.256
0.204,3.639,0.012,0.240,0.240,0.261,0.261
0.203,3.622,0.015,0.240,0.240,0.256,0.256
0.203,3.573,0.014,0.246,0.246,0.259,0.259
0.204,3.590,0.012,0.238,0.238,0.261,0.261
0.202,3.606,0.017,0.232,0.232,0.259,0.259
0.201,3.590,0.023,0.241,0.241,0.270,0.270
0.199,3.606,0.028,0.237,0.237,0.258,0.258
0.199,3.590,0.028,0.224,0.224,0.250,0.250
0.204,3.590,0.011,0.232,0.232,0.253,0.253
0.205,3.557,0.005,0.215,0.215,0.250,0.250
0.206,3.639,0.005,0.224,0.224,0.237,0.237
0.204,3.835,0.009,0.194,0.194,0.241,0.241
0.203,4.063,0.016,0.224,0.224,0.232,0.232
0.203,4.128,0.013,0.203,0.203,0.237,0.237
0.203,4.079,0.013,0.206,0.206,0.237,0.237
0.203,4.112,0.014,0.197,0.197,0.235,0.235
0.203,4.340,0.015,0.223,0.223,0.240,0.240
0.203,4.471,0.015,0.198,0.198,0.259,0.259
0.202,4.324,0.019,0.227,0.227,0.243,0.243
0.200,4.112,0.028,0.204,0.204,0.256,0.256
0.198,4.063,0.036,0.229,0.229,0.238,0.238
0.199,4.047,0.030,0.214,0.214,0.246,0.246
0.203,4.079,0.013,0.233,0.233,0.246,0.246
0.206,4.096,0.004,0.214,0.214,0.246,0.246
0.204,4.096,0.010,0.233,0.233,0.233,0.233
0.203,4.373,0.015,0.212,0.212,0.252,0.252
0.203,4.536,0.017,0.233,0.233,0.253,0.253
0.202,4.602,0.018,0.227,0.227,0.259,0.259
0.203,4.569,0.017,0.233,0.233,0.258,0.258
0.203,4.585,0.015,0.218,0.218,0.282,0.282
0.203,4.830,0.015,0.247,0.247,0.252,0.252
0.201,5.026,0.024,0.221,0.221,0.252,0.252
0.200,5.075,0.033,0.224,0.224,0.258,0.258
0.198,5.075,0.041,0.227,0.227,0.261,0.261
0.203,5.042,0.017,0.226,0.226,0.255,0.255
0.205,5.042,0.005,0.221,0.221,0.256,0.256
0.205,5.108,0.006,0.223,0.223,0.246,0.246
0.204,5.352,0.010,0.218,0.218,0.253,0.253
0.203,5.516,0.015,0.227,0.227,0.255,0.255
0.202,5.564,0.020,0.221,0.221,0.253,0.253
0.203,5.564,0.014,0.218,0.218,0.252,0.252
0.203,5.548,0.017,0.223,0.223,0.259,0.259
0.203,5.532,0.014,0.209,0.209,0.255,0.255
0.204,5.548,0.012,0.223,0.223,0.247,0.247
0.202,5.532,0.019,0.204,0.204,0.252,0.252
0.199,5.548,0.037,0.218,0.218,0.249,0.249
0.199,5.548,0.038,0.206,0.206,0.250,0.250
0.201,5.532,0.029,0.227,0.227,0.253,0.253
0.203,5.581,0.014,0.223,0.223,0.252,0.252
0.206,5.826,0.000,0.230,0.230,0.259,0.259
0.205,6.005,0.002,0.235,0.235,0.262,0.262
0.204,6.103,0.009,0.249,0.249,0.270,0.270
0.202,6.038,0.020,0.224,0.224,0.269,0.269
0.202,6.021,0.020,0.252,0.252,0.296,0.296
0.203,6.038,0.015,0.232,0.232,0.272,0.272
0.202,6.054,0.020,0.243,0.243,0.261,0.261
0.203,6.087,0.017,0.224,0.224,0.267,0.267
0.203,6.315,0.017,0.247,0.247,0.276,0.276
0.202,6.511,0.022,0.221,0.221,0.270,0.270
0.199,6.544,0.044,0.244,0.244,0.264,0.264
0.198,6.593,0.047,0.221,0.221,0.246,0.246
0.199,6.756,0.040,0.241,0.241,0.253,0.253
0.205,6.984,0.004,0.209,0.209,0.269,0.269
0.205,6.984,0.004,0.243,0.243,0.256,0.256
0.204,7.017,0.011,0.217,0.217,0.255,0.255
0.203,6.984,0.017,0.237,0.237,0.247,0.247
0.203,6.984,0.014,0.227,0.227,0.255,0.255
0.202,7.017,0.019,0.243,0.243,0.255,0.255
0.203,7.001,0.017,0.226,0.226,0.252,0.252
0.203,7.017,0.018,0.238,0.238,0.252,0.252
0.203,6.984,0.016,0.221,0.221,0.255,0.255
0.200,6.984,0.035,0.244,0.244,0.252,0.252
0.198,7.033,0.049,0.221,0.221,0.270,0.270
0.198,7.001,0.051,0.244,0.244,0.258,0.258
0.203,7.001,0.016,0.227,0.227,0.255,0.255
0.205,7.001,0.001,0.241,0.241,0.250,0.250
0.205,7.017,0.004,0.229,0.229,0.250,0.250
0.203,7.017,0.016,0.247,0.247,0.247,0.247
0.203,6.984,0.015,0.237,0.237,0.258,0.258
0.202,7.017,0.021,0.240,0.240,0.256,0.256
0.202,6.968,0.019,0.241,0.241,0.259,0.259
0.202,7.017,0.022,0.240,0.240,0.258,0.258
0.203,7.033,0.015,0.230,0.230,0.255,0.255
0.203,7.001,0.014,0.243,0.243,0.252,0.252
0.202,7.001,0.024,0.235,0.235,0.244,0.244
0.199,7.017,0.044,0.241,0.241,0.256,0.256
0.199,6.984,0.047,0.241,0.241,0.261,0.261
0.200,7.017,0.036,0.235,0.235,0.252,0.252
0.205,7.017,0.001,0.220,0.220,0.249,0.249
0.205,7.017,0.002,0.209,0.209,0.252,0.252
0.204,7.017,0.007,0.224,0.224,0.240,0.240
0.204,7.001,0.011,0.206,0.206,0.253,0.253
0.202,6.935,0.020,0.217,0.217,0.230,0.230
0.203,6.723,0.016,0.197,0.197,0.223,0.223
0.203,6.511,0.015,0.224,0.224,0.237,0.237
0.203,6.446,0.013,0.204,0.204,0.238,0.238
0.203,6.478,0.014,0.217,0.217,0.232,0.232
0.203,6.462,0.016,0.215,0.215,0.230,0.230
0.201,6.478,0.028,0.227,0.227,0.227,0.227
0.199,6.462,0.041,0.209,0.209,0.237,0.237
0.198,6.511,0.046,0.230,0.230,0.244,0.244
0.203,6.511,0.016,0.218,0.218,0.243,0.243
0.205,6.495,0.001,0.233,0.233,0.240,0.240
0.206,6.511,-0.004,0.215,0.215,0.246,0.246
0.204,6.511,0.009,0.241,0.241,0.247,0.247
0.203,6.527,0.016,0.221,0.221,0.238,0.238
0.203,6.462,0.015,0.240,0.240,0.244,0.244
0.203,6.527,0.018,0.220,0.220,0.255,0.255
0.202,6.446,0.019,0.247,0.247,0.250,0.250
0.204,6.217,0.011,0.220,0.220,0.252,0.252
0.202,6.038,0.023,0.233,0.233,0.253,0.253
0.200,6.005,0.035,0.221,0.221,0.258,0.258
0.198,6.038,0.046,0.232,0.232,0.241,0.241
0.199,6.021,0.038,0.224,0.224,0.252,0.252
0.205,6.070,0.003,0.224,0.224,0.249,0.249
0.205,6.038,0.003,0.233,0.233,0.258,0.258
0.205,5.972,0.004,0.224,0.224,0.253,0.253
0.204,5.744,0.011,0.217,0.217,0.273,0.273
0.203,5.581,0.017,0.224,0.224,0.252,0.252
0.203,5.483,0.016,0.221,0.221,0.247,0.247
0.204,5.516,0.012,0.212,0.212,0.249,0.249
0.202,5.532,0.018,0.224,0.224,0.249,0.249
0.204,5.532,0.011,0.212,0.212,0.246,0.246
0.203,5.516,0.016,0.221,0.221,0.250,0.250
0.201,5.532,0.028,0.211,0.211,0.250,0.250
0.199,5.548,0.035,0.221,0.221,0.252,0.252
0.199,5.548,0.040,0.214,0.214,0.252,0.252
0.203,5.516,0.017,0.221,0.221,0.252,0.252
0.206,5.516,-0.002,0.221,0.221,0.253,0.253
0.205,5.516,0.004,0.233,0.233,0.255,0.255
0.204,5.516,0.011,0.224,0.224,0.261,0.261
0.203,5.483,0.016,0.240,0.240,0.261,0.261
0.203,5.254,0.016,0.230,0.230,0.272,0.272
0.203,5.075,0.014,0.247,0.247,0.279,0.279
0.203,4.993,0.014,0.226,0.226,0.284,0.284
0.204,5.042,0.012,0.250,0.250,0.266,0.266
0.203,4.977,0.017,0.221,0.221,0.288,0.288
0.201,4.781,0.023,0.237,0.237,0.270,0.270
0.200,4.569,0.031,0.221,0.221,0.255,0.255
0.199,4.471,0.035,0.240,0.240,0.272,0.272
0.200,4.536,0.031,0.215,0.215,0.273,0.273
0.203,4.569,0.015,0.243,0.243,0.259,0.259
0.206,4.569,0.004,0.220,0.220,0.264,0.264
0.204,4.569,0.011,0.235,0.235,0.240,0.240
0.203,4.553,0.017,0.223,0.223,0.258,0.258
0.203,4.504,0.017,0.238,0.238,0.258,0.258
0.202,4.275,0.020,0.212,0.212,0.258,0.258
0.203,4.096,0.014,0.237,0.237,0.256,0.256
0.203,4.030,0.015,0.215,0.215,0.250,0.250
0.203,3.998,0.017,0.240,0.240,0.256,0.256
0.201,3.769,0.023,0.214,0.214,0.250,0.250
0.200,3.622,0.029,0.244,0.244,0.256,0.256
0.199,3.524,0.033,0.215,0.215,0.252,0.252
0.201,3.557,0.024,0.243,0.243,0.247,0.247
0.205,3.524,0.011,0.224,0.224,0.253,0.253
0.205,3.312,0.010,0.241,0.241,0.270,0.270
0.204,3.133,0.014,0.230,0.230,0.255,0.255
0.203,3.068,0.015,0.237,0.237,0.247,0.247
0.203,3.051,0.016,0.233,0.233,0.255,0.255
0.203,3.100,0.017,0.238,0.238,0.255,0.255
0.204,3.019,0.014,0.233,0.233,0.255,0.255
0.204,2.823,0.014,0.243,0.243,0.256,0.256
0.202,2.643,0.018,0.244,0.244,0.269,0.269
0.202,2.562,0.018,0.237,0.237,0.255,0.255
0.200,2.513,0.024,0.238,0.238,0.261,0.261
0.198,2.284,0.028,0.235,0.235,0.258,0.258
0.201,2.121,0.022,0.237,0.237,0.258,0.258
0.203,2.056,0.018,0.226,0.226,0.246,0.246
0.206,2.088,0.012,0.237,0.237,0.246,0.246
0.204,2.039,0.015,0.220,0.220,0.241,0.241
0.203,1.795,0.018,0.217,0.217,0.246,0.246
0.203,1.631,0.018,0.208,0.208,0.243,0.243
0.202,1.566,0.019,0.220,0.220,0.237,0.237
0.202,1.599,0.018,0.203,0.203,0.230,0.230
0.203,1.599,0.017,0.209,0.209,0.230,0.230
0.203,1.615,0.018,0.203,0.203,0.240,0.240
0.202,1.550,0.019,0.209,0.209,0.226,0.226
0.200,1.354,0.023,0.208,0.208,0.233,0.233
0.198,1.093,0.024,0.221,0.221,0.247,0.247
0.198,1.060,0.024,0.212,0.212,0.235,0.235
0.203,1.125,0.019,0.232,0.232,0.237,0.237
0.205,1.060,0.017,0.206,0.206,0.235,0.235
0.205,0.832,0.017,0.238,0.238,0.238,0.238
0.204,0.685,0.018,0.215,0.215,0.240,0.240
0.202,0.636,0.019,0.230,0.230,0.244,0.244
0.202,0.603,0.019,0.198,0.198,0.246,0.246
0.203,0.571,0.018,0.241,0.241,0.249,0.249
0.203,0.391,0.019,0.212,0.212,0.255,0.255
0.204,0.212,0.018,0.235,0.235,0.259,0.259
0.202,0.163,0.019,0.221,0.221,0.252,0.252
0.199,0.342,0.019,0.237,0.237,0.243,0.243
0.199,0.342,0.020,0.218,0.218,0.252,0.252
0.199,0.277,0.019,0.233,0.233,0.246,0.246
0.204,0.342,0.018,0.224,0.224,0.255,0.255
0.206,0.342,0.017,0.227,0.227,0.256,0.256
0.204,0.195,0.018,0.211,0.211,0.273,0.273
0.203,0.130,0.018,0.229,0.229,0.252,0.252
0.203,0.146,0.018,0.218,0.218,0.246,0.246
0.202,0.146,0.018,0.226,0.226,0.243,0.243
0.202,-0.017,0.018,0.218,0.218,0.253,0.253
0.203,-0.213,0.018,0.223,0.223,0.261,0.261
0.204,-0.311,0.018,0.220,0.220,0.255,0.255
0.202,-0.392,0.018,0.211,0.211,0.270,0.270
0.200,-0.588,0.017,0.218,0.218,0.252,0.252
0.199,-0.784,0.016,0.209,0.209,0.240,0.240
0.199,-0.833,0.015,0.220,0.220,0.252,0.252
0.204,-0.817,0.020,0.214,0.214,0.252,0.252
0.206,-0.817,0.021,0.223,0.223,0.253,0.253
0.203,-0.849,0.019,0.215,0.215,0.252,0.252
0.204,-1.045,0.019,0.232,0.232,0.273,0.273
0.203,-1.078,0.018,0.227,0.227,0.259,0.259
0.203,-1.127,0.019,0.241,0.241,0.278,0.278
0.203,-1.274,0.019,0.223,0.223,0.267,0.267
0.203,-1.290,0.019,0.244,0.244,0.270,0.270
0.203,-1.323,0.019,0.224,0.224,0.273,0.273
0.203,-1.323,0.019,0.237,0.237,0.270,0.270
0.201,-1.290,0.016,0.227,0.227,0.252,0.252
0.200,-1.306,0.014,0.240,0.240,0.273,0.273
0.198,-1.306,0.013,0.221,0.221,0.269,0.269
0.201,-1.290,0.016,0.240,0.240,0.275,0.275
0.205,-1.355,0.022,0.221,0.221,0.269,0.269
0.205,-1.600,0.022,0.233,0.233,0.264,0.264
0.204,-1.780,0.019,0.212,0.212,0.261,0.261
0.203,-1.845,0.018,0.232,0.232,0.238,0.238
0.204,-1.812,0.020,0.217,0.217,0.258,0.258
0.203,-1.796,0.017,0.229,0.229,0.261,0.261
0.203,-1.796,0.019,0.215,0.215,0.256,0.256
0.203,-1.812,0.019,0.238,0.238,0.253,0.253
0.203,-1.894,0.019,0.214,0.214,0.244,0.244
0.201,-2.090,0.014,0.244,0.244,0.252,0.252
0.199,-2.253,0.009,0.214,0.214,0.247,0.247
0.198,-2.351,0.007,0.237,0.237,0.252,0.252
0.202,-2.334,0.017,0.201,0.201,0.258,0.258
0.206,-2.285,0.025,0.237,0.237,0.252,0.252
0.205,-2.285,0.023,0.224,0.224,0.255,0.255
0.203,-2.269,0.020,0.235,0.235,0.262,0.262
0.203,-2.302,0.019,0.235,0.235,0.256,0.256
0.203,-2.302,0.018,0.237,0.237,0.246,0.246
0.202,-2.285,0.018,0.230,0.230,0.255,0.255
0.203,-2.285,0.018,0.243,0.243,0.255,0.255
0.203,-2.318,0.019,0.227,0.227,0.259,0.259
0.204,-2.318,0.020,0.240,0.240,0.259,0.259
0.201,-2.318,0.014,0.224,0.224,0.269,0.269
0.199,-2.285,0.009,0.244,0.244,0.252,0.252
0.198,-2.318,0.009,0.233,0.233,0.255,0.255
0.203,-2.318,0.020,0.238,0.238,0.253,0.253
0.206,-2.318,0.025,0.235,0.235,0.256,0.256
0.206,-2.367,0.025,0.232,0.232,0.252,0.252
0.204,-2.612,0.020,0.227,0.227,0.250,0.250
0.203,-2.791,0.018,0.215,0.215,0.247,0.247
0.203,-2.808,0.017,0.214,0.214,0.247,0.247
0.203,-2.579,0.019,0.206,0.206,0.240,0.240
0.203,-2.628,0.018,0.203,0.203,0.235,0.235
0.204,-2.808,0.020,0.206,0.206,0.224,0.224
0.203,-3.069,0.019,0.220,0.220,0.232,0.232
0.202,-3.281,0.015,0.195,0.195,0.237,0.237
0.200,-3.297,0.007,0.215,0.215,0.233,0.233
0.198,-3.297,0.004,0.203,0.203,0.233,0.233
0.200,-3.265,0.007,0.217,0.217,0.238,0.238
0.204,-3.265,0.021,0.203,0.203,0.229,0.229
0.206,-3.297,0.027,0.224,0.224,0.230,0.230
0.205,-3.265,0.025,0.211,0.211,0.255,0.255
0.203,-3.330,0.017,0.229,0.229,0.241,0.241
0.203,-3.493,0.018,0.206,0.206,0.253,0.253
0.203,-3.493,0.018,0.232,0.232,0.243,0.243
0.203,-3.314,0.018,0.220,0.220,0.250,0.250
0.203,-3.281,0.018,0.235,0.235,0.244,0.244
0.203,-3.265,0.020,0.211,0.211,0.253,0.253
0.203,-3.265,0.017,0.237,0.237,0.237,0.237
0.200,-3.297,0.008,0.218,0.218,0.252,0.252
0.198,-3.281,0.002,0.229,0.229,0.266,0.266
0.199,-3.265,0.005,0.221,0.221,0.255,0.255
0.205,-3.265,0.023,0.230,0.230,0.244,0.244
0.205,-3.265,0.025,0.215,0.215,0.240,0.240
0.204,-3.281,0.023,0.244,0.244,0.247,0.247
0.204,-3.265,0.021,0.215,0.215,0.258,0.258
0.203,-3.346,0.018,0.230,0.230,0.250,0.250
0.203,-3.558,0.017,0.214,0.214,0.250,0.250
0.203,-3.771,0.020,0.223,0.223,0.250,0.250
0.203,-3.803,0.020,0.221,0.221,0.252,0.252
0.204,-3.787,0.020,0.215,0.215,0.267,0.267
0.203,-3.852,0.016,0.218,0.218,0.249,0.249
0.199,-3.917,0.004,0.215,0.215,0.243,0.243
0.199,-3.673,0.001,0.217,0.217,0.253,0.253
0.200,-3.346,0.007,0.212,0.212,0.247,0.247
0.204,-3.248,0.020,0.214,0.214,0.253,0.253
0.206,-3.297,0.025,0.215,0.215,0.252,0.252
0.204,-3.477,0.019,0.215,0.215,0.262,0.262
0.203,-3.477,0.016,0.218,0.218,0.249,0.249
0.203,-3.265,0.016,0.226,0.226,0.259,0.259
0.202,-3.036,0.014,0.224,0.224,0.259,0.259
0.203,-3.118,0.015,0.244,0.244,0.278,0.278
0.203,-3.477,0.016,0.235,0.235,0.273,0.273
0.203,-3.754,0.015,0.235,0.235,0.276,0.276
0.203,-3.852,0.014,0.229,0.229,0.253,0.253
0.200,-3.803,0.006,0.238,0.238,0.272,0.272
0.200,-3.771,0.003,0.229,0.229,0.276,0.276
0.199,-3.754,0.000,0.237,0.237,0.270,0.270
0.202,-3.787,0.011,0.220,0.220,0.264,0.264
0.205,-3.754,0.024,0.237,0.237,0.269,0.269
0.205,-3.836,0.023,0.217,0.217,0.276,0.276
0.204,-3.983,0.018,0.247,0.247,0.261,0.261
0.203,-3.966,0.015,0.217,0.217,0.264,0.264
0.202,-3.852,0.013,0.229,0.229,0.259,0.259
0.203,-3.722,0.015,0.214,0.214,0.255,0.255
0.203,-3.460,0.016,0.230,0.230,0.250,0.250
0.203,-3.330,0.015,0.209,0.209,0.258,0.258
0.203,-3.297,0.015,0.233,0.233,0.255,0.255
0.201,-3.493,0.007,0.218,0.218,0.258,0.258
0.199,-3.526,0.003,0.238,0.238,0.255,0.255
0.199,-3.656,0.001,0.217,0.217,0.247,0.247
0.204,-3.722,0.019,0.243,0.243,0.250,0.250
0.205,-3.803,0.023,0.218,0.218,0.252,0.252
0.205,-3.787,0.025,0.237,0.237,0.247,0.247
0.203,-3.803,0.018,0.221,0.221,0.252,0.252
0.203,-3.771,0.018,0.243,0.243,0.258,0.258
0.204,-3.722,0.019,0.223,0.223,0.258,0.258
0.203,-3.526,0.016,0.238,0.238,0.258,0.258
0.204,-3.591,0.018,0.230,0.230,0.241,0.241
0.203,-3.722,0.018,0.246,0.246,0.247,0.247
0.203,-3.787,0.015,0.226,0.226,0.262,0.262
0.201,-3.820,0.008,0.250,0.250,0.258,0.258
0.199,-3.722,0.002,0.227,0.227,0.258,0.258
0.198,-3.542,-0.002,0.235,0.235,0.258,0.258
0.202,-3.558,0.011,0.240,0.240,0.259,0.259
0.205,-3.705,0.022,0.235,0.235,0.276,0.276
0.205,-3.787,0.023,0.232,0.232,0.258,0.258
0.203,-3.754,0.016,0.221,0.221,0.244,0.244
0.204,-3.477,0.018,0.230,0.230,0.253,0.253
0.203,-3.297,0.016,0.218,0.218,0.249,0.249
0.203,-3.265,0.014,0.214,0.214,0.250,0.250
0.203,-3.265,0.016,0.209,0.209,0.232,0.232
0.203,-3.363,0.015,0.212,0.212,0.232,0.232
0.204,-3.575,0.018,0.200,0.200,0.232,0.232
0.202,-3.771,0.012,0.209,0.209,0.240,0.240
0.199,-3.754,0.000,0.200,0.200,0.235,0.235
0.198,-3.509,-0.002,0.218,0.218,0.241,0.241
0.198,-3.297,-0.002,0.204,0.204,0.237,0.237
0.204,-3.248,0.018,0.221,0.221,0.237,0.237
0.206,-3.281,0.022,0.209,0.209,0.224,0.224
0.203,-3.281,0.015,0.224,0.224,0.238,0.238
0.204,-3.297,0.016,0.212,0.212,0.255,0.255
0.203,-3.216,0.012,0.235,0.235,0.244,0.244
0.203,-3.020,0.014,0.208,0.208,0.244,0.244
0.203,-2.824,0.013,0.226,0.226,0.238,0.238
0.202,-2.775,0.012,0.209,0.209,0.255,0.255
0.204,-2.791,0.016,0.232,0.232,0.259,0.259
0.202,-2.791,0.011,0.215,0.215,0.255,0.255
0.199,-2.808,0.003,0.233,0.233,0.250,0.250
0.197,-2.873,-0.003,0.221,0.221,0.252,0.252
0.202,-3.101,0.012,0.237,0.237,0.252,0.252
0.205,-3.281,0.020,0.215,0.215,0.282,0.282
0.206,-3.346,0.023,0.230,0.230,0.264,0.264
0.204,-3.297,0.018,0.215,0.215,0.250,0.250
0.203,-3.281,0.013,0.230,0.230,0.253,0.253
0.203,-3.297,0.013,0.214,0.214,0.255,0.255
0.202,-3.265,0.012,0.229,0.229,0.250,0.250
0.203,-3.281,0.014,0.215,0.215,0.256,0.256
0.203,-3.232,0.014,0.218,0.218,0.258,0.258
0.203,-3.004,0.013,0.226,0.226,0.253,0.253
0.202,-2.824,0.011,0.218,0.218,0.255,0.255
0.199,-2.775,0.003,0.215,0.215,0.255,0.255
0.198,-2.808,-0.002,0.204,0.204,0.255,0.255
0.200,-2.808,0.005,0.215,0.215,0.250,0.250
0.204,-2.840,0.016,0.206,0.206,0.247,0.247
0.206,-2.824,0.022,0.212,0.212,0.246,0.246
0.205,-2.808,0.020,0.214,0.214,0.250,0.250
0.203,-2.791,0.014,0.224,0.224,0.255,0.255
0.203,-2.775,0.014,0.217,0.217,0.256,0.256
0.203,-2.824,0.015,0.232,0.232,0.256,0.256
0.202,-2.824,0.012,0.226,0.226,0.275,0.275
0.203,-2.808,0.015,0.241,0.241,0.281,0.281
0.203,-2.824,0.015,0.229,0.229,0.272,0.272
0.204,-2.726,0.015,0.243,0.243,0.276,0.276
0.202,-2.530,0.010,0.230,0.230,0.279,0.279
0.198,-2.302,0.002,0.241,0.241,0.261,0.261
0.198,-2.269,0.002,0.229,0.229,0.270,0.270
0.203,-2.269,0.013,0.246,0.246,0.261,0.261
0.205,-2.302,0.017,0.221,0.221,0.270,0.270
0.205,-2.318,0.018,0.246,0.246,0.269,0.269
0.204,-2.285,0.016,0.220,0.220,0.273,0.273
0.203,-2.351,0.014,0.235,0.235,0.258,0.258
0.204,-2.285,0.014,0.215,0.215,0.261,0.261
0.202,-2.302,0.012,0.240,0.240,0.267,0.267
0.203,-2.285,0.014,0.218,0.218,0.261,0.261
0.203,-2.285,0.014,0.237,0.237,0.256,0.256
0.203,-2.302,0.012,0.217,0.217,0.255,0.255
0.200,-2.302,0.006,0.243,0.243,0.259,0.259
0.199,-2.236,0.003,0.214,0.214,0.256,0.256
0.198,-2.041,0.002,0.243,0.243,0.279,0.279
0.203,-2.057,0.012,0.215,0.215,0.258,0.258
0.205,-1.943,0.016,0.232,0.232,0.244,0.244
0.205,-1.845,0.016,0.221,0.221,0.258,0.258
0.204,-1.796,0.014,0.241,0.241,0.255,0.255
0.203,-1.780,0.011,0.227,0.227,0.255,0.255
0.203,-1.780,0.012,0.240,0.240,0.249,0.249
0.202,-1.796,0.011,0.229,0.229,0.261,0.261
0.203,-1.828,0.012,0.244,0.244,0.256,0.256
0.203,-1.714,0.012,0.227,0.227,0.258,0.258
0.203,-1.535,0.013,0.244,0.244,0.258,0.258
0.201,-1.372,0.010,0.230,0.230,0.256,0.256
0.199,-1.535,0.006,0.241,0.241,0.253,0.253
0.199,-1.780,0.006,0.230,0.230,0.261,0.261
0.201,-1.828,0.010,0.240,0.240,0.262,0.262
0.204,-1.828,0.017,0.244,0.244,0.261,0.261
0.205,-1.763,0.018,0.224,0.224,0.253,0.253
0.204,-1.698,0.016,0.243,0.243,0.261,0.261
0.203,-1.469,0.014,0.227,0.227,0.255,0.255
0.202,-1.274,0.013,0.227,0.227,0.262,0.262
0.203,-1.241,0.015,0.215,0.215,0.247,0.247
0.204,-1.274,0.015,0.215,0.215,0.238,0.238
0.203,-1.290,0.014,0.209,0.209,0.230,0.230
0.203,-1.290,0.014,0.208,0.208,0.233,0.233
0.202,-1.290,0.013,0.209,0.209,0.230,0.230
0.200,-1.274,0.010,0.218,0.218,0.233,0.233
0.199,-1.274,0.009,0.203,0.203,0.220,0.220
0.201,-1.323,0.012,0.217,0.217,0.243,0.243
0.204,-1.274,0.015,0.206,0.206,0.246,0.246
0.205,-1.257,0.017,0.218,0.218,0.246,0.246
0.204,-1.029,0.016,0.203,0.203,0.230,0.230
0.204,-0.817,0.016,0.227,0.227,0.229,0.229
0.202,-0.768,0.014,0.215,0.215,0.243,0.243
0.203,-0.784,0.015,0.230,0.230,0.237,0.237
0.203,-0.817,0.014,0.212,0.212,0.255,0.255
0.203,-0.800,0.015,0.244,0.244,0.252,0.252
0.203,-0.817,0.015,0.217,0.217,0.249,0.249
0.202,-0.768,0.014,0.233,0.233,0.246,0.246
0.199,-0.523,0.012,0.220,0.220,0.253,0.253
0.198,-0.343,0.012,0.240,0.240,0.255,0.255
0.201,-0.278,0.013,0.217,0.217,0.249,0.249
0.205,-0.278,0.014,0.230,0.230,0.258,0.258
0.205,-0.180,0.014,0.224,0.224,0.262,0.262
0.204,0.065,0.014,0.229,0.229,0.252,0.252
0.204,0.048,0.014,0.224,0.224,0.255,0.255
0.203,-0.196,0.014,0.232,0.232,0.273,0.273
0.203,-0.327,0.014,0.233,0.233,0.253,0.253
0.203,-0.196,0.014,0.218,0.218,0.249,0.249
0.203,0.048,0.014,0.221,0.221,0.258,0.258
0.203,0.212,0.014,0.215,0.215,0.252,0.252
0.202,0.179,0.014,0.220,0.220,0.255,0.255
0.200,0.146,0.014,0.215,0.215,0.246,0.246
0.198,0.130,0.015,0.220,0.220,0.249,0.249
0.199,0.163,0.015,0.227,0.227,0.247,0.247
0.204,0.130,0.014,0.215,0.215,0.255,0.255
0.205,0.130,0.014,0.223,0.223,0.253,0.253
0.204,0.163,0.014,0.220,0.220,0.255,0.255
0.203,0.114,0.014,0.211,0.211,0.247,0.247
0.204,0.146,0.014,0.220,0.220,0.253,0.253
0.203,0.114,0.014,0.220,0.220,0.250,0.250
0.202,0.130,0.014,0.230,0.230,0.258,0.258
0.203,0.146,0.014,0.230,0.230,0.262,0.262
0.203,0.146,0.014,0.246,0.246,0.278,0.278
0.203,0.146,0.014,0.233,0.233,0.266,0.266
0.201,0.146,0.014,0.243,0.243,0.270,0.270
0.200,0.130,0.014,0.232,0.232,0.278,0.278
0.199,0.163,0.014,0.244,0.244,0.264,0.264
0.203,0.130,0.014,0.218,0.218,0.259,0.259
0.204,0.212,0.014,0.243,0.243,0.278,0.278
0.205,0.407,0.013,0.221,0.221,0.266,0.266
0.205,0.620,0.014,0.237,0.237,0.270,0.270
0.204,0.652,0.014,0.224,0.224,0.298,0.298
0.203,0.652,0.015,0.237,0.237,0.261,0.261
0.203,0.620,0.015,0.221,0.221,0.262,0.262
0.202,0.603,0.015,0.230,0.230,0.261,0.261
0.203,0.603,0.015,0.220,0.220,0.261,0.261
0.203,0.652,0.015,0.237,0.237,0.256,0.256
0.202,0.603,0.016,0.212,0.212,0.255,0.255
0.199,0.620,0.017,0.243,0.243,0.240,0.240
0.200,0.587,0.017,0.217,0.217,0.256,0.256
0.202,0.620,0.015,0.238,0.238,0.267,0.267
0.205,0.620,0.013,0.214,0.214,0.255,0.255
0.205,0.620,0.013,0.244,0.244,0.243,0.243
0.203,0.636,0.015,0.220,0.220,0.247,0.247
0.203,0.636,0.015,0.241,0.241,0.255,0.255
0.202,0.603,0.015,0.220,0.220,0.262,0.262
0.203,0.620,0.015,0.238,0.238,0.253,0.253
0.203,0.603,0.015,0.212,0.212,0.252,0.252
0.202,0.701,0.015,0.246,0.246,0.252,0.252
0.203,0.913,0.015,0.237,0.237,0.259,0.259
0.201,1.109,0.017,0.243,0.243,0.273,0.273
0.199,1.158,0.020,0.235,0.235,0.258,0.258
0.198,1.142,0.020,0.243,0.243,0.247,0.247
0.202,1.142,0.016,0.237,0.237,0.259,0.259
0.205,1.093,0.012,0.237,0.237,0.258,0.258
0.205,1.142,0.013,0.243,0.243,0.259,0.259
0.204,1.109,0.014,0.230,0.230,0.255,0.255
0.203,1.125,0.014,0.240,0.240,0.253,0.253
0.203,1.076,0.015,0.230,0.230,0.253,0.253
0.202,1.109,0.015,0.233,0.233,0.256,0.256
0.203,1.109,0.014,0.224,0.224,0.246,0.246
0.203,1.076,0.014,0.209,0.209,0.249,0.249
0.204,1.109,0.014,0.212,0.212,0.227,0.227
0.202,1.076,0.016,0.215,0.215,0.237,0.237
0.200,1.125,0.017,0.200,0.200,0.226,0.226
0.199,1.093,0.019,0.212,0.212,0.230,0.230
0.199,1.109,0.019,0.206,0.206,0.233,0.233
0.204,1.109,0.014,0.217,0.217,0.243,0.243
0.205,1.125,0.012,0.206,0.206,0.232,0.232
0.204,1.109,0.013,0.224,0.224,0.262,0.262
0.204,1.191,0.014,0.209,0.209,0.235,0.235
0.203,1.403,0.015,0.230,0.230,0.227,0.227
0.203,1.582,0.015,0.204,0.204,0.238,0.238
0.202,1.631,0.016,0.237,0.237,0.240,0.240
0.203,1.631,0.015,0.212,0.212,0.246,0.246
0.203,1.599,0.015,0.232,0.232,0.246,0.246
0.203,1.533,0.015,0.215,0.215,0.237,0.237
0.201,1.305,0.018,0.240,0.240,0.246,0.246
0.198,1.142,0.021,0.221,0.221,0.256,0.256
0.201,1.011,0.018,0.233,0.233,0.250,0.250
0.204,0.799,0.015,0.229,0.229,0.249,0.249
0.205,0.717,0.015,0.238,0.238,0.246,0.246
0.205,0.897,0.015,0.215,0.215,0.256,0.256
0.203,1.076,0.016,0.233,0.233,0.240,0.240
0.203,1.142,0.016,0.220,0.220,0.258,0.258
0.203,1.109,0.016,0.221,0.221,0.255,0.255
0.203,1.093,0.017,0.220,0.220,0.250,0.250
0.203,1.109,0.016,0.229,0.229,0.249,0.249
0.203,1.158,0.016,0.224,0.224,0.269,0.269
0.201,1.338,0.019,0.224,0.224,0.249,0.249
0.199,1.321,0.022,0.224,0.224,0.247,0.247
0.199,1.256,0.022,0.215,0.215,0.250,0.250
0.204,1.354,0.016,0.214,0.214,0.258,0.258
0.205,1.566,0.014,0.217,0.217,0.252,0.252
0.205,1.648,0.013,0.214,0.214,0.253,0.253
0.204,1.615,0.015,0.215,0.215,0.247,0.247
0.203,1.599,0.017,0.221,0.221,0.249,0.249
0.203,1.599,0.016,0.212,0.212,0.255,0.255
0.203,1.566,0.017,0.226,0.226,0.255,0.255
0.203,1.599,0.017,0.214,0.214,0.255,0.255
0.203,1.533,0.017,0.230,0.230,0.252,0.252
0.203,1.370,0.016,0.221,0.221,0.259,0.259
0.203,1.403,0.017,0.237,0.237,0.267,0.267
0.202,1.484,0.019,0.232,0.232,0.267,0.267
0.199,1.338,0.022,0.230,0.230,0.281,0.281
0.198,1.174,0.023,0.232,0.232,0.275,0.275
0.202,1.093,0.019,0.246,0.246,0.270,0.270
0.204,1.076,0.017,0.227,0.227,0.290,0.290
0.205,1.109,0.016,0.240,0.240,0.278,0.278
0.203,1.093,0.018,0.218,0.218,0.264,0.264
0.203,1.109,0.018,0.232,0.232,0.278,0.278
0.203,1.158,0.018,0.221,0.221,0.273,0.273
0.203,1.370,0.018,0.224,0.224,0.267,0.267
0.202,1.566,0.019,0.218,0.218,0.267,0.267
0.203,1.615,0.018,0.240,0.240,0.237,0.237
0.203,1.599,0.019,0.211,0.211,0.262,0.262
0.202,1.582,0.019,0.240,0.240,0.264,0.264
0.199,1.582,0.024,0.215,0.215,0.253,0.253
0.199,1.599,0.024,0.235,0.235,0.250,0.250
0.200,1.566,0.023,0.212,0.212,0.252,0.252
0.204,1.338,0.017,0.237,0.237,0.255,0.255
0.205,1.142,0.016,0.217,0.217,0.247,0.247
0.203,1.060,0.018,0.237,0.237,0.250,0.250
0.203,1.125,0.018,0.223,0.223,0.264,0.264
0.203,1.387,0.019,0.243,0.243,0.255,0.255
0.203,1.582,0.018,0.224,0.224,0.255,0.255
0.203,1.582,0.018,0.241,0.241,0.269,0.269
0.203,1.338,0.018,0.223,0.223,0.255,0.255
0.203,1.125,0.018,0.238,0.238,0.249,0.249
0.203,1.060,0.019,0.221,0.221,0.261,0.261
0.201,1.076,0.021,0.246,0.246,0.259,0.259
0.198,1.093,0.023,0.237,0.237,0.258,0.258
0.201,1.093,0.020,0.238,0.238,0.250,0.250
0.203,1.174,0.018,0.235,0.235,0.249,0.249
0.204,1.387,0.016,0.252,0.252,0.258,0.258
0.205,1.533,0.015,0.237,0.237,0.261,0.261
0.204,1.370,0.017,0.243,0.243,0.253,0.253
0.203,1.223,0.018,0.235,0.235,0.258,0.258
0.202,1.289,0.019,0.230,0.230,0.240,0.240
0.203,1.240,0.018,0.221,0.221,0.253,0.253
0.203,1.142,0.019,0.226,0.226,0.255,0.255
0.203,1.109,0.018,0.215,0.215,0.238,0.238
0.202,1.060,0.019,0.206,0.206,0.233,0.233
0.202,1.109,0.020,0.220,0.220,0.233,0.233
0.199,1.109,0.023,0.206,0.206,0.230,0.230
0.198,1.109,0.023,0.220,0.220,0.258,0.258
0.201,1.125,0.021,0.197,0.197,0.238,0.238
0.203,1.109,0.018,0.220,0.220,0.233,0.233
0.205,1.044,0.016,0.200,0.200,0.230,0.230
0.205,0.881,0.016,0.227,0.227,0.238,0.238
0.203,0.864,0.017,0.203,0.203,0.237,0.237
0.203,0.783,0.018,0.232,0.232,0.233,0.233
0.203,0.652,0.018,0.212,0.212,0.235,0.235
0.203,0.620,0.017,0.230,0.230,0.241,0.241
0.203,0.636,0.018,0.218,0.218,0.253,0.253
0.202,0.913,0.018,0.240,0.240,0.244,0.244
0.203,1.044,0.017,0.218,0.218,0.252,0.252
0.201,0.881,0.020,0.229,0.229,0.247,0.247
0.199,0.815,0.021,0.217,0.217,0.253,0.253
0.199,1.044,0.021,0.235,0.235,0.238,0.238
0.203,0.979,0.017,0.218,0.218,0.255,0.255
0.205,0.734,0.016,0.240,0.240,0.262,0.262
0.203,0.603,0.017,0.223,0.223,0.252,0.252
0.204,0.636,0.016,0.240,0.240,0.233,0.233
0.202,0.897,0.018,0.218,0.218,0.249,0.249
0.203,1.044,0.016,0.235,0.235,0.255,0.255
0.203,0.864,0.017,0.224,0.224,0.264,0.264
0.203,0.668,0.017,0.221,0.221,0.253,0.253
0.203,0.652,0.017,0.212,0.212,0.252,0.252
0.202,0.815,0.017,0.221,0.221,0.252,0.252
0.201,0.783,0.018,0.220,0.220,0.255,0.255
0.199,0.701,0.020,0.215,0.215,0.258,0.258
0.199,0.538,0.020,0.223,0.223,0.250,0.250
0.203,0.375,0.018,0.214,0.214,0.249,0.249
0.205,0.375,0.017,0.214,0.214,0.252,0.252
0.204,0.293,0.018,0.212,0.212,0.253,0.253
0.203,0.228,0.018,0.218,0.218,0.255,0.255
0.203,0.375,0.018,0.203,0.203,0.255,0.255
0.202,0.587,0.018,0.230,0.230,0.270,0.270
0.203,0.668,0.018,0.212,0.212,0.249,0.249
0.203,0.652,0.018,0.230,0.230,0.255,0.255
0.203,0.636,0.018,0.227,0.227,0.262,0.262
0.203,0.620,0.018,0.244,0.244,0.281,0.281
0.202,0.554,0.018,0.233,0.233,0.279,0.279
0.199,0.407,0.020,0.240,0.240,0.279,0.279
0.200,0.407,0.019,0.230,0.230,0.259,0.259
0.203,0.587,0.018,0.240,0.240,0.273,0.273
0.204,0.554,0.017,0.218,0.218,0.275,0.275
0.204,0.358,0.017,0.241,0.241,0.275,0.275
0.204,0.195,0.017,0.224,0.224,0.266,0.266
0.203,0.081,0.017,0.232,0.232,0.275,0.275
0.202,0.097,0.017,0.218,0.218,0.272,0.272
0.203,0.130,0.017,0.244,0.244,0.250,0.250
0.203,0.146,0.017,0.218,0.218,0.261,0.261
0.203,0.130,0.017,0.249,0.249,0.267,0.267
0.204,0.146,0.017,0.218,0.218,0.258,0.258
0.202,0.130,0.018,0.241,0.241,0.253,0.253
0.200,0.114,0.018,0.215,0.215,0.250,0.250
0.198,0.097,0.018,0.246,0.246,0.258,0.258
0.203,0.179,0.017,0.223,0.223,0.261,0.261
0.205,0.375,0.017,0.238,0.238,0.252,0.252
0.205,0.554,0.017,0.224,0.224,0.259,0.259
0.205,0.375,0.017,0.241,0.241,0.255,0.255
0.203,0.179,0.017,0.226,0.226,0.253,0.253
0.203,0.081,0.017,0.238,0.238,0.264,0.264
0.203,0.114,0.017,0.221,0.221,0.259,0.259
0.203,0.146,0.017,0.235,0.235,0.253,0.253
0.202,0.114,0.017,0.223,0.223,0.247,0.247
0.203,0.130,0.017,0.246,0.246,0.253,0.253
0.201,-0.033,0.017,0.232,0.232,0.255,0.255
0.199,-0.229,0.017,0.241,0.241,0.253,0.253
0.198,-0.360,0.017,0.232,0.232,0.276,0.276
0.203,-0.360,0.018,0.241,0.241,0.258,0.258
0.205,-0.213,0.019,0.238,0.238,0.250,0.250
0.204,0.097,0.019,0.227,0.227,0.258,0.258
0.204,0.163,0.019,0.238,0.238,0.256,0.256
0.203,0.163,0.019,0.235,0.235,0.255,0.255
0.203,0.114,0.019,0.229,0.229,0.255,0.255
0.203,0.097,0.019,0.226,0.226,0.250,0.250
0.203,0.130,0.019,0.232,0.232,0.252,0.252
0.202,0.130,0.019,0.220,0.220,0.253,0.253
0.203,0.163,0.019,0.224,0.224,0.246,0.246
0.202,-0.017,0.019,0.206,0.206,0.229,0.229
0.200,-0.262,0.019,0.218,0.218,0.229,0.229
0.198,-0.376,0.018,0.195,0.195,0.230,0.230
0.201,-0.392,0.019,0.218,0.218,0.217,0.217
0.203,-0.621,0.021,0.200,0.200,0.235,0.235
0.204,-0.768,0.021,0.220,0.220,0.246,0.246
0.204,-0.866,0.021,0.198,0.198,0.233,0.233
0.204,-0.833,0.021,0.230,0.230,0.237,0.237
0.202,-0.833,0.020,0.218,0.218,0.252,0.252
0.202,-0.817,0.020,0.229,0.229,0.230,0.230
0.203,-0.751,0.020,0.212,0.212,0.235,0.235
0.203,-0.556,0.020,0.235,0.235,0.240,0.240
0.203,-0.294,0.020,0.215,0.215,0.240,0.240
0.203,-0.294,0.020,0.232,0.232,0.237,0.237
0.201,-0.360,0.020,0.221,0.221,0.252,0.252
0.200,-0.621,0.019,0.233,0.233,0.230,0.230
0.199,-0.833,0.018,0.220,0.220,0.247,0.247
0.202,-0.866,0.020,0.240,0.240,0.249,0.249
0.205,-0.849,0.023,0.226,0.226,0.247,0.247
0.205,-0.800,0.023,0.240,0.240,0.247,0.247
0.204,-0.817,0.022,0.220,0.220,0.243,0.243
0.203,-0.817,0.021,0.238,0.238,0.244,0.244
0.202,-0.833,0.021,0.221,0.221,0.258,0.258
0.203,-0.784,0.021,0.227,0.227,0.252,0.252
0.203,-0.588,0.021,0.221,0.221,0.249,0.249
0.202,-0.637,0.021,0.226,0.226,0.249,0.249
0.203,-0.784,0.021,0.230,0.230,0.253,0.253
0.201,-0.800,0.020,0.218,0.218,0.253,0.253
0.200,-0.588,0.019,0.232,0.232,0.252,0.252
0.198,-0.360,0.018,0.215,0.215,0.249,0.249
0.201,-0.343,0.019,0.212,0.212,0.250,0.250
0.204,-0.556,0.021,0.215,0.215,0.250,0.250
0.204,-0.490,0.021,0.218,0.218,0.243,0.243
0.203,-0.458,0.020,0.200,0.200,0.243,0.243
0.203,-0.556,0.020,0.223,0.223,0.256,0.256
0.202,-0.539,0.020,0.211,0.211,0.250,0.250
0.203,-0.653,0.020,0.226,0.226,0.249,0.249
0.203,-0.751,0.020,0.215,0.215,0.255,0.255
0.203,-0.898,0.020,0.235,0.235,0.261,0.261
0.204,-1.110,0.021,0.226,0.226,0.258,0.258
0.202,-1.306,0.018,0.240,0.240,0.275,0.275
0.200,-1.339,0.016,0.229,0.229,0.246,0.246
0.199,-1.372,0.014,0.246,0.246,0.270,0.270
0.202,-1.290,0.019,0.229,0.229,0.282,0.282
0.204,-1.241,0.021,0.252,0.252,0.270,0.270
0.205,-1.029,0.022,0.229,0.229,0.264,0.264
0.204,-0.849,0.021,0.249,0.249,0.269,0.269
0.203,-0.768,0.021,0.224,0.224,0.259,0.259
0.203,-0.833,0.021,0.244,0.244,0.259,0.259
0.203,-0.751,0.021,0.223,0.223,0.267,0.267
0.202,-0.621,0.020,0.233,0.233,0.262,0.262
0.203,-0.604,0.021,0.221,0.221,0.269,0.269
0.203,-0.784,0.020,0.238,0.238,0.259,0.259
0.203,-0.817,0.020,0.218,0.218,0.282,0.282
0.201,-0.833,0.019,0.243,0.243,0.259,0.259
0.199,-0.849,0.018,0.227,0.227,0.249,0.249
0.200,-0.817,0.018,0.238,0.238,0.253,0.253
0.204,-0.915,0.022,0.221,0.221,0.255,0.255
0.205,-1.143,0.022,0.237,0.237,0.255,0.255
0.204,-1.323,0.022,0.220,0.220,0.255,0.255
0.204,-1.388,0.021,0.227,0.227,0.255,0.255
0.202,-1.372,0.019,0.227,0.227,0.259,0.259
0.203,-1.274,0.020,0.232,0.232,0.253,0.253
0.203,-1.045,0.020,0.226,0.226,0.252,0.252
0.204,-0.849,0.020,0.240,0.240,0.252,0.252
0.203,-0.817,0.020,0.232,0.232,0.258,0.258
0.203,-0.849,0.020,0.237,0.237,0.256,0.256
0.201,-0.882,0.018,0.227,0.227,0.249,0.249
0.199,-0.768,0.017,0.240,0.240,0.253,0.253
0.199,-0.539,0.017,0.230,0.230,0.258,0.258
0.204,-0.343,0.019,0.226,0.226,0.255,0.255
0.204,-0.343,0.019,0.240,0.240,0.258,0.258
0.204,-0.572,0.019,0.229,0.229,0.267,0.267
0.204,-0.866,0.019,0.243,0.243,0.261,0.261
0.202,-1.176,0.017,0.224,0.224,0.249,0.249
0.204,-1.306,0.019,0.244,0.244,0.259,0.259
0.203,-1.339,0.018,0.220,0.220,0.258,0.258
0.203,-1.339,0.018,0.224,0.224,0.247,0.247
0.203,-1.306,0.017,0.209,0.209,0.244,0.244
0.203,-1.323,0.018,0.220,0.220,0.238,0.238
0.202,-1.257,0.017,0.197,0.197,0.230,0.230
0.200,-1.061,0.014,0.217,0.217,0.250,0.250
0.199,-0.849,0.013,0.203,0.203,0.235,0.235
0.200,-0.768,0.014,0.223,0.223,0.227,0.227
0.202,-0.817,0.016,0.204,0.204,0.226,0.226
0.205,-0.817,0.018,0.227,0.227,0.241,0.241
0.205,-0.898,0.018,0.215,0.215,0.230,0.230
0.203,-1.110,0.017,0.227,0.227,0.238,0.238
0.202,-1.257,0.015,0.209,0.209,0.229,0.229
0.203,-1.078,0.016,0.232,0.232,0.233,0.233
0.203,-0.882,0.016,0.218,0.218,0.244,0.244
0.203,-0.784,0.016,0.230,0.230,0.266,0.266
0.203,-0.784,0.016,0.217,0.217,0.243,0.243
0.202,-0.817,0.016,0.230,0.230,0.241,0.241
0.201,-0.833,0.014,0.224,0.224,0.255,0.255
0.200,-0.833,0.013,0.226,0.226,0.252,0.252
0.201,-0.866,0.014,0.229,0.229,0.255,0.255
0.200,-1.110,0.014,0.224,0.224,0.252,0.252
0.205,-1.208,0.019,0.217,0.217,0.227,0.227
0.205,-1.078,0.019,0.226,0.226,0.252,0.252
0.203,-0.915,0.017,0.223,0.223,0.264,0.264
0.203,-1.078,0.017,0.221,0.221,0.240,0.240
0.202,-1.192,0.016,0.230,0.230,0.252,0.252
0.203,-1.061,0.017,0.218,0.218,0.241,0.241
0.203,-0.882,0.017,0.229,0.229,0.258,0.258
0.203,-0.817,0.017,0.206,0.206,0.259,0.259
0.203,-0.784,0.017,0.226,0.226,0.252,0.252
0.201,-0.833,0.016,0.208,0.208,0.246,0.246
0.199,-0.833,0.014,0.220,0.220,0.247,0.247
0.200,-0.817,0.014,0.206,0.206,0.247,0.247
0.203,-0.817,0.017,0.226,0.226,0.256,0.256
0.205,-0.849,0.019,0.206,0.206,0.253,0.253
0.204,-0.833,0.018,0.221,0.221,0.246,0.246
0.204,-0.833,0.018,0.209,0.209,0.249,0.249
0.203,-0.817,0.017,0.224,0.224,0.247,0.247
0.203,-0.833,0.017,0.200,0.200,0.252,0.252
0.202,-0.817,0.017,0.233,0.233,0.252,0.252
0.202,-0.817,0.017,0.215,0.215,0.250,0.250
0.203,-0.751,0.017,0.237,0.237,0.258,0.258
0.203,-0.556,0.017,0.224,0.224,0.264,0.264
0.202,-0.311,0.017,0.250,0.250,0.276,0.276
0.201,-0.262,0.016,0.233,0.233,0.270,0.270
0.199,-0.262,0.016,0.252,0.252,0.267,0.267
0.199,-0.311,0.016,0.232,0.232,0.273,0.273
0.203,-0.311,0.017,0.249,0.249,0.256,0.256
0.204,-0.311,0.018,0.229,0.229,0.264,0.264
0.205,-0.294,0.018,0.250,0.250,0.279,0.279
0.204,-0.294,0.018,0.229,0.229,0.270,0.270
0.203,-0.327,0.017,0.241,0.241,0.272,0.272
0.202,-0.294,0.017,0.238,0.238,0.272,0.272
0.203,-0.327,0.017,0.240,0.240,0.262,0.262
0.203,-0.343,0.017,0.233,0.233,0.266,0.266
0.202,-0.327,0.017,0.233,0.233,0.261,0.261
0.204,-0.294,0.017,0.221,0.221,0.259,0.259
0.201,-0.294,0.017,0.230,0.230,0.258,0.258
0.200,-0.294,0.016,0.221,0.221,0.266,0.266
0.199,-0.327,0.016,0.230,0.230,0.285,0.285
0.203,-0.294,0.017,0.229,0.229,0.256,0.256
0.204,-0.327,0.018,0.224,0.224,0.240,0.240
0.206,-0.294,0.018,0.229,0.229,0.255,0.255
0.204,-0.311,0.018,0.229,0.229,0.256,0.256
0.202,-0.360,0.017,0.230,0.230,0.256,0.256
0.203,-0.621,0.017,0.214,0.214,0.253,0.253
0.202,-0.800,0.017,0.233,0.233,0.262,0.262
0.203,-0.784,0.017,0.221,0.221,0.250,0.250
0.203,-0.539,0.017,0.227,0.227,0.255,0.255
0.203,-0.376,0.017,0.227,0.227,0.256,0.256
0.201,-0.490,0.016,0.235,0.235,0.256,0.256
0.199,-0.507,0.015,0.226,0.226,0.253,0.253
0.200,-0.360,0.016,0.244,0.244,0.258,0.258
0.204,-0.294,0.017,0.224,0.224,0.253,0.253
0.205,-0.278,0.017,0.243,0.243,0.259,0.259
0.203,-0.278,0.017,0.221,0.221,0.255,0.255
0.203,-0.294,0.017,0.244,0.244,0.249,0.249
0.203,-0.294,0.017,0.227,0.227,0.250,0.250
0.203,-0.294,0.017,0.243,0.243,0.238,0.238
0.204,-0.278,0.017,0.220,0.220,0.255,0.255
0.202,-0.294,0.017,0.237,0.237,0.256,0.256
0.203,-0.327,0.017,0.218,0.218,0.249,0.249
0.203,-0.311,0.017,0.221,0.221,0.241,0.241
0.203,-0.327,0.017,0.215,0.215,0.235,0.235
0.199,-0.327,0.016,0.224,0.224,0.223,0.223
0.200,-0.327,0.016,0.200,0.200,0.240,0.240
0.199,-0.294,0.016,0.224,0.224,0.230,0.230
0.204,-0.311,0.017,0.211,0.211,0.235,0.235
0.204,-0.327,0.017,0.218,0.218,0.244,0.244
0.205,-0.311,0.017,0.209,0.209,0.237,0.237
0.203,-0.294,0.017,0.227,0.227,0.237,0.237
0.204,-0.311,0.017,0.218,0.218,0.233,0.233
0.203,-0.311,0.017,0.229,0.229,0.256,0.256
0.204,-0.311,0.017,0.221,0.221,0.246,0.246
0.203,-0.164,0.017,0.229,0.229,0.238,0.238
0.203,0.065,0.017,0.229,0.229,0.250,0.250
0.203,0.212,0.017,0.214,0.214,0.246,0.246
0.200,0.032,0.017,0.230,0.230,0.250,0.250
0.200,-0.213,0.017,0.218,0.218,0.252,0.252
0.199,-0.343,0.017,0.232,0.232,0.247,0.247
0.202,-0.327,0.018,0.208,0.208,0.250,0.250
0.205,-0.196,0.019,0.237,0.237,0.259,0.259
0.204,0.081,0.019,0.215,0.215,0.258,0.258
0.203,-0.001,0.019,0.224,0.224,0.258,0.258
0.203,-0.213,0.019,0.214,0.214,0.253,0.253
0.202,-0.360,0.018,0.230,0.230,0.249,0.249
0.203,-0.343,0.019,0.209,0.209,0.246,0.246
0.203,-0.196,0.019,0.229,0.229,0.252,0.252
0.203,0.048,0.019,0.206,0.206,0.252,0.252
0.202,0.195,0.019,0.232,0.232,0.252,0.252
0.200,0.163,0.019,0.208,0.208,0.255,0.255
0.199,0.146,0.019,0.227,0.227,0.240,0.240
0.201,0.130,0.019,0.218,0.218,0.250,0.250
0.204,0.130,0.018,0.223,0.223,0.255,0.255
0.205,0.114,0.018,0.215,0.215,0.250,0.250
0.204,0.114,0.018,0.220,0.220,0.246,0.246
0.203,0.146,0.019,0.208,0.208,0.249,0.249
0.203,0.146,0.019,0.230,0.230,0.249,0.249
0.202,0.114,0.019,0.217,0.217,0.275,0.275
0.203,0.130,0.019,0.237,0.237,0.253,0.253
0.203,0.163,0.019,0.215,0.215,0.246,0.246
0.203,-0.001,0.019,0.249,0.249,0.253,0.253
0.202,-0.245,0.019,0.230,0.230,0.258,0.258
0.202,-0.327,0.019,0.240,0.240,0.273,0.273
0.200,-0.213,0.018,0.237,0.237,0.273,0.273
0.199,0.032,0.018,0.250,0.250,0.249,0.249
0.200,0.179,0.018,0.233,0.233,0.275,0.275
0.204,0.179,0.017,0.246,0.246,0.279,0.279
0.205,0.130,0.017,0.237,0.237,0.270,0.270
0.204,0.163,0.017,0.240,0.240,0.270,0.270
0.204,0.407,0.017,0.237,0.237,0.262,0.262
0.202,0.522,0.018,0.237,0.237,0.264,0.264
0.203,0.375,0.018,0.235,0.235,0.269,0.269
0.203,0.195,0.018,0.226,0.226,0.269,0.269
0.203,0.097,0.018,0.235,0.235,0.270,0.270
0.203,0.097,0.018,0.223,0.223,0.258,0.258
0.203,0.130,0.018,0.230,0.230,0.259,0.259
0.201,-0.017,0.018,0.229,0.229,0.278,0.278
0.199,-0.082,0.017,0.233,0.233,0.253,0.253
0.200,0.032,0.018,0.221,0.221,0.246,0.246
0.204,0.130,0.017,0.233,0.233,0.255,0.255
0.205,0.146,0.017,0.220,0.220,0.255,0.255
0.204,0.146,0.017,0.232,0.232,0.256,0.256
0.203,0.146,0.017,0.212,0.212,0.252,0.252
0.203,0.130,0.017,0.235,0.235,0.244,0.244
0.202,0.212,0.018,0.218,0.218,0.253,0.253
0.203,0.407,0.017,0.227,0.227,0.253,0.253
0.202,0.554,0.017,0.220,0.220,0.256,0.256
0.203,0.424,0.017,0.243,0.243,0.259,0.259
0.202,0.179,0.018,0.224,0.224,0.258,0.258
0.200,0.114,0.018,0.238,0.238,0.250,0.250
0.199,0.163,0.018,0.221,0.221,0.247,0.247
0.200,0.375,0.018,0.243,0.243,0.252,0.252
0.203,0.440,0.016,0.218,0.218,0.259,0.259
0.205,0.620,0.016,0.252,0.252,0.255,0.255
0.204,0.489,0.016,0.227,0.227,0.256,0.256
0.203,0.260,0.016,0.246,0.246,0.238,0.238
0.203,0.065,0.016,0.235,0.235,0.256,0.256
0.203,0.114,0.016,0.250,0.250,0.261,0.261
0.203,0.163,0.016,0.227,0.227,0.253,0.253
0.203,0.163,0.016,0.227,0.227,0.247,0.247
0.203,0.114,0.016,0.223,0.223,0.250,0.250
0.203,0.130,0.016,0.227,0.227,0.246,0.246
0.202,0.195,0.017,0.211,0.211,0.261,0.261
0.200,0.424,0.017,0.221,0.221,0.230,0.230
0.199,0.603,0.018,0.215,0.215,0.224,0.224
0.200,0.636,0.017,0.224,0.224,0.224,0.224
0.204,0.587,0.015,0.211,0.211,0.233,0.233
0.205,0.358,0.014,0.221,0.221,0.237,0.237
0.205,0.146,0.014,0.220,0.220,0.237,0.237
0.204,0.114,0.014,0.215,0.215,0.235,0.235
0.203,0.114,0.014,0.214,0.214,0.238,0.238
0.202,0.195,0.015,0.217,0.217,0.243,0.243
0.203,0.424,0.014,0.221,0.221,0.241,0.241
0.202,0.636,0.015,0.214,0.214,0.246,0.246
0.203,0.620,0.014,0.230,0.230,0.244,0.244
0.203,0.375,0.014,0.211,0.211,0.246,0.246
0.202,0.146,0.015,0.229,0.229,0.233,0.233
0.199,0.097,0.015,0.208,0.208,0.253,0.253
0.200,0.114,0.015,0.246,0.246,0.253,0.253
0.203,0.146,0.014,0.209,0.209,0.246,0.246
0.204,0.130,0.014,0.224,0.224,0.243,0.243
0.206,0.130,0.014,0.215,0.215,0.252,0.252
0.204,0.195,0.014,0.235,0.235,0.255,0.255
0.203,0.424,0.015,0.212,0.212,0.252,0.252
0.202,0.603,0.015,0.232,0.232,0.247,0.247
0.203,0.620,0.015,0.223,0.223,0.255,0.255
0.203,0.375,0.015,0.232,0.232,0.252,0.252
0.203,0.163,0.015,0.215,0.215,0.256,0.256
0.203,0.081,0.015,0.237,0.237,0.267,0.267
0.200,0.179,0.015,0.215,0.215,0.249,0.249
0.198,0.440,0.016,0.227,0.227,0.243,0.243
0.201,0.587,0.014,0.214,0.214,0.247,0.247
0.203,0.473,0.013,0.230,0.230,0.255,0.255
0.204,0.456,0.013,0.212,0.212,0.246,0.246
0.205,0.587,0.012,0.229,0.229,0.240,0.240
0.203,0.636,0.013,0.215,0.215,0.259,0.259
0.203,0.636,0.014,0.227,0.227,0.249,0.249
0.202,0.636,0.014,0.212,0.212,0.252,0.252
0.203,0.636,0.013,0.229,0.229,0.252,0.252
0.202,0.571,0.014,0.221,0.221,0.255,0.255
0.202,0.358,0.014,0.235,0.235,0.258,0.258
0.203,0.228,0.014,0.233,0.233,0.264,0.264
0.202,0.391,0.014,0.240,0.240,0.252,0.252
0.201,0.554,0.015,0.241,0.241,0.273,0.273
0.199,0.391,0.016,0.229,0.229,0.284,0.284
0.200,0.228,0.015,0.247,0.247,0.276,0.276
0.203,0.130,0.015,0.238,0.238,0.267,0.267
0.204,-0.066,0.015,0.233,0.233,0.275,0.275
0.205,-0.245,0.015,0.230,0.230,0.270,0.270
0.204,-0.360,0.015,0.237,0.237,0.261,0.261
0.202,-0.311,0.014,0.221,0.221,0.262,0.262
0.203,-0.327,0.014,0.237,0.237,0.275,0.275
0.203,-0.311,0.014,0.226,0.226,0.267,0.267
0.203,-0.311,0.014,0.230,0.230,0.267,0.267
0.203,-0.196,0.014,0.218,0.218,0.256,0.256
0.203,0.065,0.014,0.227,0.227,0.261,0.261
0.201,0.163,0.014,0.220,0.220,0.269,0.269
0.200,0.163,0.015,0.227,0.227,0.256,0.256
0.200,0.130,0.015,0.218,0.218,0.253,0.253
0.203,0.163,0.014,0.232,0.232,0.250,0.250
0.204,0.424,0.014,0.212,0.212,0.256,0.256
0.205,0.587,0.013,0.238,0.238,0.250,0.250
0.204,0.603,0.014,0.215,0.215,0.255,0.255
0.204,0.358,0.014,0.238,0.238,0.252,0.252
0.202,0.163,0.015,0.214,0.214,0.249,0.249
0.203,0.097,0.014,0.241,0.241,0.252,0.252
0.203,0.114,0.014,0.227,0.227,0.272,0.272
0.203,0.130,0.014,0.235,0.235,0.252,0.252
0.202,0.146,0.014,0.223,0.223,0.253,0.253
0.201,0.163,0.015,0.250,0.250,0.255,0.255
0.199,0.114,0.015,0.227,0.227,0.258,0.258
0.199,0.163,0.015,0.243,0.243,0.253,0.253
0.204,0.146,0.014,0.237,0.237,0.255,0.255
0.204,0.114,0.014,0.243,0.243,0.252,0.252
0.205,0.163,0.014,0.227,0.227,0.259,0.259
0.205,0.146,0.014,0.255,0.255,0.252,0.252
0.204,0.163,0.014,0.233,0.233,0.261,0.261
0.202,0.130,0.015,0.237,0.237,0.259,0.259
0.203,0.146,0.014,0.230,0.230,0.249,0.249
0.203,0.097,0.014,0.230,0.230,0.249,0.249
0.203,0.114,0.014,0.226,0.226,0.247,0.247
0.203,0.146,0.014,0.221,0.221,0.249,0.249
0.203,0.146,0.014,0.215,0.215,0.241,0.241
0.201,0.130,0.015,0.211,0.211,0.240,0.240
0.200,0.130,0.015,0.212,0.212,0.241,0.241
0.199,0.146,0.015,0.200,0.200,0.221,0.221
0.200,0.130,0.015,0.215,0.215,0.241,0.241
0.205,0.163,0.014,0.206,0.206,0.256,0.256
0.205,0.130,0.014,0.214,0.214,0.237,0.237
0.203,0.146,0.014,0.203,0.203,0.235,0.235
0.203,0.114,0.014,0.226,0.226,0.240,0.240
0.203,0.146,0.014,0.209,0.209,0.243,0.243
0.203,0.114,0.014,0.232,0.232,0.235,0.235
0.202,0.163,0.014,0.212,0.212,0.241,0.241
0.203,-0.001,0.014,0.224,0.224,0.244,0.244
0.203,-0.115,0.014,0.209,0.209,0.252,0.252
0.202,0.032,0.014,0.244,0.244,0.249,0.249
0.200,0.130,0.014,0.215,0.215,0.273,0.273
0.200,0.179,0.015,0.237,0.237,0.252,0.252
0.200,0.146,0.015,0.217,0.217,0.252,0.252
0.202,0.130,0.014,0.240,0.240,0.249,0.249
0.205,0.163,0.014,0.223,0.223,0.255,0.255
0.204,0.097,0.014,0.229,0.229,0.250,0.250
0.203,0.146,0.014,0.223,0.223,0.273,0.273
0.203,0.146,0.014,0.229,0.229,0.240,0.240
0.202,0.146,0.014,0.223,0.223,0.261,0.261
0.203,0.130,0.014,0.226,0.226,0.259,0.259
0.203,0.163,0.014,0.224,0.224,0.256,0.256
0.203,-0.033,0.014,0.224,0.224,0.253,0.253
0.202,-0.262,0.014,0.214,0.214,0.240,0.240
0.199,-0.360,0.013,0.230,0.230,0.249,0.249
0.199,-0.360,0.013,0.223,0.223,0.259,0.259
0.200,-0.343,0.013,0.212,0.212,0.250,0.250
0.203,-0.164,0.014,0.215,0.215,0.250,0.250
0.204,0.065,0.014,0.208,0.208,0.249,0.249
0.205,0.228,0.014,0.221,0.221,0.253,0.253
0.203,-0.001,0.014,0.203,0.203,0.267,0.267
0.203,-0.180,0.014,0.220,0.220,0.252,0.252
0.202,-0.327,0.014,0.215,0.215,0.246,0.246
0.203,-0.343,0.014,0.224,0.224,0.253,0.253
0.202,-0.311,0.014,0.218,0.218,0.262,0.262
0.203,-0.327,0.014,0.241,0.241,0.261,0.261
0.203,-0.294,0.015,0.227,0.227,0.275,0.275
0.202,-0.327,0.014,0.244,0.244,0.250,0.250
0.200,-0.311,0.014,0.226,0.226,0.272,0.272
0.199,-0.327,0.013,0.249,0.249,0.282,0.282
0.201,-0.327,0.014,0.226,0.226,0.272,0.272
0.203,-0.294,0.014,0.247,0.247,0.264,0.264
0.205,-0.294,0.015,0.230,0.230,0.284,0.284
0.204,-0.376,0.015,0.238,0.238,0.267,0.267
0.204,-0.621,0.015,0.232,0.232,0.259,0.259
0.203,-0.800,0.014,0.243,0.243,0.270,0.270
0.203,-0.800,0.014,0.217,0.217,0.270,0.270
0.202,-0.507,0.013,0.241,0.241,0.259,0.259
0.203,-0.327,0.014,0.218,0.218,0.261,0.261
0.203,-0.213,0.014,0.237,0.237,0.266,0.266
0.203,-0.229,0.014,0.218,0.218,0.261,0.261
0.201,-0.327,0.013,0.247,0.247,0.259,0.259
0.199,-0.343,0.013,0.220,0.220,0.253,0.253
0.198,-0.360,0.012,0.243,0.243,0.252,0.252
0.203,-0.311,0.014,0.220,0.220,0.240,0.240
0.204,-0.311,0.014,0.235,0.235,0.255,0.255
0.205,-0.327,0.014,0.217,0.217,0.229,0.229
0.204,-0.327,0.014,0.238,0.238,0.255,0.255
0.203,-0.376,0.014,0.223,0.223,0.261,0.261
0.203,-0.621,0.014,0.238,0.238,0.252,0.252
0.204,-0.735,0.014,0.227,0.227,0.261,0.261
0.203,-0.637,0.014,0.240,0.240,0.246,0.246
0.203,-0.653,0.014,0.240,0.240,0.255,0.255
0.203,-0.751,0.014,0.230,0.230,0.258,0.258
0.201,-0.849,0.012,0.237,0.237,0.259,0.259
0.200,-0.817,0.011,0.218,0.218,0.259,0.259
0.199,-0.588,0.011,0.232,0.232,0.261,0.261
0.203,-0.621,0.013,0.237,0.237,0.255,0.255
0.204,-0.751,0.014,0.238,0.238,0.272,0.272
0.205,-0.784,0.014,0.233,0.233,0.253,0.253
0.203,-0.523,0.013,0.230,0.230,0.250,0.250
0.203,-0.392,0.013,0.235,0.235,0.256,0.256
0.203,-0.490,0.013,0.237,0.237,0.250,0.250
0.203,-0.474,0.013,0.215,0.215,0.252,0.252
0.202,-0.376,0.013,0.232,0.232,0.249,0.249
0.203,-0.294,0.013,0.208,0.208,0.237,0.237
0.202,-0.294,0.013,0.218,0.218,0.232,0.232
0.203,-0.294,0.013,0.197,0.197,0.246,0.246
0.201,-0.392,0.012,0.220,0.220,0.232,0.232
0.200,-0.621,0.012,0.204,0.204,0.235,0.235
0.198,-0.849,0.011,0.226,0.226,0.227,0.227
0.201,-0.882,0.013,0.208,0.208,0.244,0.244
0.205,-0.882,0.016,0.237,0.237,0.227,0.227
0.204,-0.800,0.016,0.209,0.209,0.232,0.232
0.204,-0.849,0.015,0.221,0.221,0.243,0.243
0.204,-0.784,0.015,0.215,0.215,0.237,0.237
0.203,-0.523,0.015,0.230,0.230,0.246,0.246
0.203,-0.327,0.015,0.218,0.218,0.266,0.266
0.203,-0.278,0.015,0.232,0.232,0.240,0.240
0.203,-0.294,0.015,0.227,0.227,0.246,0.246
0.203,-0.311,0.015,0.230,0.230,0.250,0.250
0.203,-0.376,0.015,0.224,0.224,0.253,0.253
0.200,-0.604,0.013,0.232,0.232,0.250,0.250
0.198,-0.817,0.012,0.230,0.230,0.250,0.250
0.202,-0.866,0.016,0.223,0.223,0.237,0.237
0.204,-0.866,0.017,0.226,0.226,0.258,0.258
0.205,-0.817,0.018,0.218,0.218,0.261,0.261
0.204,-0.817,0.017,0.229,0.229,0.259,0.259
0.204,-0.800,0.017,0.211,0.211,0.249,0.249
0.203,-0.849,0.016,0.232,0.232,0.253,0.253
0.203,-0.833,0.016,0.212,0.212,0.250,0.250
0.202,-0.866,0.016,0.224,0.224,0.252,0.252
0.203,-0.849,0.016,0.218,0.218,0.252,0.252
0.203,-0.849,0.016,0.227,0.227,0.252,0.252
0.202,-0.833,0.016,0.209,0.209,0.250,0.250
0.200,-0.784,0.014,0.218,0.218,0.246,0.246
0.199,-0.849,0.013,0.208,0.208,0.232,0.232
0.201,-0.817,0.015,0.218,0.218,0.246,0.246
0.204,-0.849,0.017,0.194,0.194,0.255,0.255
0.205,-0.833,0.018,0.235,0.235,0.253,0.253
0.204,-0.800,0.017,0.206,0.206,0.255,0.255
0.202,-0.817,0.016,0.223,0.223,0.249,0.249
0.203,-0.784,0.016,0.212,0.212,0.246,0.246
0.203,-0.539,0.016,0.232,0.232,0.238,0.238
0.202,-0.327,0.016,0.218,0.218,0.256,0.256
0.203,-0.262,0.016,0.243,0.243,0.267,0.267
0.203,-0.294,0.016,0.232,0.232,0.276,0.276
0.203,-0.360,0.016,0.243,0.243,0.270,0.270
0.203,-0.588,0.016,0.232,0.232,0.270,0.270
0.200,-0.800,0.014,0.253,0.253,0.270,0.270
0.200,-0.849,0.014,0.235,0.235,0.290,0.290
0.199,-0.866,0.013,0.243,0.243,0.270,0.270
0.204,-0.849,0.018,0.229,0.229,0.267,0.267
0.205,-0.800,0.019,0.244,0.244,0.262,0.262
0.204,-0.849,0.018,0.227,0.227,0.290,0.290
0.204,-0.833,0.018,0.238,0.238,0.272,0.272
0.203,-0.849,0.017,0.227,0.227,0.267,0.267
0.203,-0.751,0.017,0.244,0.244,0.288,0.288
0.202,-0.556,0.016,0.218,0.218,0.259,0.259
0.203,-0.343,0.017,0.241,0.241,0.247,0.247
0.203,-0.327,0.016,0.230,0.230,0.261,0.261
0.203,-0.588,0.017,0.227,0.227,0.253,0.253
0.200,-0.817,0.015,0.227,0.227,0.259,0.259
0.200,-0.882,0.014,0.230,0.230,0.252,0.252
0.199,-0.800,0.014,0.223,0.223,0.275,0.275
0.202,-0.539,0.016,0.227,0.227,0.253,0.253
0.205,-0.327,0.017,0.232,0.232,0.247,0.247
0.205,-0.262,0.017,0.227,0.227,0.252,0.252
0.204,-0.294,0.017,0.230,0.230,0.258,0.258
0.203,-0.376,0.016,0.227,0.227,0.252,0.252
0.203,-0.621,0.016,0.229,0.229,0.261,0.261
0.203,-0.800,0.016,0.220,0.220,0.255,0.255
0.202,-0.898,0.016,0.238,0.238,0.253,0.253
0.203,-0.817,0.017,0.221,0.221,0.252,0.252
0.202,-0.817,0.015,0.240,0.240,0.253,0.253
0.200,-0.833,0.014,0.221,0.221,0.256,0.256
0.199,-0.784,0.013,0.240,0.240,0.256,0.256
0.200,-0.784,0.014,0.230,0.230,0.258,0.258
0.201,-0.539,0.014,0.235,0.235,0.255,0.255
0.205,-0.343,0.016,0.229,0.229,0.255,0.255
0.204,-0.360,0.016,0.238,0.238,0.256,0.256
0.203,-0.588,0.016,0.220,0.220,0.255,0.255
0.204,-0.817,0.016,0.233,0.233,0.252,0.252
0.203,-0.882,0.015,0.220,0.220,0.249,0.249
0.203,-0.866,0.015,0.233,0.233,0.249,0.249
0.203,-0.833,0.015,0.200,0.200,0.250,0.250
0.203,-0.751,0.015,0.227,0.227,0.235,0.235
0.203,-0.604,0.015,0.200,0.200,0.233,0.233
0.203,-0.637,0.015,0.223,0.223,0.227,0.227
0.200,-0.768,0.013,0.197,0.197,0.230,0.230
0.200,-0.833,0.013,0.227,0.227,0.246,0.246
0.199,-0.849,0.012,0.203,0.203,0.240,0.240
0.201,-0.849,0.014,0.221,0.221,0.237,0.237
0.205,-0.817,0.017,0.211,0.211,0.246,0.246
0.205,-0.833,0.017,0.232,0.232,0.226,0.226
0.203,-0.817,0.016,0.218,0.218,0.240,0.240
0.203,-0.800,0.016,0.223,0.223,0.243,0.243
0.202,-0.833,0.015,0.230,0.230,0.223,0.223
0.203,-0.768,0.015,0.223,0.223,0.241,0.241
0.202,-0.556,0.015,0.221,0.221,0.261,0.261
0.203,-0.327,0.015,0.221,0.221,0.252,0.252
0.202,-0.278,0.015,0.227,0.227,0.256,0.256
0.201,-0.278,0.015,0.218,0.218,0.238,0.238
0.200,-0.294,0.014,0.221,0.221,0.250,0.250
0.199,-0.327,0.014,0.218,0.218,0.240,0.240
0.203,-0.327,0.015,0.229,0.229,0.255,0.255
0.205,-0.294,0.016,0.203,0.203,0.259,0.259
0.205,-0.311,0.016,0.226,0.226,0.233,0.233
0.204,-0.311,0.016,0.217,0.217,0.256,0.256
0.204,-0.294,0.016,0.221,0.221,0.269,0.269
0.203,-0.409,0.015,0.208,0.208,0.252,0.252
0.203,-0.604,0.015,0.227,0.227,0.243,0.243
0.203,-0.817,0.015,0.208,0.208,0.252,0.252
0.203,-0.866,0.015,0.217,0.217,0.246,0.246
0.203,-0.866,0.015,0.212,0.212,0.247,0.247
0.202,-0.817,0.015,0.227,0.227,0.249,0.249
0.200,-0.817,0.013,0.206,0.206,0.256,0.256
0.199,-0.817,0.012,0.232,0.232,0.250,0.250
0.203,-0.833,0.015,0.206,0.206,0.250,0.250
0.205,-0.768,0.017,0.224,0.224,0.246,0.246
0.204,-0.523,0.016,0.200,0.200,0.249,0.249
0.204,-0.327,0.017,0.233,0.233,0.250,0.250
0.203,-0.278,0.016,0.209,0.209,0.258,0.258
0.204,-0.294,0.016,0.230,0.230,0.253,0.253
0.202,-0.294,0.016,0.223,0.223,0.261,0.261
0.203,-0.343,0.016,0.246,0.246,0.256,0.256
0.203,-0.311,0.016,0.237,0.237,0.276,0.276
0.203,-0.294,0.016,0.250,0.250,0.275,0.275
0.203,-0.294,0.016,0.237,0.237,0.279,0.279
0.202,-0.311,0.016,0.247,0.247,0.275,0.275
0.199,-0.311,0.015,0.229,0.229,0.262,0.262
0.199,-0.294,0.015,0.246,0.246,0.272,0.272
0.199,-0.311,0.015,0.233,0.233,0.276,0.276
0.204,-0.294,0.016,0.233,0.233,0.267,0.267
0.205,-0.311,0.017,0.230,0.230,0.279,0.279
0.205,-0.343,0.017,0.240,0.240,0.273,0.273
0.203,-0.343,0.016,0.227,0.227,0.267,0.267
0.203,-0.294,0.016,0.233,0.233,0.270,0.270
0.203,-0.294,0.016,0.230,0.230,0.267,0.267
0.202,-0.392,0.016,0.229,0.229,0.262,0.262
0.203,-0.588,0.016,0.224,0.224,0.261,0.261
0.203,-0.784,0.016,0.226,0.226,0.256,0.256
0.203,-0.784,0.016,0.226,0.226,0.243,0.243
0.200,-0.556,0.014,0.215,0.215,0.256,0.256
0.200,-0.311,0.014,0.243,0.243,0.270,0.270
0.200,-0.278,0.014,0.220,0.220,0.253,0.253
0.203,-0.148,0.015,0.229,0.229,0.247,0.247
0.205,0.048,0.015,0.217,0.217,0.261,0.261
0.204,0.163,0.015,0.230,0.230,0.253,0.253
0.204,0.228,0.015,0.220,0.220,0.252,0.252
0.203,0.391,0.015,0.227,0.227,0.253,0.253
0.203,0.326,0.015,0.221,0.221,0.252,0.252
0.203,0.065,0.015,0.237,0.237,0.255,0.255
0.203,-0.262,0.015,0.218,0.218,0.258,0.258
0.202,-0.392,0.015,0.241,0.241,0.273,0.273
0.201,-0.343,0.015,0.227,0.227,0.258,0.258
0.199,-0.311,0.014,0.241,0.241,0.255,0.255
0.199,-0.278,0.014,0.218,0.218,0.256,0.256
0.202,-0.294,0.015,0.249,0.249,0.258,0.258
0.204,-0.294,0.016,0.229,0.229,0.252,0.252
0.205,-0.262,0.016,0.238,0.238,0.253,0.253
0.203,-0.294,0.015,0.232,0.232,0.249,0.249
0.203,-0.180,0.015,0.243,0.243,0.256,0.256
0.203,0.032,0.015,0.218,0.218,0.255,0.255
0.203,0.163,0.015,0.244,0.244,0.246,0.246
0.203,0.179,0.015,0.211,0.211,0.243,0.243
0.203,0.130,0.015,0.224,0.224,0.224,0.224
0.203,0.130,0.015,0.208,0.208,0.233,0.233
0.203,-0.066,0.015,0.227,0.227,0.230,0.230
0.202,-0.131,0.015,0.203,0.203,0.230,0.230
0.200,0.032,0.015,0.218,0.218,0.237,0.237
0.198,0.146,0.015,0.209,0.209,0.243,0.243
0.200,0.179,0.015,0.227,0.227,0.237,0.237
0.203,0.016,0.014,0.223,0.223,0.269,0.269
0.204,-0.262,0.015,0.220,0.220,0.223,0.223
0.204,-0.343,0.014,0.226,0.226,0.229,0.229
0.204,-0.360,0.014,0.217,0.217,0.246,0.246
0.203,-0.294,0.014,0.221,0.221,0.252,0.252
0.203,-0.180,0.014,0.214,0.214,0.246,0.246
0.203,0.065,0.014,0.227,0.227,0.244,0.244
0.202,0.163,0.014,0.215,0.215,0.252,0.252
0.203,0.179,0.014,0.218,0.218,0.252,0.252
0.203,0.130,0.014,0.218,0.218,0.255,0.255
0.201,0.163,0.014,0.230,0.230,0.255,0.255
0.200,-0.033,0.014,0.217,0.217,0.250,0.250
0.200,-0.229,0.014,0.230,0.230,0.252,0.252
0.204,-0.213,0.015,0.217,0.217,0.253,0.253
0.205,0.032,0.015,0.226,0.226,0.221,0.221
0.205,0.146,0.015,0.208,0.208,0.252,0.252
0.204,0.195,0.015,0.233,0.233,0.255,0.255
0.202,0.114,0.015,0.211,0.211,0.250,0.250
0.203,0.130,0.015,0.230,0.230,0.252,0.252
0.203,0.130,0.015,0.209,0.209,0.252,0.252
0.203,0.146,0.015,0.238,0.238,0.253,0.253
0.202,0.130,0.015,0.212,0.212,0.244,0.244
0.203,0.212,0.015,0.226,0.226,0.247,0.247
0.200,0.424,0.016,0.218,0.218,0.252,0.252
0.199,0.603,0.017,0.227,0.227,0.252,0.252
0.200,0.603,0.016,0.201,0.201,0.252,0.252
0.202,0.424,0.015,0.230,0.230,0.232,0.232
0.205,0.456,0.014,0.215,0.215,0.255,0.255
0.204,0.538,0.014,0.229,0.229,0.256,0.256
0.203,0.571,0.015,0.218,0.218,0.243,0.243
0.203,0.358,0.015,0.240,0.240,0.252,0.252
0.203,0.163,0.015,0.229,0.229,0.258,0.258
0.203,0.097,0.015,0.243,0.243,0.258,0.258
0.203,0.130,0.015,0.241,0.241,0.307,0.307
0.203,0.163,0.015,0.247,0.247,0.279,0.279
0.203,-0.033,0.015,0.237,0.237,0.273,0.273
0.203,-0.229,0.015,0.247,0.247,0.275,0.275
0.201,-0.229,0.015,0.240,0.240,0.273,0.273
0.200,0.032,0.014,0.244,0.244,0.267,0.267
0.200,0.228,0.014,0.240,0.240,0.273,0.273
0.203,0.424,0.013,0.237,0.237,0.247,0.247
0.205,0.358,0.013,0.235,0.235,0.287,0.287
0.205,0.244,0.013,0.227,0.227,0.284,0.284
0.204,0.391,0.013,0.230,0.230,0.266,0.266
0.203,0.571,0.013,0.230,0.230,0.258,0.258
0.203,0.652,0.013,0.226,0.226,0.258,0.258
0.203,0.554,0.013,0.230,0.230,0.259,0.259
0.203,0.342,0.013,0.232,0.232,0.258,0.258
0.203,0.163,0.013,0.223,0.223,0.255,0.255
0.203,0.065,0.013,0.230,0.230,0.256,0.256
0.201,0.130,0.014,0.218,0.218,0.258,0.258
0.199,0.130,0.014,0.233,0.233,0.247,0.247
0.199,0.179,0.014,0.209,0.209,0.272,0.272
0.203,0.130,0.013,0.233,0.233,0.247,0.247
0.204,0.163,0.013,0.217,0.217,0.255,0.255
0.205,0.146,0.013,0.226,0.226,0.253,0.253
0.204,0.130,0.013,0.224,0.224,0.258,0.258
0.203,0.146,0.013,0.241,0.241,0.252,0.252
0.202,0.130,0.013,0.221,0.221,0.253,0.253
0.202,0.130,0.013,0.238,0.238,0.258,0.258
0.203,0.130,0.013,0.224,0.224,0.252,0.252
0.203,0.130,0.013,0.227,0.227,0.250,0.250
0.203,0.130,0.013,0.218,0.218,0.252,0.252
0.201,0.130,0.013,0.252,0.252,0.258,0.258
0.199,0.179,0.014,0.229,0.229,0.284,0.284
0.198,0.424,0.014,0.252,0.252,0.255,0.255
0.203,0.587,0.012,0.227,0.227,0.249,0.249
0.205,0.603,0.011,0.252,0.252,0.249,0.249
0.204,0.358,0.011,0.232,0.232,0.256,0.256
0.204,0.163,0.011,0.241,0.241,0.252,0.252
0.204,0.097,0.011,0.223,0.223,0.253,0.253
0.202,0.114,0.011,0.233,0.233,0.247,0.247
0.203,0.130,0.011,0.211,0.211,0.249,0.249
0.203,0.146,0.011,0.224,0.224,0.235,0.235
0.203,0.212,0.011,0.212,0.212,0.233,0.233
0.203,0.440,0.011,0.217,0.217,0.227,0.227
0.204,0.603,0.011,0.212,0.212,0.258,0.258
0.201,0.587,0.012,0.218,0.218,0.233,0.233
0.200,0.375,0.013,0.220,0.220,0.229,0.229
0.199,0.146,0.013,0.204,0.204,0.233,0.233
0.200,0.097,0.013,0.221,0.221,0.237,0.237
0.204,0.097,0.012,0.208,0.208,0.229,0.229
0.205,0.146,0.012,0.221,0.221,0.232,0.232
0.203,0.146,0.013,0.203,0.203,0.218,0.218
0.202,0.163,0.013,0.224,0.224,0.237,0.237
0.202,0.130,0.013,0.221,0.221,0.249,0.249
0.202,0.130,0.013,0.227,0.227,0.243,0.243
0.203,0.130,0.013,0.218,0.218,0.246,0.246
0.202,0.212,0.013,0.232,0.232,0.250,0.250
0.203,0.456,0.012,0.217,0.217,0.252,0.252
0.202,0.620,0.013,0.227,0.227,0.244,0.244
0.201,0.652,0.014,0.221,0.221,0.249,0.249
0.200,0.652,0.014,0.233,0.233,0.252,0.252
0.202,0.636,0.013,0.215,0.215,0.258,0.258
0.205,0.554,0.011,0.241,0.241,0.273,0.273
0.205,0.358,0.011,0.215,0.215,0.233,0.233
0.205,0.146,0.011,0.240,0.240,0.247,0.247
0.204,0.097,0.011,0.215,0.215,0.250,0.250
0.203,0.097,0.012,0.240,0.240,0.250,0.250
0.203,0.146,0.012,0.215,0.215,0.253,0.253
0.202,0.163,0.012,0.223,0.223,0.235,0.235
0.203,0.146,0.012,0.217,0.217,0.253,0.253
0.203,0.212,0.012,0.226,0.226,0.250,0.250
0.203,0.358,0.011,0.218,0.218,0.252,0.252
0.200,0.342,0.013,0.220,0.220,0.246,0.246
0.199,0.212,0.013,0.224,0.224,0.247,0.247
0.199,0.130,0.013,0.223,0.223,0.249,0.249
0.204,0.114,0.012,0.214,0.214,0.255,0.255
0.204,0.358,0.012,0.224,0.224,0.250,0.250
0.204,0.538,0.012,0.224,0.224,0.258,0.258
0.203,0.554,0.013,0.215,0.215,0.253,0.253
0.203,0.342,0.013,0.232,0.232,0.253,0.253
0.202,0.146,0.013,0.230,0.230,0.241,0.241
0.202,0.081,0.013,0.240,0.240,0.275,0.275
0.203,0.114,0.013,0.238,0.238,0.269,0.269
0.203,0.130,0.013,0.243,0.243,0.267,0.267
0.203,0.130,0.013,0.238,0.238,0.279,0.279
0.203,0.130,0.013,0.237,0.237,0.270,0.270
0.200,0.097,0.013,0.233,0.233,0.273,0.273
0.199,0.114,0.013,0.238,0.238,0.267,0.267
0.201,0.130,0.013,0.220,0.220,0.273,0.273
0.204,-0.017,0.013,0.241,0.241,0.264,0.264
0.205,-0.148,0.013,0.223,0.223,0.276,0.276
0.206,0.016,0.013,0.238,0.238,0.266,0.266
0.204,0.130,0.013,0.220,0.220,0.255,0.255
0.203,0.179,0.013,0.235,0.235,0.264,0.264
0.203,0.163,0.013,0.215,0.215,0.258,0.258
0.203,0.130,0.013,0.229,0.229,0.255,0.255
0.203,0.146,0.013,0.217,0.217,0.253,0.253
0.203,0.358,0.013,0.232,0.232,0.258,0.258
0.203,0.293,0.013,0.209,0.209,0.256,0.256
0.201,0.195,0.014,0.241,0.241,0.272,0.272
0.200,0.114,0.014,0.221,0.221,0.255,0.255
0.199,0.097,0.014,0.235,0.235,0.247,0.247
0.202,0.130,0.014,0.218,0.218,0.252,0.252
0.205,0.114,0.013,0.240,0.240,0.256,0.256
0.205,0.146,0.013,0.221,0.221,0.255,0.255
0.204,0.146,0.014,0.237,0.237,0.252,0.252
0.203,0.179,0.014,0.230,0.230,0.247,0.247
0.203,0.130,0.014,0.238,0.238,0.255,0.255
0.202,0.146,0.014,0.221,0.221,0.259,0.259
0.203,0.146,0.014,0.252,0.252,0.247,0.247
0.202,0.146,0.014,0.230,0.230,0.253,0.253
0.203,0.114,0.014,0.247,0.247,0.237,0.237
0.201,0.130,0.014,0.237,0.237,0.258,0.258
0.200,0.130,0.014,0.246,0.246,0.264,0.264
0.198,0.146,0.014,0.235,0.235,0.262,0.262
0.200,0.130,0.014,0.232,0.232,0.253,0.253
0.204,0.146,0.013,0.237,0.237,0.262,0.262
0.205,0.114,0.013,0.237,0.237,0.258,0.258
0.203,0.146,0.014,0.229,0.229,0.273,0.273
0.204,0.114,0.014,0.226,0.226,0.255,0.255
0.202,0.146,0.014,0.223,0.223,0.244,0.244
0.203,0.130,0.014,0.206,0.206,0.235,0.235
0.203,0.130,0.014,0.206,0.206,0.238,0.238
0.203,0.146,0.014,0.208,0.208,0.240,0.240
0.203,0.130,0.014,0.209,0.209,0.227,0.227
0.203,0.130,0.014,0.200,0.200,0.211,0.211
0.202,-0.033,0.014,0.217,0.217,0.237,0.237
0.199,-0.229,0.013,0.212,0.212,0.244,0.244
0.200,-0.245,0.014,0.223,0.223,0.235,0.235
0.202,0.032,0.014,0.206,0.206,0.232,0.232
0.203,0.146,0.014,0.227,0.227,0.252,0.252
0.205,0.179,0.013,0.211,0.211,0.240,0.240
0.204,0.163,0.013,0.224,0.224,0.233,0.233
0.203,0.163,0.014,0.211,0.211,0.243,0.243
0.203,0.130,0.014,0.235,0.235,0.246,0.246
0.203,0.146,0.014,0.217,0.217,0.250,0.250
0.203,0.179,0.014,0.230,0.230,0.258,0.258
0.203,-0.017,0.014,0.220,0.220,0.240,0.240
0.203,-0.245,0.014,0.238,0.238,0.252,0.252
0.202,-0.343,0.014,0.217,0.217,0.261,0.261
0.199,-0.343,0.012,0.243,0.243,0.246,0.246
0.200,-0.180,0.013,0.218,0.218,0.249,0.249
0.202,0.081,0.013,0.233,0.233,0.264,0.264
0.204,0.179,0.012,0.211,0.211,0.255,0.255
0.205,0.212,0.012,0.240,0.240,0.258,0.258
0.204,-0.001,0.012,0.217,0.217,0.252,0.252
0.203,-0.131,0.012,0.230,0.230,0.249,0.249
0.202,0.016,0.012,0.221,0.221,0.258,0.258
0.203,0.146,0.012,0.226,0.226,0.250,0.250
0.203,0.163,0.012,0.220,0.220,0.267,0.267
0.203,0.163,0.012,0.218,0.218,0.252,0.252
0.203,0.146,0.012,0.223,0.223,0.250,0.250
0.201,0.163,0.013,0.215,0.215,0.250,0.250
0.200,0.130,0.013,0.209,0.209,0.252,0.252
0.198,0.163,0.013,0.214,0.214,0.246,0.246
0.200,0.146,0.013,0.217,0.217,0.249,0.249
0.203,0.146,0.012,0.218,0.218,0.244,0.244
0.205,0.146,0.012,0.224,0.224,0.252,0.252
0.205,0.146,0.012,0.221,0.221,0.255,0.255
0.205,0.163,0.012,0.229,0.229,0.258,0.258
0.202,0.146,0.012,0.221,0.221,0.256,0.256
0.203,0.163,0.012,0.243,0.243,0.266,0.266
0.203,-0.001,0.012,0.227,0.227,0.275,0.275
0.203,-0.245,0.012,0.235,0.235,0.264,0.264
0.203,-0.343,0.012,0.233,0.233,0.278,0.278
0.203,-0.343,0.012,0.244,0.244,0.273,0.273
0.202,-0.327,0.012,0.224,0.224,0.272,0.272
0.200,-0.327,0.011,0.246,0.246,0.273,0.273
0.199,-0.294,0.011,0.223,0.223,0.285,0.285
0.203,-0.311,0.012,0.241,0.241,0.275,0.275
0.204,-0.311,0.012,0.218,0.218,0.270,0.270
0.205,-0.294,0.013,0.238,0.238,0.261,0.261
0.205,-0.196,0.013,0.215,0.215,0.269,0.269
0.204,0.065,0.013,0.232,0.232,0.258,0.258
0.202,0.163,0.013,0.221,0.221,0.264,0.264
0.203,0.195,0.013,0.238,0.238,0.237,0.237
0.203,0.114,0.013,0.218,0.218,0.261,0.261
0.203,0.130,0.013,0.246,0.246,0.258,0.258
0.203,-0.017,0.013,0.221,0.221,0.256,0.256
0.202,-0.229,0.013,0.237,0.237,0.250,0.250
0.199,-0.343,0.012,0.214,0.214,0.261,0.261
0.199,-0.327,0.012,0.233,0.233,0.249,0.249
0.202,-0.327,0.013,0.217,0.217,0.247,0.247
0.204,-0.311,0.014,0.235,0.235,0.255,0.255
0.205,-0.311,0.014,0.224,0.224,0.255,0.255
0.205,-0.278,0.014,0.243,0.243,0.252,0.252
0.203,-0.294,0.013,0.223,0.223,0.258,0.258
0.203,-0.294,0.013,0.243,0.243,0.258,0.258
0.204,-0.311,0.013,0.233,0.233,0.255,0.255
0.203,-0.278,0.013,0.240,0.240,0.255,0.255
0.203,-0.294,0.013,0.227,0.227,0.258,0.258
0.204,-0.327,0.013,0.241,0.241,0.256,0.256
0.201,-0.278,0.013,0.233,0.233,0.261,0.261
0.199,-0.294,0.012,0.229,0.229,0.255,0.255
0.199,-0.311,0.012,0.247,0.247,0.255,0.255
0.200,-0.327,0.012,0.230,0.230,0.256,0.256
0.205,-0.360,0.014,0.246,0.246,0.258,0.258
0.204,-0.588,0.014,0.224,0.224,0.256,0.256
0.203,-0.800,0.013,0.232,0.232,0.256,0.256
0.204,-0.882,0.013,0.218,0.218,0.238,0.238
0.203,-0.866,0.013,0.218,0.218,0.246,0.246
0.202,-0.751,0.012,0.206,0.206,0.227,0.227
0.203,-0.588,0.013,0.218,0.218,0.227,0.227
0.202,-0.556,0.012,0.191,0.191,0.232,0.232
0.202,-0.474,0.012,0.214,0.214,0.224,0.224
0.202,-0.327,0.012,0.212,0.212,0.233,0.233
0.201,-0.294,0.012,0.221,0.221,0.259,0.259
0.199,-0.294,0.011,0.200,0.200,0.237,0.237
0.199,-0.327,0.011,0.221,0.221,0.229,0.229
0.202,-0.164,0.012,0.203,0.203,0.238,0.238
0.204,0.065,0.012,0.226,0.226,0.233,0.233
0.205,0.179,0.012,0.206,0.206,0.240,0.240
0.204,0.032,0.012,0.238,0.238,0.243,0.243
0.204,-0.213,0.012,0.217,0.217,0.267,0.267
0.202,-0.425,0.012,0.237,0.237,0.243,0.243
0.203,-0.653,0.012,0.217,0.217,0.246,0.246
0.202,-0.817,0.011,0.243,0.243,0.247,0.247
0.203,-0.833,0.012,0.226,0.226,0.252,0.252
0.203,-0.849,0.012,0.230,0.230,0.253,0.253
0.202,-0.833,0.011,0.223,0.223,0.258,0.258
0.199,-0.833,0.009,0.232,0.232,0.237,0.237
0.199,-0.833,0.009,0.218,0.218,0.252,0.252
0.203,-0.751,0.012,0.235,0.235,0.273,0.273
0.204,-0.539,0.013,0.221,0.221,0.255,0.255
0.205,-0.180,0.013,0.232,0.232,0.252,0.252
0.204,0.114,0.013,0.221,0.221,0.249,0.249
0.202,0.048,0.013,0.226,0.226,0.253,0.253
0.202,-0.066,0.013,0.223,0.223,0.259,0.259
0.203,0.016,0.013,0.209,0.209,0.252,0.252
0.203,0.114,0.013,0.211,0.211,0.253,0.253
0.203,0.163,0.013,0.211,0.211,0.247,0.247
0.203,0.163,0.013,0.221,0.221,0.246,0.246
0.202,-0.050,0.013,0.208,0.208,0.264,0.264
0.199,-0.229,0.013,0.221,0.221,0.253,0.253
0.200,-0.343,0.013,0.211,0.211,0.243,0.243
0.203,-0.360,0.014,0.220,0.220,0.243,0.243
0.205,-0.311,0.014,0.215,0.215,0.249,0.249
0.205,-0.360,0.014,0.224,0.224,0.255,0.255
0.204,-0.621,0.014,0.208,0.208,0.252,0.252
0.202,-0.866,0.013,0.237,0.237,0.269,0.269
0.203,-1.110,0.014,0.221,0.221,0.258,0.258
0.202,-0.964,0.013,0.240,0.240,0.278,0.278
0.203,-0.572,0.013,0.229,0.229,0.273,0.273
0.202,-0.311,0.013,0.250,0.250,0.270,0.270
0.203,-0.229,0.013,0.230,0.230,0.281,0.281
0.203,-0.294,0.013,0.247,0.247,0.267,0.267
0.201,-0.294,0.013,0.226,0.226,0.250,0.250
0.200,-0.294,0.012,0.246,0.246,0.270,0.270
0.199,-0.311,0.012,0.215,0.215,0.273,0.273
0.201,-0.392,0.013,0.249,0.249,0.256,0.256
0.205,-0.637,0.015,0.220,0.220,0.270,0.270
0.204,-0.800,0.014,0.241,0.241,0.261,0.261
0.204,-0.882,0.014,0.227,0.227,0.264,0.264
0.202,-0.849,0.013,0.243,0.243,0.233,0.233
0.202,-0.817,0.013,0.218,0.218,0.258,0.258
0.202,-0.768,0.013,0.237,0.237,0.259,0.259
0.203,-0.507,0.013,0.221,0.221,0.255,0.255
0.202,-0.343,0.013,0.235,0.235,0.252,0.252
0.203,-0.278,0.013,0.214,0.214,0.253,0.253
0.202,-0.278,0.013,0.240,0.240,0.256,0.256
0.200,-0.311,0.012,0.221,0.221,0.237,0.237
0.199,-0.327,0.012,0.241,0.241,0.250,0.250
0.199,-0.311,0.012,0.224,0.224,0.267,0.267
0.204,-0.376,0.013,0.243,0.243,0.250,0.250
0.205,-0.621,0.014,0.224,0.224,0.258,0.258
0.203,-0.784,0.013,0.235,0.235,0.240,0.240
0.202,-0.849,0.012,0.229,0.229,0.261,0.261
0.202,-0.849,0.012,0.238,0.238,0.258,0.258
0.203,-0.768,0.012,0.224,0.224,0.256,0.256
0.202,-0.523,0.012,0.229,0.229,0.249,0.249
0.203,-0.327,0.012,0.238,0.238,0.256,0.256
0.203,-0.245,0.012,0.240,0.240,0.253,0.253
0.202,-0.278,0.012,0.243,0.243,0.266,0.266
0.200,-0.327,0.012,0.235,0.235,0.255,0.255
0.199,-0.327,0.011,0.240,0.240,0.256,0.256
0.200,-0.294,0.012,0.226,0.226,0.259,0.259
0.203,-0.327,0.013,0.237,0.237,0.256,0.256
0.205,-0.294,0.013,0.224,0.224,0.253,0.253
0.205,-0.311,0.013,0.226,0.226,0.252,0.252
0.203,-0.392,0.012,0.227,0.227,0.269,0.269
0.204,-0.604,0.013,0.220,0.220,0.247,0.247
0.203,-0.817,0.012,0.206,0.206,0.227,0.227
0.203,-0.866,0.013,0.211,0.211,0.232,0.232
0.203,-0.800,0.012,0.206,0.206,0.233,0.233
0.203,-0.539,0.012,0.218,0.218,0.227,0.227
0.204,-0.409,0.013,0.191,0.191,0.233,0.233
0.202,-0.556,0.012,0.220,0.220,0.209,0.209
0.201,-0.751,0.011,0.209,0.209,0.230,0.230
0.198,-0.572,0.009,0.224,0.224,0.244,0.244
0.200,-0.360,0.010,0.206,0.206,0.250,0.250
0.204,-0.343,0.012,0.240,0.240,0.235,0.235
0.205,-0.588,0.012,0.214,0.214,0.232,0.232
0.203,-0.817,0.011,0.235,0.235,0.243,0.243
0.203,-0.882,0.011,0.215,0.215,0.233,0.233
0.203,-0.849,0.010,0.240,0.240,0.246,0.246
0.203,-0.833,0.011,0.220,0.220,0.247,0.247
0.203,-0.735,0.010,0.230,0.230,0.252,0.252
0.203,-0.539,0.010,0.221,0.221,0.252,0.252
0.203,-0.343,0.011,0.233,0.233,0.267,0.267
0.203,-0.294,0.011,0.223,0.223,0.249,0.249
0.201,-0.343,0.010,0.229,0.229,0.240,0.240
0.199,-0.621,0.009,0.232,0.232,0.253,0.253
0.199,-0.833,0.009,0.230,0.230,0.256,0.256
0.204,-0.866,0.013,0.218,0.218,0.255,0.255
0.205,-0.784,0.014,0.230,0.230,0.253,0.253
0.205,-0.523,0.014,0.220,0.220,0.267,0.267
0.204,-0.327,0.013,0.221,0.221,0.255,0.255
0.203,-0.262,0.013,0.223,0.223,0.249,0.249
0.203,-0.294,0.013,0.221,0.221,0.247,0.247
0.203,-0.294,0.013,0.229,0.229,0.250,0.250
0.203,-0.180,0.013,0.220,0.220,0.253,0.253
0.203,0.048,0.013,0.223,0.223,0.255,0.255
0.203,0.032,0.013,0.217,0.217,0.243,0.243
0.200,-0.196,0.013,0.212,0.212,0.250,0.250
0.200,-0.343,0.013,0.214,0.214,0.250,0.250
0.199,-0.376,0.013,0.212,0.212,0.250,0.250
0.203,-0.327,0.014,0.211,0.211,0.252,0.252
0.204,-0.311,0.014,0.221,0.221,0.243,0.243
0.205,-0.311,0.015,0.211,0.211,0.255,0.255
0.205,-0.311,0.014,0.235,0.235,0.259,0.259
0.203,-0.311,0.014,0.220,0.220,0.264,0.264
0.203,-0.294,0.014,0.249,0.249,0.281,0.281
0.203,-0.327,0.014,0.230,0.230,0.278,0.278
0.202,-0.327,0.014,0.235,0.235,0.272,0.272
0.203,-0.311,0.014,0.224,0.224,0.282,0.282
0.202,-0.294,0.014,0.244,0.244,0.275,0.275
0.203,-0.327,0.014,0.221,0.221,0.267,0.267
0.201,-0.327,0.013,0.246,0.246,0.276,0.276
0.200,-0.311,0.013,0.223,0.223,0.270,0.270
0.199,-0.327,0.013,0.238,0.238,0.258,0.258
0.203,-0.294,0.014,0.223,0.223,0.276,0.276
0.205,-0.311,0.014,0.243,0.243,0.278,0.278
0.206,-0.294,0.015,0.215,0.215,0.267,0.267
0.205,-0.327,0.014,0.233,0.233,0.259,0.259
0.202,-0.294,0.014,0.221,0.221,0.262,0.262
0.203,-0.327,0.014,0.233,0.233,0.264,0.264
0.203,-0.311,0.014,0.215,0.215,0.262,0.262
0.203,-0.294,0.014,0.246,0.246,0.266,0.266
0.203,-0.327,0.014,0.218,0.218,0.288,0.288
0.202,-0.311,0.014,0.238,0.238,0.252,0.252
0.202,-0.311,0.013,0.215,0.215,0.246,0.246
0.199,-0.327,0.013,0.243,0.243,0.253,0.253
0.200,-0.294,0.013,0.224,0.224,0.258,0.258
0.202,-0.327,0.013,0.230,0.230,0.253,0.253
0.204,-0.360,0.014,0.227,0.227,0.253,0.253
0.206,-0.523,0.015,0.240,0.240,0.270,0.270
0.204,-0.490,0.014,0.227,0.227,0.255,0.255
0.203,-0.343,0.013,0.241,0.241,0.246,0.246
0.202,-0.278,0.013,0.240,0.240,0.259,0.259
0.204,-0.262,0.014,0.238,0.238,0.256,0.256
0.203,-0.311,0.013,0.224,0.224,0.258,0.258
0.203,-0.294,0.013,0.240,0.240,0.258,0.258
0.202,-0.294,0.013,0.237,0.237,0.264,0.264
0.202,-0.262,0.013,0.230,0.230,0.253,0.253
0.199,-0.327,0.012,0.244,0.244,0.255,0.255
0.199,-0.294,0.012,0.235,0.235,0.256,0.256
0.199,-0.311,0.012,0.235,0.235,0.258,0.258
0.205,-0.294,0.014,0.230,0.230,0.252,0.252
0.205,-0.311,0.014,0.233,0.233,0.255,0.255
0.206,-0.327,0.014,0.221,0.221,0.247,0.247
0.203,-0.327,0.013,0.212,0.212,0.250,0.250
0.203,-0.294,0.014,0.208,0.208,0.252,0.252
0.203,-0.294,0.013,0.214,0.214,0.235,0.235
0.202,-0.327,0.013,0.198,0.198,0.230,0.230
0.203,-0.294,0.014,0.211,0.211,0.227,0.227
0.203,-0.327,0.014,0.203,0.203,0.240,0.240
0.203,-0.343,0.014,0.218,0.218,0.224,0.224
0.201,-0.294,0.013,0.204,0.204,0.240,0.240
0.199,-0.311,0.012,0.230,0.230,0.246,0.246
0.199,-0.294,0.012,0.206,0.206,0.246,0.246
0.203,-0.311,0.013,0.230,0.230,0.232,0.232
0.203,-0.327,0.014,0.208,0.208,0.232,0.232
0.205,-0.294,0.014,0.240,0.240,0.246,0.246
0.203,-0.311,0.013,0.215,0.215,0.246,0.246
0.204,-0.311,0.014,0.237,0.237,0.249,0.249
0.202,-0.311,0.013,0.218,0.218,0.253,0.253
0.203,-0.311,0.014,0.240,0.240,0.250,0.250
0.203,-0.327,0.014,0.227,0.227,0.256,0.256
0.203,-0.164,0.014,0.230,0.230,0.252,0.252
0.203,0.032,0.014,0.224,0.224,0.255,0.255
0.202,0.195,0.014,0.232,0.232,0.241,0.241
0.199,0.179,0.014,0.220,0.220,0.256,0.256
0.199,-0.017,0.014,0.229,0.229,0.258,0.258
0.204,-0.229,0.015,0.224,0.224,0.256,0.256
0.204,-0.360,0.015,0.235,0.235,0.253,0.253
0.205,-0.343,0.015,0.220,0.220,0.270,0.270
0.204,-0.311,0.015,0.235,0.235,0.252,0.252
0.203,-0.311,0.014,0.226,0.226,0.249,0.249
0.203,-0.245,0.014,0.215,0.215,0.252,0.252
0.203,-0.311,0.015,0.227,0.227,0.255,0.255
0.202,-0.278,0.014,0.215,0.215,0.258,0.258
0.203,-0.278,0.014,0.214,0.214,0.249,0.249
0.203,-0.294,0.014,0.211,0.211,0.255,0.255
0.202,-0.278,0.014,0.215,0.215,0.250,0.250
0.199,-0.164,0.014,0.209,0.209,0.249,0.249
0.199,0.048,0.014,0.218,0.218,0.250,0.250
0.199,0.179,0.014,0.211,0.211,0.253,0.253
0.203,0.195,0.013,0.224,0.224,0.253,0.253
0.204,0.146,0.013,0.212,0.212,0.252,0.252
0.204,0.146,0.013,0.233,0.233,0.246,0.246
0.204,0.114,0.013,0.221,0.221,0.253,0.253
0.203,0.146,0.013,0.244,0.244,0.282,0.282
0.203,0.146,0.013,0.229,0.229,0.273,0.273
0.203,0.146,0.013,0.247,0.247,0.273,0.273
0.203,0.179,0.013,0.233,0.233,0.273,0.273
0.203,-0.050,0.013,0.243,0.243,0.272,0.272
0.204,-0.262,0.013,0.230,0.230,0.269,0.269
0.202,-0.327,0.013,0.243,0.243,0.270,0.270
0.200,-0.343,0.012,0.211,0.211,0.267,0.267
0.199,-0.294,0.012,0.243,0.243,0.252,0.252
0.201,-0.294,0.012,0.223,0.223,0.269,0.269
0.204,-0.294,0.013,0.233,0.233,0.284,0.284
0.205,-0.343,0.013,0.215,0.215,0.264,0.264
0.205,-0.311,0.013,0.243,0.243,0.255,0.255
0.203,-0.311,0.013,0.220,0.220,0.259,0.259
0.202,-0.311,0.012,0.243,0.243,0.256,0.256
0.203,-0.311,0.013,0.221,0.221,0.255,0.255
0.202,-0.311,0.012,0.243,0.243,0.258,0.258
0.203,-0.327,0.013,0.212,0.212,0.282,0.282
0.203,-0.343,0.013,0.243,0.243,0.256,0.256
0.203,-0.311,0.013,0.218,0.218,0.250,0.250
0.200,-0.327,0.012,0.237,0.237,0.253,0.253
0.198,-0.294,0.011,0.230,0.230,0.259,0.259
0.201,-0.311,0.012,0.241,0.241,0.253,0.253
0.204,-0.327,0.013,0.227,0.227,0.258,0.258
0.204,-0.180,0.013,0.237,0.237,0.272,0.272
0.204,0.081,0.013,0.230,0.230,0.256,0.256
0.203,0.195,0.013,0.235,0.235,0.247,0.247
0.203,0.163,0.013,0.224,0.224,0.261,0.261
0.203,0.163,0.013,0.240,0.240,0.253,0.253
0.203,-0.017,0.013,0.237,0.237,0.255,0.255
0.203,-0.262,0.013,0.235,0.235,0.253,0.253
0.203,-0.360,0.013,0.237,0.237,0.270,0.270
0.202,-0.327,0.013,0.243,0.243,0.256,0.256
0.200,-0.311,0.012,0.240,0.240,0.256,0.256
0.200,-0.294,0.012,0.224,0.224,0.255,0.255
0.199,-0.343,0.012,0.237,0.237,0.259,0.259
0.202,-0.180,0.013,0.226,0.226,0.256,0.256
0.205,0.065,0.013,0.227,0.227,0.252,0.252
0.206,0.163,0.013,0.218,0.218,0.244,0.244
0.204,0.146,0.013,0.224,0.224,0.247,0.247
0.204,0.130,0.013,0.204,0.204,0.246,0.246
0.203,0.130,0.013,0.218,0.218,0.237,0.237
0.203,0.130,0.013,0.201,0.201,0.230,0.230
0.203,0.130,0.013,0.220,0.220,0.224,0.224
0.203,0.195,0.013,0.200,0.200,0.230,0.230
0.203,0.342,0.013,0.220,0.220,0.223,0.223
0.203,0.326,0.013,0.204,0.204,0.235,0.235
0.200,0.195,0.014,0.220,0.220,0.241,0.241
0.199,0.130,0.014,0.201,0.201,0.247,0.247
0.201,0.097,0.014,0.233,0.233,0.230,0.230
0.202,0.163,0.014,0.218,0.218,0.264,0.264
0.205,-0.017,0.014,0.233,0.233,0.244,0.244
0.205,-0.245,0.014,0.217,0.217,0.237,0.237
0.203,-0.425,0.013,0.240,0.240,0.241,0.241
0.203,-0.637,0.013,0.220,0.220,0.250,0.250
0.203,-0.784,0.013,0.229,0.229,0.253,0.253
0.203,-0.556,0.013,0.221,0.221,0.258,0.258
0.203,-0.360,0.013,0.229,0.229,0.262,0.262
0.204,-0.262,0.013,0.220,0.220,0.250,0.250
0.203,-0.294,0.013,0.224,0.224,0.252,0.252
0.201,-0.164,0.013,0.227,0.227,0.252,0.252
0.199,0.065,0.012,0.227,0.227,0.255,0.255
0.199,0.016,0.012,0.218,0.218,0.255,0.255
0.203,-0.082,0.013,0.224,0.224,0.255,0.255
0.205,0.032,0.013,0.224,0.224,0.255,0.255
0.204,0.114,0.013,0.215,0.215,0.250,0.250
0.203,0.163,0.013,0.223,0.223,0.253,0.253
0.202,0.146,0.013,0.215,0.215,0.253,0.253
0.203,0.163,0.013,0.226,0.226,0.250,0.250
0.203,0.130,0.013,0.206,0.206,0.255,0.255
0.202,0.130,0.013,0.227,0.227,0.252,0.252
0.203,0.114,0.013,0.211,0.211,0.246,0.246
0.203,0.130,0.013,0.212,0.212,0.252,0.252
0.201,0.130,0.013,0.209,0.209,0.247,0.247
0.199,0.114,0.013,0.218,0.218,0.247,0.247
0.200,0.146,0.013,0.206,0.206,0.244,0.244
0.202,0.114,0.013,0.223,0.223,0.249,0.249
0.204,0.130,0.013,0.212,0.212,0.256,0.256
0.203,-0.033,0.013,0.238,0.238,0.255,0.255
0.205,-0.099,0.013,0.218,0.218,0.261,0.261
0.202,0.016,0.013,0.256,0.256,0.282,0.282
0.203,0.146,0.013,0.232,0.232,0.273,0.273
0.203,0.195,0.013,0.247,0.247,0.267,0.267
0.203,0.146,0.013,0.233,0.233,0.267,0.267
0.202,0.146,0.013,0.249,0.249,0.266,0.266
0.203,0.114,0.013,0.229,0.229,0.266,0.266
0.202,0.163,0.013,0.247,0.247,0.270,0.270
0.200,0.130,0.013,0.221,0.221,0.273,0.273
0.199,0.130,0.013,0.249,0.249,0.256,0.256
0.199,0.130,0.013,0.223,0.223,0.269,0.269
0.203,-0.066,0.013,0.247,0.247,0.284,0.284
0.205,-0.262,0.013,0.224,0.224,0.267,0.267
0.206,-0.360,0.014,0.230,0.230,0.252,0.252
0.204,-0.229,0.013,0.229,0.229,0.262,0.262
0.203,0.032,0.013,0.241,0.241,0.261,0.261
0.203,0.163,0.013,0.221,0.221,0.258,0.258
0.202,0.163,0.013,0.237,0.237,0.258,0.258
0.202,0.146,0.013,0.230,0.230,0.284,0.284
0.203,0.130,0.013,0.237,0.237,0.250,0.250
0.203,0.130,0.013,0.224,0.224,0.256,0.256
0.202,0.146,0.013,0.233,0.233,0.252,0.252
0.199,0.130,0.014,0.230,0.230,0.258,0.258
0.200,0.130,0.014,0.220,0.220,0.258,0.258
0.201,0.163,0.013,0.235,0.235,0.255,0.255
0.205,-0.033,0.013,0.223,0.223,0.243,0.243
0.204,-0.229,0.013,0.235,0.235,0.253,0.253
0.204,-0.327,0.013,0.230,0.230,0.256,0.256
0.202,-0.327,0.012,0.237,0.237,0.259,0.259
0.202,-0.311,0.012,0.237,0.237,0.255,0.255
0.203,-0.278,0.012,0.232,0.232,0.241,0.241
0.203,-0.327,0.012,0.230,0.230,0.255,0.255
0.203,-0.164,0.013,0.237,0.237,0.261,0.261
0.203,0.081,0.013,0.223,0.223,0.253,0.253
0.202,-0.001,0.013,0.233,0.233,0.250,0.250
0.199,-0.213,0.012,0.224,0.224,0.256,0.256
0.199,-0.327,0.012,0.238,0.238,0.258,0.258
0.203,-0.343,0.014,0.217,0.217,0.258,0.258
0.203,-0.327,0.014,0.240,0.240,0.252,0.252
0.204,-0.294,0.014,0.218,0.218,0.249,0.249
0.205,-0.164,0.014,0.218,0.218,0.241,0.241
0.203,0.048,0.014,0.208,0.208,0.240,0.240
0.203,0.195,0.014,0.224,0.224,0.235,0.235
0.203,0.212,0.014,0.198,0.198,0.235,0.235
0.203,0.130,0.014,0.220,0.220,0.252,0.252
0.203,0.146,0.014,0.209,0.209,0.235,0.235
0.203,0.097,0.014,0.224,0.224,0.226,0.226
0.203,0.130,0.014,0.209,0.209,0.233,0.233
0.202,0.163,0.014,0.229,0.229,0.238,0.238
0.199,-0.017,0.014,0.218,0.218,0.244,0.244
0.199,-0.229,0.014,0.226,0.226,0.237,0.237
0.201,-0.311,0.015,0.206,0.206,0.237,0.237
0.204,-0.343,0.016,0.229,0.229,0.243,0.243
0.205,-0.311,0.016,0.221,0.221,0.255,0.255
0.204,-0.294,0.016,0.226,0.226,0.240,0.240
0.204,-0.294,0.016,0.220,0.220,0.246,0.246
0.203,-0.164,0.015,0.230,0.230,0.247,0.247
0.204,0.081,0.015,0.221,0.221,0.255,0.255
0.203,0.032,0.016,0.223,0.223,0.240,0.240
0.203,-0.196,0.016,0.230,0.230,0.249,0.249
0.203,-0.327,0.015,0.229,0.229,0.261,0.261
0.202,-0.343,0.015,0.224,0.224,0.255,0.255
0.199,-0.180,0.014,0.218,0.218,0.253,0.253
0.199,0.097,0.014,0.224,0.224,0.259,0.259
0.202,0.163,0.014,0.215,0.215,0.255,0.255
0.204,0.179,0.013,0.224,0.224,0.247,0.247
0.205,0.146,0.013,0.211,0.211,0.255,0.255
0.204,0.130,0.013,0.230,0.230,0.253,0.253
0.203,0.130,0.014,0.203,0.203,0.256,0.256
0.202,0.146,0.014,0.221,0.221,0.249,0.249
0.203,0.195,0.014,0.209,0.209,0.258,0.258
0.203,0.114,0.014,0.218,0.218,0.247,0.247
0.203,0.179,0.014,0.197,0.197,0.249,0.249
0.203,-0.001,0.014,0.224,0.224,0.252,0.252
0.202,-0.229,0.014,0.203,0.203,0.252,0.252
0.200,-0.343,0.013,0.218,0.218,0.246,0.246
0.199,-0.360,0.013,0.212,0.212,0.250,0.250
0.200,-0.278,0.013,0.232,0.232,0.246,0.246
0.203,-0.327,0.014,0.208,0.208,0.253,0.253
0.204,-0.294,0.014,0.247,0.247,0.255,0.255
0.206,-0.327,0.015,0.226,0.226,0.259,0.259
0.204,-0.311,0.014,0.247,0.247,0.272,0.272
0.203,-0.278,0.014,0.232,0.232,0.295,0.295
0.203,-0.311,0.014,0.252,0.252,0.276,0.276
0.202,-0.311,0.014,0.232,0.232,0.270,0.270
0.203,-0.294,0.014,0.252,0.252,0.255,0.255
0.204,-0.311,0.014,0.241,0.241,0.273,0.273
0.203,-0.327,0.014,0.249,0.249,0.272,0.272
0.202,-0.180,0.013,0.224,0.224,0.273,0.273
0.200,0.048,0.013,0.252,0.252,0.253,0.253
0.199,0.195,0.014,0.229,0.229,0.273,0.273
0.201,0.163,0.013,0.243,0.243,0.270,0.270
0.204,0.130,0.013,0.235,0.235,0.267,0.267
0.206,0.130,0.012,0.238,0.238,0.261,0.261
0.203,0.130,0.013,0.230,0.230,0.261,0.261
0.203,0.114,0.013,0.233,0.233,0.256,0.256
0.202,0.163,0.013,0.227,0.227,0.249,0.249
0.202,-0.001,0.013,0.227,0.227,0.261,0.261
0.202,-0.229,0.013,0.223,0.223,0.259,0.259
0.204,-0.360,0.013,0.233,0.233,0.253,0.253
0.203,-0.327,0.013,0.230,0.230,0.253,0.253
0.202,-0.327,0.013,0.227,0.227,0.266,0.266
0.200,-0.327,0.012,0.229,0.229,0.258,0.258
0.199,-0.327,0.012,0.227,0.227,0.249,0.249
0.201,-0.327,0.012,0.230,0.230,0.255,0.255
0.204,-0.327,0.014,0.224,0.224,0.250,0.250
0.205,-0.327,0.014,0.230,0.230,0.255,0.255
0.203,-0.278,0.013,0.223,0.223,0.253,0.253
0.203,-0.180,0.013,0.226,0.226,0.259,0.259
0.203,0.048,0.013,0.223,0.223,0.256,0.256
0.204,0.163,0.013,0.238,0.238,0.256,0.256
0.203,0.179,0.013,0.224,0.224,0.253,0.253
0.203,0.146,0.013,0.246,0.246,0.258,0.258
0.203,0.146,0.013,0.226,0.226,0.255,0.255
0.202,-0.033,0.013,0.241,0.241,0.255,0.255
0.200,-0.245,0.013,0.220,0.220,0.255,0.255
0.200,-0.343,0.013,0.247,0.247,0.250,0.250
0.199,-0.343,0.013,0.209,0.209,0.250,0.250
0.202,-0.327,0.014,0.233,0.233,0.249,0.249
0.204,-0.327,0.014,0.220,0.220,0.249,0.249
0.205,-0.311,0.015,0.233,0.233,0.269,0.269
0.203,-0.327,0.014,0.212,0.212,0.237,0.237
0.204,-0.164,0.014,0.221,0.221,0.230,0.230
0.203,0.032,0.014,0.212,0.212,0.232,0.232
0.202,0.179,0.014,0.223,0.223,0.232,0.232
0.203,0.163,0.014,0.204,0.204,0.233,0.233
0.203,0.146,0.014,0.223,0.223,0.230,0.230
0.203,0.130,0.014,0.215,0.215,0.215,0.215
0.202,0.146,0.014,0.221,0.221,0.241,0.241
0.200,0.146,0.014,0.212,0.212,0.243,0.243
0.199,0.114,0.015,0.230,0.230,0.235,0.235
0.201,0.130,0.014,0.217,0.217,0.233,0.233
0.203,0.146,0.014,0.227,0.227,0.233,0.233
0.204,-0.017,0.014,0.226,0.226,0.249,0.249
0.205,-0.229,0.014,0.223,0.223,0.241,0.241
0.203,-0.229,0.014,0.226,0.226,0.249,0.249
0.202,0.048,0.014,0.217,0.217,0.252,0.252
0.203,0.032,0.014,0.227,0.227,0.249,0.249
0.202,-0.213,0.014,0.218,0.218,0.252,0.252
0.203,-0.360,0.014,0.229,0.229,0.276,0.276
0.203,-0.343,0.014,0.212,0.212,0.249,0.249
0.201,-0.343,0.013,0.235,0.235,0.246,0.246
0.199,-0.294,0.012,0.214,0.214,0.233,0.233
0.199,-0.327,0.012,0.223,0.223,0.258,0.258
0.203,-0.327,0.014,0.214,0.214,0.250,0.250
0.205,-0.327,0.014,0.226,0.226,0.247,0.247
0.204,-0.327,0.014,0.209,0.209,0.243,0.243
0.204,-0.311,0.014,0.230,0.230,0.249,0.249
0.203,-0.311,0.014,0.209,0.209,0.252,0.252
0.203,-0.327,0.014,0.224,0.224,0.250,0.250
0.202,-0.311,0.013,0.212,0.212,0.249,0.249
0.203,-0.327,0.014,0.229,0.229,0.241,0.241
0.203,-0.311,0.014,0.209,0.209,0.250,0.250
0.203,-0.196,0.014,0.221,0.221,0.252,0.252
0.202,0.065,0.014,0.208,0.208,0.247,0.247
0.200,0.179,0.014,0.215,0.215,0.250,0.250
0.198,0.032,0.014,0.206,0.206,0.252,0.252
0.201,-0.229,0.014,0.229,0.229,0.250,0.250
0.204,-0.343,0.015,0.218,0.218,0.272,0.272
0.205,-0.343,0.015,0.243,0.243,0.255,0.255
0.204,-0.327,0.015,0.226,0.226,0.246,0.246
0.203,-0.278,0.015,0.261,0.261,0.266,0.266
0.202,-0.311,0.015,0.230,0.230,0.276,0.276
0.203,-0.311,0.015,0.244,0.244,0.272,0.272
0.203,-0.196,0.015,0.238,0.238,0.275,0.275
0.203,0.097,0.015,0.250,0.250,0.249,0.249
0.203,0.016,0.015,0.238,0.238,0.278,0.278
0.203,-0.213,0.015,0.252,0.252,0.281,0.281
0.202,-0.343,0.014,0.235,0.235,0.267,0.267
0.200,-0.360,0.014,0.243,0.243,0.264,0.264
0.200,-0.327,0.014,0.230,0.230,0.264,0.264
0.200,-0.327,0.014,0.240,0.240,0.261,0.261
0.204,-0.294,0.015,0.227,0.227,0.262,0.262
0.204,-0.294,0.015,0.230,0.230,0.261,0.261
0.205,-0.311,0.015,0.227,0.227,0.259,0.259
0.202,-0.327,0.014,0.227,0.227,0.256,0.256
0.203,-0.327,0.015,0.227,0.227,0.253,0.253
0.203,-0.311,0.015,0.240,0.240,0.275,0.275
0.203,-0.311,0.015,0.229,0.229,0.253,0.253
0.202,-0.311,0.015,0.230,0.230,0.246,0.246
0.203,-0.311,0.015,0.227,0.227,0.259,0.259
0.201,-0.327,0.014,0.232,0.232,0.252,0.252
0.200,-0.180,0.014,0.232,0.232,0.253,0.253
0.199,0.065,0.014,0.221,0.221,0.250,0.250
0.201,-0.017,0.014,0.232,0.232,0.246,0.246
0.205,-0.099,0.014,0.230,0.230,0.252,0.252
0.205,0.016,0.014,0.230,0.230,0.261,0.261
0.203,0.146,0.014,0.230,0.230,0.252,0.252
0.203,0.146,0.014,0.238,0.238,0.259,0.259
0.203,0.179,0.014,0.220,0.220,0.241,0.241
0.204,-0.033,0.014,0.241,0.241,0.255,0.255
0.203,-0.229,0.014,0.224,0.224,0.255,0.255
0.203,-0.343,0.014,0.244,0.244,0.252,0.252
0.204,-0.343,0.014,0.215,0.215,0.255,0.255
0.202,-0.311,0.014,0.243,0.243,0.269,0.269
0.199,-0.327,0.013,0.230,0.230,0.258,0.258
0.199,-0.327,0.013,0.241,0.241,0.278,0.278
0.199,-0.311,0.013,0.227,0.227,0.252,0.252
0.203,-0.311,0.014,0.238,0.238,0.243,0.243
0.203,-0.311,0.014,0.215,0.215,0.249,0.249
0.205,-0.311,0.015,0.226,0.226,0.243,0.243
0.203,-0.327,0.014,0.204,0.204,0.233,0.233
0.203,-0.327,0.014,0.220,0.220,0.233,0.233
0.203,-0.294,0.014,0.198,0.198,0.218,0.218
0.202,-0.311,0.014,0.224,0.224,0.230,0.230
0.203,-0.294,0.014,0.211,0.211,0.243,0.243
0.203,-0.180,0.014,0.227,0.227,0.229,0.229
0.203,0.065,0.014,0.206,0.206,0.232,0.232
0.201,0.163,0.014,0.233,0.233,0.232,0.232
0.200,0.212,0.014,0.212,0.212,0.255,0.255
0.199,0.146,0.014,0.229,0.229,0.221,0.221
0.201,0.195,0.014,0.214,0.214,0.241,0.241
0.204,0.114,0.014,0.229,0.229,0.247,0.247
0.205,0.130,0.013,0.221,0.221,0.249,0.249
0.204,0.097,0.014,0.224,0.224,0.243,0.243
0.203,0.130,0.014,0.232,0.232,0.258,0.258
0.203,-0.050,0.014,0.221,0.221,0.249,0.249
0.203,-0.262,0.014,0.230,0.230,0.247,0.247
0.202,-0.360,0.014,0.223,0.223,0.252,0.252
0.203,-0.409,0.014,0.226,0.226,0.258,0.258
0.203,-0.604,0.014,0.221,0.221,0.252,0.252
0.202,-0.800,0.013,0.218,0.218,0.249,0.249
0.200,-0.882,0.012,0.223,0.223,0.267,0.267
0.199,-0.866,0.011,0.224,0.224,0.250,0.250
0.200,-0.768,0.011,0.215,0.215,0.252,0.252
0.205,-0.588,0.015,0.226,0.226,0.253,0.253
0.205,-0.343,0.015,0.215,0.215,0.258,0.258
0.203,-0.148,0.014,0.224,0.224,0.250,0.250
0.203,0.065,0.014,0.206,0.206,0.250,0.250
0.202,0.163,0.015,0.224,0.224,0.250,0.250
0.203,0.163,0.014,0.212,0.212,0.249,0.249
0.203,0.146,0.014,0.212,0.212,0.249,0.249
0.203,0.114,0.014,0.208,0.208,0.247,0.247
0.203,0.163,0.014,0.221,0.221,0.246,0.246
0.203,-0.033,0.014,0.203,0.203,0.246,0.246
0.201,-0.229,0.014,0.229,0.229,0.252,0.252
0.200,-0.343,0.014,0.208,0.208,0.255,0.255
0.199,-0.409,0.014,0.229,0.229,0.247,0.247
0.203,-0.604,0.015,0.208,0.208,0.246,0.246
0.205,-0.784,0.017,0.240,0.240,0.253,0.253
0.204,-0.849,0.016,0.223,0.223,0.259,0.259
0.203,-0.833,0.016,0.247,0.247,0.298,0.298
0.202,-0.833,0.015,0.233,0.233,0.273,0.273
0.202,-0.800,0.015,0.255,0.255,0.258,0.258
0.203,-0.800,0.015,0.233,0.233,0.279,0.279
0.202,-0.800,0.015,0.252,0.252,0.266,0.266
0.203,-0.523,0.015,0.233,0.233,0.273,0.273
0.203,-0.360,0.015,0.246,0.246,0.264,0.264
0.202,-0.131,0.015,0.220,0.220,0.267,0.267
0.200,0.097,0.015,0.243,0.243,0.270,0.270
0.199,0.179,0.015,0.223,0.223,0.285,0.285
0.200,0.179,0.015,0.246,0.246,0.269,0.269
0.202,0.130,0.015,0.232,0.232,0.259,0.259
0.205,0.130,0.014,0.246,0.246,0.258,0.258
0.205,0.179,0.014,0.218,0.218,0.258,0.258
0.203,-0.017,0.014,0.247,0.247,0.240,0.240
0.203,-0.229,0.014,0.221,0.221,0.258,0.258
0.202,-0.343,0.014,0.240,0.240,0.264,0.264
0.203,-0.327,0.014,0.223,0.223,0.256,0.256
0.203,-0.180,0.014,0.235,0.235,0.252,0.252
0.204,0.081,0.014,0.227,0.227,0.253,0.253
0.202,0.212,0.014,0.227,0.227,0.252,0.252
0.200,0.016,0.015,0.237,0.237,0.252,0.252
0.199,-0.229,0.015,0.230,0.230,0.252,0.252
0.201,-0.327,0.015,0.221,0.221,0.255,0.255
0.205,-0.327,0.016,0.227,0.227,0.253,0.253
0.204,-0.327,0.016,0.230,0.230,0.262,0.262
0.204,-0.294,0.016,0.224,0.224,0.266,0.266
0.204,-0.294,0.016,0.227,0.227,0.252,0.252
0.203,-0.327,0.016,0.226,0.226,0.252,0.252
0.202,-0.180,0.016,0.237,0.237,0.253,0.253
0.203,0.065,0.016,0.227,0.227,0.258,0.258
0.203,0.195,0.016,0.244,0.244,0.261,0.261
0.203,0.195,0.016,0.233,0.233,0.256,0.256
0.203,0.130,0.016,0.240,0.240,0.273,0.273
0.201,0.130,0.016,0.226,0.226,0.259,0.259
0.200,-0.017,0.016,0.235,0.235,0.247,0.247
0.200,-0.262,0.016,0.221,0.221,0.252,0.252
0.202,-0.360,0.017,0.223,0.223,0.253,0.253
0.204,-0.343,0.018,0.217,0.217,0.249,0.249
0.205,-0.327,0.018,0.223,0.223,0.244,0.244
0.203,-0.311,0.017,0.201,0.201,0.223,0.223
0.203,-0.327,0.017,0.227,0.227,0.232,0.232
0.202,-0.311,0.017,0.203,0.203,0.252,0.252
0.203,-0.327,0.017,0.224,0.224,0.226,0.226
0.203,-0.180,0.017,0.197,0.197,0.229,0.229
0.203,0.065,0.017,0.227,0.227,0.232,0.232
0.203,0.163,0.017,0.203,0.203,0.237,0.237
0.203,0.163,0.017,0.227,0.227,0.223,0.223
0.201,0.114,0.018,0.206,0.206,0.246,0.246
0.200,0.163,0.018,0.237,0.237,0.243,0.243
0.199,-0.033,0.018,0.218,0.218,0.241,0.241
0.203,-0.229,0.018,0.227,0.227,0.240,0.240
0.205,-0.360,0.019,0.223,0.223,0.241,0.241
0.204,-0.360,0.018,0.229,0.229,0.247,0.247
0.203,-0.343,0.018,0.226,0.226,0.253,0.253
0.202,-0.278,0.018,0.218,0.218,0.250,0.250
0.203,-0.311,0.018,0.229,0.229,0.258,0.258
0.203,-0.180,0.018,0.220,0.220,0.255,0.255
0.203,0.032,0.018,0.224,0.224,0.252,0.252
0.203,0.163,0.018,0.223,0.223,0.276,0.276
0.203,0.163,0.018,0.224,0.224,0.255,0.255
0.201,0.163,0.018,0.226,0.226,0.249,0.249
0.199,-0.033,0.019,0.223,0.223,0.258,0.258
0.200,-0.229,0.019,0.218,0.218,0.256,0.256
0.204,-0.343,0.020,0.220,0.220,0.256,0.256
0.205,-0.343,0.020,0.209,0.209,0.253,0.253
0.204,-0.327,0.020,0.227,0.227,0.249,0.249
0.203,-0.327,0.020,0.221,0.221,0.255,0.255
0.203,-0.294,0.020,0.217,0.217,0.250,0.250
0.202,-0.327,0.019,0.208,0.208,0.255,0.255
0.203,-0.294,0.020,0.224,0.224,0.252,0.252
0.203,-0.311,0.020,0.203,0.203,0.256,0.256
0.203,-0.327,0.020,0.220,0.220,0.252,0.252
0.202,-0.327,0.019,0.204,0.204,0.243,0.243
0.201,-0.327,0.019,0.220,0.220,0.246,0.246
0.198,-0.376,0.018,0.197,0.197,0.247,0.247
0.199,-0.343,0.018,0.229,0.229,0.253,0.253
0.203,-0.327,0.019,0.214,0.214,0.252,0.252
0.205,-0.327,0.020,0.230,0.230,0.258,0.258
0.205,-0.294,0.020,0.227,0.227,0.262,0.262
0.204,-0.311,0.020,0.249,0.249,0.247,0.247
0.202,-0.311,0.019,0.235,0.235,0.270,0.270
0.203,-0.327,0.019,0.243,0.243,0.279,0.279
0.202,-0.180,0.019,0.237,0.237,0.276,0.276
0.202,0.065,0.019,0.246,0.246,0.262,0.262
0.202,0.195,0.019,0.218,0.218,0.258,0.258
0.203,0.163,0.019,0.246,0.246,0.273,0.273
0.202,0.146,0.019,0.227,0.227,0.255,0.255
0.200,0.146,0.020,0.246,0.246,0.270,0.270
0.199,0.163,0.020,0.233,0.233,0.279,0.279
0.199,-0.033,0.020,0.246,0.246,0.261,0.261
0.203,-0.245,0.020,0.218,0.218,0.256,0.256
0.205,-0.196,0.021,0.243,0.243,0.253,0.253
0.205,0.032,0.021,0.220,0.220,0.262,0.262
0.203,0.179,0.021,0.240,0.240,0.258,0.258
0.202,0.195,0.021,0.212,0.212,0.256,0.256
0.203,-0.001,0.021,0.243,0.243,0.253,0.253
0.203,-0.115,0.021,0.223,0.223,0.258,0.258
0.203,0.032,0.021,0.235,0.235,0.253,0.253
0.203,0.163,0.021,0.232,0.232,0.267,0.267
0.203,0.016,0.021,0.232,0.232,0.253,0.253
0.201,-0.245,0.021,0.218,0.218,0.255,0.255
0.199,-0.343,0.020,0.233,0.233,0.255,0.255
0.200,-0.343,0.020,0.224,0.224,0.256,0.256
0.203,-0.327,0.022,0.237,0.237,0.255,0.255
0.206,-0.278,0.022,0.220,0.220,0.256,0.256
0.204,-0.327,0.022,0.244,0.244,0.264,0.264
0.204,-0.278,0.022,0.232,0.232,0.253,0.253
0.203,-0.327,0.021,0.235,0.235,0.250,0.250
0.203,-0.294,0.022,0.235,0.235,0.258,0.258
0.203,-0.327,0.022,0.230,0.230,0.261,0.261
0.203,-0.311,0.022,0.237,0.237,0.258,0.258
0.202,-0.327,0.021,0.226,0.226,0.255,0.255
0.203,-0.311,0.022,0.240,0.240,0.266,0.266
0.201,-0.311,0.021,0.227,0.227,0.259,0.259
0.199,-0.343,0.020,0.227,0.227,0.256,0.256
0.199,-0.311,0.020,0.227,0.227,0.253,0.253
0.204,-0.327,0.022,0.237,0.237,0.253,0.253
0.204,-0.180,0.022,0.214,0.214,0.250,0.250
0.206,0.048,0.022,0.218,0.218,0.249,0.249
0.203,0.212,0.022,0.200,0.200,0.215,0.215
0.204,0.146,0.022,0.217,0.217,0.230,0.230
0.203,0.130,0.022,0.197,0.197,0.237,0.237
0.203,0.179,0.022,0.220,0.220,0.229,0.229
0.203,-0.033,0.022,0.197,0.197,0.227,0.227
0.203,-0.229,0.022,0.220,0.220,0.221,0.221
0.203,-0.376,0.022,0.211,0.211,0.237,0.237
0.203,-0.343,0.022,0.227,0.227,0.237,0.237
0.201,-0.311,0.022,0.217,0.217,0.237,0.237
0.199,-0.294,0.021,0.220,0.220,0.240,0.240
0.200,-0.164,0.021,0.209,0.209,0.241,0.241
0.203,0.097,0.021,0.232,0.232,0.243,0.243
0.205,-0.001,0.021,0.218,0.218,0.264,0.264
0.204,-0.180,0.021,0.230,0.230,0.249,0.249
0.203,-0.343,0.021,0.230,0.230,0.249,0.249
0.202,-0.343,0.021,0.233,0.233,0.247,0.247
0.202,-0.327,0.021,0.224,0.224,0.246,0.246
0.203,-0.311,0.021,0.238,0.238,0.249,0.249
0.203,-0.180,0.021,0.221,0.221,0.255,0.255
0.202,0.065,0.021,0.227,0.227,0.250,0.250
0.203,0.163,0.021,0.215,0.215,0.255,0.255
0.201,0.195,0.021,0.226,0.226,0.261,0.261
0.199,-0.001,0.021,0.221,0.221,0.258,0.258
0.199,-0.245,0.021,0.218,0.218,0.250,0.250
0.202,-0.343,0.022,0.224,0.224,0.249,0.249
0.205,-0.311,0.023,0.215,0.215,0.253,0.253
0.204,-0.392,0.023,0.227,0.227,0.250,0.250
0.203,-0.588,0.022,0.214,0.214,0.249,0.249
0.203,-0.751,0.022,0.224,0.224,0.253,0.253
0.203,-0.556,0.022,0.208,0.208,0.255,0.255
0.203,-0.360,0.022,0.212,0.212,0.252,0.252
0.203,-0.131,0.022,0.211,0.211,0.249,0.249
0.203,0.097,0.022,0.212,0.212,0.246,0.246
0.203,0.195,0.022,0.197,0.197,0.250,0.250
0.202,0.163,0.022,0.227,0.227,0.252,0.252
0.199,0.146,0.023,0.214,0.214,0.252,0.252
0.199,0.114,0.023,0.221,0.221,0.250,0.250
0.203,0.146,0.022,0.206,0.206,0.255,0.255
0.204,-0.001,0.022,0.227,0.227,0.275,0.275
0.205,-0.229,0.022,0.220,0.220,0.258,0.258
0.204,-0.327,0.022,0.233,0.233,0.267,0.267
0.203,-0.360,0.022,0.230,0.230,0.272,0.272
0.202,-0.343,0.021,0.246,0.246,0.267,0.267
0.203,-0.604,0.022,0.221,0.221,0.275,0.275
0.203,-0.800,0.021,0.250,0.250,0.273,0.273
0.203,-0.849,0.021,0.229,0.229,0.267,0.267
0.203,-0.866,0.022,0.250,0.250,0.269,0.269
0.203,-0.751,0.022,0.223,0.223,0.273,0.273
0.201,-0.523,0.020,0.246,0.246,0.262,0.262
0.200,-0.311,0.020,0.223,0.223,0.272,0.272
0.199,-0.099,0.020,0.240,0.240,0.262,0.262
0.204,0.065,0.020,0.218,0.218,0.259,0.259
0.204,0.163,0.020,0.240,0.240,0.241,0.241
0.204,0.163,0.020,0.221,0.221,0.259,0.259
0.205,0.146,0.020,0.244,0.244,0.267,0.267
0.203,0.130,0.020,0.223,0.223,0.253,0.253
0.202,0.114,0.020,0.238,0.238,0.252,0.252
0.203,0.146,0.020,0.215,0.215,0.246,0.246
0.203,0.146,0.020,0.237,0.237,0.247,0.247
0.202,-0.001,0.020,0.220,0.220,0.244,0.244
0.203,-0.245,0.020,0.237,0.237,0.253,0.253
0.201,-0.343,0.019,0.224,0.224,0.264,0.264
0.199,-0.311,0.019,0.240,0.240,0.252,0.252
0.199,-0.392,0.019,0.221,0.221,0.249,0.249
0.203,-0.588,0.021,0.250,0.250,0.249,0.249
0.204,-0.784,0.022,0.230,0.230,0.258,0.258
0.205,-0.833,0.022,0.237,0.237,0.259,0.259
0.205,-0.866,0.022,0.233,0.233,0.258,0.258
0.203,-0.751,0.020,0.232,0.232,0.252,0.252
0.202,-0.507,0.020,0.232,0.232,0.255,0.255
0.203,-0.327,0.021,0.237,0.237,0.255,0.255
0.203,-0.131,0.020,0.243,0.243,0.272,0.272
0.203,0.065,0.020,0.235,0.235,0.258,0.258
0.204,0.163,0.020,0.238,0.238,0.250,0.250
0.202,0.146,0.021,0.237,0.237,0.258,0.258
0.201,0.212,0.021,0.238,0.238,0.262,0.262
0.199,0.130,0.021,0.224,0.224,0.255,0.255
0.200,0.146,0.021,0.226,0.226,0.250,0.250
0.202,0.130,0.021,0.217,0.217,0.258,0.258
0.204,0.146,0.020,0.221,0.221,0.246,0.246
0.205,-0.033,0.020,0.198,0.198,0.243,0.243
0.203,-0.262,0.020,0.218,0.218,0.230,0.230
0.203,-0.376,0.020,0.208,0.208,0.237,0.237
0.202,-0.343,0.020,0.217,0.217,0.227,0.227
0.203,-0.360,0.020,0.200,0.200,0.233,0.233
0.202,-0.294,0.020,0.223,0.223,0.209,0.209
0.203,-0.294,0.020,0.203,0.203,0.227,0.227
0.203,-0.311,0.020,0.224,0.224,0.246,0.246
0.201,-0.311,0.020,0.209,0.209,0.240,0.240
0.200,-0.327,0.019,0.229,0.229,0.233,0.233
0.200,-0.262,0.019,0.215,0.215,0.235,0.235
0.200,-0.294,0.019,0.235,0.235,0.246,0.246
0.203,-0.148,0.020,0.217,0.217,0.246,0.246
0.205,0.065,0.020,0.244,0.244,0.246,0.246
0.205,0.195,0.020,0.209,0.209,0.246,0.246
0.203,0.179,0.020,0.232,0.232,0.255,0.255
0.202,0.163,0.021,0.218,0.218,0.258,0.258
0.203,0.146,0.020,0.233,0.233,0.270,0.270
0.203,0.130,0.020,0.218,0.218,0.253,0.253
0.202,0.146,0.020,0.232,0.232,0.238,0.238
0.203,0.163,0.020,0.221,0.221,0.255,0.255
0.202,0.163,0.021,0.224,0.224,0.256,0.256
0.199,0.130,0.021,0.233,0.233,0.256,0.256
0.198,0.130,0.021,0.217,0.217,0.258,0.258
0.203,0.130,0.020,0.224,0.224,0.270,0.270
0.205,0.114,0.020,0.220,0.220,0.256,0.256
0.205,0.163,0.020,0.220,0.220,0.256,0.256
0.204,-0.017,0.020,0.215,0.215,0.250,0.250
0.203,-0.229,0.020,0.215,0.215,0.253,0.253
0.202,-0.343,0.020,0.218,0.218,0.249,0.249
0.202,-0.294,0.020,0.224,0.224,0.253,0.253
0.203,-0.311,0.020,0.211,0.211,0.246,0.246
0.203,-0.294,0.020,0.223,0.223,0.249,0.249
0.204,-0.327,0.020,0.209,0.209,0.249,0.249
0.202,-0.311,0.020,0.218,0.218,0.249,0.249
0.200,-0.392,0.019,0.200,0.200,0.250,0.250
0.199,-0.327,0.019,0.223,0.223,0.246,0.246
0.200,-0.327,0.019,0.214,0.214,0.255,0.255
0.201,-0.311,0.019,0.227,0.227,0.253,0.253
0.204,-0.311,0.020,0.223,0.223,0.261,0.261
0.205,-0.311,0.021,0.246,0.246,0.284,0.284
0.203,-0.311,0.020,0.230,0.230,0.279,0.279
0.203,-0.164,0.020,0.247,0.247,0.269,0.269
0.202,0.048,0.020,0.230,0.230,0.282,0.282
0.203,0.195,0.020,0.241,0.241,0.266,0.266
0.203,0.163,0.020,0.226,0.226,0.266,0.266
0.203,0.130,0.020,0.244,0.244,0.275,0.275
0.203,0.114,0.020,0.221,0.221,0.272,0.272
0.202,0.130,0.020,0.238,0.238,0.269,0.269
0.200,-0.017,0.020,0.229,0.229,0.279,0.279
0.199,-0.229,0.020,0.238,0.238,0.291,0.291
0.199,-0.343,0.020,0.224,0.224,0.267,0.267
0.203,-0.327,0.021,0.243,0.243,0.258,0.258
0.205,-0.327,0.022,0.217,0.217,0.264,0.264
0.204,-0.294,0.022,0.240,0.240,0.262,0.262
0.203,-0.311,0.021,0.218,0.218,0.259,0.259
0.203,-0.327,0.021,0.241,0.241,0.259,0.259
0.203,-0.327,0.021,0.226,0.226,0.247,0.247
0.203,-0.311,0.021,0.237,0.237,0.258,0.258
0.203,-0.327,0.021,0.227,0.227,0.267,0.267
0.203,-0.294,0.021,0.241,0.241,0.256,0.256
0.203,-0.327,0.021,0.223,0.223,0.253,0.253
0.199,-0.343,0.020,0.238,0.238,0.241,0.241
0.200,-0.311,0.020,0.227,0.227,0.258,0.258
0.200,-0.311,0.020,0.241,0.241,0.258,0.258
0.204,-0.311,0.022,0.224,0.224,0.256,0.256
0.205,-0.311,0.022,0.237,0.237,0.252,0.252
0.203,-0.311,0.021,0.230,0.230,0.259,0.259
0.203,-0.278,0.021,0.233,0.233,0.255,0.255
0.203,-0.294,0.021,0.246,0.246,0.275,0.275
0.203,-0.164,0.021,0.230,0.230,0.255,0.255
0.204,0.081,0.021,0.237,0.237,0.255,0.255
0.203,0.163,0.021,0.232,0.232,0.261,0.261
0.202,0.163,0.021,0.243,0.243,0.261,0.261
0.203,0.130,0.021,0.229,0.229,0.252,0.252
0.200,0.016,0.022,0.233,0.233,0.253,0.253
0.199,0.130,0.022,0.227,0.227,0.243,0.243
0.200,0.130,0.021,0.232,0.232,0.252,0.252
0.201,0.130,0.021,0.221,0.221,0.253,0.253
0.203,0.146,0.021,0.226,0.226,0.246,0.246
0.205,-0.050,0.021,0.206,0.206,0.230,0.230
0.204,-0.262,0.021,0.214,0.214,0.230,0.230
0.203,-0.196,0.021,0.194,0.194,0.235,0.235
0.203,0.065,0.021,0.220,0.220,0.221,0.221
0.202,-0.001,0.021,0.198,0.198,0.232,0.232
0.203,-0.196,0.021,0.220,0.220,0.233,0.233
0.203,-0.180,0.021,0.203,0.203,0.237,0.237
0.203,0.016,0.021,0.233,0.233,0.238,0.238
0.202,0.212,0.021,0.211,0.211,0.258,0.258
0.200,0.048,0.021,0.237,0.237,0.233,0.233
0.199,-0.196,0.021,0.212,0.212,0.240,0.240
0.200,-0.343,0.021,0.240,0.240,0.240,0.240
0.204,-0.343,0.022,0.218,0.218,0.246,0.246
0.205,-0.311,0.023,0.230,0.230,0.247,0.247
0.203,-0.327,0.022,0.224,0.224,0.250,0.250
0.203,-0.294,0.022,0.235,0.235,0.230,0.230
0.203,-0.343,0.022,0.221,0.221,0.252,0.252
0.203,-0.311,0.022,0.235,0.235,0.256,0.256
0.203,-0.327,0.022,0.232,0.232,0.253,0.253
0.203,-0.180,0.022,0.230,0.230,0.249,0.249
0.203,0.081,0.022,0.221,0.221,0.246,0.246
0.202,0.179,0.022,0.224,0.224,0.258,0.258
0.199,0.195,0.023,0.221,0.221,0.255,0.255
0.199,0.146,0.023,0.212,0.212,0.250,0.250
0.203,0.114,0.023,0.224,0.224,0.249,0.249
0.205,0.097,0.022,0.215,0.215,0.249,0.249
0.204,0.146,0.022,0.227,0.227,0.255,0.255
0.203,-0.033,0.022,0.220,0.220,0.272,0.272
0.203,-0.229,0.022,0.223,0.223,0.249,0.249
0.202,-0.343,0.022,0.215,0.215,0.241,0.241
0.203,-0.327,0.022,0.215,0.215,0.252,0.252
0.203,-0.327,0.022,0.209,0.209,0.249,0.249
0.203,-0.311,0.022,0.217,0.217,0.250,0.250
0.202,-0.278,0.022,0.201,0.201,0.249,0.249
0.201,-0.343,0.022,0.221,0.221,0.247,0.247
0.199,-0.278,0.021,0.206,0.206,0.249,0.249
0.199,-0.294,0.021,0.227,0.227,0.252,0.252
0.199,-0.327,0.021,0.212,0.212,0.258,0.258
0.203,-0.311,0.023,0.240,0.240,0.255,0.255
0.205,-0.311,0.023,0.223,0.223,0.247,0.247
0.205,-0.196,0.023,0.238,0.238,0.270,0.270
0.204,0.081,0.023,0.229,0.229,0.261,0.261
0.203,-0.001,0.023,0.249,0.249,0.270,0.270
0.203,-0.213,0.023,0.220,0.220,0.285,0.285
0.203,-0.311,0.023,0.253,0.253,0.266,0.266
0.203,-0.229,0.023,0.233,0.233,0.270,0.270
0.203,0.048,0.023,0.250,0.250,0.275,0.275
0.203,0.195,0.023,0.230,0.230,0.270,0.270
0.201,0.163,0.023,0.244,0.244,0.258,0.258
0.199,0.163,0.024,0.226,0.226,0.266,0.266
0.198,-0.033,0.024,0.244,0.244,0.270,0.270
0.200,-0.229,0.024,0.227,0.227,0.266,0.266
0.204,-0.343,0.025,0.241,0.241,0.262,0.262
0.205,-0.360,0.025,0.218,0.218,0.288,0.288
0.203,-0.311,0.025,0.243,0.243,0.255,0.255
0.203,-0.262,0.025,0.227,0.227,0.246,0.246
0.203,-0.180,0.025,0.238,0.238,0.255,0.255
0.203,0.065,0.025,0.226,0.226,0.258,0.258
0.203,0.163,0.025,0.233,0.233,0.253,0.253
0.203,0.179,0.025,0.224,0.224,0.258,0.258
0.203,0.146,0.025,0.230,0.230,0.235,0.235
0.201,0.130,0.025,0.230,0.230,0.256,0.256
0.198,0.130,0.025,0.237,0.237,0.259,0.259
0.199,0.130,0.025,0.224,0.224,0.256,0.256
0.203,0.163,0.025,0.235,0.235,0.252,0.252
0.204,-0.017,0.024,0.235,0.235,0.241,0.241
0.203,-0.229,0.024,0.227,0.227,0.256,0.256
0.204,-0.327,0.025,0.230,0.230,0.264,0.264
0.202,-0.343,0.024,0.227,0.227,0.259,0.259
0.203,-0.311,0.024,0.237,0.237,0.255,0.255
0.202,-0.278,0.024,0.218,0.218,0.252,0.252
0.203,-0.180,0.024,0.244,0.244,0.252,0.252
0.203,0.081,0.024,0.223,0.223,0.272,0.272
0.203,0.163,0.024,0.243,0.243,0.255,0.255
0.201,0.146,0.024,0.226,0.226,0.255,0.255
0.199,-0.082,0.024,0.240,0.240,0.259,0.259
0.199,-0.262,0.024,0.226,0.226,0.255,0.255
0.203,-0.360,0.026,0.230,0.230,0.252,0.252
0.204,-0.392,0.026,0.215,0.215,0.249,0.249
0.204,-0.327,0.026,0.227,0.227,0.241,0.241
0.205,-0.327,0.026,0.200,0.200,0.233,0.233
0.203,-0.327,0.026,0.215,0.215,0.238,0.238
0.202,-0.311,0.026,0.206,0.206,0.241,0.241
0.203,-0.343,0.026,0.221,0.221,0.233,0.233
0.203,-0.164,0.026,0.203,0.203,0.250,0.250
0.203,0.081,0.026,0.232,0.232,0.229,0.229
0.203,0.032,0.026,0.208,0.208,0.226,0.226
0.203,-0.229,0.026,0.227,0.227,0.233,0.233
0.201,-0.294,0.025,0.211,0.211,0.243,0.243
0.199,-0.360,0.025,0.229,0.229,0.233,0.233
0.199,-0.294,0.025,0.214,0.214,0.244,0.244
0.201,-0.327,0.025,0.223,0.223,0.232,0.232
0.205,-0.294,0.026,0.226,0.226,0.246,0.246
0.204,-0.327,0.026,0.227,0.227,0.253,0.253
0.204,-0.311,0.026,0.230,0.230,0.250,0.250
0.203,-0.327,0.026,0.218,0.218,0.244,0.244
0.202,-0.294,0.026,0.233,0.233,0.241,0.241
0.203,-0.327,0.026,0.226,0.226,0.253,0.253
0.204,-0.311,0.026,0.221,0.221,0.247,0.247
0.203,-0.294,0.026,0.220,0.220,0.252,0.252
0.202,-0.327,0.026,0.221,0.221,0.252,0.252
0.201,-0.311,0.025,0.212,0.212,0.250,0.250
0.199,-0.311,0.024,0.224,0.224,0.250,0.250
0.201,-0.327,0.025,0.217,0.217,0.270,0.270
0.203,-0.327,0.026,0.233,0.233,0.252,0.252
0.205,-0.327,0.027,0.212,0.212,0.246,0.246
0.205,-0.343,0.026,0.227,0.227,0.249,0.249
0.204,-0.180,0.026,0.209,0.209,0.255,0.255
0.203,0.032,0.026,0.226,0.226,0.250,0.250
0.203,0.212,0.026,0.212,0.212,0.252,0.252
0.203,0.163,0.026,0.223,0.223,0.243,0.243
0.203,0.163,0.026,0.203,0.203,0.249,0.249
0.202,0.130,0.026,0.224,0.224,0.252,0.252
0.202,0.114,0.026,0.209,0.209,0.252,0.252
0.202,0.146,0.026,0.229,0.229,0.247,0.247
0.199,0.081,0.026,0.206,0.206,0.226,0.226
0.198,0.114,0.027,0.237,0.237,0.244,0.244
0.203,-0.033,0.026,0.214,0.214,0.258,0.258
0.203,-0.262,0.026,0.237,0.237,0.252,0.252
0.204,-0.343,0.027,0.224,0.224,0.256,0.256
0.204,-0.409,0.027,0.253,0.253,0.275,0.275
0.203,-0.604,0.026,0.235,0.235,0.284,0.284
0.203,-0.735,0.026,0.243,0.243,0.288,0.288
0.202,-0.556,0.026,0.244,0.244,0.276,0.276
0.203,-0.343,0.026,0.250,0.250,0.278,0.278
0.202,-0.245,0.026,0.230,0.230,0.273,0.273
0.203,-0.148,0.026,0.249,0.249,0.270,0.270
0.203,0.081,0.026,0.232,0.232,0.278,0.278
0.201,0.195,0.026,0.230,0.230,0.272,0.272
0.200,0.114,0.026,0.233,0.233,0.253,0.253
0.199,0.163,0.026,0.233,0.233,0.262,0.262
0.202,0.130,0.026,0.224,0.224,0.272,0.272
0.204,0.146,0.026,0.237,0.237,0.266,0.266
0.205,0.130,0.026,0.232,0.232,0.261,0.261
0.205,0.163,0.026,0.230,0.230,0.275,0.275
0.203,0.195,0.026,0.223,0.223,0.258,0.258
0.202,0.097,0.026,0.224,0.224,0.250,0.250
0.203,0.146,0.026,0.224,0.224,0.256,0.256
0.203,0.130,0.026,0.220,0.220,0.261,0.261
0.202,0.163,0.026,0.230,0.230,0.256,0.256
0.203,0.163,0.026,0.220,0.220,0.253,0.253
0.201,-0.033,0.026,0.232,0.232,0.246,0.246
0.200,-0.245,0.026,0.217,0.217,0.253,0.253
0.199,-0.327,0.026,0.240,0.240,0.258,0.258
0.202,-0.327,0.027,0.218,0.218,0.258,0.258
0.205,-0.327,0.028,0.229,0.229,0.252,0.252
0.205,-0.294,0.027,0.221,0.221,0.241,0.241
0.203,-0.164,0.027,0.237,0.237,0.249,0.249
0.203,0.081,0.027,0.221,0.221,0.261,0.261
0.203,0.179,0.027,0.241,0.241,0.253,0.253
0.203,0.179,0.027,0.217,0.217,0.255,0.255
0.203,0.146,0.027,0.243,0.243,0.255,0.255
0.203,0.130,0.027,0.224,0.224,0.258,0.258
0.202,0.130,0.027,0.247,0.247,0.272,0.272
0.202,0.146,0.027,0.232,0.232,0.256,0.256
0.200,0.032,0.027,0.240,0.240,0.249,0.249
0.199,0.195,0.028,0.223,0.223,0.252,0.252
0.200,0.375,0.027,0.240,0.240,0.255,0.255
0.204,0.293,0.026,0.220,0.220,0.255,0.255
0.204,0.163,0.026,0.230,0.230,0.246,0.246
0.205,0.130,0.026,0.215,0.215,0.217,0.217
0.203,0.097,0.026,0.226,0.226,0.230,0.230
0.203,0.130,0.026,0.212,0.212,0.244,0.244
0.202,0.130,0.026,0.226,0.226,0.227,0.227
0.203,-0.017,0.026,0.215,0.215,0.232,0.232
0.202,-0.262,0.026,0.221,0.221,0.237,0.237
0.203,-0.360,0.026,0.200,0.200,0.235,0.235
0.203,-0.360,0.026,0.226,0.226,0.233,0.233
0.201,-0.311,0.025,0.218,0.218,0.243,0.243
0.199,-0.311,0.025,0.215,0.215,0.237,0.237
0.199,-0.278,0.025,0.221,0.221,0.241,0.241
0.201,-0.311,0.025,0.215,0.215,0.243,0.243
0.204,-0.180,0.026,0.230,0.230,0.249,0.249
0.205,0.048,0.026,0.211,0.211,0.250,0.250
0.204,0.163,0.026,0.229,0.229,0.255,0.255
0.204,0.195,0.026,0.212,0.212,0.249,0.249
0.203,-0.001,0.026,0.227,0.227,0.246,0.246
0.203,-0.245,0.026,0.209,0.209,0.250,0.250
0.203,-0.343,0.026,0.233,0.233,0.253,0.253
0.203,-0.343,0.026,0.209,0.209,0.241,0.241
0.202,-0.311,0.026,0.229,0.229,0.250,0.250
0.202,-0.164,0.026,0.215,0.215,0.259,0.259
0.199,0.065,0.026,0.229,0.229,0.249,0.249
0.199,0.016,0.026,0.209,0.209,0.252,0.252
0.200,-0.099,0.026,0.227,0.227,0.267,0.267
0.205,0.032,0.026,0.214,0.214,0.250,0.250
0.204,-0.033,0.026,0.227,0.227,0.241,0.241
0.204,-0.213,0.026,0.206,0.206,0.253,0.253
0.203,-0.196,0.026,0.233,0.233,0.253,0.253
0.203,0.016,0.026,0.211,0.211,0.255,0.255
0.202,0.016,0.026,0.233,0.233,0.243,0.243
0.203,-0.196,0.026,0.209,0.209,0.243,0.243
0.202,-0.343,0.026,0.232,0.232,0.243,0.243
0.203,-0.343,0.026,0.206,0.206,0.255,0.255
0.202,-0.409,0.026,0.226,0.226,0.252,0.252
0.201,-0.588,0.025,0.215,0.215,0.252,0.252
0.198,-0.572,0.024,0.233,0.233,0.233,0.233
0.199,-0.604,0.024,0.218,0.218,0.255,0.255
0.201,-0.474,0.025,0.244,0.244,0.262,0.262
0.205,-0.376,0.027,0.235,0.235,0.259,0.259
0.205,-0.311,0.027,0.241,0.241,0.281,0.281
0.204,-0.131,0.026,0.243,0.243,0.281,0.281
0.203,0.097,0.026,0.244,0.244,0.278,0.278
0.203,0.195,0.026,0.237,0.237,0.288,0.288
0.203,0.016,0.026,0.240,0.240,0.273,0.273
0.203,-0.115,0.026,0.241,0.241,0.282,0.282
0.204,0.048,0.026,0.238,0.238,0.272,0.272
0.203,0.146,0.027,0.230,0.230,0.267,0.267
0.202,-0.001,0.027,0.243,0.243,0.266,0.266
0.200,-0.229,0.026,0.238,0.238,0.278,0.278
0.199,-0.327,0.026,0.227,0.227,0.261,0.261
0.199,-0.392,0.026,0.238,0.238,0.266,0.266
0.203,-0.311,0.027,0.215,0.215,0.262,0.262
0.205,-0.327,0.028,0.224,0.224,0.266,0.266
0.205,-0.196,0.028,0.229,0.229,0.261,0.261
0.204,0.048,0.028,0.229,0.229,0.279,0.279
0.202,0.179,0.028,0.223,0.223,0.258,0.258
0.203,0.179,0.028,0.233,0.233,0.250,0.250
0.203,0.130,0.028,0.224,0.224,0.264,0.264
0.203,0.163,0.028,0.233,0.233,0.258,0.258
0.202,-0.033,0.028,0.214,0.214,0.261,0.261
0.202,-0.229,0.028,0.237,0.237,0.252,0.252
0.200,-0.343,0.028,0.218,0.218,0.221,0.221
0.199,-0.343,0.027,0.230,0.230,0.247,0.247
0.199,-0.311,0.027,0.218,0.218,0.258,0.258
0.205,-0.294,0.029,0.238,0.238,0.253,0.253
0.204,-0.294,0.029,0.224,0.224,0.252,0.252
0.204,-0.278,0.029,0.233,0.233,0.237,0.237
0.203,-0.311,0.028,0.232,0.232,0.255,0.255
0.203,-0.294,0.028,0.243,0.243,0.259,0.259
0.203,-0.327,0.028,0.221,0.221,0.259,0.259
0.203,-0.294,0.029,0.250,0.250,0.253,0.253
0.203,-0.180,0.028,0.230,0.230,0.255,0.255
0.203,0.065,0.028,0.246,0.246,0.256,0.256
0.203,0.195,0.029,0.221,0.221,0.276,0.276
0.200,-0.001,0.029,0.252,0.252,0.258,0.258
0.200,-0.229,0.029,0.230,0.230,0.252,0.252
0.199,-0.376,0.028,0.244,0.244,0.247,0.247
0.201,-0.360,0.029,0.224,0.224,0.250,0.250
0.204,-0.180,0.030,0.230,0.230,0.247,0.247
0.205,0.097,0.030,0.212,0.212,0.237,0.237
0.203,-0.001,0.030,0.214,0.214,0.224,0.224
0.203,-0.050,0.030,0.211,0.211,0.237,0.237
0.203,0.016,0.030,0.209,0.209,0.232,0.232
0.202,0.146,0.030,0.209,0.209,0.238,0.238
0.202,0.146,0.030,0.211,0.211,0.227,0.227
0.203,0.163,0.030,0.221,0.221,0.255,0.255
0.203,0.163,0.030,0.211,0.211,0.235,0.235
0.203,-0.017,0.030,0.224,0.224,0.233,0.233
0.200,-0.262,0.030,0.209,0.209,0.240,0.240
0.200,-0.327,0.030,0.224,0.224,0.244,0.244
0.200,-0.343,0.030,0.211,0.211,0.240,0.240
0.202,-0.327,0.030,0.226,0.226,0.238,0.238
0.205,-0.294,0.031,0.209,0.209,0.220,0.220
0.205,-0.343,0.031,0.232,0.232,0.241,0.241
0.203,-0.294,0.031,0.212,0.212,0.258,0.258
0.202,-0.311,0.030,0.237,0.237,0.243,0.243
0.202,-0.294,0.030,0.221,0.221,0.249,0.249
0.203,-0.294,0.030,0.233,0.233,0.250,0.250
0.203,-0.294,0.031,0.212,0.212,0.255,0.255
0.203,-0.327,0.031,0.240,0.240,0.249,0.249
0.203,-0.294,0.031,0.218,0.218,0.243,0.243
0.201,-0.327,0.030,0.227,0.227,0.252,0.252
0.199,-0.294,0.029,0.220,0.220,0.255,0.255
0.199,-0.343,0.029,0.227,0.227,0.255,0.255
0.205,-0.327,0.031,0.215,0.215,0.264,0.264
0.204,-0.327,0.031,0.235,0.235,0.241,0.241
0.205,-0.327,0.031,0.217,0.217,0.246,0.246
0.203,-0.196,0.031,0.233,0.233,0.247,0.247
0.202,0.065,0.031,0.215,0.215,0.256,0.256
0.203,-0.001,0.031,0.229,0.229,0.250,0.250
0.203,-0.196,0.031,0.212,0.212,0.253,0.253
0.203,-0.343,0.031,0.215,0.215,0.243,0.243
0.203,-0.327,0.031,0.217,0.217,0.252,0.252
0.203,-0.327,0.031,0.218,0.218,0.246,0.246
0.202,-0.245,0.031,0.218,0.218,0.252,0.252
0.200,-0.311,0.030,0.221,0.221,0.249,0.249
0.199,-0.327,0.030,0.230,0.230,0.261,0.261
0.200,-0.294,0.030,0.221,0.221,0.256,0.256
0.204,-0.327,0.031,0.232,0.232,0.258,0.258
0.205,-0.294,0.032,0.232,0.232,0.273,0.273
0.203,-0.327,0.031,0.240,0.240,0.272,0.272
0.204,-0.294,0.031,0.227,0.227,0.264,0.264
0.202,-0.196,0.031,0.249,0.249,0.272,0.272
0.203,0.065,0.031,0.233,0.233,0.255,0.255
0.203,0.179,0.031,0.238,0.238,0.270,0.270
0.203,0.179,0.031,0.237,0.237,0.284,0.284
0.203,0.195,0.031,0.241,0.241,0.275,0.275
0.203,-0.017,0.031,0.223,0.223,0.264,0.264
0.201,-0.245,0.031,0.238,0.238,0.261,0.261
0.199,-0.327,0.030,0.221,0.221,0.267,0.267
0.199,-0.409,0.030,0.235,0.235,0.258,0.258
0.204,-0.621,0.032,0.212,0.212,0.261,0.261
0.204,-0.735,0.033,0.237,0.237,0.262,0.262
0.205,-0.556,0.033,0.220,0.220,0.262,0.262
0.204,-0.360,0.033,0.243,0.243,0.255,0.255
0.203,-0.278,0.033,0.218,0.218,0.282,0.282
0.203,-0.278,0.033,0.247,0.247,0.247,0.247
0.202,-0.294,0.032,0.223,0.223,0.244,0.244
0.204,-0.327,0.033,0.237,0.237,0.253,0.253
0.203,-0.294,0.033,0.226,0.226,0.256,0.256
0.203,-0.164,0.033,0.240,0.240,0.255,0.255
0.201,0.097,0.033,0.220,0.220,0.255,0.255
0.199,0.179,0.033,0.237,0.237,0.243,0.243
0.199,0.179,0.033,0.227,0.227,0.256,0.256
0.204,0.212,0.032,0.240,0.240,0.258,0.258
0.205,0.130,0.032,0.230,0.230,0.256,0.256
0.204,0.130,0.032,0.235,0.235,0.255,0.255
0.204,-0.066,0.032,0.238,0.238,0.243,0.243
0.203,-0.278,0.032,0.221,0.221,0.256,0.256
0.202,-0.229,0.032,0.241,0.241,0.259,0.259
0.203,0.016,0.032,0.229,0.229,0.255,0.255
0.203,-0.033,0.032,0.240,0.240,0.253,0.253
0.203,-0.213,0.032,0.223,0.223,0.255,0.255
0.203,-0.360,0.032,0.241,0.241,0.255,0.255
0.203,-0.490,0.032,0.220,0.220,0.267,0.267
0.200,-0.343,0.030,0.230,0.230,0.256,0.256
0.198,-0.327,0.030,0.221,0.221,0.250,0.250
0.199,-0.311,0.030,0.235,0.235,0.252,0.252
0.204,-0.196,0.031,0.211,0.211,0.247,0.247
0.205,0.032,0.031,0.221,0.221,0.230,0.230
0.203,0.130,0.032,0.208,0.208,0.230,0.230
0.203,0.163,0.032,0.220,0.220,0.224,0.224
0.202,0.114,0.032,0.203,0.203,0.233,0.233
0.202,0.114,0.032,0.217,0.217,0.240,0.240
0.203,0.130,0.032,0.209,0.209,0.240,0.240
0.203,0.130,0.032,0.223,0.223,0.233,0.233
0.203,0.163,0.032,0.211,0.211,0.259,0.259
0.203,0.146,0.032,0.230,0.230,0.241,0.241
0.202,0.163,0.032,0.215,0.215,0.233,0.233
0.199,-0.017,0.032,0.224,0.224,0.237,0.237
0.198,-0.245,0.032,0.218,0.218,0.246,0.246
0.202,-0.327,0.033,0.224,0.224,0.243,0.243
0.205,-0.294,0.034,0.221,0.221,0.249,0.249
0.204,-0.294,0.034,0.214,0.214,0.235,0.235
0.204,-0.327,0.034,0.224,0.224,0.250,0.250
0.204,-0.327,0.033,0.217,0.217,0.255,0.255
0.202,-0.278,0.033,0.229,0.229,0.252,0.252
0.202,-0.311,0.033,0.206,0.206,0.247,0.247
0.204,-0.294,0.033,0.238,0.238,0.252,0.252
0.203,-0.294,0.033,0.214,0.214,0.258,0.258
0.203,-0.327,0.033,0.235,0.235,0.243,0.243
0.202,-0.294,0.033,0.218,0.218,0.249,0.249
0.199,-0.311,0.032,0.233,0.233,0.246,0.246
0.200,-0.294,0.032,0.217,0.217,0.256,0.256
0.202,-0.294,0.033,0.232,0.232,0.253,0.253
0.205,-0.278,0.034,0.220,0.220,0.262,0.262
0.205,-0.245,0.034,0.235,0.235,0.253,0.253
0.204,-0.180,0.033,0.212,0.212,0.249,0.249
0.203,0.097,0.033,0.232,0.232,0.249,0.249
0.203,-0.001,0.033,0.223,0.223,0.252,0.252
0.203,-0.196,0.033,0.224,0.224,0.249,0.249
0.203,-0.343,0.033,0.212,0.212,0.250,0.250
0.203,-0.360,0.034,0.223,0.223,0.244,0.244
0.203,-0.294,0.033,0.209,0.209,0.255,0.255
0.202,-0.262,0.033,0.218,0.218,0.255,0.255
0.200,-0.294,0.033,0.226,0.226,0.258,0.258
0.199,-0.311,0.032,0.224,0.224,0.249,0.249
0.203,-0.311,0.033,0.227,0.227,0.241,0.241
0.201,-0.294,0.033,0.237,0.237,0.253,0.253
0.204,-0.311,0.034,0.241,0.241,0.267,0.267
0.205,-0.294,0.034,0.241,0.241,0.273,0.273
0.203,-0.311,0.034,0.229,0.229,0.278,0.278
0.203,-0.294,0.033,0.237,0.237,0.275,0.275
0.203,-0.196,0.034,0.241,0.241,0.267,0.267
0.204,0.081,0.034,0.226,0.226,0.298,0.298
0.203,0.195,0.034,0.238,0.238,0.273,0.273
0.203,0.163,0.034,0.227,0.227,0.259,0.259
0.203,0.179,0.034,0.233,0.233,0.270,0.270
0.202,-0.033,0.034,0.227,0.227,0.272,0.272
0.200,-0.229,0.033,0.240,0.240,0.266,0.266
0.200,-0.360,0.033,0.217,0.217,0.267,0.267
0.200,-0.327,0.033,0.230,0.230,0.272,0.272
0.204,-0.327,0.035,0.214,0.214,0.258,0.258
0.204,-0.311,0.035,0.230,0.230,0.249,0.249
0.205,-0.294,0.035,0.208,0.208,0.252,0.252
0.204,-0.311,0.035,0.233,0.233,0.258,0.258
0.203,-0.327,0.035,0.214,0.214,0.253,0.253
0.203,-0.180,0.034,0.230,0.230,0.253,0.253
0.203,0.065,0.034,0.220,0.220,0.249,0.249
0.203,0.195,0.034,0.233,0.233,0.252,0.252
0.203,0.016,0.034,0.218,0.218,0.264,0.264
0.202,-0.262,0.034,0.233,0.233,0.255,0.255
0.199,-0.343,0.034,0.221,0.221,0.255,0.255
0.198,-0.196,0.033,0.238,0.238,0.250,0.250
0.203,0.065,0.033,0.218,0.218,0.253,0.253
0.205,0.228,0.033,0.247,0.247,0.250,0.250
0.205,-0.001,0.033,0.227,0.227,0.261,0.261
0.204,-0.115,0.033,0.247,0.247,0.255,0.255
0.203,0.032,0.033,0.232,0.232,0.252,0.252
0.203,0.146,0.033,0.252,0.252,0.252,0.252
0.203,0.163,0.033,0.230,0.230,0.259,0.259
0.203,0.146,0.033,0.238,0.238,0.259,0.259
0.203,0.097,0.033,0.235,0.235,0.255,0.255
0.203,0.163,0.033,0.241,0.241,0.255,0.255
0.202,-0.033,0.033,0.227,0.227,0.258,0.258
0.201,-0.229,0.033,0.237,0.237,0.252,0.252
0.199,-0.327,0.032,0.235,0.235,0.252,0.252
0.199,-0.343,0.033,0.226,0.226,0.243,0.243
0.204,-0.311,0.034,0.220,0.220,0.247,0.247
0.205,-0.311,0.035,0.215,0.215,0.226,0.226
0.204,-0.278,0.034,0.220,0.220,0.233,0.233
0.204,-0.294,0.034,0.197,0.197,0.246,0.246
0.203,-0.327,0.034,0.212,0.212,0.226,0.226
0.203,-0.327,0.034,0.200,0.200,0.227,0.227
0.203,-0.180,0.034,0.218,0.218,0.246,0.246
0.203,0.048,0.034,0.197,0.197,0.240,0.240
0.203,0.195,0.034,0.226,0.226,0.232,0.232
0.202,0.179,0.034,0.212,0.212,0.244,0.244
0.203,0.130,0.034,0.224,0.224,0.237,0.237
0.200,0.097,0.034,0.206,0.206,0.243,0.243
0.198,0.130,0.034,0.230,0.230,0.243,0.243
0.200,0.130,0.034,0.212,0.212,0.259,0.259
0.204,0.130,0.034,0.229,0.229,0.247,0.247
0.205,0.130,0.033,0.218,0.218,0.246,0.246
0.205,0.146,0.034,0.229,0.229,0.253,0.253
0.203,0.146,0.034,0.218,0.218,0.256,0.256
0.202,-0.033,0.034,0.235,0.235,0.253,0.253
0.203,-0.229,0.034,0.221,0.221,0.252,0.252
0.203,-0.327,0.034,0.235,0.235,0.240,0.240
0.203,-0.360,0.034,0.217,0.217,0.255,0.255
0.203,-0.311,0.034,0.240,0.240,0.264,0.264
0.203,-0.311,0.034,0.220,0.220,0.252,0.252
0.200,-0.294,0.033,0.227,0.227,0.256,0.256
0.198,-0.327,0.032,0.215,0.215,0.255,0.255
0.203,-0.311,0.034,0.230,0.230,0.250,0.250
0.204,-0.311,0.034,0.224,0.224,0.246,0.246
0.206,-0.311,0.035,0.215,0.215,0.252,0.252
0.204,-0.327,0.034,0.232,0.232,0.255,0.255
0.203,-0.294,0.034,0.215,0.215,0.249,0.249
0.202,-0.311,0.034,0.215,0.215,0.252,0.252
0.202,-0.164,0.034,0.214,0.214,0.249,0.249
0.202,0.048,0.034,0.220,0.220,0.252,0.252
0.203,0.163,0.034,0.201,0.201,0.246,0.246
0.203,0.163,0.034,0.212,0.212,0.246,0.246
0.203,0.163,0.034,0.214,0.214,0.252,0.252
0.200,-0.033,0.034,0.224,0.224,0.252,0.252
0.199,-0.262,0.034,0.215,0.215,0.258,0.258
0.199,-0.343,0.034,0.237,0.237,0.240,0.240
0.204,-0.360,0.035,0.226,0.226,0.259,0.259
0.205,-0.294,0.036,0.237,0.237,0.264,0.264
0.204,-0.311,0.035,0.230,0.230,0.272,0.272
0.204,-0.294,0.036,0.233,0.233,0.275,0.275
0.203,-0.327,0.035,0.233,0.233,0.275,0.275
0.203,-0.311,0.035,0.246,0.246,0.266,0.266
0.203,-0.278,0.035,0.229,0.229,0.295,0.295
0.202,-0.196,0.035,0.241,0.241,0.266,0.266
0.203,0.065,0.035,0.223,0.223,0.266,0.266
0.204,0.179,0.035,0.249,0.249,0.264,0.264
0.203,0.163,0.035,0.224,0.224,0.266,0.266
0.200,0.114,0.035,0.238,0.238,0.264,0.264
0.199,0.130,0.036,0.223,0.223,0.264,0.264
0.203,-0.033,0.035,0.241,0.241,0.282,0.282
0.201,-0.262,0.035,0.215,0.215,0.261,0.261
0.204,-0.343,0.036,0.241,0.241,0.250,0.250
0.204,-0.196,0.036,0.224,0.224,0.253,0.253
0.204,0.065,0.036,0.238,0.238,0.252,0.252
0.203,0.032,0.036,0.224,0.224,0.255,0.255
0.203,-0.066,0.036,0.244,0.244,0.256,0.256
0.203,0.032,0.036,0.220,0.220,0.250,0.250
0.202,0.130,0.036,0.227,0.227,0.253,0.253
0.203,0.163,0.036,0.224,0.224,0.270,0.270
0.202,0.130,0.036,0.229,0.229,0.261,0.261
0.200,0.163,0.037,0.229,0.229,0.256,0.256
0.199,0.130,0.037,0.233,0.233,0.247,0.247
0.202,0.130,0.036,0.235,0.235,0.256,0.256
0.205,0.146,0.036,0.238,0.238,0.253,0.253
0.205,0.130,0.036,0.224,0.224,0.259,0.259
0.203,0.163,0.036,0.232,0.232,0.255,0.255
0.203,0.114,0.036,0.238,0.238,0.262,0.262
0.203,0.163,0.036,0.232,0.232,0.258,0.258
0.202,-0.033,0.036,0.238,0.238,0.262,0.262
0.204,-0.245,0.036,0.227,0.227,0.258,0.258
0.203,-0.360,0.036,0.238,0.238,0.253,0.253
0.203,-0.343,0.036,0.224,0.224,0.255,0.255
0.202,-0.148,0.036,0.249,0.249,0.252,0.252
0.200,0.097,0.036,0.223,0.223,0.256,0.256
0.198,0.016,0.036,0.226,0.226,0.253,0.253
0.203,-0.229,0.036,0.211,0.211,0.270,0.270
0.202,-0.327,0.036,0.224,0.224,0.241,0.241
0.205,-0.360,0.037,0.203,0.203,0.221,0.221
0.206,-0.343,0.037,0.214,0.214,0.224,0.224
0.204,-0.180,0.037,0.197,0.197,0.238,0.238
0.203,0.065,0.037,0.221,0.221,0.229,0.229
0.202,0.179,0.037,0.204,0.204,0.230,0.230
0.203,0.212,0.037,0.226,0.226,0.224,0.224
0.203,0.130,0.037,0.214,0.214,0.240,0.240
0.203,0.130,0.037,0.229,0.229,0.238,0.238
0.203,0.130,0.037,0.206,0.206,0.241,0.241
0.202,0.146,0.037,0.233,0.233,0.233,0.233
0.200,0.130,0.037,0.218,0.218,0.243,0.243
0.199,0.146,0.037,0.223,0.223,0.246,0.246
0.201,0.130,0.037,0.220,0.220,0.230,0.230
0.204,0.163,0.037,0.227,0.227,0.241,0.241
0.204,0.163,0.037,0.224,0.224,0.252,0.252
0.205,-0.050,0.037,0.232,0.232,0.246,0.246
0.204,-0.229,0.037,0.229,0.229,0.249,0.249
0.202,-0.343,0.036,0.224,0.224,0.258,0.258
0.203,-0.311,0.036,0.220,0.220,0.258,0.258
0.204,-0.311,0.037,0.217,0.217,0.249,0.249
0.203,-0.278,0.037,0.224,0.224,0.255,0.255
0.203,-0.164,0.037,0.218,0.218,0.258,0.258
0.202,0.097,0.036,0.220,0.220,0.250,0.250
0.199,0.016,0.037,0.215,0.215,0.253,0.253
0.199,-0.196,0.037,0.230,0.230,0.256,0.256
0.203,-0.327,0.037,0.209,0.209,0.252,0.252
0.205,-0.360,0.038,0.235,0.235,0.252,0.252
0.204,-0.294,0.038,0.209,0.209,0.253,0.253
0.204,-0.311,0.038,0.223,0.223,0.249,0.249
0.203,-0.164,0.038,0.204,0.204,0.246,0.246
0.203,0.097,0.038,0.221,0.221,0.247,0.247
0.202,0.179,0.038,0.200,0.200,0.246,0.246
0.203,0.163,0.038,0.217,0.217,0.249,0.249
0.203,0.130,0.038,0.214,0.214,0.250,0.250
0.203,0.130,0.038,0.224,0.224,0.250,0.250
0.202,0.065,0.038,0.211,0.211,0.253,0.253
0.200,0.130,0.038,0.229,0.229,0.235,0.235
0.198,0.146,0.038,0.220,0.220,0.252,0.252
0.200,0.130,0.038,0.233,0.233,0.261,0.261
0.204,0.163,0.037,0.224,0.224,0.259,0.259
0.205,0.130,0.037,0.240,0.240,0.275,0.275
0.203,0.130,0.037,0.227,0.227,0.279,0.279
0.204,0.114,0.037,0.250,0.250,0.272,0.272
0.203,0.130,0.038,0.238,0.238,0.299,0.299
0.202,-0.001,0.038,0.256,0.256,0.264,0.264
0.203,-0.213,0.038,0.233,0.233,0.256,0.256
0.202,-0.343,0.037,0.249,0.249,0.267,0.267
0.203,-0.343,0.038,0.233,0.233,0.279,0.279
0.203,-0.311,0.038,0.243,0.243,0.269,0.269
0.202,-0.278,0.037,0.224,0.224,0.272,0.272
0.200,-0.278,0.037,0.246,0.246,0.261,0.261
0.199,-0.294,0.037,0.229,0.229,0.264,0.264
0.203,-0.311,0.038,0.230,0.230,0.270,0.270
0.204,-0.311,0.038,0.238,0.238,0.264,0.264
0.205,-0.294,0.038,0.238,0.238,0.256,0.256
0.204,-0.294,0.038,0.227,0.227,0.253,0.253
0.203,-0.327,0.038,0.233,0.233,0.261,0.261
0.202,-0.294,0.037,0.226,0.226,0.247,0.247
0.203,-0.164,0.038,0.229,0.229,0.255,0.255
0.203,0.048,0.038,0.226,0.226,0.262,0.262
0.203,0.228,0.038,0.224,0.224,0.246,0.246
0.203,0.032,0.038,0.226,0.226,0.246,0.246
0.202,-0.213,0.037,0.221,0.221,0.255,0.255
0.200,-0.327,0.037,0.235,0.235,0.255,0.255
0.199,-0.327,0.037,0.224,0.224,0.249,0.249
0.202,-0.311,0.038,0.227,0.227,0.253,0.253
0.205,-0.278,0.038,0.223,0.223,0.261,0.261
0.205,-0.131,0.038,0.237,0.237,0.258,0.258
0.204,0.081,0.038,0.220,0.220,0.255,0.255
0.203,0.032,0.038,0.237,0.237,0.243,0.243
0.203,-0.213,0.038,0.229,0.229,0.258,0.258
0.202,-0.327,0.038,0.250,0.250,0.262,0.262
0.203,-0.360,0.039,0.221,0.221,0.261,0.261
0.203,-0.327,0.039,0.249,0.249,0.252,0.252
0.203,-0.311,0.039,0.230,0.230,0.252,0.252
0.203,-0.278,0.038,0.240,0.240,0.250,0.250
0.201,-0.278,0.038,0.220,0.220,0.246,0.246
0.199,-0.311,0.037,0.249,0.249,0.250,0.250
0.199,-0.196,0.037,0.215,0.215,0.261,0.261
0.204,0.032,0.038,0.224,0.224,0.246,0.246
0.205,0.195,0.038,0.212,0.212,0.243,0.243
0.203,0.179,0.038,0.227,0.227,0.232,0.232
0.204,0.130,0.038,0.211,0.211,0.237,0.237
0.204,0.130,0.038,0.224,0.224,0.258,0.258
0.203,0.146,0.038,0.214,0.214,0.238,0.238
0.203,0.130,0.038,0.223,0.223,0.227,0.227
0.203,0.163,0.038,0.209,0.209,0.241,0.241
0.203,0.130,0.038,0.218,0.218,0.240,0.240
0.203,-0.033,0.038,0.220,0.220,0.235,0.235
0.203,-0.262,0.038,0.220,0.220,0.233,0.233
0.199,-0.343,0.037,0.218,0.218,0.227,0.227
0.199,-0.343,0.037,0.230,0.230,0.243,0.243
0.200,-0.294,0.037,0.229,0.229,0.258,0.258
0.203,-0.327,0.038,0.218,0.218,0.250,0.250
0.205,-0.294,0.039,0.227,0.227,0.250,0.250
0.204,-0.311,0.039,0.215,0.215,0.249,0.249
0.203,-0.294,0.038,0.227,0.227,0.252,0.252
0.203,-0.180,0.038,0.211,0.211,0.244,0.244
0.202,0.097,0.038,0.229,0.229,0.253,0.253
0.203,-0.001,0.038,0.214,0.214,0.262,0.262
0.203,-0.066,0.038,0.230,0.230,0.256,0.256
0.203,0.016,0.038,0.211,0.211,0.253,0.253
0.202,0.146,0.038,0.229,0.229,0.276,0.276
0.200,0.163,0.038,0.211,0.211,0.253,0.253
0.200,0.130,0.038,0.226,0.226,0.243,0.243
0.201,0.097,0.038,0.212,0.212,0.252,0.252
0.203,0.130,0.038,0.232,0.232,0.250,0.250
0.205,-0.033,0.038,0.208,0.208,0.252,0.252
0.204,-0.245,0.038,0.237,0.237,0.249,0.249
0.204,-0.360,0.038,0.214,0.214,0.264,0.264
0.203,-0.327,0.038,0.230,0.230,0.247,0.247
0.203,-0.327,0.038,0.212,0.212,0.249,0.249
0.204,-0.327,0.038,0.224,0.224,0.250,0.250
0.203,-0.278,0.038,0.212,0.212,0.250,0.250
0.203,-0.311,0.038,0.221,0.221,0.249,0.249
0.203,-0.294,0.038,0.215,0.215,0.252,0.252
0.202,-0.311,0.037,0.224,0.224,0.255,0.255
0.199,-0.311,0.036,0.218,0.218,0.258,0.258
0.201,-0.311,0.037,0.238,0.238,0.253,0.253
0.200,-0.311,0.037,0.230,0.230,0.259,0.259
0.205,-0.164,0.038,0.253,0.253,0.272,0.272
0.205,0.065,0.038,0.237,0.237,0.273,0.273
0.205,0.195,0.038,0.253,0.253,0.270,0.270
0.202,0.179,0.038,0.238,0.238,0.258,0.258
0.203,0.130,0.038,0.243,0.243,0.273,0.273
0.202,0.146,0.038,0.240,0.240,0.287,0.287
0.203,0.130,0.038,0.238,0.238,0.270,0.270
0.203,0.130,0.038,0.229,0.229,0.270,0.270
0.203,0.130,0.038,0.238,0.238,0.266,0.266
0.203,0.130,0.038,0.235,0.235,0.273,0.273
0.202,0.163,0.038,0.224,0.224,0.250,0.250
0.199,0.114,0.039,0.237,0.237,0.267,0.267
0.199,-0.050,0.039,0.226,0.226,0.275,0.275
0.202,-0.245,0.039,0.233,0.233,0.266,0.266
0.205,-0.343,0.040,0.220,0.220,0.256,0.256
0.205,-0.360,0.040,0.233,0.233,0.252,0.252
0.203,-0.343,0.039,0.220,0.220,0.256,0.256
0.204,-0.294,0.039,0.227,0.227,0.259,0.259
0.202,-0.294,0.039,0.223,0.223,0.253,0.253
0.203,-0.278,0.039,0.224,0.224,0.256,0.256
0.203,-0.278,0.039,0.215,0.215,0.253,0.253
0.202,-0.294,0.039,0.230,0.230,0.250,0.250
0.203,-0.148,0.039,0.220,0.220,0.279,0.279
0.202,0.065,0.039,0.233,0.233,0.252,0.252
0.199,0.195,0.040,0.215,0.215,0.246,0.246
0.200,0.212,0.039,0.240,0.240,0.249,0.249
0.202,0.163,0.039,0.220,0.220,0.253,0.253
0.205,0.146,0.038,0.241,0.241,0.255,0.255
0.204,0.114,0.038,0.224,0.224,0.256,0.256
0.203,0.130,0.039,0.252,0.252,0.253,0.253
0.203,0.130,0.039,0.227,0.227,0.252,0.252
0.203,0.146,0.039,0.247,0.247,0.252,0.252
0.203,-0.017,0.039,0.227,0.227,0.258,0.258
0.203,-0.245,0.039,0.249,0.249,0.256,0.256
0.203,-0.343,0.039,0.223,0.223,0.256,0.256
0.203,-0.311,0.039,0.253,0.253,0.256,0.256
0.202,-0.311,0.038,0.226,0.226,0.253,0.253
0.200,-0.311,0.038,0.238,0.238,0.252,0.252
0.199,-0.327,0.037,0.227,0.227,0.255,0.255
0.199,-0.294,0.037,0.230,0.230,0.246,0.246
0.204,-0.294,0.039,0.214,0.214,0.233,0.233
0.205,-0.311,0.039,0.209,0.209,0.243,0.243
0.204,-0.294,0.039,0.214,0.214,0.246,0.246
0.204,-0.327,0.039,0.211,0.211,0.224,0.224
0.203,-0.311,0.039,0.217,0.217,0.233,0.233
0.202,-0.311,0.038,0.212,0.212,0.235,0.235
0.203,-0.294,0.039,0.218,0.218,0.240,0.240
0.203,-0.343,0.038,0.211,0.211,0.233,0.233
0.203,-0.294,0.038,0.217,0.217,0.255,0.255
0.202,-0.327,0.038,0.215,0.215,0.235,0.235
0.202,-0.343,0.038,0.221,0.221,0.246,0.246
0.199,-0.327,0.037,0.209,0.209,0.244,0.244
0.199,-0.294,0.037,0.223,0.223,0.246,0.246
0.200,-0.180,0.038,0.212,0.212,0.252,0.252
0.205,0.048,0.038,0.230,0.230,0.250,0.250
0.205,0.179,0.038,0.209,0.209,0.227,0.227
0.203,0.016,0.038,0.237,0.237,0.249,0.249
0.203,-0.245,0.038,0.217,0.217,0.259,0.259
0.203,-0.360,0.038,0.238,0.238,0.247,0.247
0.203,-0.196,0.038,0.214,0.214,0.247,0.247
0.203,0.016,0.038,0.238,0.238,0.241,0.241
0.203,0.195,0.038,0.218,0.218,0.258,0.258
0.203,0.179,0.038,0.232,0.232,0.244,0.244
0.202,0.163,0.038,0.221,0.221,0.255,0.255
0.199,-0.033,0.038,0.237,0.237,0.252,0.252
0.200,-0.245,0.038,0.221,0.221,0.256,0.256
0.203,-0.343,0.039,0.232,0.232,0.252,0.252
0.205,-0.360,0.040,0.227,0.227,0.237,0.237
0.204,-0.294,0.040,0.230,0.230,0.252,0.252
0.203,-0.327,0.039,0.215,0.215,0.261,0.261
0.202,-0.327,0.039,0.230,0.230,0.249,0.249
0.203,-0.311,0.039,0.212,0.212,0.252,0.252
0.203,-0.327,0.039,0.217,0.217,0.255,0.255
0.203,-0.294,0.039,0.215,0.215,0.252,0.252
0.203,-0.180,0.039,0.220,0.220,0.262,0.262
0.203,0.097,0.039,0.223,0.223,0.249,0.249
0.202,0.179,0.039,0.221,0.221,0.243,0.243
0.200,0.179,0.040,0.227,0.227,0.249,0.249
0.198,0.130,0.040,0.227,0.227,0.259,0.259
0.204,0.097,0.039,0.227,0.227,0.261,0.261
0.202,0.130,0.040,0.233,0.233,0.276,0.276
0.205,0.163,0.039,0.243,0.243,0.264,0.264
0.205,0.114,0.039,0.230,0.230,0.270,0.270
0.204,0.179,0.039,0.244,0.244,0.285,0.285
0.203,-0.017,0.039,0.229,0.229,0.267,0.267
0.203,-0.229,0.039,0.238,0.238,0.269,0.269
0.202,-0.360,0.039,0.227,0.227,0.266,0.266
0.203,-0.360,0.039,0.243,0.243,0.273,0.273
0.203,-0.294,0.039,0.224,0.224,0.255,0.255
0.203,-0.294,0.039,0.233,0.233,0.270,0.270
0.203,-0.311,0.039,0.221,0.221,0.273,0.273
0.200,-0.311,0.038,0.238,0.238,0.261,0.261
0.199,-0.294,0.038,0.212,0.212,0.252,0.252
0.201,-0.392,0.039,0.243,0.243,0.261,0.261
0.204,-0.556,0.041,0.215,0.215,0.261,0.261
0.205,-0.523,0.041,0.235,0.235,0.261,0.261
0.205,-0.360,0.041,0.221,0.221,0.256,0.256
0.203,-0.294,0.040,0.238,0.238,0.249,0.249
0.203,-0.278,0.040,0.214,0.214,0.253,0.253
0.202,-0.294,0.040,0.237,0.237,0.255,0.255
0.203,-0.343,0.040,0.221,0.221,0.278,0.278
0.203,-0.294,0.040,0.240,0.240,0.252,0.252
0.202,-0.327,0.040,0.221,0.221,0.247,0.247
0.202,-0.180,0.040,0.247,0.247,0.255,0.255
0.200,0.097,0.040,0.227,0.227,0.255,0.255
0.199,-0.001,0.040,0.246,0.246,0.249,0.249
0.204,-0.196,0.040,0.227,0.227,0.253,0.253
0.205,-0.360,0.041,0.249,0.249,0.255,0.255
0.205,-0.327,0.041,0.227,0.227,0.255,0.255
0.204,-0.294,0.040,0.235,0.235,0.253,0.253
0.203,-0.294,0.040,0.237,0.237,0.256,0.256
0.202,-0.360,0.040,0.241,0.241,0.255,0.255
0.202,-0.278,0.040,0.235,0.235,0.261,0.261
0.203,-0.311,0.040,0.233,0.233,0.255,0.255
0.202,-0.311,0.040,0.246,0.246,0.253,0.253
0.204,-0.294,0.040,0.233,0.233,0.253,0.253
0.202,-0.294,0.040,0.227,0.227,0.255,0.255
0.201,-0.294,0.039,0.223,0.223,0.258,0.258
0.199,-0.311,0.039,0.226,0.226,0.255,0.255
0.203,-0.327,0.040,0.208,0.208,0.247,0.247
0.201,-0.311,0.039,0.220,0.220,0.232,0.232
0.204,-0.311,0.040,0.201,0.201,0.220,0.220
0.205,-0.294,0.041,0.220,0.220,0.233,0.233
0.204,-0.278,0.041,0.197,0.197,0.233,0.233
0.203,-0.311,0.040,0.220,0.220,0.237,0.237
0.202,-0.311,0.040,0.204,0.204,0.237,0.237
0.203,-0.294,0.040,0.220,0.220,0.224,0.224
0.203,-0.294,0.040,0.206,0.206,0.237,0.237
0.203,-0.294,0.040,0.224,0.224,0.250,0.250
0.203,-0.164,0.040,0.208,0.208,0.233,0.233
0.202,0.065,0.040,0.227,0.227,0.233,0.233
0.199,0.016,0.040,0.218,0.218,0.240,0.240
0.198,-0.196,0.040,0.237,0.237,0.247,0.247
0.202,-0.327,0.041,0.215,0.215,0.243,0.243
0.205,-0.327,0.042,0.238,0.238,0.246,0.246
0.204,-0.327,0.042,0.215,0.215,0.243,0.243
0.204,-0.294,0.042,0.237,0.237,0.249,0.249
0.203,-0.294,0.042,0.221,0.221,0.252,0.252
0.203,-0.311,0.041,0.233,0.233,0.278,0.278
0.203,-0.294,0.041,0.220,0.220,0.258,0.258
0.203,-0.294,0.041,0.227,0.227,0.250,0.250
0.202,-0.311,0.041,0.218,0.218,0.258,0.258
0.203,-0.327,0.041,0.229,0.229,0.249,0.249
0.202,-0.311,0.041,0.230,0.230,0.252,0.252
0.199,-0.294,0.040,0.221,0.221,0.252,0.252
0.200,-0.294,0.041,0.237,0.237,0.244,0.244
0.201,-0.327,0.041,0.220,0.220,0.252,0.252
0.205,-0.311,0.042,0.217,0.217,0.259,0.259
0.205,-0.196,0.042,0.218,0.218,0.252,0.252
0.203,0.081,0.042,0.218,0.218,0.249,0.249
0.203,0.195,0.042,0.211,0.211,0.238,0.238
0.202,0.016,0.042,0.209,0.209,0.252,0.252
0.203,-0.245,0.042,0.212,0.212,0.255,0.255
0.203,-0.343,0.042,0.220,0.220,0.250,0.250
0.203,-0.360,0.042,0.208,0.208,0.246,0.246
0.203,-0.441,0.042,0.218,0.218,0.249,0.249
0.202,-0.556,0.042,0.206,0.206,0.255,0.255
0.201,-0.507,0.041,0.223,0.223,0.266,0.266
0.199,-0.245,0.040,0.218,0.218,0.256,0.256
0.202,0.097,0.041,0.233,0.233,0.258,0.258
0.200,0.048,0.041,0.233,0.233,0.273,0.273
0.204,-0.196,0.041,0.243,0.243,0.276,0.276
0.205,-0.213,0.041,0.230,0.230,0.273,0.273
0.204,0.048,0.041,0.255,0.255,0.282,0.282
0.203,0.146,0.041,0.226,0.226,0.243,0.243
0.203,0.179,0.041,0.258,0.258,0.267,0.267
0.203,0.130,0.041,0.221,0.221,0.282,0.282
0.202,0.130,0.041,0.241,0.241,0.269,0.269
0.203,0.130,0.041,0.218,0.218,0.264,0.264
0.203,0.130,0.041,0.249,0.249,0.266,0.266
0.202,0.130,0.041,0.221,0.221,0.269,0.269
0.199,0.146,0.042,0.243,0.243,0.259,0.259
0.199,-0.050,0.042,0.223,0.223,0.261,0.261
0.199,-0.262,0.042,0.229,0.229,0.259,0.259
0.204,-0.229,0.043,0.217,0.217,0.258,0.258
0.205,0.032,0.043,0.240,0.240,0.256,0.256
0.203,0.016,0.043,0.221,0.221,0.288,0.288
0.203,-0.196,0.043,0.229,0.229,0.258,0.258
0.202,-0.327,0.043,0.220,0.220,0.249,0.249
0.203,-0.327,0.043,0.237,0.237,0.247,0.247
0.203,-0.327,0.043,0.221,0.221,0.255,0.255
0.202,-0.311,0.043,0.238,0.238,0.250,0.250
0.203,-0.311,0.043,0.224,0.224,0.253,0.253
0.202,-0.294,0.043,0.237,0.237,0.261,0.261
0.200,-0.311,0.042,0.223,0.223,0.258,0.258
0.198,-0.327,0.042,0.232,0.232,0.253,0.253
0.203,-0.327,0.043,0.235,0.235,0.255,0.255
0.204,-0.196,0.044,0.227,0.227,0.255,0.255
0.205,0.065,0.044,0.230,0.230,0.256,0.256
0.203,0.163,0.044,0.235,0.235,0.258,0.258
0.203,0.179,0.044,0.240,0.240,0.249,0.249
0.203,0.016,0.044,0.226,0.226,0.258,0.258
0.202,-0.278,0.044,0.244,0.244,0.262,0.262
0.203,-0.343,0.044,0.230,0.230,0.261,0.261
0.203,-0.343,0.044,0.233,0.233,0.255,0.255
0.203,-0.311,0.044,0.227,0.227,0.240,0.240
0.203,-0.327,0.044,0.237,0.237,0.253,0.253
0.202,-0.294,0.044,0.215,0.215,0.249,0.249
0.199,-0.327,0.043,0.224,0.224,0.252,0.252
0.202,-0.327,0.044,0.224,0.224,0.249,0.249
0.201,-0.311,0.043,0.220,0.220,0.238,0.238
0.205,-0.311,0.044,0.201,0.201,0.232,0.232
0.205,-0.311,0.045,0.223,0.223,0.233,0.233
0.203,-0.196,0.044,0.203,0.203,0.233,0.233
0.203,0.048,0.044,0.224,0.224,0.229,0.229
0.203,0.130,0.044,0.194,0.194,0.235,0.235
0.202,0.179,0.044,0.229,0.229,0.241,0.241
0.202,-0.017,0.044,0.214,0.214,0.240,0.240
0.203,-0.245,0.044,0.226,0.226,0.241,0.241
0.203,-0.360,0.044,0.214,0.214,0.244,0.244
0.203,-0.327,0.044,0.233,0.233,0.235,0.235
0.201,-0.311,0.044,0.220,0.220,0.253,0.253
0.199,-0.311,0.043,0.229,0.229,0.240,0.240
0.202,-0.311,0.044,0.227,0.227,0.240,0.240
0.204,-0.311,0.045,0.226,0.226,0.249,0.249
0.205,-0.311,0.045,0.218,0.218,0.256,0.256
0.204,-0.311,0.045,0.226,0.226,0.246,0.246
0.204,-0.311,0.045,0.227,0.227,0.258,0.258
0.203,-0.311,0.044,0.220,0.220,0.262,0.262
0.203,-0.343,0.044,0.224,0.224,0.258,0.258
0.203,-0.294,0.044,0.223,0.223,0.255,0.255
0.203,-0.311,0.044,0.230,0.230,0.278,0.278
0.203,-0.294,0.044,0.206,0.206,0.261,0.261
0.203,-0.311,0.044,0.233,0.233,0.249,0.249
0.200,-0.327,0.044,0.209,0.209,0.247,0.247
0.198,-0.164,0.043,0.226,0.226,0.249,0.249
0.203,0.065,0.043,0.206,0.206,0.249,0.249
0.203,-0.001,0.043,0.227,0.227,0.250,0.250
0.205,-0.229,0.043,0.212,0.212,0.249,0.249
0.204,-0.327,0.043,0.226,0.226,0.250,0.250
0.204,-0.343,0.043,0.211,0.211,0.255,0.255
0.202,-0.327,0.043,0.224,0.224,0.252,0.252
0.203,-0.294,0.043,0.201,0.201,0.249,0.249
0.203,-0.294,0.043,0.226,0.226,0.230,0.230
0.203,-0.294,0.043,0.209,0.209,0.252,0.252
0.203,-0.311,0.043,0.224,0.224,0.258,0.258
0.203,-0.311,0.043,0.206,0.206,0.253,0.253
0.201,-0.311,0.042,0.238,0.238,0.255,0.255
0.200,-0.311,0.042,0.217,0.217,0.259,0.259
0.198,-0.311,0.041,0.250,0.250,0.252,0.252
0.203,-0.294,0.043,0.232,0.232,0.296,0.296
0.204,-0.294,0.043,0.253,0.253,0.273,0.273
0.204,-0.327,0.043,0.235,0.235,0.276,0.276
0.205,-0.327,0.043,0.252,0.252,0.279,0.279
0.204,-0.327,0.043,0.237,0.237,0.273,0.273
0.203,-0.294,0.043,0.255,0.255,0.270,0.270
0.203,-0.327,0.043,0.233,0.233,0.272,0.272
0.203,-0.262,0.043,0.249,0.249,0.249,0.249
0.204,-0.180,0.043,0.237,0.237,0.267,0.267
0.203,0.065,0.043,0.243,0.243,0.279,0.279
0.203,0.163,0.043,0.230,0.230,0.270,0.270
0.202,0.195,0.043,0.233,0.233,0.258,0.258
0.198,0.114,0.044,0.226,0.226,0.270,0.270
0.199,0.130,0.044,0.229,0.229,0.266,0.266
0.201,0.130,0.043,0.229,0.229,0.255,0.255
0.206,-0.050,0.043,0.230,0.230,0.250,0.250
0.205,-0.245,0.043,0.226,0.226,0.256,0.256
0.203,-0.360,0.042,0.235,0.235,0.258,0.258
0.204,-0.327,0.042,0.229,0.229,0.258,0.258
0.202,-0.311,0.042,0.215,0.215,0.266,0.266
0.204,-0.311,0.042,0.229,0.229,0.249,0.249
0.203,-0.327,0.042,0.220,0.220,0.252,0.252
0.202,-0.327,0.042,0.226,0.226,0.256,0.256
0.203,-0.311,0.042,0.221,0.221,0.256,0.256
0.201,-0.311,0.042,0.230,0.230,0.253,0.253
0.198,-0.294,0.041,0.221,0.221,0.250,0.250
0.200,-0.294,0.041,0.237,0.237,0.246,0.246
0.203,-0.164,0.042,0.220,0.220,0.255,0.255
0.205,0.081,0.042,0.240,0.240,0.259,0.259
0.204,0.179,0.042,0.217,0.217,0.250,0.250
0.203,0.179,0.043,0.243,0.243,0.250,0.250
0.203,0.179,0.043,0.221,0.221,0.241,0.241
0.203,-0.033,0.043,0.247,0.247,0.256,0.256
0.202,-0.229,0.042,0.224,0.224,0.262,0.262
0.203,-0.343,0.043,0.250,0.250,0.256,0.256
0.203,-0.343,0.043,0.229,0.229,0.252,0.252
0.203,-0.311,0.043,0.240,0.240,0.255,0.255
0.201,-0.294,0.042,0.232,0.232,0.253,0.253
0.199,-0.311,0.041,0.241,0.241,0.270,0.270
0.201,-0.327,0.042,0.217,0.217,0.244,0.244
0.200,-0.311,0.042,0.223,0.223,0.221,0.221
0.204,-0.311,0.043,0.215,0.215,0.237,0.237
0.204,-0.196,0.043,0.221,0.221,0.238,0.238
0.205,0.048,0.043,0.208,0.208,0.232,0.232
0.204,0.163,0.043,0.218,0.218,0.232,0.232
0.203,0.179,0.043,0.217,0.217,0.243,0.243
0.203,0.130,0.043,0.220,0.220,0.240,0.240
0.203,0.114,0.043,0.214,0.214,0.237,0.237
0.203,0.130,0.043,0.218,0.218,0.244,0.244
0.203,0.114,0.043,0.218,0.218,0.237,0.237
0.204,0.163,0.043,0.212,0.212,0.233,0.233
0.202,-0.001,0.043,0.226,0.226,0.241,0.241
0.200,-0.262,0.043,0.215,0.215,0.218,0.218
