Time [s],Phi [rad],STIM [ ],Fsee [N],Gamma [ ],Lcerel [ ],q [ ],Lmtc [m],fisomrel [ ]
0.0,1.8,1.0,18.048869569562303,0.0002929212981533387,1.3793306021945826,0.005022265566671568,0.288653,0.5411616525468601
0.0005,1.79999375,1.0,18.44964674910505,0.005900487550160524,1.3792832268859636,0.01374460381652565,0.2886527375,0.5412762557492687
0.001,1.799975,1.0,22.001367319233513,0.011476599789095146,1.3788993574813169,0.037098111961695664,0.28865195,0.5422043268502719
0.0015,1.79994375,1.0,31.908386998488727,0.017021434448096204,1.377975187272907,0.07263070395826869,0.2886506375,0.5444348144324329
0.002,1.7999,1.0,55.32774293678509,0.02253516696843471,1.3762558093894588,0.11711442190527373,0.2886488,0.5485700443261584
0.0025,1.79984375,1.0,100.00007828899972,0.028017971808604138,1.3737973466482232,0.16717791253260209,0.28864643749999996,0.554450075378661
0.003,1.7997750000000001,1.0,164.67325827596073,0.033470022449738616,1.3710760776296387,0.21996326128553065,0.28864354999999997,0.5609137264381454
0.0035,1.79969375,1.0,241.8623635367733,0.038891491397199766,1.3684565698957967,0.27327942883379713,0.2886401375,0.5670910589943364
0.004,1.7996,1.0,325.90200766795533,0.044282550190645656,1.3660390223432397,0.32549645788826087,0.2886362,0.572753297582925
0.0045000000000000005,1.7994937500000001,1.0,413.8533105418077,0.049643369409468494,1.3638154734326084,0.375483335644494,0.2886317375,0.5779282566677518
0.005,1.799375,1.0,504.0866540257063,0.05497411866450487,1.3617592695236662,0.4225379245728409,0.28862675,0.5826856853115543
0.0055,1.79924375,1.0,595.5007931806803,0.060274966635824205,1.3598469884230062,0.46629391771826517,0.2886212375,0.5870859213102451
0.006,1.7991000000000001,1.0,687.2296706793106,0.06554608104116992,1.3580609183808077,0.5066281897071659,0.2886152,0.5911746770672597
0.006500000000000001,1.79894375,1.0,778.5603244992064,0.0707876286396311,1.356387499251464,0.5435819656969046,0.2886086375,0.5949870866622697
0.007,1.798775,1.0,868.9079132422687,0.07599977536349545,1.3548158327923792,0.5772999189030941,0.28860155,0.5985514183668701
0.0075,1.79859375,1.0,957.780705743677,0.08118268593951007,1.3533370707560781,0.6079861761300299,0.2885939375,0.6018906710124816
0.008,1.7984,1.0,1044.8048708973297,0.08633652464704414,1.3519432516213896,0.6358733632410352,0.2885858,0.605025343233939
0.0085,1.79819375,1.0,1129.6598779348137,0.0914614543576327,1.3506277823434463,0.6612028556670605,0.2885771375,0.6079724433957809
0.009000000000000001,1.797975,1.0,1212.1010853849243,0.09655763703890896,1.3493846845011284,0.6842116573305456,0.28856795,0.6107472647833132
0.0095,1.79774375,1.0,1291.9673106033883,0.10162523443740479,1.3482082418572807,0.7051247217143586,0.2885582375,0.6133642229038951
0.01,1.7975,1.0,1369.1242300757926,0.10666440671886449,1.3470935616124364,0.7241512591236441,0.288548,0.6158356488749803
0.0105,1.79724375,1.0,1443.4797407308604,0.11167531294646246,1.3460361648097954,0.7414827764477574,0.2885372375,0.6181727443996433
0.011,1.796975,1.0,1514.9881326136747,0.11665811162720571,1.345031799986844,0.7572927105742466,0.28852595000000003,0.6203860235900462
0.0115,1.79669375,1.0,1583.655234027537,0.12161296147477235,1.3440762849160652,0.7717369630951797,0.2885141375,0.6224856829029295
0.012,1.7964,1.0,1649.4708473863707,0.1265400185835598,1.3431662272923133,0.7849553132671797,0.28850180000000003,0.6244800396873738
0.0125,1.79609375,1.0,1712.4468243533493,0.13143943834962168,1.3422984586209419,0.7970724614211813,0.2884889375,0.6263768023779571
0.013000000000000001,1.7957750000000001,1.0,1772.6292186192525,0.13631137599732748,1.3414698360628752,0.8081993608805281,0.28847555,0.6281835174081414
0.0135,1.79544375,1.0,1830.0825202368092,0.14115598610141086,1.3406773792697093,0.8184346819911477,0.2884616375,0.6299072807841921
0.014,1.7951000000000001,1.0,1884.8708679354547,0.14597342240622602,1.3399184310407986,0.8278662009724953,0.2884472,0.6315544012715621
0.0145,1.79474375,1.0,1937.048559957172,0.15076383639597865,1.3391907090253874,0.8365720337979947,0.2884322375,0.6331303026494101
0.015,1.794375,1.0,1986.6907953486332,0.15552737955487447,1.3384919308727203,0.8446216166596889,0.28841675,0.6346403467284998
0.0155,1.79399375,1.0,2033.8638537384693,0.16026420232845656,1.3378201091977773,0.8520768185597196,0.2884007375,0.6360892022372509
0.016,1.7936,1.0,2078.7023350379177,0.16497445641109126,1.3371727134485132,0.8589925663805124,0.2883842,0.6374826572250218
0.0165,1.7931937500000001,1.0,2121.2753480338597,0.16965829033797242,1.3365480626248645,0.8654180982023887,0.2883671375,0.6388246222686553
0.017,1.7927785199364055,1.0,2161.7780485911394,0.1743158512176765,1.3359449021157703,0.8713974986137174,0.288349697837329,0.640118057214367
0.0175,1.7923629006831845,1.0,2200.646977792122,0.17894728615877994,1.33536197731017,0.8769701811563076,0.28833224182869377,0.6413658934139448
0.018000000000000002,1.7919472814299637,1.0,2237.970966856709,0.1835527422698592,1.3347980335970024,0.8821714376753367,0.2883147858200585,0.6425710353940702
0.0185,1.7915316621767428,1.0,2273.811803545058,0.18813236560826035,1.3342519825646768,0.8870329622226023,0.2882973298114232,0.6437360081364254
0.019,1.7911160429235218,1.0,2308.216469438042,0.19268630140561763,1.333722938269406,0.8915832747648523,0.2882798738027879,0.6448628841608235
0.0195,1.790700423670301,1.0,2341.2333393113154,0.19721469299870648,1.3332100469698036,0.8958480399035162,0.2882624177941526,0.6459536498672873
0.02,1.79028480441708,1.0,2372.914718423518,0.20171768365467102,1.3327124581412355,0.8998503857988803,0.28824496178551734,0.6470102684872979
0.0205,1.7898691851638593,1.0,2403.301639427226,0.20619541315504317,1.3322294687602658,0.9036112191100888,0.28822750577688205,0.6480343752782894
0.021,1.7894535659106383,1.0,2432.4723001561824,0.21064802953574102,1.3317600497799384,0.9071493749402804,0.2882100497682468,0.6490282824298876
0.021500000000000002,1.7890379466574173,1.0,2460.468862082795,0.2150756720698861,1.3313035541083422,0.9104819853249261,0.28819259375961154,0.6499934790662651
0.022,1.7886223274041966,1.0,2487.331647446862,0.2194784790069758,1.3308593777939766,0.9136245959037829,0.28817513775097625,0.6509313524419091
0.0225,1.7882067081509756,1.0,2513.103395502951,0.2238565885965077,1.3304269168853406,0.9165913272326851,0.28815768174234097,0.6518432799669904
0.023,1.7877910888977548,1.0,2537.8291016011135,0.22821013908797919,1.3300055674309341,0.9193950251622582,0.2881402257337057,0.6527306296702398
0.0235,1.7873754696445339,1.0,2561.5558643557347,0.23253926873088773,1.329594725479256,0.9220473935735071,0.28812276972507045,0.6535947606385648
0.024,1.7869598503913129,1.0,2584.3327409002786,0.2368441157747308,1.3291937870788058,0.9245591117055478,0.2881053137164351,0.6544370234333989
0.0245,1.7865442311380921,1.0,2606.1932505352215,0.2411248135122999,1.3288023097605801,0.9269399640070662,0.2880878577077999,0.6552584218625878
0.025,1.7861286118848712,1.0,2627.195698084015,0.24538150390664062,1.3284196345202868,0.9291988706088221,0.2880704016991646,0.6560604070840601
0.025500000000000002,1.7857129926316504,1.0,2647.37071324656,0.24961431921435834,1.3280453733013904,0.9313440461911353,0.2880529456905293,0.6568438554067328
0.026000000000000002,1.7852973733784294,1.0,2666.749876508376,0.2538233916349105,1.3276791396748433,0.9333830280606179,0.288035489681894,0.6576096346363347
0.0265,1.7848817541252087,1.0,2685.3658229295165,0.25800885336775464,1.3273205472115983,0.9353227409475563,0.28801803367325873,0.6583586076948338
0.027,1.7844661348719877,1.0,2703.252175022215,0.2621708366123483,1.326969209482608,0.9371695550284038,0.2880005776646235,0.6590916328135153
0.0275,1.7840505156187667,1.0,2720.44347893836,0.26630947356814905,1.326624740058825,0.9389293377457761,0.2879831216559882,0.659809563716534
0.028,1.783634896365546,1.0,2736.975143969191,0.2704248964346143,1.3262867525112016,0.940607500156102,0.28796566564735293,0.6605132497949422
0.0285,1.783219277112325,1.0,2752.8694559491264,0.2745172312250294,1.3259549864849995,0.9422090540915874,0.28794820963871764,0.66120327418866
0.029,1.7828036578591042,1.0,2768.171502770123,0.278586616146171,1.3256289812082638,0.943738608918998,0.28793075363008236,0.6618806332821052
0.029500000000000002,1.7823880386058832,1.0,2782.903243609982,0.2826331774368068,1.3253084912978956,0.9452004555962121,0.2879132976214471,0.6625458720965784
0.03,1.7819724193526623,1.0,2797.08663066033,0.28665704108741813,1.3249932759001721,0.946598570015316,0.2878958416128118,0.6631995236596766
0.0305,1.7815568000994415,1.0,2810.7440793009187,0.290658333088486,1.3246830941613703,0.9479366396710104,0.28787838560417656,0.6638421185133889
0.031,1.7811411808462205,1.0,2823.898440576137,0.2946371794304916,1.3243777052277677,0.9492180882223022,0.28786092959554127,0.6644741847932636
0.0315,1.7807255615929998,1.0,2836.5729749584098,0.2985937061039161,1.3240768682456412,0.95044609767393,0.287843473586906,0.6650962483038818
0.032,1.7803099423397788,1.0,2848.791327396807,0.30252803909924064,1.3237803423612677,0.9516236284339927,0.2878260175782707,0.6657088325906259
0.0325,1.7798943230865578,1.0,2860.5766501591506,0.3064403037301178,1.3234878942990311,0.9527534381766453,0.2878085615696354,0.6663124433736571
0.033,1.779478703833337,1.0,2871.94272371604,0.3103306187101655,1.3231993767688166,0.9538381056833015,0.2877911055610002,0.666907407067119
0.0335,1.779063084580116,1.0,2882.921827285719,0.31419911847214294,1.3229144809657052,0.954880022968487,0.28777364955236484,0.6674943813222234
0.034,1.7786474653268953,1.0,2893.5278700669,0.31804592237009166,1.3226330634251018,0.9558814384067678,0.2877561935437296,0.6680736810744077
0.0345,1.7782318460736743,1.0,2903.774963228422,0.3218711497580532,1.3223549806824109,0.9568444536202555,0.2877387375350943,0.6686456199912071
0.035,1.7778162268204536,1.0,2913.6774090745453,0.32567491999006903,1.3220800892730373,0.9577710347813615,0.28772128152645904,0.6692105105034194
0.035500000000000004,1.7774006075672326,1.0,2923.2496906652327,0.3294573524201807,1.3218082457323856,0.9586630229197864,0.28770382551782375,0.6697686638349634
0.036000000000000004,1.7769849883140116,1.0,2932.5064618934457,0.3332185664024297,1.3215393065958605,0.959522143331838,0.28768636950918847,0.6703203900314197
0.0365,1.7765693690607909,1.0,2941.4625380184652,0.3369586812908575,1.3212731283988668,0.9603500141795547,0.28766891350055324,0.6708659979872618
0.037,1.77615374980757,1.0,2950.1328866556223,0.3406778164395056,1.321009567676809,0.9611481543577417,0.28765145749191795,0.6714057954717736
0.0375,1.7757381305543491,1.0,2958.532619222566,0.34437609120241564,1.3207484809650918,0.9619179906987302,0.28763400148328266,0.6719400891536549
0.038,1.7753225113011282,1.0,2966.666832823683,0.3480536124034733,1.320489813294261,0.9626608704149845,0.2876165454746474,0.6724690037455666
0.0385,1.7749068920479072,1.0,2974.5593296394104,0.35171051382692164,1.3202333474720354,0.9633780512452612,0.2875990894660121,0.6729929947922662
0.039,1.7744912727946864,1.0,2982.2188724190505,0.355346908318159,1.3199789985399042,0.9640707253373885,0.28758163345737686,0.673512246471301
0.0395,1.7740756535414655,1.0,2989.6538198388225,0.3589629080688683,1.3197266857508798,0.9647400161521129,0.2875641774487415,0.6740269337332849
0.04,1.7736600342882447,1.0,2996.8726051657472,0.3625586252707321,1.3194763283579747,0.9653869829205298,0.2875467214401063,0.674537230927639
0.0405,1.7732444150350237,1.0,3003.883732683729,0.36613417211543325,1.3192278456142013,0.9660126249987406,0.287529265431471,0.6750433118128689
0.041,1.7728287957818027,1.0,3010.6957742660484,0.3696896607946544,1.3189811567725722,0.9666178858831252,0.2875118094228357,0.6755453495664276
0.0415,1.772413176528582,1.0,3017.3173660908765,0.37322520350007826,1.3187361810860998,0.9672036569159614,0.28749435341420043,0.6760435167941614
0.042,1.771997557275361,1.0,3023.7572055022342,0.37674091242338764,1.3184928378077967,0.967770780708243,0.28747689740556515,0.6765379855393384
0.0425,1.7715819380221403,1.0,3030.0240480152092,0.38023689975626523,1.3182510461906753,0.9683200543039726,0.2874594413969299,0.6770289272912648
0.043000000000000003,1.7711663187689193,1.0,3036.1267044654523,0.38371327769039376,1.3180107254877482,0.968852232107905,0.2874419853882946,0.6775165129934824
0.043500000000000004,1.7707506995156985,1.0,3042.0708036143546,0.3871701506173328,1.3177718228026742,0.9693680295968614,0.28742452937965934,0.6780008566092659
0.044,1.7703350802624775,1.0,3047.8633239020232,0.3906076290712576,1.3175342739540103,0.9698681248525484,0.28740707337102406,0.6784820945934296
0.0445,1.7699194610092566,1.0,3053.516237435696,0.3940258362850926,1.317297972197529,0.970353159415746,0.28738961736238877,0.6789604491050257
0.045,1.7695038417560358,1.0,3059.0340807538973,0.3974248766752162,1.3170628751205518,0.9708237440348292,0.2873721613537535,0.6794360115442902
0.0455,1.7690882225028148,1.0,3064.42141810687,0.4008048546580071,1.3168289403103999,0.9712804584804966,0.2873547053451182,0.6799088730286642
0.046,1.768672603249594,1.0,3069.6828403441073,0.40416587464984394,1.3165961253543943,0.9717238534158937,0.28733724933648297,0.680379124395997
0.0465,1.768256983996373,1.0,3074.8229638407292,0.4075080410671052,1.3163643878398565,0.9721544521365221,0.2873197933278477,0.6808468562076302
0.047,1.7678413647431521,1.0,3079.8464294648516,0.41083145832616963,1.316133685354108,0.9725727521901553,0.2873023373192124,0.6813121587513709
0.0475,1.7674257454899314,1.0,3084.7579015843526,0.4141362308434158,1.31590397548447,0.9729792268861029,0.2872848813105771,0.6817751220443478
0.048,1.7670101262367104,1.0,3089.562067113173,0.4174224630352222,1.3156752158182634,0.9733743267023465,0.2872674253019418,0.6822358358357552
0.0485,1.7665945069834896,1.0,3094.2636345983015,0.42069025931796755,1.31544736394281,0.9737584805983517,0.2872499692933066,0.6826943896094784
0.049,1.7661788877302687,1.0,3098.8673333455276,0.42393972410803044,1.315220377445431,0.974132097240694,0.28723251328467125,0.6831508725866073
0.0495,1.765763268477048,1.0,3103.3779125867145,0.42717096182178943,1.3149942139134474,0.9744955661480376,0.287215057276036,0.683605373727836
0.05,1.765347649223827,1.0,3107.800140684933,0.4303840768756232,1.3147688309341807,0.9748492587614611,0.28719760126740074,0.6840579817357435
0.0505,1.764932029970606,1.0,3112.132360562912,0.4335791427476593,1.314544240948082,0.9751935295317884,0.28718014525876545,0.6845086750203919
0.051000000000000004,1.7645164107173852,1.0,3116.3847481112457,0.4367562967240564,1.3143203557364191,0.9755287174303183,0.28716268925013017,0.6849576338320502
0.051500000000000004,1.7641007914641642,1.0,3120.5613916436655,0.43991564408569134,1.3140971391022935,0.9758551458638136,0.2871452332414949,0.6854049336981967
0.052000000000000005,1.7636851722109435,1.0,3124.664483779833,0.4430572804199078,1.3138745710766104,0.9761731237641039,0.28712777723285965,0.6858506174473018
0.0525,1.7632695529577225,1.0,3128.696226171143,0.4461813013140495,1.3136526316902741,0.9764829464007272,0.2871103212242243,0.6862947277862412
0.053,1.7628539337045015,1.0,3132.6588292182228,0.44928780235546034,1.3134313009741898,0.9767848961027983,0.2870928652155891,0.686737307301106
0.0535,1.7624383144512807,1.0,3136.5545117964957,0.452376879131484,1.3132105589592622,0.9770792429367533,0.2870754092069538,0.6871783984579929
0.054,1.7620226951980598,1.0,3140.385500991646,0.4554486272294643,1.312990385676396,0.977366245343019,0.2870579531983185,0.6876180436037655
0.0545,1.761607075944839,1.0,3144.154031843077,0.4585031422367449,1.3127707611564963,0.9776461507344225,0.2870404971896832,0.6880562849667919
0.055,1.761191456691618,1.0,3147.8623470967755,0.4615405197406697,1.3125516654304674,0.9779191960589461,0.28702304118104793,0.6884931646576568
0.0555,1.760775837438397,1.0,3151.512696966524,0.4645608553285823,1.3123330785292147,0.9781856083292306,0.2870055851724127,0.6889287246698452
0.056,1.7603602181851763,1.0,3155.1073389042353,0.4675642445878267,1.3121149804836427,0.978445605121052,0.2869881291637774,0.689363006880406
0.0565,1.7599445989319553,1.0,3158.648537379269,0.4705507831057465,1.3118973513246563,0.9786993950428298,0.28697067315514213,0.6897960530505864
0.057,1.7595289796787346,1.0,3162.1385636663094,0.47352056646968543,1.3116801710831603,0.9789471781780733,0.28695321714650684,0.6902279048264413
0.0575,1.7591133604255136,1.0,3165.579695642188,0.47647369026698744,1.3114634197900594,0.9791891465025357,0.28693576113787156,0.6906586037394171
0.058,1.7586977411722926,1.0,3168.974217591478,0.4794102500849961,1.3112470774762588,0.9794254842777089,0.2869183051292363,0.6910881912069124
0.0585,1.7582821219190718,1.0,3172.324420021177,0.4823303415110553,1.3110311241726629,0.979656368422185,0.286900849120601,0.6915167085328111
0.059000000000000004,1.7578665026658509,1.0,3175.629626565313,0.4852340284730203,1.3108155649629247,0.9798819676152786,0.28688339311196576,0.6919441472473786
0.059500000000000004,1.7574508834126301,1.0,3178.8932697564937,0.488121428629406,1.3106003703208653,0.9801024464680974,0.28686593710333047,0.6923705674634609
0.06,1.7570352641594091,1.0,3182.1182873848893,0.49099265085791177,1.3103855149537158,0.9803179626742885,0.2868484810946952,0.6927960207490965
0.0605,1.7566196449061884,1.0,3185.305656156038,0.49384778139336283,1.3101709901276533,0.9805286669169553,0.2868310250860599,0.6932205257756098
0.061,1.7562040256529674,1.0,3188.4563555928994,0.49668690647058433,1.3099567871088549,0.9807347041315301,0.2868135690774246,0.6936441011644006
0.0615,1.7557884063997464,1.0,3191.571367972914,0.49951011232440146,1.3097428971634981,0.9809362137687534,0.2867961130687893,0.6940667654871258
0.062,1.7553727871465257,1.0,3194.651678266387,0.5023174851896395,1.30952931155776,0.9811333300436936,0.28677865706015404,0.6944885372658774
0.0625,1.7549571678933047,1.0,3197.698274076819,0.5051091113011235,1.3093160215578177,0.9813261821716541,0.2867612010515188,0.6949094349733536
0.063,1.754541548640084,1.0,3200.7121455825672,0.5078850768936787,1.3091030184298482,0.9815148945917445,0.2867437450428835,0.6953294770330258
0.0635,1.754125929386863,1.0,3203.694285480737,0.5106454682021303,1.308890293440029,0.9816995871788521,0.28672628903424824,0.6957486818193008
0.064,1.753710310133642,1.0,3206.6456889324027,0.5133903714613035,1.3086778378545374,0.9818803754446954,0.28670883302561295,0.6961670676576783
0.0645,1.7532946908804212,1.0,3209.5673535095607,0.5161198729060233,1.30846564293955,0.9820573707285982,0.28669137701697767,0.6965846528249044
0.065,1.7528790716272002,1.0,3212.4602791437346,0.5188340587711153,1.3082536999612446,0.9822306803785792,0.28667392100834244,0.6970014555491166
0.0655,1.7524634523739795,1.0,3215.3254680764526,0.5215330152914043,1.3080420001857982,0.9824004079233178,0.28665646499970715,0.6974174940099895
0.066,1.7520478331207585,1.0,3218.1639248112688,0.5242168287017157,1.3078305348793877,0.9825666532355173,0.28663900899107186,0.6978327863388714
0.0665,1.7516322138675378,1.0,3220.9766560675175,0.5268855852368746,1.3076192953081907,0.9827295126871508,0.2866215529824366,0.6982473506189164
0.067,1.7512165946143168,1.0,3223.764670735755,0.5295393711317061,1.3074082727383842,0.9828890792970549,0.2866040969738013,0.6986612048852143
0.0675,1.7508009753610958,1.0,3226.528979834929,0.5321782726210356,1.3071974584361452,0.9830454428712919,0.286586640965166,0.6990743671249134
0.068,1.750385356107875,1.0,3229.2705964710944,0.5348023759396882,1.3069868436676513,0.9831986901366885,0.2865691849565307,0.6994868552773374
0.0685,1.749969736854654,1.0,3231.9888638170673,0.5374117237767789,1.3067764336654557,0.9833489028356474,0.2865517289478955,0.6998986599091335
0.069,1.7495541176014333,1.0,3234.6851852689547,0.540006423789515,1.3065662164533314,0.9834961631448327,0.2865342729392602,0.7003098052598506
0.0695,1.7491384983482123,1.0,3237.361508624228,0.54258659491546,1.306356175533452,0.9836405509290446,0.2865168169306249,0.7007203243383824
0.07,1.7487228790949914,1.0,3240.0182456817047,0.5451523136194087,1.3061463072516815,0.9837821414255761,0.28649936092198963,0.7011302249877521
0.07050000000000001,1.7483072598417706,1.0,3242.6558091596744,0.5477036563661561,1.3059366079538834,0.983921007394158,0.28648190491335435,0.7015395150308412
0.07100000000000001,1.7478916405885496,1.0,3245.274612682238,0.5502406996204973,1.3057270739859224,0.9840572192152406,0.2864644489047191,0.7019482022704284
0.07150000000000001,1.7474760213353289,1.0,3247.875070765301,0.5527635198472269,1.3055177016936619,0.9841908449837432,0.28644699289608383,0.7023562944892303
0.07200000000000001,1.7470604020821079,1.0,3250.4575988038996,0.5552721935111401,1.3053084874229663,0.9843219505985122,0.28642953688744854,0.7027637994499376
0.0725,1.746644782828887,1.0,3253.0226130589963,0.5577667970770316,1.3050994275196994,0.9844505998477078,0.28641208087881326,0.7031707248952541
0.073,1.7462291635756662,1.0,3255.570530644831,0.5602474070096967,1.3048905183297252,0.9845768544903319,0.28639462487017797,0.703577078547932
0.0735,1.7458135443224452,1.0,3258.1017695163778,0.5627140997739299,1.3046817561989077,0.9847007743340953,0.2863771688615427,0.703982868110808
0.074,1.7453979250692244,1.0,3260.616748457646,0.5651669518345265,1.304473137473111,0.9848224173098102,0.2863597128529074,0.7043881012668367
0.0745,1.7449823058160034,1.0,3263.1158870698378,0.5676060396562812,1.304264658498199,0.984941839542487,0.28634225684427217,0.7047927856791274
0.075,1.7445666865627827,1.0,3265.5996057593425,0.570031439703989,1.3040563156200358,0.9850590954192963,0.2863248008356369,0.7051969289909732
0.0755,1.7441510673095617,1.0,3268.0683257274222,0.5724432284424448,1.303848105184485,0.9851742376545596,0.2863073448270016,0.7056005388258869
0.076,1.7437354480563407,1.0,3270.522468958688,0.5748414823364436,1.303640023537411,0.9852873173519121,0.2862898888183663,0.7060036227876291
0.0765,1.74331982880312,1.0,3272.9624582108413,0.5772262778507803,1.303432067024678,0.9853983840637789,0.286272432809731,0.7064061884602403
0.077,1.742904209549899,1.0,3275.3887170041357,0.5795976914502498,1.3032242319921494,0.9855074858482975,0.28625497680109574,0.7068082434080712
0.0775,1.7424885902966782,1.0,3277.8016696117816,0.581955799599647,1.3030165147856894,0.9856146693238099,0.28623752079246045,0.7072097951758103
0.078,1.7420729710434573,1.0,3280.20174104975,0.584300678763767,1.3028089117511623,0.9857199797210442,0.2862200647838252,0.7076108512885102
0.0785,1.7416573517902363,1.0,3282.5893570676994,0.5866324054074046,1.3026014192344317,0.9858234609330945,0.28620260877518994,0.7080114192516189
0.079,1.7412417325370155,1.0,3284.964944139797,0.5889510559953546,1.3023940335813617,0.9859251555633093,0.28618515276655465,0.7084115065510022
0.0795,1.7408261132837946,1.0,3287.3289294559904,0.5912567069924122,1.3021867511378167,0.9860251049711821,0.28616769675791937,0.7088111206529695
0.08,1.7404104940305738,1.0,3289.6810332211962,0.5935493929896827,1.301979574109083,0.9861233476080689,0.2861502407492841,0.7092102577196968
0.0805,1.7399948747773528,1.0,3292.0218020577977,0.5958292127801421,1.3017724978579077,0.9862199235117802,0.28613278474064885,0.7096089270937471
0.081,1.7395792555241318,1.0,3294.351920704804,0.5980962666346326,1.3015655166114626,0.9863148715840426,0.2861153287320135,0.7100071402769825
0.0815,1.739163636270911,1.0,3296.671569902988,0.6003506217557848,1.3013586287740937,0.986408228283474,0.2860978727233783,0.7104049007123661
0.082,1.73874801701769,1.0,3298.9809307228293,0.6025923453462303,1.3011518327501472,0.9865000290430253,0.286080416714743,0.710802211834271
0.0825,1.7383323977644694,1.0,3301.2801845620693,0.6048215046085998,1.3009451269439691,0.9865903083049435,0.2860629607061077,0.7111990770684895
0.083,1.7379167785112484,1.0,3303.569513142306,0.6070381667455248,1.3007385097599051,0.9866790995543481,0.2860455046974724,0.7115954998322431
0.0835,1.7375011592580276,1.0,3305.8490985054377,0.6092423989596362,1.3005319796023016,0.986766435351484,0.28602804868883713,0.7119914835341894
0.084,1.7370855400048066,1.0,3308.1191230111317,0.6114342684535651,1.3003255348755043,0.9868523473627098,0.2860105926802019,0.7123870315744332
0.0845,1.7366699207515857,1.0,3310.379769333052,0.6136138424299427,1.3001191739838593,0.9869368663902769,0.28599313667156656,0.7127821473445344
0.085,1.736254301498365,1.0,3312.631220456949,0.6157811880913999,1.2999128953317127,0.9870200224009554,0.28597568066293133,0.7131768342275164
0.0855,1.735838682245144,1.0,3314.8736596764197,0.6179363726405682,1.2997066973234106,0.9871018445535565,0.28595822465429604,0.7135710955978749
0.08600000000000001,1.7354230629919232,1.0,3317.107270591112,0.6200794632800785,1.299500578363299,0.9871823612253984,0.28594076864566076,0.7139649348215862
0.08650000000000001,1.7350074437387022,1.0,3319.3322371032505,0.6222105272125619,1.2992945368557236,0.9872616000377659,0.2859233126370255,0.7143583552561158
0.08700000000000001,1.7345918244854812,1.0,3321.5487434151532,0.6243296316406495,1.2990885712050306,0.9873395878804018,0.2859058566283902,0.7147513602504252
0.08750000000000001,1.7341762052322605,1.0,3323.756974026561,0.6264368437669724,1.2988826798155662,0.9874163509350782,0.28588840061975496,0.7151439531449801
0.088,1.7337605859790395,1.0,3325.9571137315793,0.6285322307941619,1.2986768610916763,0.9874919146982811,0.28587094461111967,0.7155361372717586
0.0885,1.7333449667258187,1.0,3328.149347616625,0.6306158599248489,1.298471113437707,0.987566304003051,0.2858534886024844,0.7159279159542586
0.089,1.7329293474725977,1.0,3330.3338610575597,0.6326877983616647,1.298265435258004,0.9876395430400133,0.2858360325938491,0.7163192925075044
0.0895,1.7325137282193768,1.0,3332.5108397173067,0.6347481133072402,1.2980598249569137,0.9877116553776322,0.2858185765852138,0.7167102702380547
0.09,1.732098108966156,1.0,3334.680469543354,0.6367968719642068,1.2978542809387819,0.9877826639817217,0.2858011205765786,0.717100852444009
0.0905,1.731682489712935,1.0,3336.8429367652334,0.6388341415351954,1.2976488016079546,0.9878525912342454,0.28578366456794324,0.7174910424150143
0.091,1.7312668704597143,1.0,3338.9984278928573,0.640859989222837,1.297443385368778,0.9879214589514339,0.285766208559308,0.7178808434322725
0.0915,1.7308512512064933,1.0,3341.146813418259,0.6428744427651178,1.2972380332241529,0.9879892870330117,0.2857487525506727,0.7182702538425938
0.092,1.7304356319532725,1.0,3343.2883865772487,0.6448775946629479,1.2970327427039314,0.9880560971460166,0.28573129654203744,0.7186592785771049
0.0925,1.7300200127000516,1.0,3345.423424277306,0.6468695296579219,1.2968275114754044,0.9881219101341088,0.28571384053340215,0.7190479222937458
0.093,1.7296043934468306,1.0,3347.552015312884,0.6488503068124309,1.2966223387530182,0.9881867454483374,0.28569638452476687,0.719436186711383
0.0935,1.7291887741936098,1.0,3349.67424862347,0.6508199851888662,1.2964172237512193,0.9882506220646765,0.28567892851613164,0.7198240735447055
0.094,1.7287731549403889,1.0,3351.7902132918107,0.6527786238496189,1.2962121656844534,0.9883135584981881,0.2856614725074963,0.7202115845042281
0.0945,1.728357535687168,1.0,3353.8999985438604,0.6547262818570802,1.296007163767167,0.9883755728166962,0.28564401649886106,0.7205987212962932
0.095,1.7279419164339471,1.0,3356.003693746777,0.656663018273641,1.2958022172138068,0.988436682653988,0.2856265604902258,0.7209854856230735
0.0955,1.7275262971807261,1.0,3358.1013884087865,0.6585888921616929,1.2955973252388187,0.9884969052225615,0.2856091044815905,0.7213718791825767
0.096,1.7271106779275054,1.0,3360.1931721778624,0.6605039625836269,1.295392487056649,0.9885562573259385,0.2855916484729552,0.7217579036686464
0.0965,1.7266950586742844,1.0,3362.2791348407463,0.662408288601834,1.2951877018817437,0.9886147553705583,0.2855741924643199,0.7221435607709656
0.097,1.7262794394210637,1.0,3364.359366322163,0.6643019292787056,1.2949829689285497,0.9886724153772696,0.2855567364556847,0.7225288521750584
0.0975,1.7258638201678427,1.0,3366.4339566836493,0.6661849436766327,1.294778287411513,0.9887292529924341,0.2855392804470494,0.7229137795622941
0.098,1.725448200914622,1.0,3368.5029961230516,0.6680573908580066,1.2945736565450798,0.988785283498661,0.2855218244384141,0.7232983446098895
0.0985,1.725032581661401,1.0,3370.5665749733444,0.6699193298852185,1.2943690755436963,0.988840521825181,0.28550436842977883,0.7236825489909109
0.099,1.72461696240818,1.0,3372.6247837017577,0.6717708198206593,1.294164543621809,0.9888949825578778,0.28548691242114355,0.7240663943742756
0.0995,1.7242013431549592,1.0,3374.6777129092056,0.6736119197267205,1.293960059993864,0.9889486799489882,0.2854694564125083,0.7244498824247572
0.1,1.7237857239017382,1.0,3376.7254533287805,0.6754426886657932,1.2937556238743078,0.9890016279264822,0.285452000403873,0.7248330148029855
0.1005,1.7233701046485175,1.0,3378.768095825943,0.6772631857002683,1.2935512344775866,0.9890538401031399,0.28543454439523774,0.7252157931654496
0.101,1.7229544853952965,1.0,3380.805731396567,0.6790734698925373,1.2933468910181465,0.9891053297853288,0.28541708838660246,0.7255982191645016
0.1015,1.7225388661420755,1.0,3382.8384511670843,0.6808736003049911,1.2931425927104339,0.9891561099814999,0.28539963237796717,0.7259802944483569
0.10200000000000001,1.7221232468888548,1.0,3384.8663463930334,0.6826636360000211,1.292938338768895,0.9892061934104094,0.2853821763693319,0.7263620206610972
0.10250000000000001,1.7217076276356338,1.0,3386.8895084586816,0.6844436360400183,1.2927341284079763,0.9892555925090761,0.2853647203606966,0.7267433994426736
0.10300000000000001,1.721292008382413,1.0,3388.907872928556,0.6862136224836631,1.2925299621142674,0.9893043183401433,0.28534726435206137,0.7271244300555653
0.10350000000000001,1.720876389129192,1.0,3390.9216064761818,0.6879736815574197,1.292325838489168,0.9893523836345343,0.2853298083434261,0.7275051152793521
0.10400000000000001,1.720460769875971,1.0,3392.9308338505734,0.6897238848005729,1.292121756477638,0.9893998004052519,0.2853123523347908,0.727885457246236
0.1045,1.7200451506227503,1.0,3394.9356032191436,0.6914642841212996,1.2919177156501411,0.9894465798295728,0.2852948963261555,0.728265456918378
0.105,1.7196295313695293,1.0,3396.9359628230263,0.6931949314277764,1.291713715577141,0.989492732844958,0.2852774403175202,0.7286451152556725
0.1055,1.7192139121163086,1.0,3398.9319609765807,0.6949158786281803,1.2915097558291015,0.9895382701553954,0.28525998430888494,0.729024433215745
0.106,1.7187982928630876,1.0,3400.9236460668903,0.6966271776306875,1.2913058359764862,0.9895832022375491,0.28524252830024965,0.7294034117539558
0.1065,1.7183826736098666,1.0,3402.911066553641,0.6983288803434751,1.291101955589759,0.9896275393467184,0.2852250722916144,0.7297820518233993
0.107,1.7179670543566459,1.0,3404.894270968448,0.7000210386747195,1.2908981142393832,0.9896712915226179,0.28520761628297914,0.7301603543749069
0.1075,1.717551435103425,1.0,3406.8733079147037,0.7017037045325977,1.2906943114958227,0.9897144685949811,0.28519016027434385,0.7305383203570459
0.108,1.7171358158502041,1.0,3408.8482260671694,0.7033769298252862,1.2904905469295413,0.9897570801889939,0.28517270426570857,0.7309159507161223
0.1085,1.7167201965969832,1.0,3410.819074171501,0.7050407664609618,1.2902868201110027,0.9897991357305668,0.2851552482570733,0.731293246396181
0.109,1.7163045773437624,1.0,3412.785901044071,0.7066952663478011,1.2900831306106704,0.9898406444514487,0.28513779224843805,0.7316702083390075
0.1095,1.7158889580905414,1.0,3414.748755571206,0.7083404813939808,1.2898794779990082,0.9898816153941881,0.2851203362398027,0.732046837484128
0.11,1.7154733388373204,1.0,3416.707686709641,0.7099764635076777,1.2896758618464799,0.9899220574169467,0.2851028802311675,0.7324231347688109
0.1105,1.7150577195840997,1.0,3418.6627434851453,0.7116032645970685,1.289472281723549,0.9899619791981731,0.2850854242225322,0.7327991011280683
0.111,1.7146421003308787,1.0,3420.613974992945,0.7132209365703297,1.2892687372006795,0.9900013892411357,0.2850679682138969,0.7331747374946564
0.1115,1.714226481077658,1.0,3422.561430397124,0.7148295313356383,1.2890652278483348,0.9900402958783269,0.2850505122052616,0.7335500447990763
0.112,1.713810861824437,1.0,3424.5051589302175,0.7164291008011707,1.2888617532369788,0.9900787072757353,0.28503305619662633,0.7339250239695752
0.1125,1.713395242571216,1.0,3426.445209893098,0.7180196968751038,1.288658312937075,0.990116631436997,0.2850156001879911,0.7342996759321483
0.113,1.7129796233179952,1.0,3428.3816326542396,0.7196013714656143,1.2884549065190873,0.9901540762074245,0.2849981441793558,0.7346740016105376
0.1135,1.7125640040647743,1.0,3430.3144766498017,0.7211741764808788,1.2882515335534794,0.9901910492779216,0.28498068817072053,0.7350480019262351
0.114,1.7121483848115535,1.0,3432.243791383195,0.7227381638290741,1.2880481936107149,0.9902275581887845,0.28496323216208524,0.7354216777984826
0.1145,1.7117327655583325,1.0,3434.169542354306,0.7242933508764156,1.2878448869425279,0.9902636094351994,0.28494577615344996,0.7357950288936331
0.115,1.7113171463051118,1.0,3436.091830033258,0.7258398176887156,1.2876416127069945,0.9902992110144809,0.2849283201448147,0.7361680568855848
0.1155,1.7109015270518908,1.0,3438.010716226148,0.7273776245890504,1.2874383703763321,0.9903343702574848,0.2849108641361794,0.73654076286798
0.116,1.7104859077986698,1.0,3439.9262292536914,0.7289068171979706,1.287235159694527,0.9903690939773605,0.28489340812754416,0.7369131474338633
0.1165,1.710070288545449,1.0,3441.8383974782632,0.7304274411360268,1.2870319804055663,0.9904033888577461,0.28487595211890887,0.7372852111749317
0.117,1.709654669292228,1.0,3443.747249304124,0.7319395420237697,1.2868288322534367,0.9904372614558435,0.2848584961102736,0.7376569546815366
0.11750000000000001,1.7092390500390073,1.0,3445.6528131771693,0.7334431654817499,1.286625714982125,0.990470718205409,0.2848410401016383,0.7380283785426839
0.11800000000000001,1.7088234307857864,1.0,3447.5551175845676,0.7349383571305182,1.2864226283356177,0.9905037654196628,0.284823584093003,0.7383994833460351
0.11850000000000001,1.7084078115325654,1.0,3449.4541910547373,0.7364251625906252,1.286219572057902,0.9905364092941183,0.2848061280843677,0.7387702696779065
0.11900000000000001,1.7079921922793446,1.0,3451.3500621571325,0.7379036274826215,1.2860165458929644,0.9905686559093348,0.28478867207573244,0.739140738123271
0.11950000000000001,1.7075765730261236,1.0,3453.24275950211,0.7393737974270578,1.285813549584792,0.9906005112335958,0.2847712160670972,0.7395108892657578
0.12,1.707160953772903,1.0,3455.1323117406123,0.7408357180444847,1.2856105828773712,0.9906319811255153,0.2847537600584619,0.739880723687654
0.1205,1.706745334519682,1.0,3457.018747564144,0.742289434955453,1.285407645514689,0.9906630713365742,0.28473630404982664,0.7402502419699031
0.121,1.706329715266461,1.0,3458.9020957046823,0.7437349937805131,1.285204737240732,0.9906937875135884,0.28471884804119135,0.7406194446921077
0.1215,1.7059140960132402,1.0,3460.782384934284,0.7451724401402159,1.2850018577994873,0.9907241352011126,0.28470139203255607,0.7409883324325282
0.122,1.7054984767600192,1.0,3462.659644065186,0.746601819655112,1.2847990069349415,0.9907541198437778,0.28468393602392084,0.741356905768084
0.1225,1.7050828575067984,1.0,3464.5339019491576,0.748023177945752,1.2845961843910814,0.9907837467885696,0.28466648001528555,0.7417251652743546
0.123,1.7046672382535775,1.0,3466.405187478042,0.7494365606326866,1.2843933899118936,0.9908130212870462,0.28464902400665026,0.7420931115255793
0.1235,1.7042516190003565,1.0,3468.273529583006,0.7508420133364664,1.2841906232413651,0.9908419484974959,0.284631567998015,0.7424607450946572
0.124,1.7038359997471357,1.0,3470.138957234752,0.752239581677642,1.2839878841234826,0.9908705334870417,0.2846141119893797,0.7428280665531486
0.1245,1.7034203804939148,1.0,3472.001499443023,0.7536293112767644,1.2837851723022329,0.9908987812336892,0.2845966559807444,0.7431950764712756
0.125,1.703004761240694,1.0,3473.8611852568606,0.7550112477543839,1.2835824875216029,0.9909266966283213,0.2845791999721091,0.7435617754179208
0.1255,1.702589141987473,1.0,3475.7180437640764,0.7563854367310512,1.2833798295255792,0.9909542844766425,0.2845617439634739,0.7439281639606304
0.126,1.7021735227342523,1.0,3477.5720251641355,0.757751867109767,1.2831771986937361,0.9909815481839294,0.2845442879548386,0.744294241517756
0.1265,1.7017579034810313,1.0,3479.4232237799674,0.7591106371571943,1.2829745942449884,0.9910084936283324,0.2845268319462033,0.7446600096042226
0.127,1.7013422842278103,1.0,3481.271681990809,0.760461805251087,1.2827720158171911,0.9910351256666085,0.28450937593756803,0.7450254689753897
0.1275,1.7009266649745896,1.0,3483.117416599736,0.7618054108287001,1.282569463254418,0.991061448638295,0.28449191992893275,0.7453906200131062
0.128,1.7005110457213686,1.0,3484.9604444347924,0.7631414933272889,1.2823669364007424,0.9910874668094531,0.28447446392029746,0.7457554630984027
0.1285,1.7000954264681478,1.0,3486.8007823489434,0.7644700921841083,1.2821644351002381,0.9911131843742464,0.2844570079116622,0.7461199986114908
0.129,1.6996798072149268,1.0,3488.638447220056,0.7657912468364135,1.2819619591969786,0.9911386054564819,0.28443955190302694,0.7464842269317646
0.1295,1.6992641879617059,1.0,3490.473455950557,0.7671049967214596,1.2817595085350375,0.9911637341111117,0.28442209589439166,0.7468481484378002
0.13,1.698848568708485,1.0,3492.3058254677107,0.7684113812765017,1.2815570829584884,0.991188574325699,0.28440463988575637,0.7472117635073563
0.1305,1.6984329494552641,1.0,3494.1355727232753,0.7697104399387948,1.2813546823114048,0.991213130021847,0.2843871838771211,0.747575072517374
0.131,1.6980173302020434,1.0,3495.962714693491,0.7710022121455942,1.2811523064378605,0.991237405056594,0.2843697278684858,0.7479380758439778
0.1315,1.6976017109488224,1.0,3497.7872683791043,0.7722867373341548,1.280949955181929,0.9912614032237744,0.28435227185985057,0.7483007738624747
0.132,1.6971860916956016,1.0,3499.6092508048746,0.7735640549417317,1.2807476283876837,0.9912851282553462,0.2843348158512153,0.7486631669473567
0.1325,1.6967704724423807,1.0,3501.42867902012,0.7748342044055803,1.2805453258991983,0.9913085838226867,0.28431735984258,0.7490252554722978
0.133,1.6963548531891597,1.0,3503.245570098114,0.7760972251629552,1.2803430475605464,0.9913317735378576,0.2842999038339447,0.749387039810157
0.1335,1.695939233935939,1.0,3505.059941136262,0.7773531566511118,1.2801407932158015,0.9913547009548398,0.2842824478253094,0.7497485203329768
0.134,1.695523614682718,1.0,3506.87180925583,0.7786020383073052,1.2799385627090376,0.9913773695707372,0.28426499181667414,0.7501096974119841
0.1345,1.6951079954294972,1.0,3508.6811916021634,0.7798439095687905,1.2797363558843278,0.991399782826954,0.28424753580803885,0.7504705714175917
0.135,1.6946923761762762,1.0,3510.4881053443396,0.7810788098728226,1.2795341725857456,0.9914219441103433,0.2842300797994036,0.750831142719396
0.1355,1.6942767569230552,1.0,3512.2925676749423,0.7823067786566569,1.2793320126573653,0.9914438567543281,0.28421262379076834,0.7511914116861783
0.136,1.6938611376698345,1.0,3514.0945958106095,0.7835278553575482,1.2791298759432597,0.9914655240399953,0.28419516778213305,0.7515513786859072
0.1365,1.6934455184166135,1.0,3515.8942069911723,0.7847420794127518,1.2789277622875028,0.9914869491971673,0.28417771177349777,0.7519110440857344
0.137,1.6930298991633927,1.0,3517.6914184802104,0.7859494902595227,1.278725671534168,0.9915081354054445,0.2841602557648625,0.7522704082519998
0.1375,1.6926142799101718,1.0,3519.486247564521,0.7871501273351159,1.278523603527329,0.9915290857952255,0.2841427997562272,0.7526294715502271
0.138,1.6921986606569508,1.0,3521.2787115543797,0.7883440300767868,1.2783215581110594,0.9915498034487045,0.2841253437475919,0.7529882343451282
0.1385,1.69178304140373,1.0,3523.06882778331,0.7895312379217903,1.2781195351294328,0.9915702914008437,0.2841078877389567,0.7533466970006002
0.139,1.691367422150509,1.0,3524.8566136077834,0.7907117903073814,1.2779175344265226,0.9915905526403245,0.2840904317303214,0.7537048598797278
0.1395,1.6909518028972883,1.0,3526.6420864076263,0.7918857266708154,1.2777155558464026,0.9916105901104769,0.2840729757216861,0.754062723344782
0.14,1.6905361836440673,1.0,3528.425216532041,0.79305303255133,1.2775135996093199,0.9916304055950622,0.2840555197130508,0.754420287091448
0.1405,1.6901205643908463,1.0,3530.206060064336,0.7942137996884675,1.2773116652500898,0.9916500030413584,0.28403806370441553,0.7547775520287696
0.14100000000000001,1.6897049451376256,1.0,3531.984636067314,0.7953680724366564,1.277109752599837,0.9916693853636659,0.2840206076957803,0.7551345185397231
0.14150000000000001,1.6892893258844046,1.0,3533.7609547872185,0.7965158845007024,1.2769078615603113,0.9916885552149846,0.28400315168714496,0.7554911868816819
0.14200000000000002,1.6888737066311839,1.0,3535.5350264863705,0.797657269585411,1.2767059920332624,0.991707515209054,0.28398569567850973,0.7558475573115055
0.14250000000000002,1.6884580873779629,1.0,3537.306861441968,0.7987922613955876,1.2765041439204392,0.9917262679211115,0.28396823966987444,0.756203630085539
0.14300000000000002,1.6880424681247421,1.0,3539.0764699468564,0.7999208936360376,1.2763023171235914,0.9917448158886352,0.28395078366123916,0.756559405459612
0.14350000000000002,1.6876268488715211,1.0,3540.8438623092247,0.8010432000115666,1.2761005115444684,0.9917631616120685,0.2839333276526039,0.7569148836890399
0.14400000000000002,1.6872112296183002,1.0,3542.6090488525197,0.8021592142269801,1.2758987270848197,0.9917813075555301,0.2839158716439686,0.7572700650286232
0.1445,1.6867956103650794,1.0,3544.372039915436,0.8032689699870835,1.2756969636463948,0.9917992561475085,0.28389841563533336,0.7576249497326482
0.145,1.6863799911118584,1.0,3546.1328458518724,0.8043725009966826,1.275495221130943,0.9918170097815405,0.28388095962669807,0.7579795380548879
0.1455,1.6859643718586377,1.0,3547.8914770308115,0.8054698409605824,1.2752934994402136,0.9918345708168769,0.2838635036180628,0.7583338302486005
0.146,1.6855487526054167,1.0,3549.647943836497,0.8065610235835888,1.2750917984759564,0.9918519415791311,0.2838460476094275,0.7586878265665299
0.1465,1.685133133352196,1.0,3551.4022566681642,0.8076460825705071,1.2748901181399206,0.9918691243609168,0.2838285916007922,0.7590415272609072
0.147,1.684717514098975,1.0,3553.154425940034,0.8087250516261428,1.2746884583338558,0.9918861214224693,0.2838111355921569,0.7593949325834489
0.1475,1.684301894845754,1.0,3554.9044620813775,0.8097979644553014,1.2744868189595113,0.9919029349922556,0.28379367958352164,0.7597480427853587
0.148,1.6838862755925332,1.0,3556.652375536438,0.8108648547627885,1.2742851999186366,0.9919195672675701,0.2837762235748864,0.7601008581173263
0.1485,1.6834706563393123,1.0,3558.3981767640457,0.8119257562534095,1.2740836011129812,0.9919360204151189,0.2837587675662511,0.7604533788295287
0.149,1.6830550370860915,1.0,3560.1418762382496,0.8129807026319699,1.2738820224442946,0.9919522965715905,0.28374131155761584,0.7608056051716292
0.1495,1.6826394178328705,1.0,3561.883484447749,0.8140297276032751,1.273680463814326,0.9919683978442148,0.28372385554898055,0.7611575373927788
0.15,1.6822237985796495,1.0,3563.6230118959993,0.8150728648721307,1.2734789251248249,0.9919843263113116,0.28370639954034527,0.7615091757416149
0.1505,1.6818081793264288,1.0,3565.360469101243,0.8161101481433422,1.2732774062775407,0.992000084022826,0.28368894353171004,0.7618605204662626
0.151,1.6813925600732078,1.0,3567.095866596017,0.817141611121715,1.2730759071742233,0.9920156730008528,0.2836714875230747,0.7622115718143336
0.1515,1.680976940819987,1.0,3568.829214928161,0.8181672875120547,1.2728744277166215,0.992031095240151,0.28365403151443946,0.7625623300329283
0.152,1.680561321566766,1.0,3570.560524659533,0.8191872110191668,1.272672967806485,0.9920463527086472,0.2836365755058042,0.762912795368634
0.1525,1.680145702313545,1.0,3572.2898063666826,0.8202014153478566,1.2724715273455636,0.9920614473479276,0.2836191194971689,0.7632629680675249
0.153,1.6797300830603243,1.0,3574.01707064077,0.8212099342029299,1.272270106235606,0.992076381073721,0.2836016634885336,0.7636128483751651
0.1535,1.6793144638071034,1.0,3575.742328087337,0.8222128012891919,1.2720687043783623,0.9920911557763722,0.2835842074798983,0.763962436536605
0.154,1.6788988445538826,1.0,3577.465561448579,0.8232100004157035,1.2718673218969208,0.9921057723804193,0.2835667514712631,0.7643117324126151
0.1545,1.6784832253006616,1.0,3579.1868075620623,0.8242016180408706,1.2716659584848762,0.992120233727674,0.2835492954626278,0.7646607366087166
0.155,1.6780676060474407,1.0,3580.9060754627344,0.8251876874762205,1.2714646140567762,0.992134541627351,0.2835318394539925,0.7650094493463186
0.1555,1.67765198679422,1.0,3582.6233717745695,0.8261682375273562,1.2712632885463957,0.9921486977809544,0.28351438344535723,0.7653578708131215
0.156,1.677236367540999,1.0,3584.338703132081,0.8271432969998808,1.2710619818875095,0.9921627038679158,0.28349692743672195,0.7657060011964779
0.1565,1.6768207482877782,1.0,3586.0520761801454,0.8281128946993972,1.2708606940138927,0.9921765615459843,0.28347947142808666,0.7660538406833942
0.157,1.6764051290345572,1.0,3587.7634975739707,0.8290770594315083,1.2706594248593195,0.9921902724516063,0.2834620154194514,0.7664013894605306
0.1575,1.6759895097813364,1.0,3589.472973979073,0.8300358200018173,1.270458174357565,0.9922038382002986,0.28344455941081614,0.7667486477141997
0.158,1.6755738905281155,1.0,3591.180512071096,0.830989205215927,1.270256942442404,0.9922172603870142,0.28342710340218086,0.7670956156303672
0.1585,1.6751582712748945,1.0,3592.886118536123,0.8319372438794406,1.270055729047611,0.9922305405865011,0.28340964739354557,0.7674422933946532
0.159,1.6747426520216737,1.0,3594.5898000703864,0.8328799647979608,1.2698545341069616,0.9922436803536535,0.2833921913849103,0.7677886811923301
0.1595,1.6743270327684527,1.0,3596.2915633803914,0.8338173967770909,1.2696533575542297,0.9922566812238569,0.283374735376275,0.7681347792083252
0.16,1.673911413515232,1.0,3597.991415182737,0.8347495686224335,1.2694521993231906,0.9922695447133264,0.28335727936763977,0.7684805876272179
0.1605,1.673495794262011,1.0,3599.689362203979,0.835676509139592,1.2692510593476192,0.9922822723194381,0.28333982335900443,0.7688261066332426
0.161,1.6730801750087902,1.0,3601.3854111813885,0.8365982471341691,1.2690499375612898,0.9922948655210538,0.2833223673503692,0.7691713364102872
0.1615,1.6726645557555693,1.0,3603.0795688615767,0.837514811411768,1.2688488338979775,0.9923073257788415,0.2833049113417339,0.7695162771418931
0.162,1.6722489365023483,1.0,3604.7718420016677,0.8384262307779915,1.2686477482914573,0.9923196545355862,0.2832874553330986,0.7698609290112557
0.1625,1.6718333172491275,1.0,3606.4622373687457,0.8393325340384427,1.2684466806755035,0.9923318532164992,0.28326999932446334,0.7702052922012254
0.163,1.6714176979959066,1.0,3608.1507617398693,0.8402337499987245,1.2682456309838914,0.9923439232295173,0.28325254331582805,0.7705493668943048
0.1635,1.6710020787426858,1.0,3609.837421902192,0.8411299074644399,1.2680445991503955,0.9923558659655983,0.2832350873071928,0.7708931532726525
0.164,1.6705864594894648,1.0,3611.522224652561,0.842021035241192,1.2678435851087906,0.9923676827990128,0.28321763129855754,0.7712366515180805
0.1645,1.6701708402362438,1.0,3613.2051767979806,0.8429071621345836,1.2676425887928517,0.9923793750876257,0.28320017528992225,0.7715798618120551
0.165,1.669755220983023,1.0,3614.8862851552476,0.8437883169502179,1.2674416101363535,0.9923909441731775,0.28318271928128697,0.7719227843356975
0.1655,1.6693396017298021,1.0,3616.565556551187,0.8446645284936978,1.2672406490730708,0.9924023913815573,0.2831652632726517,0.7722654192697826
0.166,1.6689239824765814,1.0,3618.2429978223663,0.8455358255706262,1.2670397055367781,0.9924137180230702,0.2831478072640164,0.7726077667947412
0.1665,1.6685083632233604,1.0,3619.918615815102,0.8464022369866063,1.2668387794612508,0.9924249253927033,0.2831303512553811,0.7729498270906567
0.167,1.6680927439701394,1.0,3621.5924173857406,0.8472637915472409,1.2666378707802632,0.9924360147703829,0.2831128952467459,0.7732916003372693
0.1675,1.6676771247169186,1.0,3623.264409394465,0.8481205180424986,1.2664369794276351,0.9924469874209538,0.2830954392381106,0.7736330867138965
0.168,1.6672615054636977,1.0,3624.9345816537243,0.8489723994433733,1.2662361054717273,0.992457843792727,0.2830779832294753,0.7739742861710692
0.1685,1.666845886210477,1.0,3626.602958849808,0.849819516379421,1.2660352487058508,0.9924685860328989,0.28306052722084,0.7743151991263268
0.169,1.666430266957256,1.0,3628.2695454692616,0.8506618934691714,1.2658344090827738,0.9924792152900378,0.28304307121220473,0.7746558257258052
0.1695,1.666014647704035,1.0,3629.93434600609,0.8514995553311547,1.2656335865552646,0.9924897326995836,0.28302561520356945,0.7749961661153915
0.17,1.6655990284508142,1.0,3631.5973649616685,0.8523325265839008,1.2654327810760913,0.9925001393840619,0.28300815919493416,0.7753362204407265
0.1705,1.6651834091975932,1.0,3633.258606844914,0.8531608318459395,1.2652319925980224,0.9925104364532913,0.28299070318629893,0.7756759888472021
0.171,1.6647677899443725,1.0,3634.918076171998,0.8539844957358009,1.265031221073826,0.9925206250045915,0.28297324717766364,0.7760154714799643
0.1715,1.6643521706911515,1.0,3636.575777466637,0.8548035428720149,1.2648304664562702,0.992530706122983,0.28295579116902836,0.7763546684839107
0.17200000000000001,1.6639365514379305,1.0,3638.2317152598453,0.8556179978731114,1.2646297286981234,0.9925406808813868,0.2829383351603931,0.7766935800036914
0.17250000000000001,1.6635209321847098,1.0,3639.8858940899913,0.8564278853576205,1.264429007752154,0.9925505503408195,0.2829208791517578,0.7770322061837094
0.17300000000000001,1.6631053129314888,1.0,3641.538318502935,0.8572332299440719,1.26422830357113,0.992560315550584,0.28290342314312256,0.7773705471681212
0.17350000000000002,1.662689693678268,1.0,3643.1889930514767,0.8580340562509958,1.2640276161078197,0.9925699775484577,0.28288596713448727,0.7777086031008349
0.17400000000000002,1.662274074425047,1.0,3644.8379222961375,0.8588303888969221,1.2638269453149913,0.9925795373608779,0.282868511125852,0.7780463741255121
0.17450000000000002,1.6618584551718263,1.0,3646.485110804534,0.8596222525003806,1.263626291145413,0.9925889960031231,0.2828510551172167,0.7783838603855674
0.17500000000000002,1.6614428359186053,1.0,3648.130563151475,0.8604096716799015,1.263425653551853,0.9925983544794922,0.2828335991085814,0.7787210620241679
0.17550000000000002,1.6610272166653843,1.0,3649.774283919173,0.8611926710540144,1.2632250324870802,0.9926076137834782,0.2828161430999461,0.7790579791842334
0.176,1.6606115974121636,1.0,3651.4162776970716,0.8619712752412496,1.2630244279038618,0.9926167748979425,0.28279868709131084,0.7793946120084381
0.1765,1.6601959781589426,1.0,3653.056549081758,0.8627455088601369,1.262823839754967,0.9926258387952833,0.2827812310826756,0.7797309606392075
0.177,1.6597803589057218,1.0,3654.695102676939,0.8635153965292062,1.2626232679931633,0.9926348064376025,0.2827637750740403,0.7800670252187218
0.1775,1.6593647396525009,1.0,3656.331943093657,0.8642809628669875,1.262422712571219,0.9926436787768682,0.28274631906540504,0.7804028058889138
0.178,1.65894912039928,1.0,3657.9670749500424,0.8650422324920108,1.262222173441903,0.9926524567550777,0.28272886305676975,0.7807383027914685
0.1785,1.6585335011460591,1.0,3659.600502871373,0.865799230022806,1.2620216505579829,0.9926611413044136,0.28271140704813447,0.7810735160678263
0.179,1.6581178818928382,1.0,3661.232231490096,0.8665519800779031,1.2618211438722273,0.9926697333474005,0.2826939510394992,0.7814084458591787
0.1795,1.6577022626396174,1.0,3662.862265445771,0.867300507275832,1.2616206533374041,0.9926782337970571,0.2826764950308639,0.7817430923064725
0.18,1.6572866433863964,1.0,3664.4906093851305,0.8680448362351226,1.2614201789062818,0.9926866435570467,0.28265903902222866,0.782077455550407
0.1805,1.6568710241331757,1.0,3666.1172679616066,0.868784991574305,1.2612197205316287,0.9926949635218246,0.2826415830135934,0.7824115357314344
0.181,1.6564554048799547,1.0,3667.742245836188,0.8695209979119091,1.2610192781662128,0.9927031945767839,0.2826241270049581,0.7827453329897615
0.1815,1.6560397856267337,1.0,3669.365546857811,0.8702528765991678,1.260818851769222,0.992711337544411,0.2826066709963228,0.7830788474546703
0.182,1.655624166373513,1.0,3670.9871675721197,0.8709806201062175,1.2606184413571353,0.9927193927625543,0.2825892149876875,0.7834120791600045
0.1825,1.655208547120292,1.0,3672.6071222578944,0.8717042932994431,1.2604180468074726,0.9927273617561663,0.2825717589790523,0.7837450283704752
0.183,1.6547929278670712,1.0,3674.225414086466,0.8724239172189185,1.2602176680848942,0.9927352453166101,0.282554302970417,0.7840776952055479
0.1835,1.6543773086138502,1.0,3675.8420462348095,0.8731395129047179,1.26001730515406,0.9927430442273297,0.2825368469617817,0.784410079784504
0.184,1.6539616893606293,1.0,3677.457021885719,0.8738511013969149,1.2598169579796301,0.9927507592639693,0.28251939095314643,0.7847421822264385
0.1845,1.6535460701074085,1.0,3679.070344227377,0.8745587037355838,1.2596166265262652,0.9927583911944922,0.28250193494451115,0.7850740026502607
0.185,1.6531304508541875,1.0,3680.6820164536507,0.8752623409607981,1.2594163107586251,0.9927659407792951,0.28248447893587586,0.7854055411746952
0.1855,1.6527148316009668,1.0,3682.292041763998,0.8759620341126322,1.2592160106413703,0.9927734087713248,0.2824670229272406,0.7857367979182812
0.186,1.6522992123477458,1.0,3683.90042336365,0.8766578042311598,1.2590157261391606,0.9927807959161883,0.28244956691860534,0.786067772999373
0.1865,1.651883593094525,1.0,3685.507164462949,0.877349672356455,1.2588154572166566,0.9927881029522643,0.28243211090997006,0.7863984665361385
0.187,1.651467973841304,1.0,3687.1122682782493,0.8780376595285916,1.258615203838518,0.9927953306108123,0.28241465490133477,0.7867288786465616
0.1875,1.651052354588083,1.0,3688.715738031261,0.8787217867876435,1.2584149659694055,0.992802479616079,0.2823971988926995,0.7870590094484406
0.188,1.6506367353348623,1.0,3690.317576949188,0.8794020751736848,1.258214743573979,0.9928095506854046,0.2823797428840642,0.7873888590593887
0.1885,1.6502211160816413,1.0,3691.9177882648296,0.8800785457267895,1.2580145366168987,0.9928165445293256,0.2823622868754289,0.7877184275968337
0.189,1.6498054968284206,1.0,3693.5163752164563,0.8807512194870313,1.257814345062825,0.992823461851677,0.28234483086679363,0.7880477151780185
0.1895,1.6493898775751996,1.0,3695.113341047947,0.8814201174944842,1.2576141688764177,0.9928303033496939,0.2823273748581584,0.7883767219200016
0.19,1.6489742583219789,1.0,3696.708689008399,0.8820852607892224,1.2574140080223373,0.9928370697141092,0.2823099188495231,0.7887054479396559
0.1905,1.6485586390687579,1.0,3698.302422352609,0.8827466704113196,1.257213862465244,0.9928437616292516,0.2822924628408878,0.7890338933536688
0.191,1.648143019815537,1.0,3699.8945443407956,0.8834043674008499,1.2570137321697978,0.9928503797731414,0.28227500683225254,0.7893620582785441
0.1915,1.6477274005623161,1.0,3701.48505823855,0.8840583727978871,1.2568136171006592,0.9928569248175844,0.28225755082361725,0.7896899428305995
0.192,1.6473117813090952,1.0,3703.0739673170897,0.8847087076425052,1.256613517222488,0.9928633974282661,0.282240094814982,0.790017547125969
0.1925,1.6468961620558744,1.0,3704.6612748527104,0.8853553929747782,1.2564134324999445,0.9928697982648417,0.28222263880634674,0.7903448712806007
0.193,1.6464805428026534,1.0,3706.2469841274656,0.88599844983478,1.256213362897689,0.992876127981027,0.28220518279771145,0.7906719154102586
0.1935,1.6460649235494325,1.0,3707.8310984285804,0.8866378992625845,1.256013308380382,0.9928823872246868,0.28218772678907617,0.7909986796305213
0.194,1.6456493042962117,1.0,3709.4136210488196,0.8872737622982658,1.2558132689126829,0.9928885766379227,0.2821702707804409,0.7913251640567839
0.1945,1.6452336850429907,1.0,3710.9945552862478,0.8879060599818978,1.2556132444592525,0.9928946968571584,0.2821528147718056,0.7916513688042552
0.195,1.64481806578977,1.0,3712.5739044442957,0.8885348133535542,1.2554132349847509,0.992900748513225,0.2821353587631703,0.7919772939879606
0.1955,1.644402446536549,1.0,3714.1516698603186,0.8891600337085083,1.2552132404692007,0.9929067320779819,0.2821179027545351,0.7923029396977358
0.196,1.643986827283328,1.0,3715.727847441541,0.8897817044673493,1.2550132609349545,0.9929126475804647,0.2821004467458998,0.792628305954467
0.1965,1.6435712080301073,1.0,3717.3024517601266,0.8903999029882853,1.2548132962589813,0.9929184965228268,0.2820829907372645,0.7929533930154102
0.197,1.6431555887768863,1.0,3718.875485042495,0.891014646897407,1.2546133464145037,0.9929242794602167,0.2820655347286292,0.7932782009808926
0.1975,1.6427399695236655,1.0,3720.446949519594,0.8916259538208043,1.2544134113747432,0.9929299969429254,0.28204807871999393,0.7936027299511024
0.198,1.6423243502704445,1.0,3722.0168474267366,0.8922338413845677,1.2542134911129217,0.9929356495164577,0.28203062271135865,0.7939269800260857
0.1985,1.6419087310172236,1.0,3723.585181003516,0.8928383272147876,1.254013585602261,0.9929412377215979,0.28201316670272336,0.794250951305749
0.199,1.6414931117640028,1.0,3725.151952493949,0.8934394289375542,1.253813694815983,0.9929467620944782,0.28199571069408813,0.7945746438898567
0.1995,1.6410774925107818,1.0,3726.7171641462787,0.8940371641789578,1.2536138187273096,0.9929522231666443,0.28197825468545284,0.7948980578780337
0.2,1.640661873257561,1.0,3728.280818213153,0.8946315505650889,1.2534139573094627,0.9929576214651208,0.28196079867681756,0.7952211933697635
0.2005,1.64024625400434,1.0,3729.842916951581,0.8952226057220376,1.253214110535664,0.9929629575124752,0.2819433426681823,0.7955440504643895
0.201,1.6398306347511191,1.0,3731.403462622847,0.8958103472758943,1.2530142783791356,0.9929682318268809,0.281925886659547,0.7958666292611138
0.2015,1.6394150154978984,1.0,3732.9624574925774,0.8963947928527493,1.252814460813099,0.99297344492218,0.28190843065091176,0.7961889298589987
0.202,1.6389993962446774,1.0,3734.519903830464,0.896975960078693,1.2526146578107764,0.992978597307945,0.2818909746422764,0.7965109523569653
0.2025,1.6385837769914566,1.0,3736.075803910984,0.8975538665798156,1.2524148693453894,0.9929836894895386,0.2818735186336412,0.7968326968537947
0.203,1.6381681577382357,1.0,3737.630160012319,0.8981285299822075,1.25221509539016,0.992988721968174,0.2818560626250059,0.7971541634481265
0.20350000000000001,1.6377525384850147,1.0,3739.1829744172637,0.8986999679119589,1.2520153359183102,0.9929936952409737,0.2818386066163706,0.7974753522384608
0.20400000000000001,1.637336919231794,1.0,3740.7342494128366,0.8992681979951603,1.2518155909030615,0.9929986098010273,0.2818211506077353,0.7977962633231568
0.20450000000000002,1.636921299978573,1.0,3742.2839872902327,0.8998332378579019,1.251615860317636,0.9930034661374494,0.28180369459910004,0.7981168968004334
0.20500000000000002,1.6365056807253522,1.0,3743.8321903450055,0.9003951051262741,1.2514161441352554,0.9930082647354349,0.2817862385904648,0.798437252768369
0.20550000000000002,1.6360900614721312,1.0,3745.378860876752,0.9009538174263672,1.2512164423291416,0.9930130060763162,0.2817687825818295,0.7987573313249013
0.20600000000000002,1.6356744422189105,1.0,3746.9240011894485,0.9015093923842713,1.2510167548725166,0.993017690637616,0.28175132657319424,0.7990771325678282
0.20650000000000002,1.6352588229656895,1.0,3748.467613591253,0.902061847626077,1.2508170817386022,0.9930223188931036,0.28173387056455895,0.7993966565948066
0.20700000000000002,1.6348432037124685,1.0,3750.009700394533,0.9026112007778746,1.2506174229006202,0.9930268913128467,0.28171641455592367,0.7997159035033536
0.20750000000000002,1.6344275844592477,1.0,3751.5502639159336,0.9031574694657543,1.2504177783317922,0.9930314083632644,0.28169895854728844,0.8000348733908462
0.20800000000000002,1.6340119652060268,1.0,3753.089306475947,0.9037006713158063,1.2502181480053407,0.9930358705071793,0.2816815025386531,0.8003535663545198
0.2085,1.633596345952806,1.0,3754.6268303999045,0.9042408239541212,1.250018531894487,0.9930402782038682,0.28166404653001786,0.8006719824914713
0.209,1.633180726699585,1.0,3756.162838016619,0.9047779450067892,1.2498189299724531,0.9930446319091132,0.2816465905213826,0.8009901218986561
0.2095,1.6327651074463643,1.0,3757.697331659496,0.9053120520999006,1.249619342212461,0.9930489320752502,0.2816291345127473,0.8013079846728899
0.21,1.6323494881931433,1.0,3759.230313665984,0.9058431628595457,1.2494197685877324,0.9930531791512196,0.281611678504112,0.8016255709108483
0.2105,1.6319338689399223,1.0,3760.7617863776813,0.9063712949118149,1.2492202090714892,0.9930573735826136,0.2815942224954767,0.8019428807090663
0.211,1.6315182496867016,1.0,3762.2917521403306,0.9068964658827984,1.2490206636369534,0.9930615158117234,0.2815767664868415,0.8022599141639392
0.2115,1.6311026304334806,1.0,3763.820213303691,0.9074186933985866,1.2488211322573466,0.9930656062775878,0.28155931047820615,0.8025766713717221
0.212,1.6306870111802598,1.0,3765.347172221957,0.9079379950852697,1.2486216149058906,0.993069645416038,0.2815418544695709,0.8028931524285301
0.2125,1.6302713919270388,1.0,3766.8726303354297,0.9084543778538572,1.2484221115629082,0.9930736334982672,0.28152439846093563,0.803209357419088
0.213,1.6298557726738179,1.0,3768.3965881156464,0.9089678326148128,1.248222622216243,0.993077570552164,0.28150694245230035,0.8035252864161109
0.2135,1.6294401534205971,1.0,3769.919051454474,0.9094784194839061,1.2480231468118357,0.9930814576450018,0.28148948644366506,0.8038409395585288
0.214,1.6290245341673761,1.0,3771.4400219475856,0.9099861530231531,1.247823685328903,0.9930852951540117,0.2814720304350298,0.8041563169324006
0.2145,1.6286089149141554,1.0,3772.959501194112,0.9104910477945705,1.247624237746662,0.9930890834536499,0.28145457442639454,0.8044714186236754
0.215,1.6281932956609344,1.0,3774.4774907963665,0.9109931183601745,1.247424804044329,0.9930928229156317,0.28143711841775926,0.8047862447181933
0.2155,1.6277776764077134,1.0,3775.9939923604165,0.9114923792819815,1.2472253842011207,0.9930965139089717,0.28141966240912397,0.8051007953016844
0.216,1.6273620571544927,1.0,3777.5090074956533,0.911988845122008,1.2470259781962538,0.993100156800018,0.2814022064004887,0.8054150704597702
0.2165,1.6269464379012717,1.0,3779.0225378149007,0.9124825304422701,1.2468265860089454,0.9931037519524893,0.2813847503918534,0.8057290702779614
0.217,1.626530818648051,1.0,3780.5345849344476,0.9129734498047846,1.2466272076184117,0.9931072997275108,0.28136729438321817,0.8060427948416609
0.2175,1.62611519939483,1.0,3782.045150473849,0.9134616177715674,1.2464278430038696,0.9931108004836479,0.28134983837458283,0.8063562442361614
0.218,1.625699580141609,1.0,3783.55423605642,0.9139470489046353,1.246228492144536,0.9931142545769416,0.2813323823659476,0.8066694185466461
0.2185,1.6252839608883882,1.0,3785.0618433084205,0.9144297577660045,1.246029155019627,0.9931176623609439,0.2813149263573123,0.80698231785819
0.219,1.6248683416351672,1.0,3786.5679738598988,0.9149097589176913,1.2458298316083598,0.9931210241867496,0.281297470348677,0.8072949422557572
0.2195,1.6244527223819465,1.0,3788.072629344064,0.9153870669217122,1.245630521889951,0.9931243404030307,0.28128001434004174,0.8076072918242037
0.22,1.6240371031287255,1.0,3789.57581139767,0.9158616963400836,1.2454312258436173,0.9931276113560692,0.28126255833140645,0.8079193666482759
0.2205,1.6236214838755048,1.0,3791.0775216608517,0.9163336617348218,1.2452319434485752,0.9931308373897895,0.2812451023227712,0.808231166812611
0.221,1.6232058646222838,1.0,3792.5777617767335,0.9168029776679432,1.2450326746840419,0.9931340188457908,0.2812276463141359,0.8085426924017363
0.2215,1.6227902453690628,1.0,3794.076533392506,0.9172696587014642,1.2448334195292334,0.993137156063378,0.28121019030550065,0.8088539435000713
0.222,1.622374626115842,1.0,3795.573838158104,0.9177337193974011,1.244634177963367,0.9931402493795944,0.28119273429686537,0.8091649201919251
0.2225,1.621959006862621,1.0,3797.069677727167,0.9181951743177703,1.2444349499656588,0.9931432991292508,0.2811752782882301,0.8094756225614983
0.223,1.6215433876094003,1.0,3798.564053756492,0.9186540380245883,1.2442357355153262,0.9931463056449578,0.2811578222795948,0.8097860506928816
0.2235,1.6211277683561793,1.0,3800.056967906375,0.9191103250798714,1.2440365345915854,0.9931492692571547,0.2811403662709595,0.8100962046700573
0.224,1.6207121491029586,1.0,3801.548421840413,0.919564050045636,1.243837347173653,0.9931521902941394,0.2811229102623243,0.8104060845768987
0.2245,1.6202965298497376,1.0,3803.038417225378,0.9200152274838984,1.2436381732407462,0.9931550690820985,0.281105454253689,0.8107156904971689
0.225,1.6198809105965166,1.0,3804.5269557315637,0.9204638719566751,1.2434390127720814,0.9931579059451359,0.2810879982450537,0.811025022514523
0.2255,1.6194652913432959,1.0,3806.014039032466,0.9209099980259824,1.2432398657468753,0.9931607012053004,0.2810705422364184,0.8113340807125067
0.226,1.6190496720900749,1.0,3807.4996688050096,0.9213536202538366,1.2430407321443446,0.9931634551826167,0.28105308622778313,0.8116428651745565
0.2265,1.6186340528368541,1.0,3808.98384672939,0.9217947532022543,1.242841611943706,0.9931661681951103,0.2810356302191479,0.8119513759840004
0.227,1.6182184335836332,1.0,3810.466574488868,0.9222334114332517,1.242642505124176,0.9931688405588367,0.28101817421051256,0.8122596132240567
0.2275,1.6178028143304122,1.0,3811.9478537704294,0.9226696095088452,1.2424434116649719,0.9931714725879092,0.28100071820187733,0.8125675769778348
0.228,1.6173871950771914,1.0,3813.4276862640354,0.9231033619910513,1.2422443315453098,0.9931740645945242,0.28098326219324204,0.8128752673283356
0.2285,1.6169715758239704,1.0,3814.906073662932,0.9235346834418863,1.2420452647444065,0.9931766168889892,0.28096580618460676,0.8131826843584509
0.229,1.6165559565707497,1.0,3816.3830176638726,0.9239635884233665,1.2418462112414788,0.9931791297797482,0.2809483501759715,0.8134898281509632
0.2295,1.6161403373175287,1.0,3817.858519815399,0.92439008047987,1.2416471710169057,0.9931816034126465,0.2809308941673362,0.8137966987867549
0.23,1.6157247180643077,1.0,3819.332582207592,0.9248141567063178,1.24144814404693,0.9931840378381197,0.2809134381587009,0.8141032963529748
0.2305,1.615309098811087,1.0,3820.8052070029275,0.9252358642001468,1.241249130307266,0.9931864338341415,0.2808959821500656,0.8144096209374612
0.231,1.614893479557866,1.0,3822.2763953934004,0.9256552149919501,1.2410501297811096,0.9931887916650252,0.2808785261414304,0.8147156726164229
0.2315,1.6144778603046452,1.0,3823.746148573661,0.9260722211123208,1.240851142451658,0.9931911115934682,0.2808610701327951,0.8150214514659795
0.232,1.6140622410514243,1.0,3825.2144677412366,0.9264868945918521,1.2406521683021077,0.9931933938805708,0.2808436141241598,0.8153269575621621
0.2325,1.6136466217982033,1.0,3826.6813540967273,0.926899247461137,1.240453207315655,0.9931956387858589,0.2808261581155245,0.8156321909809142
0.233,1.6132310025449825,1.0,3828.146808843329,0.9273092917507688,1.2402542594754966,0.9931978465673039,0.28080870210688924,0.8159371517980891
0.2335,1.6128153832917616,1.0,3829.6108331871446,0.9277170394913405,1.2400553247648294,0.9932000174813431,0.280791246098254,0.8162418400894524
0.234,1.6123997640385408,1.0,3831.073428337059,0.9281225027134452,1.2398564031668498,0.9932021517829004,0.2807737900896187,0.8165462559306812
0.23450000000000001,1.6119841447853198,1.0,3832.534595504813,0.9285256934476762,1.2396574946647543,0.9932042497254053,0.28075633408098344,0.8168503993973638
0.23500000000000001,1.6115685255320988,1.0,3833.994335904959,0.9289266237246264,1.2394585992417395,0.993206311560814,0.28073887807234815,0.817154270565
0.23550000000000001,1.611152906278878,1.0,3835.452650754858,0.9293253055748891,1.2392597168810022,0.9932083375396275,0.28072142206371287,0.8174578695090009
0.23600000000000002,1.610737287025657,1.0,3836.9095412746738,0.9297217510290574,1.2390608475657388,0.993210327910912,0.2807039660550776,0.8177611963046895
0.23650000000000002,1.6103216677724363,1.0,3838.365008687404,0.9301159721177243,1.2388619912791459,0.9932122829223176,0.2806865100464423,0.8180642510273
0.23700000000000002,1.6099060485192154,1.0,3839.8190542187253,0.9305079808714831,1.2386631480044203,0.9932142028200966,0.28066905403780706,0.8183670337519775
0.23750000000000002,1.6094904292659946,1.0,3841.2716790971385,0.9308977893209269,1.2384643177247585,0.9932160878491233,0.2806515980291718,0.81866954455378
0.23800000000000002,1.6090748100127736,1.0,3842.722884554008,0.9312854094966487,1.238265500423357,0.993217938252911,0.2806341420205365,0.8189717835076764
0.23850000000000002,1.6086591907595527,1.0,3844.172671823396,0.9316708534292417,1.2380666960834124,0.9932197542736321,0.2806166860119012,0.8192737506885465
0.23900000000000002,1.608243571506332,1.0,3845.621042142256,0.9320541331492991,1.2378679046881214,0.993221536152134,0.2805992300032659,0.8195754461711825
0.23950000000000002,1.607827952253111,1.0,3847.067996750194,0.9324352606874139,1.2376691262206805,0.9932232841279588,0.2805817739946307,0.8198768700302879
0.24,1.6074123329998902,1.0,3848.513536889539,0.9328142480741792,1.2374703606642865,0.9932249984393593,0.2805643179859954,0.8201780223404773
0.2405,1.6069967137466692,1.0,3849.957663805458,0.9331911073401884,1.2372716080021358,0.9932266793233177,0.2805468619773601,0.8204789031762781
0.241,1.6065810944934484,1.0,3851.4003787459496,0.9335658505160342,1.237072868217425,0.9932283270155622,0.28052940596872483,0.8207795126121283
0.2415,1.6061654752402275,1.0,3852.8416829616067,0.9339384896323102,1.2368741412933506,0.9932299417505843,0.28051194996008955,0.8210798507223781
0.242,1.6057498559870065,1.0,3854.2815777058036,0.9343090367196092,1.2366754272131095,0.9932315237616554,0.28049449395145426,0.8213799175812886
0.2425,1.6053342367337857,1.0,3855.720064234812,0.9346775038085244,1.236476725959898,0.9932330732808436,0.280477037942819,0.8216797132630334
0.243,1.6049186174805647,1.0,3857.157143807483,0.935043902929649,1.2362780375169131,0.9932345905390301,0.28045958193418374,0.821979237841697
0.2435,1.604502998227344,1.0,3858.592817685279,0.935408246113576,1.2360793618673511,0.9932360757659254,0.28044212592554846,0.8222784913912764
0.244,1.604087378974123,1.0,3860.027087132662,0.9357705453908987,1.2358806989944084,0.9932375291900862,0.28042466991691317,0.8225774739856802
0.2445,1.603671759720902,1.0,3861.459953416658,0.93613081279221,1.235682048881282,0.9932389510389299,0.2804072139082779,0.8228761856987276
0.245,1.6032561404676813,1.0,3862.8914178070872,0.9364890603481032,1.2354834115111684,0.9932403415387515,0.2803897578996426,0.823174626604151
0.2455,1.6028405212144603,1.0,3864.3214815763645,0.9368453000891714,1.2352847868672638,0.993241700914739,0.2803723018910073,0.8234727967755938
0.246,1.6024249019612395,1.0,3865.750145999727,0.9371995440460077,1.2350861749327653,0.993243029390988,0.28035484588237203,0.8237706962866113
0.2465,1.6020092827080186,1.0,3867.177412582689,0.9375517933720929,1.2348875756891315,0.9932443270354109,0.2803373898737368,0.8240683252132732
0.247,1.6015936634547976,1.0,3868.6032834750445,0.9379020494377118,1.2346889891129227,0.9932455939182026,0.2803199338651015,0.8243656836388854
0.2475,1.6011780442015768,1.0,3870.0277594723734,0.9382503490509562,1.2344904151910632,0.9932468306137099,0.2803024778564662,0.8246627716311314
0.248,1.6007624249483559,1.0,3871.450841497245,0.9385967021510517,1.234291853909526,0.9932480373120123,0.28028502184783094,0.8249595892590476
0.2485,1.600346805695135,1.0,3872.8725304743725,0.9389411186772246,1.2340933052542853,0.9932492142022382,0.28026756583919565,0.8252561365915945
0.249,1.5999311864419141,1.0,3874.292827331306,0.9392836085687006,1.2338947692113142,0.9932503614725775,0.2802501098305604,0.8255524136976596
0.2495,1.5995155671886931,1.0,3875.7117329973403,0.9396241817647059,1.2336962457665868,0.9932514793102935,0.2802326538219251,0.8258484206460557
0.25,1.5990999479354724,1.0,3877.129248404915,0.9399628482044662,1.2334977349060763,0.9932525679017354,0.28021519781328985,0.8261441575055221
0.2505,1.5986843286822514,1.0,3878.5453744883216,0.9402996178272075,1.2332992366157565,0.9932536274323506,0.28019774180465457,0.8264396243447235
0.251,1.5982687094290307,1.0,3879.960112184443,0.9406345005721558,1.233100750881601,0.9932546580866951,0.2801802857960193,0.8267348212322506
0.2515,1.5978530901758097,1.0,3881.3734624326303,0.940967506378537,1.2329022776895833,0.9932556600484472,0.280162829787384,0.8270297482366207
0.252,1.597437470922589,1.0,3882.7854261744665,0.9412986451855772,1.2327038170256772,0.9932566335004185,0.2801453737787487,0.8273244054262759
0.2525,1.597021851669368,1.0,3884.1960043541526,0.9416279269325021,1.232505368875856,0.9932575786245637,0.2801279177701135,0.8276187928695858
0.253,1.596606232416147,1.0,3885.6051979177983,0.9419553615585377,1.2323069332260936,0.993258495601995,0.28011046176147814,0.8279129106348446
0.2535,1.5961906131629262,1.0,3887.013007814556,0.9422809590029101,1.2321085100623637,0.9932593846129908,0.2800930057528429,0.8282067587902731
0.254,1.5957749939097052,1.0,3888.4194349953236,0.9426047292048451,1.2319100993706396,0.9932602458370083,0.2800755497442076,0.8285003374040181
0.2545,1.5953593746564845,1.0,3889.824480413757,0.9429266821035687,1.231711701136895,0.9932610794526944,0.28005809373557233,0.8287936465441527
0.255,1.5949437554032635,1.0,3891.228145025759,0.9432468276383067,1.2315133153471034,0.9932618856378956,0.28004063772693705,0.8290866862786755
0.2555,1.5945281361500427,1.0,3892.630429789555,0.9435651757482854,1.2313149419872387,0.9932626645696706,0.28002318171830176,0.8293794566755115
0.256,1.5941125168968218,1.0,3894.0313356658417,0.9438817363727303,1.2311165810432743,0.9932634164242992,0.28000572570966653,0.8296719578025116
0.2565,1.5936968976436008,1.0,3895.4308636174346,0.9441965194508677,1.2309182325011838,0.9932641413772941,0.27998826970103124,0.8299641897274529
0.257,1.59328127839038,1.0,3896.829014609772,0.9445095349219232,1.230719896346941,0.9932648396034114,0.27997081369239596,0.8302561525180383
0.2575,1.592865659137159,1.0,3898.2257896104798,0.9448207927251232,1.2305215725665193,0.99326551127666,0.2799533576837607,0.8305478462418973
0.258,1.5924500398839383,1.0,3899.6211895895644,0.9451303027996932,1.2303232611458923,0.9932661565703135,0.2799359016751254,0.8308392709665852
0.2585,1.5920344206307173,1.0,3901.015215519447,0.9454380750848594,1.2301249620710337,0.9932667756569182,0.27991844566649016,0.8311304267595832
0.259,1.5916188013774963,1.0,3902.4078683745292,0.9457441195198477,1.2299266753279172,0.9932673687083057,0.2799009896578548,0.831421313688299
0.2595,1.5912031821242756,1.0,3903.7991491322095,0.9460484460438839,1.2297284009025162,0.9932679358956009,0.2798835336492196,0.8317119318200663
0.26,1.5907875628710546,1.0,3905.1890587715434,0.9463510645961942,1.2295301387808044,0.9932684773892332,0.2798660776405843,0.832002281222145
0.2605,1.5903719436178338,1.0,3906.5775982742234,0.9466519851160043,1.2293318889487554,0.9932689933589455,0.279848621631949,0.832292361961721
0.261,1.5899563243646129,1.0,3907.9647686242197,0.9469512175425404,1.229133651392343,0.9932694839738037,0.2798311656233137,0.8325821741059064
0.2615,1.589540705111392,1.0,3909.350570807857,0.9472487718150282,1.2289354260975403,0.9932699494022074,0.27981370961467844,0.8328717177217401
0.262,1.5891250858581711,1.0,3910.735005813846,0.9475446578726937,1.2287372130503214,0.9932703898118985,0.2797962536060432,0.833160992876186
0.2625,1.5887094666049502,1.0,3912.1180746327364,0.9478388856547629,1.2285390122366597,0.9932708053699711,0.27977879759740787,0.8334499996361349
0.263,1.5882938473517294,1.0,3913.4997782580845,0.9481314651004616,1.2283408236425288,0.9932711962428802,0.27976134158877264,0.8337387380684042
0.2635,1.5878782280985084,1.0,3914.8801170998836,0.9484223881341491,1.2281426472583448,0.9932715623436575,0.27974388558013735,0.8340272082332731
0.264,1.5874626088452874,1.0,3916.259092538099,0.9487116552111078,1.227944483067179,0.9932719037046435,0.27972642957150207,0.834315410201647
0.2645,1.5870469895920667,1.0,3917.6367068012996,0.9489993096381149,1.227746331045684,0.9932722209587129,0.2797089735628668,0.8346033440536662
0.265,1.5866313703388457,1.0,3919.012960596345,0.9492853594364647,1.227548191182079,0.9932725142429102,0.2796915175542315,0.834891009852564
0.2655,1.586215751085625,1.0,3920.3878546323276,0.9495698126274513,1.2273500634645826,0.9932727836937252,0.27967406154559626,0.8351784076615123
0.266,1.585800131832404,1.0,3921.7613896200573,0.9498526772323688,1.2271519478814148,0.993273029447101,0.279656605536961,0.8354655375436193
0.2665,1.585384512579183,1.0,3923.133566272766,0.9501339612725113,1.2269538444207941,0.993273251638441,0.2796391495283257,0.8357523995619323
0.267,1.5849688933259622,1.0,3924.5043853055945,0.9504136727691728,1.2267557530709403,0.9932734504026163,0.2796216935196904,0.8360389937794348
0.2675,1.5845532740727413,1.0,3925.8738474358224,0.9506918197436477,1.226557673820072,0.9932736258739723,0.2796042375110551,0.8363253202590493
0.268,1.5841376548195205,1.0,3927.241953382751,0.9509684102172298,1.2263596066564089,0.9932737781863361,0.2795867815024199,0.8366113790636348
0.2685,1.5837220355662995,1.0,3928.608703867538,0.9512434522112134,1.2261615515681699,0.9932739074730238,0.27956932549378455,0.8368971702559886
0.269,1.5833064163130786,1.0,3929.9740996139085,0.9515169537468927,1.2259635085435738,0.9932740138668462,0.2795518694851493,0.8371826938988465
0.2695,1.5828907970598578,1.0,3931.3381413469633,0.9517889228455616,1.2257654775708406,0.9932740975001176,0.27953441347651403,0.8374679500548796
0.27,1.5824751778066368,1.0,3932.7008297944444,0.9520593675285143,1.2255674586381888,0.9932741585046607,0.27951695746787875,0.8377529387866995
0.2705,1.582059558553416,1.0,3934.062165685741,0.9523282958170449,1.225369451733838,0.9932741970118143,0.27949950145924346,0.8380376601568534
0.271,1.581643939300195,1.0,3935.4221497525186,0.9525957157324476,1.2251714568460073,0.9932742131524397,0.2794820454506082,0.8383221142278274
0.2715,1.5812283200469743,1.0,3936.780782728441,0.9528616352960165,1.2249734739629154,0.9932742070569274,0.27946458944197294,0.8386063010620453
0.272,1.5808127007937534,1.0,3938.1380653489664,0.9531260625290456,1.2247755030727823,0.9932741788552039,0.27944713343333766,0.8388902207218676
0.2725,1.5803970815405324,1.0,3939.493998351904,0.953389005452829,1.2245775441638265,0.9932741286767375,0.27942967742470237,0.8391738732695937
0.273,1.5799814622873116,1.0,3940.848582476965,0.953650472088661,1.2243795972242675,0.9932740566505455,0.2794122214160671,0.8394572587674601
0.2735,1.5795658430340906,1.0,3942.201818465853,0.9539104704578356,1.2241816622423243,0.9932739629052001,0.2793947654074318,0.8397403772776417
0.274,1.5791502237808699,1.0,3943.5537070622886,0.954169008581647,1.2239837392062163,0.9932738475688347,0.2793773093987965,0.8400232288622503
0.2745,1.578734604527649,1.0,3944.904249012048,0.9544260944813892,1.2237858281041625,0.9932737107691507,0.27935985339016123,0.8403058135833362
0.275,1.5783189852744282,1.0,3946.253445063046,0.9546817361783562,1.2235879289243823,0.993273552633423,0.279342397381526,0.840588131502887
0.2755,1.5779033660212072,1.0,3947.601295964889,0.9549359416938424,1.2233900416550945,0.9932733732885063,0.2793249413728907,0.840870182682829
0.276,1.5774877467679862,1.0,3948.947802469431,0.9551887190491417,1.2231921662845187,0.9932731728608419,0.2793074853642554,0.8411519671850248
0.2765,1.5770721275147654,1.0,3950.2929653305305,0.9554400762655484,1.2229943028008736,0.9932729514764628,0.27929002935562014,0.8414334850712765
0.277,1.5766565082615445,1.0,3951.63678530397,0.9556900213643564,1.2227964511923788,0.9932727092610001,0.27927257334698485,0.8417147364033226
0.2775,1.5762408890083237,1.0,3952.9792631476503,0.9559385623668601,1.2225986114472533,0.9932724463396893,0.2792551173383496,0.8419957212428404
0.278,1.5758252697551027,1.0,3954.320399621151,0.9561857072943534,1.2224007835537165,0.9932721628373754,0.2792376613297143,0.8422764396514444
0.2785,1.5754096505018818,1.0,3955.660195486561,0.9564314641681303,1.2222029674999872,0.9932718588785191,0.27922020532107905,0.8425568916906876
0.279,1.574994031248661,1.0,3956.998651507402,0.9566758410094852,1.222005163274285,0.9932715345872034,0.27920274931244377,0.8428370774220602
0.2795,1.57457841199544,1.0,3958.335768449662,0.9569188458397121,1.2218073708648285,0.9932711900871375,0.2791852933038085,0.8431169969069912
0.28,1.5741627927422193,1.0,3959.671547080992,0.9571604866801051,1.2216095902598374,0.993270825501664,0.2791678372951732,0.8433966502068463
0.2805,1.5737471734889983,1.0,3961.005988171105,0.9574007715519582,1.2214118214475307,0.9932704409537642,0.2791503812865379,0.8436760373829298
0.281,1.5733315542357773,1.0,3962.33909249189,0.9576397084765658,1.2212140644161278,0.9932700365660634,0.2791329252779027,0.8439551584964836
0.28150000000000003,1.5729159349825566,1.0,3963.6708608168537,0.9578773054752218,1.2210163191538475,0.9932696124608363,0.2791154692692674,0.8442340136086883
0.28200000000000003,1.5725003157293356,1.0,3965.0012939217504,0.9581135705692202,1.2208185856489089,0.9932691687600137,0.2790980132606321,0.8445126027806616
0.28250000000000003,1.5720846964761148,1.0,3966.330392584148,0.9583485117798555,1.2206208638895317,0.9932687055851857,0.2790805572519968,0.844790926073459
0.28300000000000003,1.5716690772228938,1.0,3967.658157583733,0.9585821371284214,1.2204231538639347,0.993268223057609,0.27906310124336153,0.8450689835480745
0.28350000000000003,1.5712534579696729,1.0,3968.9845897020396,0.9588144546362123,1.2202254555603371,0.9932677212982115,0.27904564523472625,0.84534677526544
0.28400000000000003,1.570837838716452,1.0,3970.3096910702575,0.9590454595863721,1.2200277689568015,0.9932672002504656,0.27902818922609096,0.8456243013006772
0.28450000000000003,1.5704222194632311,1.0,3971.6334646262017,0.959275148057195,1.2198300940253335,0.9932666598685675,0.27901073321745573,0.8459015617372865
0.28500000000000003,1.5700066002100104,1.0,3972.9559083469385,0.9595035560586638,1.2196324307753383,0.9932661006617051,0.27899327720882044,0.846178556606238
0.28550000000000003,1.5695909809567894,1.0,3974.2770227922474,0.9597306899584949,1.219434779196768,0.9932655227265904,0.27897582120018516,0.8464552859657708
0.28600000000000003,1.5691753617035684,1.0,3975.596808523546,0.959956556124405,1.2192371392795742,0.9932649261596478,0.2789583651915499,0.8467317498740707
0.28650000000000003,1.5687597424503477,1.0,3976.915266104196,0.9601811609241108,1.219039511013709,0.9932643110570181,0.2789409091829146,0.8470079483892705
0.28700000000000003,1.5683441231971267,1.0,3978.232396099232,0.960404510725329,1.2188418943891246,0.9932636775145616,0.2789234531742793,0.8472838815694491
0.28750000000000003,1.567928503943906,1.0,3979.5481990755147,0.9606266118957759,1.2186442893957723,0.9932630256278635,0.278905997165644,0.8475595494726332
0.28800000000000003,1.567512884690685,1.0,3980.862675601764,0.9608474708031686,1.2184466960236044,0.9932623554922366,0.2788885411570088,0.8478349521567952
0.2885,1.5670972654374642,1.0,3982.175826248283,0.9610670938152235,1.2182491142625727,0.993261667202727,0.2788710851483735,0.8481100896798549
0.289,1.5666816461842432,1.0,3983.487651587235,0.9612854872996573,1.2180515441026292,0.9932609608541154,0.2788536291397382,0.8483849620996785
0.2895,1.5662660269310225,1.0,3984.798152192714,0.9615026576241867,1.2178539855337256,0.993260236540924,0.2788361731311029,0.8486595694740793
0.29,1.5658504076778015,1.0,3986.107328640428,0.9617186111565282,1.2176564385458137,0.9932594943574183,0.27881871712246764,0.8489339118608177
0.2905,1.5654347884245805,1.0,3987.4151815079776,0.9619333542643986,1.2174589031288459,0.9932587343976115,0.2788012611138324,0.8492079893175997
0.291,1.5650191691713597,1.0,3988.7217113744487,0.9621468933155145,1.2172613792727736,0.9932579567552687,0.2787838051051971,0.8494818019020792
0.2915,1.5646035499181388,1.0,3990.026918820974,0.9623592346775925,1.217063866967549,0.9932571615239102,0.27876634909656184,0.8497553496718564
0.292,1.564187930664918,1.0,3991.3308044304467,0.9625703847183493,1.2168663662031238,0.9932563487968159,0.27874889308792655,0.8500286326844789
0.2925,1.563772311411697,1.0,3992.6333687873607,0.9627803498055015,1.21666887696945,0.9932555186670279,0.27873143707929127,0.8503016509974405
0.293,1.563356692158476,1.0,3993.9346124780477,0.9629891363067659,1.2164713992564797,0.9932546712273558,0.278713981070656,0.8505744046681816
0.2935,1.5629410729052553,1.0,3995.234536090634,0.9631967505898589,1.2162739330541645,0.9932538065703789,0.2786965250620207,0.8508468937540904
0.294,1.5625254536520343,1.0,3996.5331402149964,0.9634031990224972,1.2160764783524562,0.9932529247884502,0.27867906905338546,0.8511191183125016
0.2945,1.5621098343988136,1.0,3997.8304254426043,0.9636084879723976,1.2158790351413071,0.993252025973701,0.2786616130447502,0.851391078400696
0.295,1.5616942151455926,1.0,3999.126392366833,0.9638126238072766,1.215681603410669,0.9932511102180434,0.2786441570361149,0.8516627740759021
0.2955,1.5612785958923716,1.0,4000.4210415827997,0.9640156128948509,1.2154841831504934,0.9932501776131738,0.2786267010274796,0.8519342053952953
0.296,1.5608629766391509,1.0,4001.714373687207,0.9642174616028373,1.2152867743507327,0.9932492282505774,0.2786092450188443,0.8522053724159971
0.2965,1.5604473573859299,1.0,4003.0063892787366,0.9644181762989521,1.2150893770013387,0.9932482622215311,0.27859178901020903,0.8524762751950765
0.297,1.5600317381327091,1.0,4004.297088957724,0.9646177633509123,1.2148919910922629,0.9932472796171068,0.27857433300157375,0.8527469137895498
0.2975,1.5596161188794881,1.0,4005.5864733261624,0.9648162291264343,1.2146946166134576,0.9932462805281748,0.2785568769929385,0.8530172882563791
0.298,1.5592004996262674,1.0,4006.8745429876944,0.9650135799932349,1.2144972535548746,0.9932452650454081,0.27853942098430323,0.853287398652474
0.2985,1.5587848803730464,1.0,4008.1612985478546,0.9652098223190306,1.214299901906466,0.9932442332592849,0.27852196497566795,0.8535572450346909
0.299,1.5583692611198254,1.0,4009.4467406139,0.9654049624715382,1.2141025616581833,0.993243185260092,0.27850450896703266,0.8538268274598336
0.2995,1.5579536418666047,1.0,4010.730869794816,0.9655990068184742,1.2139052327999786,0.9932421211379291,0.2784870529583974,0.8540961459846522
0.3,1.5575380226133837,1.0,4012.0136867012266,0.9657919617275554,1.2137079153218038,0.9932410409827108,0.27846959694976214,0.8543652006658442
0.3005,1.557122403360163,1.0,4013.2951919454763,0.9659838335664984,1.2135106092136108,0.9932399448841709,0.27845214094112686,0.8546339915600536
0.301,1.556706784106942,1.0,4014.575386141666,0.9661746287030197,1.2133133144653516,0.9932388329318649,0.27843468493249157,0.8549025187238712
0.3015,1.5562911648537212,1.0,4015.854269905689,0.9663643535048362,1.213116031066978,0.9932377052151738,0.2784172289238563,0.8551707822138357
0.302,1.5558755456005002,1.0,4017.131843854993,0.9665530143396643,1.2129187590084418,0.9932365618233077,0.278399772915221,0.855438782086432
0.3025,1.5554599263472793,1.0,4018.4081086088113,0.9667406175752208,1.212721498279695,0.9932354028453072,0.2783823169065857,0.8557065183980922
0.303,1.5550443070940585,1.0,4019.683064788087,0.9669271695792223,1.2125242488706895,0.9932342283700489,0.27836486089795043,0.8559739912051952
0.3035,1.5546286878408375,1.0,4020.956713015623,0.9671126767193855,1.212327010771377,0.9932330384862473,0.2783474048893152,0.8562412005640674
0.304,1.5542130685876168,1.0,4022.2290539155274,0.9672971453634269,1.21212978397171,0.9932318332824577,0.2783299488806799,0.8565081465309811
0.3045,1.5537974493343958,1.0,4023.5000896710962,0.967480573077942,1.2119325684499818,0.9932306127250163,0.2783124928720446,0.8567748291779139
0.305,1.5533818300811748,1.0,4024.7698239702627,0.967662953989948,1.2117353641732431,0.9932293767322794,0.27829503686340934,0.8570412485919137
0.3055,1.552966210827954,1.0,4026.0382534492805,0.9678443181892471,1.2115381711613484,0.993228125721317,0.27827758085477405,0.8573074047886227
0.306,1.552550591574733,1.0,4027.3053785673515,0.9680246707308612,1.2113409894055385,0.9932268597619274,0.27826012484613877,0.8575732978223471
0.3065,1.5521349723215123,1.0,4028.5711997852586,0.9682040166698118,1.2111438188970536,0.9932255789237665,0.2782426688375035,0.8578389277473477
0.307,1.5517193530682913,1.0,4029.835717565322,0.9683823610611205,1.2109466596271348,0.9932242832763496,0.27822521282886825,0.8581042946178372
0.3075,1.5513037338150704,1.0,4031.0989323714757,0.9685597089598091,1.2107495115870224,0.9932229728890533,0.27820775682023297,0.8583693984879832
0.308,1.5508881145618496,1.0,4032.360844669189,0.9687360654208992,1.2105523747679572,0.9932216478311187,0.2781903008115977,0.858634239411906
0.3085,1.5504724953086286,1.0,4033.6214549255023,0.9689114354994123,1.2103552491611802,0.9932203081716532,0.2781728448029624,0.8588988174436792
0.309,1.5500568760554079,1.0,4034.8807636091433,0.96908582425037,1.2101581347579315,0.9932189539796327,0.2781553887943271,0.8591631326373312
0.3095,1.549641256802187,1.0,4036.138771190328,0.9692592367287942,1.2099610315494522,0.9932175853239048,0.2781379327856919,0.8594271850468429
0.31,1.549225637548966,1.0,4037.395478140596,0.9694316779897064,1.209763939526983,0.9932162022731897,0.27812047677705654,0.8596909747261486
0.3105,1.5488100182957452,1.0,4038.6508849336087,0.9696031530881282,1.2095668586817643,0.9932148048960837,0.2781030207684213,0.8599545017291372
0.311,1.5483943990425242,1.0,4039.90499204403,0.9697736670790811,1.2093697890050368,0.9932133932610611,0.278085564759786,0.8602177661096504
0.3115,1.5479787797893034,1.0,4041.1577999483593,0.969943225017587,1.2091727304880413,0.9932119674364756,0.27806810875115073,0.8604807679214835
0.312,1.5475631605360824,1.0,4042.409309124614,0.9701118319586675,1.2089756831220184,0.9932105274905638,0.27805065274251545,0.8607435072183857
0.3125,1.5471475412828615,1.0,4043.659520052364,0.970279492957344,1.2087786468982087,0.9932090734914472,0.27803319673388016,0.8610059840540596
0.313,1.5467319220296407,1.0,4044.908433212771,0.9704462130686383,1.2085816218078531,0.9932076055071333,0.27801574072524493,0.8612681984821612
0.3135,1.5463163027764197,1.0,4046.156049088385,0.9706119973475721,1.208384607842192,0.9932061236055189,0.27799828471660964,0.8615301505563006
0.314,1.545900683523199,1.0,4047.4023681634258,0.970776850849167,1.2081876049924662,0.9932046278543921,0.27798082870797436,0.861791840330041
0.3145,1.545485064269978,1.0,4048.6473909236556,0.9709407786284445,1.2079906132499165,0.9932031183214339,0.2779633726993391,0.8620532678568994
0.315,1.545069445016757,1.0,4049.891117856421,0.9711037857404263,1.2077936326057834,0.9932015950742209,0.2779459166907038,0.8623144331903466
0.3155,1.5446538257635363,1.0,4051.1335494505292,0.9712658772401342,1.2075966630513075,0.9932000581802272,0.2779284606820685,0.862575336383807
0.316,1.5442382065103153,1.0,4052.3746861963264,0.9714270581825897,1.2073997045777296,0.9931985077068264,0.2779110046734332,0.8628359774906584
0.3165,1.5438225872570945,1.0,4053.6145285858533,0.9715873336228142,1.2072027571762904,0.9931969437212941,0.277893548664798,0.8630963565642322
0.317,1.5434069680038736,1.0,4054.853077112328,0.9717467086158298,1.2070058208382306,0.9931953662908096,0.2778760926561627,0.8633564736578137
0.3175,1.5429913487506526,1.0,4056.0903322708964,0.9719051882166578,1.2068088955547907,0.9931937754824579,0.2778586366475274,0.8636163288246419
0.318,1.5425757294974318,1.0,4057.326294557958,0.9720627774803201,1.2066119813172114,0.993192171363232,0.2778411806388921,0.8638759221179091
0.3185,1.5421601102442108,1.0,4058.5609644716415,0.972219481461838,1.2064150781167333,0.9931905540000352,0.27782372463025684,0.8641352535907618
0.319,1.54174449099099,1.0,4059.7943425115154,0.9723753052162334,1.2062181859445975,0.9931889234596823,0.2778062686216216,0.8643943232962992
0.3195,1.5413288717377691,1.0,4061.026429178517,0.9725302537985278,1.206021304792044,0.9931872798089023,0.27778881261298627,0.8646531312875756
0.32,1.5409132524845481,1.0,4062.2572249754226,0.972684332263743,1.2058244346503142,0.9931856231143402,0.27777135660435104,0.8649116776175974
0.3205,1.5404976332313274,1.0,4063.486730406249,0.9728375456669003,1.2056275755106483,0.993183953442559,0.27775390059571575,0.8651699623393261
0.321,1.5400820139781064,1.0,4064.7149459766897,0.9729898990630217,1.2054307273642868,0.9931822708600417,0.27773644458708047,0.8654279855056762
0.3215,1.5396663947248856,1.0,4065.9418721938328,0.9731413975071286,1.2052338902024708,0.9931805754331929,0.2777189885784452,0.8656857471695157
0.322,1.5392507754716647,1.0,4067.1675095663995,0.9732920460542428,1.205037064016441,0.9931788672283417,0.2777015325698099,0.8659432473836668
0.3225,1.5388351562184437,1.0,4068.391858604702,0.9734418497593859,1.2048402487974377,0.9931771463117421,0.27768407656117466,0.8662004862009051
0.323,1.538419536965223,1.0,4069.614919820201,0.9735908136775794,1.2046434445367016,0.9931754127495763,0.2776666205525394,0.8664574636739604
0.3235,1.5380039177120022,1.0,4070.8366937261435,0.973738942863845,1.2044466512254737,0.9931736666079564,0.2776491645439041,0.8667141798555151
0.324,1.5375882984587812,1.0,4072.05718083728,0.9738862423732044,1.2042498688549945,0.9931719079529251,0.2776317085352688,0.8669706347982065
0.3245,1.5371726792055602,1.0,4073.2763816698266,0.9740327172606792,1.2040530974165047,0.9931701368504593,0.2776142525266335,0.8672268285546252
0.325,1.5367570599523395,1.0,4074.4942978830736,0.9741783666407874,1.2038563368927517,0.9931683532838868,0.27759679651799823,0.8674827611883575
0.3255,1.5363414406991185,1.0,4075.710933022539,0.9743231836476788,1.2036595872524687,0.9931665571531818,0.27757934050936295,0.8677384327811036
0.326,1.5359258214458977,1.0,4076.926283968545,0.9744671933688039,1.2034628485139856,0.9931647488025667,0.2775618845007277,0.8679938433500478
0.3265,1.5355102021926768,1.0,4078.140351107953,0.9746103998170995,1.2032661206695503,0.9931629282833345,0.27754442849209243,0.8682489929462749
0.327,1.5350945829394558,1.0,4079.3531348291162,0.9747528070055022,1.2030694037114111,0.993161095646714,0.27752697248345715,0.8685038816208288
0.3275,1.534678963686235,1.0,4080.564635521914,0.9748944189469486,1.2028726976318158,0.9931592509438719,0.27750951647482186,0.8687585094247126
0.328,1.534263344433014,1.0,4081.774853577435,0.9750352396543754,1.2026760024230128,0.993157394225914,0.2774920604661866,0.8690128764088869
0.3285,1.5338477251797933,1.0,4082.9837893883696,0.9751752731407195,1.2024793180772497,0.9931555255438858,0.27747460445755134,0.8692669826242727
0.329,1.5334321059265723,1.0,4084.191443348495,0.9753145234189172,1.2022826445867747,0.9931536449487752,0.277457148448916,0.8695208281217494
0.3295,1.5330164866733513,1.0,4085.397815853507,0.9754529945019056,1.2020859819438359,0.9931517524915131,0.27743969244028077,0.8697744129521545
0.33,1.5326008674201306,1.0,4086.6029072999413,0.9755906904026211,1.2018893301406812,0.9931498482229748,0.2774222364316455,0.8700277371662852
0.3305,1.5321852481669096,1.0,4087.806718086131,0.9757276151340005,1.2016926891695587,0.9931479321939819,0.2774047804230102,0.8702808008148972
0.331,1.5317696289136888,1.0,4089.009248611565,0.9758637727089804,1.2014960590227166,0.9931460044553033,0.2773873244143749,0.870533603948705
0.3315,1.5313540096604679,1.0,4090.2104992772456,0.9759991671404976,1.2012994396924026,0.9931440650576561,0.27736986840573963,0.8707861466183826
0.332,1.5309383904072469,1.0,4091.4104704856472,0.9761338024414887,1.201102831170865,0.9931421140517077,0.2773524123971044,0.8710384288745618
0.3325,1.5305227711540261,1.0,4092.609162640355,0.9762676826248905,1.2009062334503517,0.993140151488077,0.2773349563884691,0.8712904507678341
0.333,1.5301071519008052,1.0,4093.8065761466196,0.9764008117036395,1.2007096465231106,0.9931381774173356,0.2773175003798338,0.87154221234875
0.3335,1.5296915326475844,1.0,4095.0027114109607,0.9765331936906725,1.20051307038139,0.993136191890009,0.27730004437119854,0.8717937136678181
0.334,1.5292759133943634,1.0,4096.19756884128,0.9766648325989262,1.2003165050174378,0.9931341949565785,0.27728258836256325,0.8720449547755065
0.3345,1.5288602941411424,1.0,4097.391148846826,0.9767957324413372,1.200119950423502,0.9931321866674815,0.27726513235392797,0.872295935722242
0.335,1.5284446748879217,1.0,4098.583451838423,0.9769258972308423,1.1999234065918307,0.9931301670731135,0.2772476763452927,0.8725466565584106
0.3355,1.5280290556347007,1.0,4099.774478228075,0.9770553309803781,1.199726873514672,0.9931281362238299,0.27723022033665745,0.8727971173343565
0.336,1.52761343638148,1.0,4100.964228429167,0.9771840377028813,1.1995303511842736,0.9931260941699462,0.27721276432802217,0.873047318100384
0.3365,1.527197817128259,1.0,4102.152702856454,0.9773120214112887,1.1993338395928839,0.9931240409617399,0.2771953083193869,0.8732972589067552
0.337,1.526782197875038,1.0,4103.339901926269,0.9774392861185367,1.1991373387327506,0.9931219766494516,0.2771778523107516,0.8735469398036917
0.3375,1.5263665786218172,1.0,4104.525826056071,0.9775658358375623,1.1989408485961222,0.9931199012832862,0.2771603963021163,0.8737963608413737
0.338,1.5259509593685963,1.0,4105.710475664855,0.977691674581302,1.1987443691752462,0.9931178149134144,0.277142940293481,0.8740455220699409
0.3385,1.5255353401153755,1.0,4106.893851172819,0.9778168063626925,1.198547900462371,0.9931157175899743,0.27712548428484574,0.8742944235394913
0.339,1.5251197208621545,1.0,4108.075953001809,0.9779412351946706,1.1983514424497443,0.9931136093630716,0.2771080282762105,0.8745430653000822
0.3395,1.5247041016089335,1.0,4109.256781574592,0.9780649650901728,1.1981549951296147,0.9931114902827817,0.2770905722675752,0.8747914474017295
0.34,1.5242884823557128,1.0,4110.436337315704,0.978188000062136,1.1979585584942296,0.9931093603991504,0.27707311625893993,0.8750395698944091
0.3405,1.523872863102492,1.0,4111.614620650875,0.9783103441234967,1.1977621325358372,0.9931072197621957,0.27705566025030465,0.8752874328280548
0.341,1.523457243849271,1.0,4112.791632007195,0.9784320012871917,1.1975657172466858,0.9931050684219086,0.27703820424166936,0.8755350362525594
0.3415,1.52304162459605,1.0,4113.967371813194,0.9785529755661576,1.1973693126190232,0.9931029064282546,0.27702074823303413,0.8757823802177751
0.342,1.5226260053428293,1.0,4115.141840498593,0.9786732709733312,1.1971729186450975,0.9931007338311744,0.27700329222439884,0.8760294647735134
0.3425,1.5222103860896083,1.0,4116.3150384945875,0.9787928915216491,1.1969765353171566,0.9930985506805853,0.27698583621576356,0.8762762899695438
0.343,1.5217947668363876,1.0,4117.486966233725,0.978911841224048,1.1967801626274488,0.9930963570263829,0.2769683802071283,0.8765228558555956
0.3435,1.5213791475831666,1.0,4118.6576241498215,0.9790301240934645,1.1965838005682217,0.9930941529184418,0.276950924198493,0.8767691624813573
0.34400000000000003,1.5209635283299456,1.0,4119.82701267812,0.9791477441428353,1.196387449131724,0.9930919384066169,0.2769334681898577,0.877015209896475
0.34450000000000003,1.5205479090767249,1.0,4120.995132255292,0.9792647053850974,1.1961911083102028,0.9930897135407443,0.2769160121812224,0.8772609981505557
0.34500000000000003,1.520132289823504,1.0,4122.161983319152,0.979381011833187,1.195994778095907,0.9930874783706429,0.2768985561725872,0.8775065272931638
0.34550000000000003,1.5197166705702831,1.0,4123.327566574675,0.979496660041963,1.1957984584791188,0.9930852328419203,0.2768811001639519,0.8777517973762781
0.34600000000000003,1.5193010513170622,1.0,4124.491883864015,0.9796116326174521,1.1956021494417235,0.9930829767050734,0.2768636441553166,0.8779968084623012
0.34650000000000003,1.5188854320638412,1.0,4125.654934771146,0.9797259665632537,1.1954058509823178,0.9930807104706728,0.2768461881466813,0.8782415605927175
0.34700000000000003,1.5184698128106204,1.0,4126.816719612567,0.979839664956212,1.195209563094089,0.9930784341754493,0.27682873213804604,0.8784860538157362
0.34750000000000003,1.5180541935573995,1.0,4127.9772387060775,0.979952730873171,1.1950132857702254,0.9930761478561119,0.27681127612941075,0.8787302881795294
0.34800000000000003,1.5176385743041787,1.0,4129.1364923705405,0.9800651673909748,1.1948170190039145,0.9930738515493486,0.27679382012077547,0.8789742637322335
0.34850000000000003,1.5172229550509577,1.0,4130.294480926396,0.9801769775864676,1.194620762788344,0.993071545291826,0.27677636411214024,0.8792179805219487
0.34900000000000003,1.5168073357977367,1.0,4131.451204695026,0.9802881645364934,1.1944245171167018,0.9930692291201924,0.27675890810350495,0.8794614385967389
0.34950000000000003,1.516391716544516,1.0,4132.6066639992205,0.9803987313178962,1.1942282819821757,0.9930669030710767,0.27674145209486967,0.8797046380046316
0.35000000000000003,1.515976097291295,1.0,4133.7608591630315,0.9805086810075203,1.1940320573779535,0.9930645671810902,0.2767239960862344,0.8799475787936178
0.35050000000000003,1.5155604780380743,1.0,4134.913790511801,0.9806180166822098,1.1938358432972227,0.9930622214868268,0.2767065400775991,0.8801902610116534
0.35100000000000003,1.5151448587848533,1.0,4136.065458372087,0.9807267414188087,1.1936396397331714,0.9930598660248642,0.27668908406896386,0.8804326847066568
0.35150000000000003,1.5147292395316323,1.0,4137.215863071446,0.9808348582941612,1.1934434466789872,0.993057500831765,0.2766716280603285,0.880674849926511
0.352,1.5143136202784115,1.0,4138.365004939295,0.9809423703851112,1.1932472641278578,0.9930551259440773,0.2766541720516933,0.8809167567190624
0.3525,1.5138980010251908,1.0,4139.512884305571,0.981049280768503,1.193051092072971,0.9930527413983345,0.276636716043058,0.8811584051321213
0.353,1.5134823817719698,1.0,4140.659501501937,0.9811555925211806,1.192854930507515,0.9930503472310583,0.2766192600344227,0.8813997952134618
0.3535,1.5130667625187488,1.0,4141.804856861138,0.9812613087199881,1.192658779424677,0.9930479434787571,0.27660180402578743,0.8816409270108216
0.354,1.512651143265528,1.0,4142.9489507172475,0.9813664324417697,1.192462638817645,0.9930455301779286,0.27658434801715215,0.8818818005719029
0.3545,1.512235524012307,1.0,4144.091783405573,0.9814709667633694,1.1922665086796067,0.9930431073650595,0.2765668920085169,0.8821224159443709
0.355,1.5118199047590863,1.0,4145.233355262378,0.9815749147616313,1.19207038900375,0.9930406750766271,0.27654943599988163,0.882362773175855
0.3555,1.5114042855058654,1.0,4146.373666625571,0.9816782795133996,1.1918742797832627,0.9930382333490991,0.27653197999124635,0.8826028723139485
0.356,1.5109886662526444,1.0,4147.512717834012,0.9817810640955182,1.1916781810113324,0.9930357822189355,0.27651452398261106,0.8828427134062082
0.3565,1.5105730469994236,1.0,4148.650509227954,0.9818832715848315,1.191482092681147,0.9930333217225888,0.2764970679739758,0.8830822965001552
0.357,1.5101574277462027,1.0,4149.787041148885,0.9819849050581833,1.191286014785894,0.9930308518965043,0.2764796119653405,0.8833216216432742
0.3575,1.509741808492982,1.0,4150.922313939361,0.9820859675924178,1.1910899473187615,0.9930283727771221,0.2764621559567052,0.8835606888830133
0.358,1.509326189239761,1.0,4152.056327943451,0.9821864622643792,1.1908938902729371,0.9930258844008767,0.27644469994806997,0.8837994982667852
0.3585,1.50891056998654,1.0,4153.189083506006,0.9822863921509116,1.190697843641609,0.9930233868041981,0.2764272439394347,0.8840380498419658
0.359,1.5084949507333192,1.0,4154.320580973507,0.9823857603288589,1.1905018074179643,0.9930208800235133,0.2764097879307994,0.8842763436558956
0.3595,1.5080793314800982,1.0,4155.450820693581,0.9824845698750654,1.190305781595191,0.9930183640952455,0.2763923319221641,0.8845143797558784
0.36,1.5076637122268775,1.0,4156.5798030149135,0.9825828238663752,1.190109766166477,0.993015839055817,0.27637487591352883,0.8847521581891818
0.3605,1.5072480929736565,1.0,4157.707528287615,0.9826805253796321,1.1899137611250101,0.9930133049416474,0.2763574199048936,0.8849896790030376
0.361,1.5068324737204355,1.0,4158.833996862731,0.9827776774916807,1.189717766463978,0.9930107617891567,0.27633996389625826,0.8852269422446413
0.3615,1.5064168544672147,1.0,4159.959209093015,0.9828742832793647,1.1895217821765685,0.9930082096347644,0.276322507887623,0.8854639479611522
0.362,1.5060012352139938,1.0,4161.083165331863,0.9829703458195282,1.1893258082559692,0.9930056485148915,0.27630505187898774,0.8857006961996938
0.3625,1.505585615960773,1.0,4162.205865934218,0.9830658681890155,1.1891298446953682,0.9930030784659596,0.27628759587035245,0.885937187007353
0.363,1.505169996707552,1.0,4163.327311256273,0.9831608534646707,1.188933891487953,0.9930004995243934,0.27627013986171717,0.8861734204311811
0.3635,1.504754377454331,1.0,4164.447501655271,0.9832553047233379,1.1887379486269114,0.9929979117266203,0.2762526838530819,0.8864093965181931
0.364,1.5043387582011103,1.0,4165.566437489786,0.983349225041861,1.1885420161054312,0.9929953151090717,0.27623522784444665,0.8866451153153677
0.3645,1.5039231389478893,1.0,4166.684119119442,0.9834426174970843,1.1883460939167003,0.9929927097081833,0.27621777183581137,0.8868805768696477
0.365,1.5035075196946686,1.0,4167.80054690523,0.9835354851658517,1.1881501820539062,0.9929900955603962,0.2762003158271761,0.8871157812279399
0.3655,1.5030919004414476,1.0,4168.915721209265,0.9836278311250075,1.187954280510237,0.9929874727021567,0.2761828598185408,0.8873507284371146
0.366,1.5026762811882266,1.0,4170.0296423949085,0.9837196584513958,1.1877583892788803,0.9929848411699188,0.2761654038099055,0.8875854185440065
0.3665,1.5022606619350058,1.0,4171.142310826724,0.9838109702218605,1.1875625083530237,0.992982201000143,0.2761479478012702,0.8878198515954143
0.367,1.501845042681785,1.0,4172.253726870435,0.9839017695132458,1.1873666377258554,0.9929795522292978,0.27613049179263494,0.8880540276380997
0.3675,1.5014294234285641,1.0,4173.363890893086,0.983992059402396,1.1871707773905629,0.9929768948938609,0.2761130357839997,0.8882879467187894
0.368,1.5010138041753431,1.0,4174.472803262678,0.9840818429661549,1.1869749273403338,0.9929742290303191,0.2760955797753644,0.8885216088841738
0.3685,1.5005981849221222,1.0,4175.580464348567,0.9841711232813668,1.1867790875683562,0.9929715546751693,0.27607812376672913,0.8887550141809067
0.369,1.5001825656689014,1.0,4176.68687452135,0.9842599034248756,1.1865832580678177,0.9929688718649192,0.27606066775809385,0.8889881626556063
0.3695,1.4997669464156806,1.0,4177.792034152769,0.9843481864735256,1.186387438831906,0.9929661806360879,0.27604321174945856,0.8892210543548549
0.37,1.4993513271624597,1.0,4178.895943615724,0.9844359755041608,1.1861916298538093,0.9929634810252067,0.27602575574082333,0.8894536893251979
0.3705,1.4989357079092387,1.0,4179.99860328422,0.9845232735936255,1.1859958311267147,0.9929607730688196,0.276008299732188,0.8896860676131462
0.371,1.498520088656018,1.0,4181.100013533777,0.9846100838187634,1.1858000426438107,0.9929580568034843,0.27599084372355276,0.8899181892651726
0.3715,1.498104469402797,1.0,4182.200179607169,0.9846963928240399,1.1856042643625486,0.9929553320325178,0.2759733877149175,0.8901500543700165
0.372,1.4976888501495762,1.0,4183.2991011618915,0.9847822096426896,1.1854084962814195,0.992952598876719,0.2759559317062822,0.8903816629676748
0.3725,1.4972732308963552,1.0,4184.396774933507,0.9848675496460546,1.185212738420369,0.992949857547177,0.2759384756976469,0.8906130150727932
0.373,1.4968576116431342,1.0,4185.493201194803,0.9849524151355796,1.1850169907733736,0.9929471080695643,0.2759210196890116,0.890844110730757
0.3735,1.4964419923899135,1.0,4186.58838021969,0.9850368084127092,1.1848212533344102,0.9929443504695578,0.2759035636803764,0.8910749499869188
0.374,1.4960263731366925,1.0,4187.682312283082,0.9851207317788885,1.1846255260974552,0.9929415847728382,0.2758861076717411,0.8913055328866004
0.3745,1.4956107538834718,1.0,4188.774997661172,0.9852041875355618,1.1844298090564855,0.9929388110050912,0.2758686516631058,0.8915358594750902
0.375,1.4951951346302508,1.0,4189.866436631198,0.985287177984174,1.1842341022054774,0.9929360291920076,0.2758511956544705,0.8917659297976457
0.3755,1.4947795153770298,1.0,4190.9566294715105,0.9853697054261699,1.1840384055384077,0.9929332393592836,0.27583373964583524,0.8919957438994918
0.376,1.494363896123809,1.0,4192.045576461664,0.9854517721629942,1.183842719049253,0.9929304415326216,0.2758162836372,0.8922253018258208
0.3765,1.493948276870588,1.0,4193.1332778821225,0.9855333804960916,1.18364704273199,0.992927635737731,0.27579882762856467,0.8924546036217941
0.377,1.4935326576173673,1.0,4194.21973401483,0.9856145327269068,1.1834513765805952,0.9929248220003282,0.27578137161992944,0.8926836493325403
0.3775,1.4931170383641463,1.0,4195.30494514244,0.9856952311568846,1.183255720589045,0.9929220003461364,0.27576391561129415,0.8929124390031564
0.378,1.4927014191109254,1.0,4196.388911548879,0.9857754780874697,1.1830600747513165,0.992919170800888,0.27574645960265887,0.8931409726787067
0.3785,1.4922857998577046,1.0,4197.471633519306,0.9858552758201069,1.182864439061386,0.9929163333903225,0.2757290035940236,0.8933692504042239
0.379,1.4918701806044836,1.0,4198.553111339867,0.9859346266562408,1.1826688135132302,0.9929134881401892,0.2757115475853883,0.893597272224709
0.3795,1.4914545613512629,1.0,4199.633345297816,0.9860135328973162,1.1824731981008259,0.9929106350762464,0.27569409157675306,0.89382503818513
0.38,1.4910389420980419,1.0,4200.712335681434,0.9860919968447779,1.1822775928181493,0.9929077742242626,0.2756766355681177,0.894052548330424
0.3805,1.490623322844821,1.0,4201.790082780388,0.9861700208000705,1.1820819976591774,0.9929049056100162,0.2756591795594825,0.8942798027054952
0.381,1.4902077035916002,1.0,4202.866586885126,0.9862476070646389,1.1818864126178867,0.9929020292592965,0.2756417235508472,0.8945068013552164
0.3815,1.4897920843383792,1.0,4203.941848287361,0.9863247579399276,1.1816908376882538,0.9928991451979035,0.2756242675422119,0.894733544324428
0.382,1.4893764650851584,1.0,4205.015867279906,0.9864014757273816,1.1814952728642554,0.9928962534516496,0.27560681153357663,0.8949600316579385
0.3825,1.4889608458319374,1.0,4206.088644156635,0.9864777627284453,1.181299718139868,0.9928933540463585,0.27558935552494135,0.8951862634005244
0.383,1.4885452265787165,1.0,4207.160179212601,0.9865536212445638,1.1811041735090682,0.992890447007867,0.2755718995163061,0.8954122395969303
0.3835,1.4881296073254957,1.0,4208.230472743789,0.9866290535771817,1.1809086389658328,0.9928875323620243,0.27555444350767083,0.8956379602918686
0.384,1.4877139880722747,1.0,4209.299525047362,0.9867040620277435,1.1807131145041383,0.9928846101346932,0.27553698749903555,0.8958634255300197
0.3845,1.487298368819054,1.0,4210.367336421703,0.9867786488976943,1.1805176001179614,0.9928816803517505,0.27551953149040026,0.8960886353560326
0.385,1.486882749565833,1.0,4211.433907166121,0.9868528164884786,1.1803220958012786,0.9928787430390872,0.275502075481765,0.8963135898145234
0.3855,1.486467130312612,1.0,4212.4992375811,0.986926567101541,1.1801266015480665,0.9928757982226084,0.2754846194731297,0.8965382889500768
0.386,1.4860515110593913,1.0,4213.5633279681315,0.9869999030383266,1.179931117352302,0.9928728459282352,0.2754671634644944,0.8967627328072454
0.3865,1.4856358918061705,1.0,4214.626178630002,0.98707282660028,1.1797356432079613,0.9928698861819039,0.27544970745585917,0.8969869214305498
0.387,1.4852202725529495,1.0,4215.687789870256,0.9871453400888458,1.1795401791090214,0.992866919009566,0.2754322514472239,0.8972108548644786
0.3875,1.4848046532997285,1.0,4216.7481619937735,0.9872174458054689,1.1793447250494586,0.9928639444371905,0.2754147954385886,0.8974345331534888
0.388,1.4843890340465078,1.0,4217.807295306433,0.9872891460515938,1.17914928102325,0.9928609624907628,0.2753973394299533,0.8976579563420045
0.3885,1.4839734147932868,1.0,4218.865190115282,0.9873604431286654,1.1789538470243717,0.9928579731962853,0.27537988342131803,0.8978811244744189
0.389,1.483557795540066,1.0,4219.921846728447,0.9874313393381285,1.1787584230468005,0.9928549765797785,0.2753624274126828,0.8981040375950928
0.3895,1.483142176286845,1.0,4220.977265454813,0.9875018369814278,1.1785630090845132,0.9928519726672805,0.2753449714040475,0.8983266957483548
0.39,1.482726557033624,1.0,4222.031446604791,0.9875719383600078,1.1783676051314862,0.9928489614848481,0.2753275153954122,0.898549098978502
0.3905,1.4823109377804033,1.0,4223.084390489664,0.9876416457753135,1.1781722111816961,0.9928459430585574,0.27531005938677694,0.8987712473297993
0.391,1.4818953185271824,1.0,4224.136097421796,0.9877109615287896,1.1779768272291196,0.9928429174145031,0.27529260337814165,0.89899314084648
0.3915,1.4814796992739616,1.0,4225.186567714624,0.9877798879218807,1.1777814532677335,0.9928398845788001,0.27527514736950637,0.8992147795727445
0.392,1.4810640800207406,1.0,4226.235801682703,0.9878484272560315,1.1775860892915142,0.9928368445775834,0.2752576913608711,0.8994361635527626
0.3925,1.4806484607675197,1.0,4227.283799641738,0.9879165818326869,1.1773907352944384,0.9928337974370085,0.27524023535223585,0.8996572928306712
0.393,1.480232841514299,1.0,4228.330561908182,0.9879843539532916,1.1771953912704827,0.9928307431832516,0.27522277934360057,0.8998781674505758
0.3935,1.479817222261078,1.0,4229.376088799886,0.9880517459192903,1.1770000572136237,0.9928276818425107,0.2752053233349653,0.9000987874565496
0.394,1.4794016030078572,1.0,4230.420380635684,0.9881187600321278,1.176804733117838,0.9928246134410057,0.27518786732633,0.9003191528926342
0.3945,1.4789859837546362,1.0,4231.46343773544,0.9881853985932487,1.1766094189771021,0.9928215380049775,0.2751704113176947,0.9005392638028393
0.395,1.4785703645014152,1.0,4232.505260420083,0.9882516639040978,1.176414114785393,0.9928184555606911,0.2751529553090594,0.9007591202311421
0.3955,1.4781547452481945,1.0,4233.545849011609,0.9883175582661198,1.176218820536687,0.9928153661344337,0.27513549930042414,0.9009787222214888
0.396,1.4777391259949735,1.0,4234.585203833237,0.9883830839807595,1.176023536224961,0.9928122697525158,0.2751180432917889,0.9011980698177929
0.3965,1.4773235067417527,1.0,4235.623325208844,0.9884482433494615,1.1758282618441913,0.9928091664412716,0.2751005872831536,0.9014171630639365
0.397,1.4769078874885317,1.0,4236.660213463855,0.9885130386736707,1.1756329973883548,0.9928060562270599,0.27508313127451833,0.9016360020037697
0.3975,1.4764922682353108,1.0,4237.695877678824,0.988577452135976,1.1754377427875646,0.9928029388452674,0.27506567526588305,0.9018545867525648
0.398,1.47607664898209,1.0,4238.730310345485,0.9886415067323306,1.1752424980929745,0.9927998146212372,0.27504821925724776,0.9020729172899675
0.3985,1.475661029728869,1.0,4239.763511242539,0.9887052053288642,1.1750472633025728,0.9927966835896305,0.2750307632486125,0.9022909936552288
0.399,1.4752454104756483,1.0,4240.795480611086,0.9887685496470314,1.1748520384109813,0.9927935457685763,0.27501330723997724,0.9025088158913416
0.3995,1.4748297912224273,1.0,4241.82621869299,0.9888315414082871,1.1746568234128223,0.9927904011762183,0.27499585123134196,0.9027263840412698
0.4,1.4744141719692063,1.0,4242.85572573137,0.9888941823340859,1.1744616183027177,0.9927872498307138,0.2749783952227067,0.9029436981479492
0.4005,1.4739985527159856,1.0,4243.884001970478,0.9889564741458826,1.1742664230752893,0.9927840917502346,0.2749609392140714,0.9031607582542867
0.401,1.4735829334627646,1.0,4244.911047655202,0.989018418565132,1.1740712377251596,0.9927809269529673,0.2749434832054361,0.90337756440316
0.4015,1.4731673142095438,1.0,4245.936863031768,0.9890800173132887,1.1738760622469504,0.9927777554571138,0.2749260271968008,0.9035941166374191
0.402,1.4727516949563229,1.0,4246.961448347321,0.9891412721118075,1.1736808966352836,0.992774577280891,0.2749085711881656,0.903810414999885
0.4025,1.4723360757031019,1.0,4247.984803849766,0.9892021846821432,1.1734857408847814,0.992771392442531,0.2748911151795303,0.9040264595333498
0.403,1.4719204564498811,1.0,4249.006929788338,0.9892627567457504,1.1732905949900658,0.9927682009602821,0.274873659170895,0.9042422502805771
0.4035,1.4715048371966601,1.0,4250.027826413113,0.989322990024084,1.1730954589457587,0.992765002852409,0.2748562031622597,0.9044577872843022
0.404,1.4710892179434394,1.0,4251.0474939752,0.9893828862385986,1.1729003327464824,0.9927617981371919,0.27483874715362444,0.904673070587231
0.4045,1.4706735986902184,1.0,4252.065932726758,0.989442447110749,1.1727052163868588,0.9927585868329283,0.27482129114498915,0.9048881002320417
0.405,1.4702579794369974,1.0,4253.083142920773,0.9895016743619901,1.1725101098615098,0.9927553689579323,0.27480383513635387,0.9051028762613833
0.4055,1.4698423601837767,1.0,4254.099124811558,0.9895605697137764,1.1723150131650577,0.9927521445305353,0.27478637912771864,0.9053173987178762
0.406,1.469426740930556,1.0,4255.113878653972,0.9896191348875626,1.1721199262921245,0.9927489135690862,0.27476892311908335,0.9055316676441124
0.40650000000000003,1.469011121677335,1.0,4256.127404704194,0.9896773716048036,1.171924849237332,0.9927456760919511,0.27475146711044807,0.9057456830826552
0.40700000000000003,1.468595502424114,1.0,4257.139703219358,0.9897352815869542,1.1717297819953023,0.9927424321175148,0.2747340111018128,0.9059594450760393
0.40750000000000003,1.4681798831708932,1.0,4258.1507744575065,0.9897928665554689,1.1715347245606575,0.9927391816641795,0.2747165550931775,0.9061729536667709
0.40800000000000003,1.4677642639176722,1.0,4259.160618677673,0.9898501282318027,1.1713396769280198,0.9927359247503664,0.2746990990845422,0.9063862088973272
0.40850000000000003,1.4673486446644515,1.0,4260.169236140003,0.9899070683374102,1.171144639092011,0.9927326613945158,0.274681643075907,0.9065992108101572
0.40900000000000003,1.4669330254112305,1.0,4261.176627105469,0.9899636885937461,1.170949611047253,0.9927293916150862,0.2746641870672717,0.9068119594476814
0.40950000000000003,1.4665174061580095,1.0,4262.182791836111,0.9900199907222651,1.1707545927883682,0.9927261154305558,0.2746467310586364,0.9070244548522912
0.41000000000000003,1.4661017869047888,1.0,4263.187730594956,0.9900759764444221,1.1705595843099785,0.9927228328594221,0.2746292750500011,0.9072366970663499
0.41050000000000003,1.4656861676515678,1.0,4264.191443645974,0.9901316474816718,1.170364585606706,0.9927195439202029,0.27461181904136583,0.9074486861321918
0.41100000000000003,1.465270548398347,1.0,4265.1939312542445,0.9901870055554689,1.1701695966731724,0.9927162486314354,0.27459436303273055,0.9076604220921232
0.41150000000000003,1.464854929145126,1.0,4266.195193685787,0.990242052387268,1.169974617504,0.9927129470116776,0.2745769070240953,0.9078719049884212
0.41200000000000003,1.464439309891905,1.0,4267.195231207356,0.9902967896985241,1.169779648093811,0.9927096390795076,0.27455945101546003,0.9080831348633346
0.41250000000000003,1.4640236906386843,1.0,4268.194044086975,0.9903512192106918,1.169584688437227,0.9927063248535248,0.27454199500682475,0.9082941117590837
0.41300000000000003,1.4636080713854633,1.0,4269.191632593564,0.9904053426452258,1.1693897385288703,0.9927030043523496,0.27452453899818946,0.9085048357178602
0.41350000000000003,1.4631924521322426,1.0,4270.187996997062,0.990459161723581,1.169194798363363,0.9926996775946232,0.2745070829895542,0.9087153067818269
0.41400000000000003,1.4627768328790216,1.0,4271.183137568304,0.9905126781672119,1.1689998679353268,0.9926963445990092,0.2744896269809189,0.908925524993119
0.41450000000000004,1.4623612136258006,1.0,4272.177054579058,0.9905658936975734,1.1688049472393842,0.9926930053841923,0.2744721709722836,0.9091354903938416
0.41500000000000004,1.4619455943725799,1.0,4273.1697483023145,0.9906188100361203,1.168610036270157,0.9926896599688794,0.27445471496364837,0.9093452030260725
0.41550000000000004,1.461529975119359,1.0,4274.161219011708,0.9906714289043071,1.1684151350222671,0.9926863083718003,0.2744372589550131,0.9095546629318607
0.41600000000000004,1.4611143558661381,1.0,4275.151466982094,0.9907237520235888,1.1682202434903368,0.9926829506117065,0.2744198029463778,0.9097638701532264
0.4165,1.4606987366129172,1.0,4276.140492489089,0.9907757811154199,1.168025361668988,0.9926795867073734,0.2744023469377425,0.9099728247321613
0.417,1.4602831173596964,1.0,4277.128295809532,0.9908275179012553,1.1678304895528426,0.9926762166775984,0.27438489092910723,0.9101815267106288
0.4175,1.4598674981064754,1.0,4278.114877221061,0.9908789641025497,1.167635627136523,0.9926728405412031,0.27436743492047194,0.9103899761305634
0.418,1.4594518788532547,1.0,4279.100237002367,0.9909301214407579,1.1674407744146507,0.9926694583170321,0.2743499789118367,0.9105981730338714
0.4185,1.4590362596000337,1.0,4280.0843754329035,0.9909809916373344,1.1672459313818482,0.9926660700239538,0.2743325229032014,0.9108061174624302
0.419,1.4586206403468127,1.0,4281.067292793331,0.9910315764137343,1.1670510980327373,0.992662675680861,0.27431506689456614,0.9110138094580893
0.4195,1.458205021093592,1.0,4282.048989365238,0.9910818774914121,1.1668562743619402,0.9926592753066706,0.27429761088593085,0.9112212490626689
0.42,1.457789401840371,1.0,4283.029465431051,0.9911318965918225,1.1666614603640788,0.9926558689203244,0.27428015487729557,0.9114284363179611
0.4205,1.4573737825871502,1.0,4284.008721274322,0.9911816354364205,1.166466656033775,0.9926524565407882,0.2742626988686603,0.9116353712657297
0.421,1.4569581633339292,1.0,4284.986757179441,0.9912310957466605,1.1662718613656513,0.9926490381870539,0.27424524286002505,0.9118420539477093
0.4215,1.4565425440807083,1.0,4285.963573431717,0.9912802792439974,1.1660770763543293,0.9926456138781374,0.27422778685138977,0.9120484844056067
0.422,1.4561269248274875,1.0,4286.939170317541,0.991329187649886,1.165882300994431,0.9926421836330814,0.2742103308427545,0.9122546626811001
0.4225,1.4557113055742665,1.0,4287.913548124218,0.9913778226857809,1.165687535280579,0.9926387474709532,0.2741928748341192,0.9124605888158384
0.423,1.4552956863210458,1.0,4288.886708523532,0.9914261762680511,1.1654927791973624,0.9926353052666099,0.2741754188254839,0.9126662628620315
0.4235,1.4548800670678248,1.0,4289.858653715316,0.9914742417259563,1.165298032725554,0.9926318569153747,0.2741579628168486,0.9128716848758345
0.424,1.4544644478146038,1.0,4290.829381314417,0.9915220414927501,1.1651032958791787,0.9926284027409535,0.27414050680821334,0.913076854878292
0.4245,1.454048828561383,1.0,4291.798891524927,0.9915695768049676,1.164908568653492,0.9926249427554463,0.2741230507995781,0.9132817729102569
0.425,1.453633209308162,1.0,4292.767184551556,0.9916168488991443,1.164713851043749,0.9926214769709685,0.2741055947909428,0.9134864390125564
0.4255,1.4532175900549413,1.0,4293.734260600133,0.9916638590118152,1.164519143045205,0.9926180053996503,0.27408813878230753,0.9136908532259929
0.426,1.4528019708017204,1.0,4294.700119877354,0.9917106083795157,1.1643244446531158,0.9926145280536378,0.27407068277367225,0.9138950155913428
0.4265,1.4523863515484994,1.0,4295.664762590825,0.9917570982387812,1.1641297558627364,0.9926110449450931,0.27405322676503696,0.9140989261493576
0.427,1.4519707322952786,1.0,4296.628188948979,0.9918033298261469,1.1639350766693224,0.9926075560861937,0.2740357707564017,0.9143025849407633
0.4275,1.4515551130420576,1.0,4297.590399161315,0.9918493043781481,1.163740407068129,0.9926040614891334,0.2740183147477664,0.9145059920062609
0.428,1.4511394937888369,1.0,4298.551393438158,0.9918950231313202,1.1635457470544117,0.992600561166122,0.27400085873913116,0.9147091473865254
0.4285,1.450723874535616,1.0,4299.511171990655,0.9919404873221982,1.1633510966234257,0.9925970551293858,0.2739834027304959,0.9149120511222074
0.429,1.450308255282395,1.0,4300.46973503086,0.9919856981873176,1.1631564557704268,0.9925935433911678,0.2739659467218606,0.915114703253931
0.4295,1.4498926360291742,1.0,4301.427082771928,0.9920306569632138,1.1629618244906699,0.9925900259637274,0.2739484907132253,0.9153171038222963
0.43,1.4494770167759532,1.0,4302.383215427716,0.9920753648864219,1.1627672027794107,0.9925865028593404,0.27393103470459,0.9155192528678769
0.4305,1.4490613975227324,1.0,4303.338133213142,0.9921198231934771,1.1625725906319047,0.9925829740903005,0.2739135786959548,0.9157211504312218
0.431,1.4486457782695115,1.0,4304.29183634378,0.9921640331209151,1.1623779880434066,0.9925794396689182,0.2738961226873195,0.9159227965528549
0.4315,1.4482301590162905,1.0,4305.244325036306,0.9922079959052706,1.1621833950091727,0.9925758996075206,0.2738786666786842,0.9161241912732738
0.432,1.4478145397630697,1.0,4306.195599508253,0.9922517127830794,1.1619888115244577,0.9925723539184534,0.2738612106700489,0.916325334632952
0.4325,1.447398920509849,1.0,4307.14565997809,0.9922951849908765,1.1617942375845172,0.9925688026140789,0.27384375466141364,0.9165262266723367
0.433,1.446983301256628,1.0,4308.094506665103,0.9923384137651974,1.1615996731846063,0.9925652457067776,0.27382629865277835,0.9167268674318508
0.4335,1.446567682003407,1.0,4309.042139789426,0.9923814003425773,1.1614051183199812,0.992561683208948,0.27380884264414307,0.9169272569518906
0.434,1.4461520627501863,1.0,4309.98855957234,0.9924241459595513,1.1612105729858964,0.9925581151330066,0.27379138663550784,0.9171273952728284
0.4345,1.4457364434969653,1.0,4310.933766235559,0.9924666518526549,1.1610160371776077,0.9925545414913878,0.27377393062687255,0.9173272824350104
0.435,1.4453208242437445,1.0,4311.877760002187,0.9925089192584234,1.1608215108903703,0.9925509622965448,0.27375647461823727,0.917526918478758
0.4355,1.4449052049905236,1.0,4312.820541095885,0.9925509494133921,1.1606269941194398,0.9925473775609492,0.273739018609602,0.9177263034443669
0.436,1.4444895857373026,1.0,4313.762109741457,0.992592743554096,1.1604324868600713,0.9925437872970911,0.2737215626009667,0.917925437372108
0.4365,1.4440739664840818,1.0,4314.702466164258,0.9926343029170708,1.1602379891075205,0.9925401915174793,0.2737041065923314,0.9181243203022262
0.437,1.4436583472308608,1.0,4315.641610590867,0.9926756287388515,1.1600435008570427,0.9925365902346422,0.2736866505836961,0.9183229522749419
0.4375,1.44324272797764,1.0,4316.57954324866,0.9927167222559735,1.159849022103893,0.992532983461127,0.2736691945750609,0.9185213333304499
0.438,1.442827108724419,1.0,4317.5162643656595,0.9927575847049721,1.159654552843327,0.9925293712094997,0.2736517385664256,0.9187194635089199
0.4385,1.4424114894711981,1.0,4318.451774171095,0.9927982173223826,1.1594600930706,0.9925257534923461,0.2736342825577903,0.9189173428504961
0.439,1.4419958702179774,1.0,4319.386072894877,0.9928386213447402,1.1592656427809678,0.992522130322272,0.27361682654915503,0.9191149713952971
0.4395,1.4415802509647564,1.0,4320.319160767921,0.9928787980085803,1.1590712019696852,0.9925185017119025,0.27359937054051975,0.9193123491834172
0.44,1.4411646317115356,1.0,4321.251038022066,0.992918748550438,1.1588767706320076,0.9925148676738822,0.2735819145318845,0.919509476254925
0.4405,1.4407490124583147,1.0,4322.181704889698,0.9929584742068489,1.1586823487631908,0.9925112282208767,0.27356445852324923,0.9197063526498632
0.441,1.4403333932050937,1.0,4323.111161604503,0.9929979762143479,1.15848793635849,0.9925075833655705,0.27354700251461395,0.9199029784082502
0.4415,1.439917773951873,1.0,4324.039408400747,0.9930372558094707,1.1582935334131603,0.9925039331206701,0.27352954650597866,0.9200993535700788
0.442,1.439502154698652,1.0,4324.966445513786,0.9930763142287523,1.1580991399224576,0.9925002774989005,0.2735120904973434,0.9202954781753162
0.4425,1.4390865354454312,1.0,4325.892273179686,0.9931151527087281,1.1579047558816369,0.992496616513009,0.2734946344887081,0.9204913522639052
0.443,1.4386709161922102,1.0,4326.816891635511,0.9931537724859334,1.1577103812859535,0.9924929501757627,0.2734771784800728,0.9206869758757626
0.4435,1.4382552969389892,1.0,4327.740301119201,0.9931921747969034,1.1575160161306632,0.9924892784999497,0.27345972247143757,0.9208823490507801
0.444,1.4378396776857685,1.0,4328.662501869362,0.9932303608781735,1.157321660411021,0.9924856014983799,0.2734422664628023,0.9210774718288246
0.4445,1.4374240584325475,1.0,4329.583494125681,0.9932683319662788,1.1571273141222826,0.9924819191838831,0.273424810454167,0.921272344249737
0.445,1.4370084391793267,1.0,4330.503278128712,0.9933060892977549,1.156932977259703,0.9924782315693119,0.2734073544455317,0.921466966353334
0.4455,1.4365928199261058,1.0,4331.421854119802,0.9933436341091368,1.156738649818538,0.9924745386675391,0.27338989843689643,0.9216613381794061
0.446,1.4361772006728848,1.0,4332.339222341166,0.9933809676369599,1.1565443317940425,0.99247084049146,0.27337244242826114,0.9218554597677192
0.4465,1.435761581419664,1.0,4333.255383035926,0.9934180911177596,1.1563500231814723,0.9924671370539911,0.27335498641962586,0.9220493311580137
0.447,1.435345962166443,1.0,4334.170336448199,0.993455005788071,1.1561557239760827,0.9924634283680714,0.2733375304109906,0.9222429523900048
0.4475,1.4349303429132223,1.0,4335.0840828226355,0.9934917128844295,1.1559614341731288,0.9924597144466614,0.27332007440235534,0.9224363235033827
0.448,1.4345147236600013,1.0,4335.996622404961,0.9935282136433703,1.1557671537678664,0.9924559953027444,0.27330261839372005,0.922629444537812
0.4485,1.4340991044067803,1.0,4336.907955441845,0.9935645093014288,1.1555728827555505,0.9924522709493253,0.27328516238508477,0.9228223155329329
0.449,1.4336834851535596,1.0,4337.818082180657,0.9936006010951403,1.1553786211314367,0.9924485413994321,0.2732677063764495,0.9230149365283592
0.4495,1.4332678659003386,1.0,4338.727002869795,0.99363649026104,1.1551843688907804,0.9924448066661151,0.2732502503678142,0.9232073075636805
0.45,1.4328522466471179,1.0,4339.634717758352,0.9936721780356631,1.1549901260288369,0.9924410667624478,0.27323279435917897,0.9233994286784607
0.4505,1.4324366273938969,1.0,4340.541227096365,0.993707665655545,1.1547958925408615,0.9924373217015262,0.2732153383505437,0.9235912999122388
0.451,1.432021008140676,1.0,4341.446531134647,0.9937429543572212,1.1546016684221097,0.9924335714964693,0.2731978823419084,0.9237829213045283
0.4515,1.4316053888874551,1.0,4342.350630125036,0.9937780453772266,1.1544074536678368,0.9924298161604196,0.2731804263332731,0.9239742928948177
0.452,1.4311897696342344,1.0,4343.253524320145,0.9938129399520967,1.154213248273298,0.9924260557065426,0.2731629703246378,0.9241654147225706
0.4525,1.4307741503810134,1.0,4344.155213973359,0.9938476393183668,1.1540190522337492,0.9924222901480277,0.27314551431600254,0.9243562868272246
0.453,1.4303585311277924,1.0,4345.055699339048,0.9938821447125721,1.1538248655444456,0.9924185194980877,0.2731280583073673,0.9245469092481927
0.4535,1.4299429118745717,1.0,4345.954980672347,0.993916457371248,1.1536306882006422,0.9924147437699592,0.273110602298732,0.924737282024863
0.454,1.4295272926213507,1.0,4346.853058229208,0.9939505785309297,1.153436520197595,0.9924109629769022,0.27309314629009673,0.9249274051965978
0.4545,1.42911167336813,1.0,4347.749932266599,0.9939845094281525,1.1532423615305587,0.9924071771322015,0.27307569028146145,0.9251172788027345
0.455,1.428696054114909,1.0,4348.645606317917,0.9940182450290451,1.1530482121712,0.9924033861539091,0.27305823427282616,0.9253069029056101
0.4555,1.428280434861688,1.0,4349.540085303108,0.9940517790889853,1.1528540720812166,0.992399589941403,0.2730407782641909,0.9254962775771373
0.456,1.4278648156084672,1.0,4350.43336187437,0.9940851277876676,1.1526599413106529,0.9923957887349366,0.2730233222555556,0.925685402803023
0.4565,1.4274491963552463,1.0,4351.32543621626,0.9941182919876532,1.1524658198553097,0.9923919825422706,0.27300586624692036,0.9258742786219651
0.457,1.4270335771020255,1.0,4352.216308514114,0.9941512725515042,1.1522717077109879,0.9923881713711793,0.2729884102382851,0.9260629050726387
0.4575,1.4266179578488045,1.0,4353.105978954247,0.994184070341782,1.1520776048734882,0.9923843552294521,0.2729709542296498,0.9262512821936965
0.458,1.4262023385955835,1.0,4353.994447723707,0.9942166862210484,1.1518835113386112,0.9923805341248927,0.2729534982210145,0.926439410023769
0.4585,1.4257867193423628,1.0,4354.881715010398,0.9942491210518651,1.1516894271021576,0.992376708065319,0.2729360422123792,0.9266272886014644
0.459,1.4253711000891418,1.0,4355.767781002954,0.9942813756967936,1.1514953521599287,0.9923728770585638,0.27291858620374393,0.9268149179653673
0.4595,1.424955480835921,1.0,4356.652645891067,0.9943134510183959,1.1513012865077246,0.992369041112475,0.2729011301951087,0.9270022981540416
0.46,1.4245398615827,1.0,4357.536309864747,0.9943453478792332,1.1511072301413465,0.9923652002349151,0.2728836741864734,0.9271894292060272
0.4605,1.424124242329479,1.0,4358.418773115267,0.9943770671418676,1.1509131830565948,0.9923613544337618,0.2728662181778381,0.9273763111598428
0.461,1.4237086230762583,1.0,4359.300035834549,0.9944086096688605,1.1507191452492707,0.9923575037169071,0.27284876216920284,0.9275629440539837
0.4615,1.4232930038230374,1.0,4360.180098215315,0.9944399763227737,1.1505251167151747,0.9923536480922592,0.27283130616056755,0.927749327926923
0.462,1.4228773845698166,1.0,4361.058960451188,0.9944711679661687,1.1503310974501075,0.9923497875677405,0.27281385015193227,0.9279354628171118
0.4625,1.4224617653165956,1.0,4361.936622736464,0.9945021854616075,1.1501370874498702,0.9923459221512896,0.27279639414329704,0.9281213487629785
0.463,1.4220461460633746,1.0,4362.813085266296,0.9945330296716516,1.1499430867102631,0.9923420518508596,0.27277893813466175,0.9283069858029289
0.4635,1.421630526810154,1.0,4363.688348236634,0.9945637014588625,1.1497490952270872,0.99233817667442,0.27276148212602647,0.9284923739753468
0.464,1.421214907556933,1.0,4364.5624118442365,0.9945942016858021,1.1495551129961434,0.9923342966299551,0.2727440261173912,0.928677513318593
0.4645,1.4207992883037122,1.0,4365.4352762867065,0.9946245312150321,1.1493611400132324,0.9923304117254654,0.2727265701087559,0.9288624038710063
0.465,1.4203836690504912,1.0,4366.30694176245,0.994654690909114,1.1491671762741547,0.9923265219689666,0.2727091141001206,0.9290470456709032
0.4655,1.4199680497972702,1.0,4367.177408470592,0.9946846816306095,1.1489732217747113,0.9923226273684911,0.2726916580914853,0.9292314387565774
0.466,1.4195524305440494,1.0,4368.046676611306,0.9947145042420803,1.1487792765107028,0.9923187279320862,0.2726742020828501,0.9294155831663006
0.4665,1.4191368112908285,1.0,4368.914746385027,0.9947441596060881,1.14858534047793,0.9923148236678159,0.2726567460742148,0.9295994789383215
0.467,1.4187211920376077,1.0,4369.78161799357,0.9947736485851946,1.148391413672194,0.9923109145837601,0.2726392900655795,0.9297831261108667
0.4675,1.4183055727843867,1.0,4370.647291639218,0.9948029720419614,1.148197496089295,0.9923070006880145,0.27262183405694423,0.9299665247221408
0.468,1.4178899535311658,1.0,4371.511767525216,0.9948321308389502,1.1480035877250343,0.9923030819886918,0.27260437804830895,0.9301496748103255
0.4685,1.417474334277945,1.0,4372.375045855439,0.9948611258387227,1.1478096885752125,0.9922991584939206,0.27258692203967366,0.93033257641358
0.46900000000000003,1.4170587150247242,1.0,4373.237126834849,0.9948899579038405,1.1476157986356301,0.992295230211846,0.27256946603103843,0.9305152295700417
0.46950000000000003,1.4166430957715033,1.0,4374.098010668789,0.9949186278968652,1.147421917902088,0.9922912971506295,0.27255201002240315,0.9306976343178254
0.47000000000000003,1.4162274765182823,1.0,4374.957697563687,0.9949471366803587,1.147228046370387,0.9922873593184495,0.27253455401376786,0.9308797906950229
0.47050000000000003,1.4158118572650615,1.0,4375.816187726719,0.9949754851168826,1.1470341840363278,0.9922834167235007,0.2725170980051326,0.9310616987397043
0.47100000000000003,1.4153962380118406,1.0,4376.673481365817,0.9950036740689985,1.1468403308957114,0.9922794693739952,0.2724996419964973,0.9312433584899171
0.47150000000000003,1.4149806187586198,1.0,4377.529578689658,0.9950317043992681,1.1466464869443385,0.9922755172781614,0.272482185987862,0.9314247699836862
0.47200000000000003,1.4145649995053988,1.0,4378.384479907963,0.995059576970253,1.1464526521780094,0.9922715604442447,0.27246472997922677,0.9316059332590146
0.47250000000000003,1.4141493802521778,1.0,4379.2381852307835,0.995087292644515,1.1462588265925255,0.992267598880508,0.2724472739705915,0.9317868483538825
0.47300000000000003,1.413733760998957,1.0,4380.090694869335,0.9951148522846157,1.1460650101836871,0.9922636325952306,0.2724298179619562,0.931967515306248
0.47350000000000003,1.4133181417457361,1.0,4380.942009035495,0.9951422567531168,1.1458712029472953,0.9922596615967099,0.2724123619533209,0.9321479341540465
0.47400000000000003,1.4129025224925154,1.0,4381.792127942014,0.9951695069125799,1.1456774048791505,0.9922556858932597,0.27239490594468563,0.9323281049351915
0.47450000000000003,1.4124869032392944,1.0,4382.641051802259,0.9951966036255668,1.1454836159750539,0.9922517054932116,0.27237744993605034,0.9325080276875735
0.47500000000000003,1.4120712839860734,1.0,4383.488780830513,0.9952235477546391,1.145289836230806,0.992247720404915,0.27235999392741506,0.9326877024490612
0.47550000000000003,1.4116556647328526,1.0,4384.33531524192,0.9952503401623584,1.1450960656422073,0.992243730636736,0.2723425379187798,0.9328671292575008
0.47600000000000003,1.4112400454796317,1.0,4385.18065525212,0.9952769817112864,1.144902304205059,0.9922397361970591,0.27232508191014454,0.933046308150716
0.47650000000000003,1.410824426226411,1.0,4386.024801077788,0.9953034732639849,1.1447085519151619,0.9922357370942863,0.27230762590150925,0.933225239166508
0.47700000000000004,1.41040880697319,1.0,4386.867752936334,0.9953298156830155,1.1445148087683163,0.9922317333368369,0.27229016989287397,0.9334039223426561
0.47750000000000004,1.409993187719969,1.0,4387.709511045871,0.9953560098309397,1.1443210747603234,0.992227724933149,0.2722727138842387,0.9335823577169169
0.47800000000000004,1.4095775684667482,1.0,4388.550075625457,0.9953820565703195,1.144127349886984,0.9922237118916779,0.27225525787560345,0.9337605453270246
0.47850000000000004,1.4091619492135272,1.0,4389.389446894596,0.9954079567637164,1.1439336341440982,0.9922196942208972,0.2722378018669681,0.9339384852106916
0.47900000000000004,1.4087463299603065,1.0,4390.2276250740715,0.995433711273692,1.1437399275274676,0.9922156719292988,0.2722203458583329,0.934116177405607
0.47950000000000004,1.4083307107070855,1.0,4391.064610384944,0.995459320962808,1.1435462300328925,0.9922116450253926,0.2722028898496976,0.9342936219494385
0.48,1.4079150914538647,1.0,4391.900403049386,0.9954847866936262,1.1433525416561736,0.9922076135177066,0.2721854338410623,0.934470818879831
0.4805,1.4074994722006438,1.0,4392.735003290136,0.9955101093287081,1.143158862393112,0.9922035774147875,0.272167977832427,0.934647768234407
0.481,1.407083852947423,1.0,4393.568411330916,0.9955352897306156,1.142965192239508,0.9921995367252009,0.27215052182379174,0.9348244700507669
0.4815,1.406668233694202,1.0,4394.4006273961,0.99556032876191,1.142771531191163,0.9921954914575297,0.2721330658151565,0.9350009243664884
0.482,1.406252614440981,1.0,4395.231651710751,0.9955852272851533,1.1425778792438772,0.9921914416203764,0.2721156098065212,0.9351771312191275
0.4825,1.4058369951877603,1.0,4396.06148450087,0.9956099861629071,1.1423842363934515,0.9921873872223623,0.27209815379788593,0.9353530906462172
0.483,1.4054213759345393,1.0,4396.890125993149,0.995634606257733,1.142190602635687,0.9921833282721267,0.27208069778925065,0.9355288026852684
0.4835,1.4050057566813186,1.0,4397.717576415007,0.9956590884321928,1.1419969779663839,0.9921792647783284,0.27206324178061536,0.9357042673737701
0.484,1.4045901374280976,1.0,4398.543835994803,0.995683433548848,1.1418033623813433,0.9921751967496449,0.2720457857719801,0.9358794847491883
0.4845,1.4041745181748766,1.0,4399.368904961453,0.9957076424702603,1.141609755876366,0.9921711241947727,0.2720283297633448,0.9360544548489669
0.485,1.4037588989216558,1.0,4400.192783544896,0.9957317160589916,1.1414161584472526,0.9921670471224278,0.27201087375470956,0.9362291777105278
0.4855,1.4033432796684349,1.0,4401.015471975419,0.9957556551776032,1.141222570089804,0.9921629655413448,0.2719934177460743,0.9364036533712704
0.486,1.402927660415214,1.0,4401.836970484576,0.9957794606886571,1.1410289907998208,0.9921588794602781,0.271975961737439,0.9365778818685716
0.4865,1.4025120411619931,1.0,4402.657279304273,0.9958031334547148,1.140835420573104,0.9921547888880009,0.2719585057288037,0.9367518632397861
0.487,1.4020964219087722,1.0,4403.47640138386,0.9958266703821769,1.1406418593860146,0.992150693771228,0.2719410497201684,0.9369255975396827
0.4875,1.4016808026555514,1.0,4404.294341754351,0.9958500662514858,1.1404483072000313,0.9921465940230911,0.2719235937115332,0.9370990848362425
0.488,1.4012651834023304,1.0,4405.111093353061,0.9958733328022217,1.1402547640631777,0.9921424898230069,0.27190613770289784,0.9372723251198417
0.4885,1.4008495641491097,1.0,4405.9266563498,0.995896470636076,1.1400612299717252,0.9921383811757868,0.2718886816942626,0.9374453184273198
0.489,1.4004339448958887,1.0,4406.741030914373,0.9959194803547401,1.139867704921946,0.9921342680862544,0.2718712256856273,0.9376180647954958
0.4895,1.4000183256426677,1.0,4407.554217217564,0.9959423625599055,1.1396741889101119,0.9921301505592448,0.27185376967699204,0.9377905642611684
0.49,1.399602706389447,1.0,4408.366215431061,0.9959651178532635,1.1394806819324947,0.9921260285996049,0.27183631366835675,0.9379628168611168
0.4905,1.399187087136226,1.0,4409.177025727084,0.9959877468365054,1.1392871839853667,0.9921219022121938,0.27181885765972147,0.9381348226321002
0.491,1.3987714678830052,1.0,4409.986648278746,0.9960102501113227,1.1390936950649992,0.9921177714018822,0.27180140165108624,0.9383065816108578
0.4915,1.3983558486297842,1.0,4410.79508325965,0.9960326282794068,1.1389002151676646,0.9921136361735535,0.27178394564245095,0.9384780938341086
0.492,1.3979402293765633,1.0,4411.602330844377,0.9960548819424491,1.1387067442896344,0.9921094965321026,0.27176648963381567,0.9386493593385523
0.4925,1.3975246101233425,1.0,4412.40839120808,0.9960770117021408,1.1385132824271806,0.9921053524824364,0.2717490336251804,0.9388203781608676
0.493,1.3971089908701215,1.0,4413.213264526799,0.9960990181601735,1.1383198295765753,0.9921012040294744,0.2717315776165451,0.9389911503377142
0.4935,1.3966933716169008,1.0,4414.016950977151,0.9961209019182385,1.1381263857340902,0.9920970511781483,0.2717141216079098,0.9391616759057313
0.494,1.3962777523636798,1.0,4414.819450736557,0.9961426635780273,1.1379329508959972,0.9920928939334018,0.2716966655992745,0.9393319549015383
0.4945,1.3958621331104588,1.0,4415.620763983296,0.9961643037412312,1.1377395250585682,0.9920887323001912,0.2716792095906393,0.9395019873617348
0.495,1.395446513857238,1.0,4416.420890896038,0.9961858230095415,1.137546108218075,0.9920845662834851,0.271661753582004,0.9396717733229006
0.4955,1.3950308946040173,1.0,4417.219831654435,0.9962072219846498,1.1373527003707895,0.9920803958882645,0.2716442975733687,0.9398413128215948
0.496,1.3946152753507963,1.0,4418.017586438867,0.9962285012682474,1.1371593015129837,0.9920762211195229,0.27162684156473343,0.9400106058943573
0.4965,1.3941996560975753,1.0,4418.814155430267,0.9962496614620255,1.1369659116409296,0.9920720419822663,0.27160938555609815,0.9401796525777074
0.497,1.3937840368443544,1.0,4419.60953881055,0.9962707031676757,1.1367725307508987,0.9920678584815136,0.27159192954746286,0.9403484529081456
0.4975,1.3933684175911336,1.0,4420.403736762142,0.9962916269868894,1.1365791588391634,0.9920636706222957,0.2715744735388276,0.9405170069221511
0.498,1.3929527983379129,1.0,4421.196749468364,0.996312433521358,1.136385795901995,0.9920594784096568,0.27155701753019235,0.9406853146561842
0.4985,1.3925371790846919,1.0,4421.988577113048,0.9963331233727727,1.1361924419356657,0.9920552818486541,0.27153956152155706,0.9408533761466847
0.499,1.392121559831471,1.0,4422.779219880835,0.9963536971428251,1.1359990969364475,0.9920510809443565,0.2715221055129218,0.9410211914300726
0.4995,1.3917059405782501,1.0,4423.568677957211,0.9963741554332064,1.135805760900612,0.9920468757018467,0.2715046495042865,0.941188760542748
0.5,1.3912903213250292,1.0,4424.356951528216,0.9963944988456083,1.1356124338244313,0.9920426661262202,0.2714871934956512,0.9413560835210913
0.5005000000000001,1.3908747020718082,1.0,4425.144040780735,0.9964147279817218,1.1354191157041773,0.9920384522225848,0.2714697374870159,0.9415231604014624
0.501,1.3904590828185874,1.0,4425.929945902375,0.9964348434432385,1.1352258065361218,0.9920342339960623,0.2714522814783807,0.941689991220202
0.5015000000000001,1.3900434635653665,1.0,4426.714667081249,0.9964548458318498,1.1350325063165367,0.9920300114517866,0.2714348254697454,0.9418565760136304
0.502,1.3896278443121457,1.0,4427.498204506442,0.996474735749247,1.1348392150416937,0.9920257845949055,0.2714173694611101,0.9420229148180481
0.5025000000000001,1.3892122250589247,1.0,4428.28055836767,0.9964945137971216,1.134645932707865,0.9920215534305794,0.27139991345247483,0.9421890076697356
0.503,1.388796605805704,1.0,4429.061728855286,0.996514180577165,1.1344526593113224,0.9920173179639821,0.27138245744383954,0.9423548546049536
0.5035000000000001,1.388380986552483,1.0,4429.841716160561,0.9965337366910685,1.1342593948483377,0.9920130782003008,0.27136500143520426,0.9425204556599431
0.504,1.387965367299262,1.0,4430.620520475237,0.9965531827405234,1.134066139315183,0.9920088341447357,0.271347545426569,0.9426858108709246
0.5045000000000001,1.387549748046041,1.0,4431.39814199185,0.9965725193272214,1.1338728927081299,0.9920045858025007,0.27133008941793374,0.9428509202740993
0.505,1.3871341287928203,1.0,4432.174580903735,0.9965917470528535,1.1336796550234503,0.992000333178823,0.27131263340929845,0.9430157839056484
0.5055000000000001,1.3867185095395995,1.0,4432.949837404937,0.9966108665191113,1.133486426257416,0.9919960762789433,0.27129517740066317,0.9431804018017329
0.506,1.3863028902863785,1.0,4433.723911690049,0.9966298783276863,1.1332932064062995,0.9919918151081155,0.2712777213920279,0.9433447739984937
0.5065000000000001,1.3858872710331576,1.0,4434.496803954542,0.9966487830802697,1.133099995466372,0.9919875496716075,0.2712602653833926,0.9435089005320527
0.507,1.3854716517799368,1.0,4435.26851439468,0.9966675813785529,1.1329067934339057,0.9919832799747006,0.27124280937475737,0.9436727814385113
0.5075000000000001,1.3850560325267158,1.0,4436.039043207059,0.9966862738242275,1.1327136003051723,0.9919790060226896,0.2712253533661221,0.9438364167539508
0.508,1.384640413273495,1.0,4436.808390589323,0.9967048610189847,1.1325204160764442,0.9919747278208835,0.2712078973574868,0.9439998065144328
0.5085000000000001,1.384224794020274,1.0,4437.5765567397375,0.9967233435645159,1.1323272407439924,0.9919704453746048,0.2711904413488515,0.9441629507559997
0.509,1.3838091747670531,1.0,4438.343541857234,0.9967417220625124,1.1321340743040897,0.9919661586891896,0.2711729853402162,0.9443258495146725
0.5095000000000001,1.3833935555138324,1.0,4439.10934614158,0.9967599971146658,1.1319409167530072,0.9919618677699878,0.27115552933158094,0.9444885028264541
0.51,1.3829779362606114,1.0,4439.873969793075,0.9967781693226674,1.1317477680870176,0.9919575726223642,0.2711380733229457,0.944650910727326
0.5105000000000001,1.3825623170073906,1.0,4440.6374130127715,0.9967962392882086,1.131554628302392,0.9919532732516962,0.2711206173143104,0.9448130732532508
0.511,1.3821466977541697,1.0,4441.399676002508,0.9968142076129808,1.1313614973954027,0.9919489696633764,0.27110316130567513,0.944974990440171
0.5115000000000001,1.3817310785009487,1.0,4442.160758964745,0.9968320748986753,1.1311683753623216,0.9919446618628106,0.27108570529703985,0.9451366623240086
0.512,1.381315459247728,1.0,4442.920662102643,0.9968498417469835,1.1309752621994205,0.9919403498554191,0.27106824928840456,0.9452980889406667
0.5125,1.3808998399945072,1.0,4443.679385620153,0.9968675087595971,1.1307821579029713,0.9919360336466363,0.2710507932797693,0.9454592703260276
0.513,1.3804842207412862,1.0,4444.436929721881,0.996885076538207,1.1305890624692458,0.9919317132419111,0.271033337271134,0.9456202065159547
0.5135,1.3800686014880652,1.0,4445.193294613139,0.9969025456845049,1.130395975894516,0.991927388646706,0.27101588126249876,0.9457808975462909
0.514,1.3796529822348442,1.0,4445.948480499811,0.9969199168001821,1.1302028981750538,0.9919230598664985,0.2709984252538635,0.945941343452859
0.5145,1.3792373629816235,1.0,4446.702487588688,0.9969371904869301,1.130009829307131,0.9919187269067802,0.2709809692452282,0.9461015442714625
0.515,1.3788217437284027,1.0,4447.455316087181,0.99695436734644,1.1298167692870194,0.991914389773057,0.2709635132365929,0.9462615000378852
0.5155,1.3784061244751817,1.0,4448.206966203228,0.9969714479804036,1.1296237181109912,0.9919100484708495,0.2709460572279576,0.94642121078789
0.516,1.3779905052219608,1.0,4448.957438145842,0.996988432990512,1.1294306757753179,0.9919057030056925,0.27092860121932233,0.9465806765572211
0.5165,1.37757488596874,1.0,4449.706732124439,0.9970053229784566,1.1292376422762718,0.9919013533831355,0.2709111452106871,0.9467398973816021
0.517,1.377159266715519,1.0,4450.454848349134,0.9970221185459289,1.1290446176101243,0.9918969996087429,0.2708936892020518,0.9468988732967373
0.5175,1.3767436474622983,1.0,4451.201787030857,0.9970388202946203,1.1288516017731478,0.9918926416880935,0.2708762331934165,0.9470576043383103
0.518,1.3763280282090773,1.0,4451.947548381155,0.9970554288262221,1.128658594761614,0.9918882796267806,0.27085877718478124,0.9472160905419861
0.5185,1.3759124089558563,1.0,4452.692132612264,0.9970719447424257,1.1284655965717945,0.9918839134304129,0.27084132117614595,0.9473743319434087
0.519,1.3754967897026356,1.0,4453.435540670896,0.997088363484002,1.1282726071947407,0.9918795430214398,0.27082386516751067,0.9475323285824737
0.5195,1.3750811704494146,1.0,4454.177774675466,0.9971046755978209,1.128079626613173,0.9918751682431618,0.27080640915887544,0.9476900805058361
0.52,1.3746655511961938,1.0,4454.918832681898,0.997120898396578,1.127886654838723,0.9918707893704064,0.27078895315024015,0.9478475877364838
0.5205,1.3742499319429728,1.0,4455.658714836724,0.9971370322742159,1.127693691868152,0.9918664064055409,0.27077149714160487,0.948004850309571
0.521,1.3738343126897519,1.0,4456.397421287064,0.9971530776246766,1.1275007376982205,0.9918620193509421,0.2707540411329696,0.9481618682602346
0.5215,1.3734186934365311,1.0,4457.134952180577,0.9971690348419027,1.1273077923256896,0.9918576282089946,0.2707365851243343,0.948318641623594
0.522,1.3730030741833101,1.0,4457.871307665751,0.9971849043198362,1.1271148557473203,0.9918532329820907,0.270719129115699,0.9484751704347512
0.5225,1.3725874549300894,1.0,4458.606487891619,0.9972006864524195,1.1269219279598734,0.9918488336726314,0.2707016731070637,0.9486314547287905
0.523,1.3721718356768684,1.0,4459.340493008042,0.997216381633595,1.12672900896011,0.991844430283026,0.2706842170984285,0.9487874945407792
0.5235,1.3717562164236474,1.0,4460.073323165213,0.997231990257305,1.126536098744791,0.9918400228156925,0.2706667610897932,0.9489432899057669
0.524,1.3713405971704267,1.0,4460.8049785142775,0.9972475127174918,1.1263431973106774,0.9918356112730561,0.2706493050811579,0.9490988408587858
0.5245,1.370924977917206,1.0,4461.535459207003,0.9972629494080977,1.1261503046545298,0.9918311956575517,0.27063184907252263,0.9492541474348511
0.525,1.370509358663985,1.0,4462.264765395779,0.9972783007230648,1.1259574207731096,0.9918267759716216,0.27061439306388735,0.9494092096689599
0.5255,1.370093739410764,1.0,4462.992897233655,0.9972935670563357,1.1257645456631773,0.9918223522177171,0.27059693705525206,0.9495640275960925
0.526,1.369678120157543,1.0,4463.719854874296,0.9973087488018525,1.125571679321494,0.9918179243982977,0.2705794810466168,0.9497186012512113
0.5265,1.3692625009043222,1.0,4464.445638472201,0.9973238463535576,1.1253788217448208,0.9918134925158316,0.27056202503798155,0.9498729306692616
0.527,1.3688468816511012,1.0,4465.170248182228,0.9973388601053934,1.1251859729299185,0.9918090565727953,0.27054456902934626,0.9500270158851712
0.5275,1.3684312623978805,1.0,4465.893684160192,0.997353790451302,1.124993132873548,0.9918046165716741,0.270527113020711,0.9501808569338506
0.528,1.3680156431446595,1.0,4466.615946562354,0.9973686377852259,1.1248003015724704,0.9918001725149614,0.2705096570120757,0.9503344538501928
0.5285,1.3676000238914388,1.0,4467.337035545759,0.9973834025011072,1.1246074790234464,0.9917957244051598,0.2704922010034404,0.9504878066690733
0.529,1.3671844046382178,1.0,4468.056951268194,0.9973980849928883,1.124414665223237,0.9917912722447806,0.27047474499480517,0.9506409154253503
0.5295,1.366768785384997,1.0,4468.775693887764,0.9974126856545116,1.1242218601686031,0.9917868160363427,0.2704572889861699,0.9507937801538648
0.53,1.366353166131776,1.0,4469.493263563482,0.9974272048799193,1.124029063856306,0.991782355782375,0.2704398329775346,0.9509464008894399
0.5305,1.365937546878555,1.0,4470.20966045506,0.9974416430630537,1.1238362762831062,0.9917778914854143,0.2704223769688993,0.951098777666882
0.531,1.365521927625334,1.0,4470.924884722778,0.9974560005978571,1.1236434974457647,0.9917734231480068,0.27040492096026403,0.9512509105209794
0.5315,1.3651063083721133,1.0,4471.638936527486,0.9974702778782719,1.1234507273410428,0.9917689507727068,0.27038746495162874,0.9514027994865035
0.532,1.3646906891188924,1.0,4472.351816030898,0.9974844752982404,1.123257965965701,0.9917644743620778,0.27037000894299346,0.9515544445982083
0.5325,1.3642750698656716,1.0,4473.063523395295,0.9974985932517046,1.1230652133165002,0.9917599939186919,0.2703525529343582,0.9517058458908301
0.533,1.3638594506124506,1.0,4473.77405878336,0.9975126321326073,1.122872469390202,0.9917555094451307,0.27033509692572294,0.9518570033990876
0.5335,1.3634438313592299,1.0,4474.48342235876,0.9975265923348905,1.1226797341835664,0.9917510209439839,0.27031764091708765,0.9520079171576834
0.534,1.3630282121060089,1.0,4475.191614285648,0.9975404742524966,1.122487007693355,0.9917465284178507,0.27030018490845237,0.952158587201301
0.5345,1.3626125928527881,1.0,4475.898634728909,0.9975542782793677,1.1222942899163286,0.9917420318693387,0.2702827288998171,0.9523090135646076
0.535,1.3621969735995672,1.0,4476.604483853992,0.9975680048094464,1.122101580849248,0.9917375313010653,0.2702652728911818,0.9524591962822531
0.5355,1.3617813543463462,1.0,4477.309161827166,0.9975816542366749,1.1219088804888742,0.991733026715656,0.2702478168825465,0.9526091353888693
0.536,1.3613657350931254,1.0,4478.012668815176,0.9975952269549954,1.1217161888319682,0.9917285181157462,0.2702303608739113,0.952758830919071
0.5365,1.3609501158399044,1.0,4478.7150049853335,0.9976087233583503,1.1215235058752908,0.9917240055039798,0.270212904865276,0.9529082829074559
0.537,1.3605344965866837,1.0,4479.416170505848,0.9976221438406819,1.121330831615603,0.9917194888830101,0.2701954488566407,0.953057491388604
0.5375,1.3601188773334627,1.0,4480.116165545406,0.9976354887959326,1.1211381660496658,0.9917149682554991,0.2701779928480054,0.9532064563970778
0.538,1.3597032580802417,1.0,4480.814990273342,0.9976487586180445,1.1209455091742402,0.9917104436241188,0.27016053683937014,0.9533551779674228
0.5385,1.359287638827021,1.0,4481.512644859885,0.99766195370096,1.1207528609860868,0.9917059149915491,0.2701430808307349,0.9535036561341671
0.539,1.3588720195738,1.0,4482.209129475405,0.9976750744386214,1.120560221481967,0.9917013823604809,0.2701256248220996,0.953651890931821
0.5395,1.3584564003205792,1.0,4482.904444291377,0.9976881212249711,1.1203675906586414,0.9916968457336126,0.27010816881346433,0.953799882394878
0.54,1.3580407810673583,1.0,4483.598589479753,0.9977010944539512,1.120174968512871,0.9916923051136528,0.27009071280482905,0.953947630557814
0.5405,1.3576251618141373,1.0,4484.291565213084,0.9977139945195042,1.1199823550414167,0.9916877605033195,0.27007325679619376,0.9540951354550874
0.541,1.3572095425609165,1.0,4484.983371664646,0.9977268218155723,1.1197897502410397,0.9916832119053397,0.2700558007875585,0.9542423971211395
0.5415,1.3567939233076958,1.0,4485.674009008317,0.9977395767360979,1.1195971541085006,0.9916786593224496,0.2700383447789232,0.954389415590394
0.542,1.3563783040544748,1.0,4486.363477418694,0.9977522596750231,1.1194045666405603,0.9916741027573952,0.27002088877028796,0.9545361908972576
0.5425,1.3559626848012538,1.0,4487.051777070727,0.9977648710262905,1.1192119878339801,0.9916695422129317,0.2700034327616527,0.9546827230761192
0.543,1.3555470655480328,1.0,4487.738908140337,0.9977774111838422,1.1190194176855208,0.991664977691824,0.2699859767530174,0.9548290121613505
0.5435,1.355131446294812,1.0,4488.424870803917,0.9977898805416205,1.1188268561919432,0.9916604091968463,0.2699685207443821,0.9549750581873062
0.544,1.354715827041591,1.0,4489.109665238664,0.9978022794935679,1.1186343033500084,0.9916558367307824,0.2699510647357468,0.9551208611883233
0.5445,1.3543002077883703,1.0,4489.793291622162,0.9978146084336265,1.118441759156477,0.9916512602964251,0.26993360872711153,0.9552664211987216
0.545,1.3538845885351494,1.0,4490.475750132801,0.9978268677557386,1.1182492236081105,0.9916466798965778,0.26991615271847624,0.9554117382528032
0.5455,1.3534689692819286,1.0,4491.157040949689,0.9978390578538466,1.1180566967016694,0.9916420955340526,0.269898696709841,0.9555568123848535
0.546,1.3530533500287076,1.0,4491.837164252236,0.9978511791218928,1.1178641784339147,0.9916375072116718,0.2698812407012057,0.95570164362914
0.5465,1.3526377307754869,1.0,4492.516120220777,0.9978632319538195,1.1176716688016075,0.9916329149322668,0.26986378469257044,0.9558462320199133
0.547,1.352222111522266,1.0,4493.193909036286,0.997875216743569,1.1174791678015084,0.9916283186986792,0.26984632868393515,0.9559905775914064
0.5475,1.351806492269045,1.0,4493.8705308801145,0.9978871338850837,1.1172866754303787,0.99162371851376,0.26982887267529987,0.9561346803778348
0.548,1.351390873015824,1.0,4494.545985934587,0.9978989837723056,1.1170941916849793,0.9916191143803704,0.2698114166666646,0.9562785404133971
0.5485,1.3509752537626032,1.0,4495.220274382489,0.9979107667991772,1.116901716562071,0.9916145063013806,0.26979396065802935,0.9564221577322743
0.549,1.3505596345093822,1.0,4495.893396407115,0.997922483359641,1.1167092500584146,0.9916098942796714,0.26977650464939407,0.9565655323686303
0.5495,1.3501440152561615,1.0,4496.565352192596,0.997934133847639,1.1165167921707713,0.9916052783181328,0.2697590486407588,0.9567086643566113
0.55,1.3497283960029405,1.0,4497.236141923574,0.9979457186571137,1.116324342895902,0.991600658419665,0.2697415926321235,0.9568515537303464
0.5505,1.3493127767497197,1.0,4497.905765785399,0.9979572381820072,1.1161319022305676,0.991596034587178,0.2697241366234882,0.9569942005239473
0.551,1.3488971574964987,1.0,4498.574223964013,0.997968692816262,1.1159394701715288,0.9915914068235917,0.2697066806148529,0.9571366047715089
0.5515,1.348481538243278,1.0,4499.2415166461105,0.9979800829538203,1.115747046715547,0.9915867751318362,0.2696892246062177,0.9572787665071077
0.552,1.348065918990057,1.0,4499.907644018635,0.9979914089886245,1.1155546318593828,0.9915821395148511,0.2696717685975824,0.957420685764804
0.5525,1.347650299736836,1.0,4500.5726062695385,0.9980026713146168,1.115362225599797,0.9915774999755862,0.2696543125889471,0.9575623625786401
0.553,1.347234680483615,1.0,4501.236403587312,0.9980138703257395,1.1151698279335511,0.9915728565170013,0.26963685658031183,0.9577037969826411
0.5535,1.3468190612303943,1.0,4501.899036160995,0.9980250064159351,1.1149774388574054,0.9915682091420668,0.26961940057167655,0.957844989010815
0.554,1.3464034419771735,1.0,4502.560504180245,0.9980360799791457,1.1147850583681214,0.9915635578537624,0.26960194456304126,0.9579859386971523
0.5545,1.3459878227239526,1.0,4503.220807835517,0.9980470914093136,1.1145926864624596,0.991558902655078,0.269584488554406,0.9581266460756264
0.555,1.3455722034707316,1.0,4503.879947317722,0.9980580411003812,1.114400323137181,0.9915542435490142,0.26956703254577075,0.9582671111801931
0.5555,1.3451565842175108,1.0,4504.537922818354,0.9980689294462908,1.114207968389047,0.9915495805385812,0.26954957653713546,0.9584073340447911
0.556,1.3447409649642899,1.0,4505.194734529696,0.9980797568409847,1.1140156222148176,0.9915449136268002,0.2695321205285002,0.9585473147033418
0.5565,1.344325345711069,1.0,4505.850382644568,0.9980905236784051,1.1138232846112548,0.9915402428167014,0.2695146645198649,0.958687053189749
0.557,1.3439097264578481,1.0,4506.5048673563315,0.9981012303524945,1.1136309555751187,0.9915355681113263,0.2694972085112296,0.9588265495378999
0.5575,1.3434941072046271,1.0,4507.15818885918,0.9981118772571951,1.1134386351031706,0.991530889513726,0.2694797525025943,0.9589658037816636
0.558,1.3430784879514064,1.0,4507.81034734784,0.9981224647864491,1.1132463231921716,0.9915262070269626,0.2694622964939591,0.9591048159548923
0.5585,1.3426628686981854,1.0,4508.461343017409,0.9981329933341989,1.1130540198388825,0.9915215206541083,0.2694448404853238,0.9592435860914208
0.559,1.3422472494449647,1.0,4509.111176063937,0.998143463294387,1.1128617250400639,0.991516830398245,0.2694273844766885,0.959382114225067
0.5595,1.3418316301917437,1.0,4509.759846684012,0.9981538750609553,1.1126694387924772,0.991512136262466,0.26940992846805323,0.9595204003896309
0.56,1.3414160109385227,1.0,4510.407355074671,0.9981642290278464,1.1124771610928832,0.9915074382498744,0.26939247245941794,0.9596584446188954
0.5605,1.341000391685302,1.0,4511.053701433906,0.9981745255890025,1.1122848919380426,0.991502736363584,0.26937501645078266,0.9597962469466266
0.561,1.340584772432081,1.0,4511.698892046479,0.9981847571655589,1.1120926312816855,0.9914980304715029,0.2693575604421474,0.9599338074373346
0.5615,1.3401691531788602,1.0,4512.342925186205,0.998194927330415,1.111900379134191,0.9914933206304001,0.26934010443351214,0.9600711261148734
0.562,1.3397535339256392,1.0,4512.985796972677,0.998205041788243,1.1117081355211695,0.9914886069334589,0.26932264842487685,0.960208202992296
0.5625,1.3393379146724185,1.0,4513.627507544125,0.9982151007851396,1.1115159004398194,0.9914838893813686,0.26930519241624157,0.9603450381029857
0.5630000000000001,1.3389222954191975,1.0,4514.268057039637,0.998225104567202,1.1113236738873387,0.9914791679748242,0.2692877364076063,0.9604816314803108
0.5635,1.3385066761659767,1.0,4514.907445598889,0.9982350533805272,1.111131455860925,0.9914744427145258,0.269270280398971,0.9606179831576251
0.5640000000000001,1.3380910569127558,1.0,4515.545673362076,0.9982449474712121,1.1109392463577767,0.9914697136011787,0.2692528243903357,0.960754093168267
0.5645,1.3376754376595348,1.0,4516.1827404699825,0.9982547870853536,1.110747045375092,0.9914649806354937,0.2692353683817005,0.9608899615455591
0.5650000000000001,1.3372598184063138,1.0,4516.8186470639075,0.9982645724690489,1.1105548529100688,0.9914602438181869,0.2692179123730652,0.9610255883228095
0.5655,1.336844199153093,1.0,4517.453393285955,0.9982743038683949,1.110362668959905,0.9914555031499794,0.2692004563644299,0.9611609735333112
0.5660000000000001,1.336428579899872,1.0,4518.086979278692,0.9982839815294885,1.1101704935217989,0.9914507586315984,0.2691830003557946,0.961296117210342
0.5665,1.3360129606466513,1.0,4518.719405185327,0.9982936056984267,1.1099783265929484,0.9914460102637757,0.26916554434715934,0.9614310193871645
0.5670000000000001,1.3355973413934303,1.0,4519.350671149487,0.9983031766213066,1.1097861681705516,0.9914412580472491,0.26914808833852405,0.961565680097026
0.5675,1.3351817221402096,1.0,4519.980777315817,0.9983126945442251,1.1095940182518067,0.991436501982762,0.2691306323298888,0.961700099373159
0.5680000000000001,1.3347661028869886,1.0,4520.609723829005,0.9983221597132793,1.1094018768339116,0.991431742071062,0.26911317632125353,0.9618342772487808
0.5685,1.3343504836337678,1.0,4521.237510834748,0.998331572374566,1.1092097439140642,0.9914269783129036,0.26909572031261825,0.9619682137570935
0.5690000000000001,1.3339348643805469,1.0,4521.864138479086,0.9983409327741823,1.109017619489463,0.991422210709046,0.26907826430398296,0.962101908931284
0.5695,1.333519245127326,1.0,4522.489606908814,0.9983502411582251,1.1088255035573056,0.9914174392602542,0.2690608082953477,0.9622353628045245
0.5700000000000001,1.333103625874105,1.0,4523.113916271234,0.9983594977727916,1.1086333961147903,0.9914126639672982,0.2690433522867124,0.9623685754099716
0.5705,1.3326880066208842,1.0,4523.7370667143205,0.9983687028639786,1.1084412971591153,0.9914078848309543,0.26902589627807716,0.9625015467807667
0.5710000000000001,1.3322723873676634,1.0,4524.359058386426,0.998377856677883,1.1082492066874783,0.9914031018520033,0.2690084402694419,0.962634276950037
0.5715,1.3318567681144424,1.0,4524.979891436745,0.9983869594606021,1.1080571246970776,0.9913983150312329,0.2689909842608066,0.9627667659508936
0.5720000000000001,1.3314411488612214,1.0,4525.599566014846,0.9983960114582325,1.1078650511851114,0.9913935243694353,0.2689735282521713,0.9628990138164327
0.5725,1.3310255296080007,1.0,4526.218082271141,0.9984050129168716,1.1076729861487773,0.9913887298674083,0.268956072243536,0.963031020579736
0.5730000000000001,1.3306099103547797,1.0,4526.835440356329,0.9984139640826161,1.1074809295852737,0.9913839315259559,0.26893861623490073,0.9631627862738694
0.5735,1.330194291101559,1.0,4527.451640421953,0.998422865201563,1.1072888814917985,0.9913791293458873,0.26892116022626544,0.963294310931884
0.5740000000000001,1.329778671848338,1.0,4528.0666826200095,0.9984317165198093,1.10709684186555,0.9913743233280179,0.2689037042176302,0.9634255945868156
0.5745,1.329363052595117,1.0,4528.680567103043,0.9984405182834521,1.106904810703726,0.9913695134731674,0.2688862482089949,0.9635566372716853
0.5750000000000001,1.3289474333418962,1.0,4529.293294024261,0.9984492707385884,1.1067127880035246,0.991364699782163,0.26886879220035964,0.9636874390194988
0.5755,1.3285318140886753,1.0,4529.904863537376,0.998457974131315,1.106520773762144,0.9913598822558358,0.26885133619172435,0.9638179998632466
0.5760000000000001,1.3281161948354545,1.0,4530.515275796891,0.998466628707729,1.1063287679767821,0.9913550608950242,0.26883388018308907,0.9639483198359045
0.5765,1.3277005755822335,1.0,4531.124530957595,0.9984752347139273,1.1061367706446372,0.9913502357005709,0.2688164241744538,0.9640783989704327
0.577,1.3272849563290128,1.0,4531.7326291751615,0.998483792396007,1.1059447817629071,0.9913454066733254,0.26879896816581855,0.9642082372997768
0.5775,1.3268693370757918,1.0,4532.339570605502,0.9984923020000652,1.1057528013287898,0.9913405738141421,0.26878151215718327,0.9643378348568671
0.578,1.326453717822571,1.0,4532.9453554054035,0.9985007637721987,1.1055608293394836,0.991335737123882,0.268764056148548,0.9644671916746187
0.5785,1.32603809856935,1.0,4533.54998373207,0.9985091779585044,1.1053688657921865,0.991330896603411,0.2687466001399127,0.9645963077859318
0.579,1.325622479316129,1.0,4534.15345574341,0.9985175448050794,1.1051769106840965,0.9913260522536017,0.2687291441312774,0.9647251832236913
0.5795,1.325206860062908,1.0,4534.755771597826,0.9985258645580207,1.1049849640124116,0.9913212040753316,0.2687116881226421,0.9648538180207673
0.58,1.3247912408096874,1.0,4535.356931454386,0.9985341374634253,1.1047930257743301,0.9913163520694848,0.2686942321140069,0.9649822122100146
0.5805,1.3243756215564666,1.0,4535.95693547248,0.9985423637673903,1.1046010959670498,0.9913114962369508,0.2686767761053716,0.9651103658242731
0.581,1.3239600023032456,1.0,4536.555783812417,0.9985505437160124,1.1044091745877689,0.9913066365786251,0.2686593200967363,0.9652382788963674
0.5815,1.3235443830500246,1.0,4537.153476634829,0.9985586775553887,1.1042172616336852,0.9913017730954088,0.26864186408810103,0.9653659514591072
0.582,1.3231287637968039,1.0,4537.750014101137,0.9985667655316164,1.1040253571019971,0.9912969057882094,0.26862440807946575,0.9654933835452869
0.5825,1.322713144543583,1.0,4538.345396373167,0.9985748078907922,1.1038334609899025,0.99129203465794,0.26860695207083046,0.9656205751876862
0.583,1.3222975252903622,1.0,4538.9396236133225,0.9985828048790132,1.1036415732945997,0.9912871597055194,0.2685894960621952,0.9657475264190692
0.5835,1.3218819060371412,1.0,4539.532695984881,0.9985907567423764,1.1034496940132863,0.9912822809318729,0.26857204005355995,0.9658742372721857
0.584,1.3214662867839202,1.0,4540.12461365114,0.9985986637269788,1.1032578231431607,0.9912773983379313,0.26855458404492466,0.9660007077797697
0.5845,1.3210506675306994,1.0,4540.715376776482,0.9986065260789173,1.1030659606814208,0.9912725119246313,0.2685371280362894,0.9661269379745402
0.585,1.3206350482774785,1.0,4541.304985525523,0.998614344044289,1.102874106625265,0.9912676216929162,0.2685196720276541,0.9662529278892016
0.5855,1.3202194290242577,1.0,4541.893440063795,0.9986221178691908,1.1026822609718907,0.9912627276437344,0.2685022160190188,0.966378677556443
0.586,1.3198038097710367,1.0,4542.48074055706,0.9986298477997196,1.1024904237184965,0.9912578297780414,0.2684847600103835,0.9665041870089384
0.5865,1.3193881905178158,1.0,4543.066887171822,0.9986375340819726,1.1022985948622803,0.9912529280967975,0.26846730400174823,0.9666294562793464
0.587,1.318972571264595,1.0,4543.651880075285,0.9986451769620467,1.10210677440044,0.9912480226009703,0.268449847993113,0.9667544854003114
0.5875,1.318556952011374,1.0,4544.235719434843,0.9986527766860389,1.101914962330174,0.9912431132915325,0.2684323919844777,0.9668792744044618
0.588,1.3181413327581533,1.0,4544.818405418714,0.9986603335000461,1.1017231586486802,0.9912382001694634,0.26841493597584243,0.9670038233244115
0.5885,1.3177257135049323,1.0,4545.399938195774,0.9986678476501654,1.1015313633531565,0.9912332832357481,0.26839747996720714,0.9671281321927593
0.589,1.3173100942517113,1.0,4545.980317935335,0.9986753193824937,1.1013395764408012,0.9912283624913779,0.26838002395857186,0.9672522010420888
0.5895,1.3168944749984905,1.0,4546.559544807369,0.998682748943128,1.101147797908812,0.9912234379373505,0.2683625679499366,0.9673760299049685
0.59,1.3164788557452698,1.0,4547.137618982119,0.9986901365781653,1.1009560277543875,0.9912185095746695,0.26834511194130134,0.967499618813952
0.5905,1.3160632364920488,1.0,4547.714540630817,0.9986974825337026,1.1007642659747252,0.9912135774043446,0.26832765593266605,0.967622967801578
0.591,1.3156476172388278,1.0,4548.290309924969,0.9987047870558369,1.1005725125670236,0.9912086414273917,0.26831019992403077,0.9677460769003695
0.5915,1.3152319979856069,1.0,4548.864927036814,0.9987120503906651,1.1003807675284805,0.9912037016448331,0.2682927439153955,0.9678689461428354
0.592,1.314816378732386,1.0,4549.4383921390345,0.9987192727842843,1.100189030856294,0.9911987580576972,0.2682752879067602,0.9679915755614686
0.5925,1.3144007594791651,1.0,4550.010705405004,0.9987264544827915,1.0999973025476624,0.9911938106670184,0.2682578318981249,0.9681139651887477
0.593,1.3139851402259444,1.0,4550.581867008661,0.9987335957322835,1.0998055825997832,0.9911888594738378,0.2682403758894897,0.968236115057136
0.5935,1.3135695209727234,1.0,4551.151877124257,0.9987406967788575,1.099613871009855,0.9911839044792026,0.2682229198808544,0.9683580251990815
0.594,1.3131539017195026,1.0,4551.72073592686,0.9987477578686104,1.0994221677750757,0.9911789456841658,0.2682054638722191,0.9684796956470175
0.5945,1.3127382824662817,1.0,4552.288443592059,0.9987547792476391,1.0992304728926434,0.9911739830897873,0.2681880078635838,0.9686011264333622
0.595,1.312322663213061,1.0,4552.855000295924,0.9987617611620407,1.0990387863597562,0.9911690166971331,0.26817055185494854,0.9687223175905184
0.5955,1.31190704395984,1.0,4553.420406215255,0.9987687038579122,1.0988471081736118,0.9911640465072755,0.26815309584631325,0.9688432691508747
0.596,1.311491424706619,1.0,4553.984661527249,0.9987756075813504,1.0986554383314084,0.9911590725212932,0.26813563983767796,0.9689639811468038
0.5965,1.311075805453398,1.0,4554.54776640983,0.9987824725784525,1.0984637768303442,0.9911540947402709,0.26811818382904273,0.9690844536106638
0.597,1.3106601862001772,1.0,4555.109721041186,0.9987892990953156,1.0982721236676174,0.9911491131653004,0.26810072782040745,0.9692046865747975
0.5975,1.3102445669469565,1.0,4555.670525600284,0.9987960873780363,1.098080478840426,0.9911441277974794,0.26808327181177216,0.969324680071533
0.598,1.3098289476937355,1.0,4556.23018026673,0.9988028376727117,1.0978888423459676,0.9911391386379119,0.2680658158031369,0.9694444341331834
0.5985,1.3094133284405145,1.0,4556.788685220479,0.998809550225439,1.0976972141814407,0.9911341456877084,0.2680483597945016,0.9695639487920462
0.599,1.3089977091872937,1.0,4557.346040642303,0.9988162252823151,1.0975055943440435,0.9911291489479862,0.26803090378586636,0.9696832240804044
0.5995,1.3085820899340728,1.0,4557.902246713188,0.9988228630894369,1.0973139828309735,0.9911241484198686,0.2680134477772311,0.9698022600305262
0.6,1.308166470680852,1.0,4558.457303614938,0.9988294638929014,1.0971223796394292,0.9911191441044859,0.2679959917685958,0.9699210566746639
0.6005,1.307750851427631,1.0,4559.01121152987,0.9988360279388057,1.0969307847666085,0.9911141360029742,0.2679785357599605,0.9700396140450556
0.601,1.30733523217441,1.0,4559.563970640814,0.9988425554732465,1.0967391982097094,0.9911091241164763,0.2679610797513252,0.970157932173924
0.6015,1.3069196129211893,1.0,4560.115581131202,0.9988490467423211,1.09654761996593,0.9911041084461422,0.26794362374268993,0.9702760110934768
0.602,1.3065039936679683,1.0,4560.666043184937,0.9988555019921265,1.0963560500324687,0.9910990889931274,0.26792616773405464,0.9703938508359068
0.6025,1.3060883744147476,1.0,4561.2153569867305,0.9988619214687594,1.0961644884065231,0.9910940657585947,0.2679087117254194,0.9705114514333918
0.603,1.3056727551615266,1.0,4561.7635265510735,0.998868290771938,1.0959729350583645,0.9910890384850303,0.2678912557167841,0.9706288129345758
0.6035,1.3052571359083056,1.0,4562.310548726419,0.9988746250024655,1.095781390008659,0.9910840074355849,0.26787379970814884,0.970745935357172
0.604,1.3048415166550849,1.0,4562.856423480859,0.9988809249434923,1.0955898532561392,0.9910789726209566,0.26785634369951355,0.9708628187323654
0.6045,1.3044258974018639,1.0,4563.401150937431,0.9988871907384892,1.0953983247984505,0.9910739340405573,0.26783888769087827,0.9709794630919941
0.605,1.3040102781486431,1.0,4563.944731220015,0.9988934225309265,1.0952068046332373,0.9910688916938017,0.267821431682243,0.9710958684678845
0.6055,1.3035946588954221,1.0,4564.487164452851,0.9988996204642748,1.095015292758145,0.991063845580107,0.2678039756736077,0.9712120348918496
0.606,1.3031790396422012,1.0,4565.028450760806,0.9989057846820046,1.0948237891708184,0.9910587956988929,0.26778651966497247,0.9713279623956894
0.6065,1.3027634203889804,1.0,4565.568590269067,0.9989119153275866,1.0946322938689024,0.991053742049582,0.2677690636563372,0.9714436510111917
0.607,1.3023478011357597,1.0,4566.107583103615,0.9989180125444911,1.0944408068500424,0.9910486846315997,0.2677516076477019,0.9715591007701306
0.6075,1.3019321818825387,1.0,4566.645429390965,0.9989240764761889,1.094249328111883,0.9910436234443739,0.2677341516390666,0.9716743117042685
0.608,1.3015165626293177,1.0,4567.182129257913,0.9989301072661503,1.0940578576520694,0.9910385584873357,0.2677166956304313,0.9717892838453541
0.6085,1.3011009433760967,1.0,4567.717682832086,0.9989361050578459,1.0938663954682466,0.9910334897599183,0.26769923962179604,0.9719040172251235
0.609,1.300685324122876,1.0,4568.252090241563,0.9989420699947463,1.0936749415580596,0.9910284172615583,0.2676817836131608,0.9720185118753002
0.6095,1.300269704869655,1.0,4568.785351614697,0.9989480022203221,1.093483495919153,0.9910233409916944,0.2676643276045255,0.9721327678275947
0.61,1.2998540856164342,1.0,4569.317467080677,0.9989539018780438,1.0932920585491726,0.9910182609497689,0.26764687159589023,0.9722467851137045
0.6105,1.2994384663632133,1.0,4569.848436769222,0.9989597691113818,1.0931006294457624,0.991013177135226,0.26762941558725495,0.9723605637653152
0.611,1.2990228471099925,1.0,4570.37826081037,0.9989656040638067,1.0929092086065681,0.9910080895475133,0.26761195957861966,0.9724741038140983
0.6115,1.2986072278567715,1.0,4570.9069393348655,0.9989714068787893,1.0927177960292345,0.9910029981860811,0.2675945035699844,0.9725874052917133
0.612,1.2981916086035508,1.0,4571.434472474108,0.9989771776997998,1.0925263917114065,0.990997903050382,0.26757704756134915,0.9727004682298066
0.6125,1.2977759893503298,1.0,4571.960860359519,0.9989829166703089,1.0923349956507293,0.9909928041398722,0.26755959155271386,0.9728132926600122
0.613,1.2973603700971088,1.0,4572.486103123562,0.9989886239337871,1.0921436078448477,0.9909877014540103,0.2675421355440786,0.9729258786139506
0.6135,1.2969447508438878,1.0,4573.010200899062,0.9989942996337049,1.0919522282914067,0.9909825949922576,0.2675246795354433,0.9730382261232303
0.614,1.2965291315906673,1.0,4573.533153819328,0.998999943913533,1.0917608569880515,0.9909774847540785,0.267507223526808,0.9731503352194463
0.6145,1.2961135123374463,1.0,4574.05496201837,0.9990055569167418,1.0915694939324267,0.9909723707389402,0.26748976751817277,0.9732622059341813
0.615,1.2956978930842253,1.0,4574.575625630305,0.9990111387868018,1.0913781391221777,0.9909672529463125,0.26747231150953743,0.9733738382990049
0.6155,1.2952822738310044,1.0,4575.095144790367,0.9990166896671837,1.0911867925549494,0.9909621313756685,0.2674548555009022,0.9734852323454739
0.616,1.2948666545777836,1.0,4575.613519633901,0.9990222097013579,1.0909954542283866,0.9909570060264838,0.2674373994922669,0.9735963881051326
0.6165,1.2944510353245626,1.0,4576.130750296858,0.9990276990327951,1.0908041241401345,0.9909518768982372,0.26741994348363163,0.9737073056095122
0.617,1.2940354160713419,1.0,4576.646836915807,0.9990331578049657,1.0906128022878379,0.9909467439904099,0.26740248747499634,0.9738179848901314
0.6175,1.293619796818121,1.0,4577.161779627755,0.9990385861613402,1.090421488669142,0.9909416073024866,0.26738503146636106,0.9739284259784957
0.618,1.2932041775649,1.0,4577.67557857028,0.9990439842453893,1.0902301832816916,0.9909364668339545,0.26736757545772577,0.974038628906098
0.6185,1.2927885583116792,1.0,4578.188233881653,0.9990493522005834,1.0900388861231318,0.9909313225843037,0.26735011944909054,0.9741485937044186
0.619,1.2923729390584584,1.0,4578.699745700209,0.9990546901703932,1.0898475971911077,0.9909261745530276,0.26733266344045525,0.9742583204049249
0.6195,1.2919573198052374,1.0,4579.210114165227,0.9990599982982891,1.089656316483264,0.990921022739622,0.26731520743181997,0.9743678090390715
0.62,1.2915417005520164,1.0,4579.71933941643,0.9990652767277417,1.0894650439972458,0.9909158671435863,0.2672977514231847,0.9744770596383
0.6205,1.2911260812987955,1.0,4580.227421593936,0.9990705256022214,1.0892737797306984,0.990910707764422,0.2672802954145494,0.9745860722340394
0.621,1.2907104620455747,1.0,4580.734360838557,0.999075745065199,1.0890825236812662,0.9909055446016343,0.2672628394059141,0.9746948468577061
0.6215,1.290294842792354,1.0,4581.240157291543,0.999080935260145,1.0888912758465947,0.990900377654731,0.2672453833972789,0.9748033835407035
0.622,1.289879223539133,1.0,4581.744811094457,0.9990860963305297,1.0887000362243289,0.990895206923223,0.2672279273886436,0.974911682314422
0.6225,1.289463604285912,1.0,4582.248322389764,0.9990912284198238,1.0885088048121134,0.990890032406624,0.2672104713800083,0.9750197432102399
0.623,1.2890479850326912,1.0,4582.750691320284,0.9990963316714978,1.0883175816075936,0.9908848541044508,0.267193015371373,0.9751275662595218
0.6235,1.2886323657794703,1.0,4583.251918029272,0.9991014062290223,1.0881263666084142,0.9908796720162235,0.26717555936273774,0.9752351514936205
0.624,1.2882167465262495,1.0,4583.752002660716,0.9991064522358679,1.0879351598122204,0.9908744861414647,0.2671581033541025,0.9753424989438751
0.6245,1.2878011272730285,1.0,4584.25094535883,0.9991114698355049,1.0877439612166568,0.9908692964797002,0.26714064734546716,0.9754496086416129
0.625,1.2873855080198076,1.0,4584.748746268687,0.9991164591714041,1.087552770819369,0.990864103030459,0.26712319133683193,0.9755564806181475
0.6255000000000001,1.2869698887665866,1.0,4585.245405535539,0.999121420387036,1.0873615886180015,0.9908589057932727,0.26710573532819665,0.9756631149047802
0.626,1.286554269513366,1.0,4585.74092330533,0.999126353625871,1.0871704146101997,0.9908537047676766,0.26708827931956136,0.9757695115327993
0.6265000000000001,1.286138650260145,1.0,4586.23529972465,0.9991312590313797,1.086979248793608,0.9908484999532087,0.2670708233109261,0.975875670533481
0.627,1.285723031006924,1.0,4586.728534940352,0.9991361367470326,1.086788091165872,0.9908432913494095,0.2670533673022908,0.9759815919380876
0.6275000000000001,1.285307411753703,1.0,4587.220629100018,0.9991409869163004,1.0865969417246364,0.9908380789558237,0.2670359112936555,0.9760872757778697
0.628,1.2848917925004824,1.0,4587.71158235167,0.9991458096826535,1.0864058004675463,0.9908328627719979,0.2670184552850203,0.9761927220840644
0.6285000000000001,1.2844761732472614,1.0,4588.2013948437525,0.9991506051895626,1.0862146673922466,0.9908276427974829,0.267000999276385,0.9762979308878963
0.629,1.2840605539940406,1.0,4588.690066725319,0.9991553735804979,1.0860235424963822,0.9908224190318317,0.2669835432677497,0.9764029022205776
0.6295000000000001,1.2836449347408196,1.0,4589.177598145982,0.9991601149989303,1.0858324257775982,0.9908171914746007,0.2669660872591144,0.976507636113307
0.63,1.2832293154875987,1.0,4589.663989255782,0.9991648295883302,1.0856413172335397,0.9908119601253496,0.26694863125047913,0.9766121325972711
0.6305000000000001,1.282813696234378,1.0,4590.149240205361,0.9991695174921681,1.0854502168618516,0.9908067249836409,0.26693117524184384,0.9767163917036433
0.631,1.2823980769811572,1.0,4590.633351145794,0.9991741788539146,1.085259124660179,0.9908014860490406,0.2669137192332086,0.9768204134635844
0.6315000000000001,1.2819824577279362,1.0,4591.116322228668,0.9991788138170402,1.0850680406261668,0.9907962433211174,0.2668962632245733,0.9769241979082425
0.632,1.2815668384747152,1.0,4591.598153606214,0.9991834225250156,1.0848769647574599,0.9907909967994435,0.26687880721593804,0.9770277450687529
0.6325000000000001,1.2811512192214942,1.0,4592.078845431005,0.999188005121311,1.0846858970517033,0.9907857464835942,0.26686135120730275,0.9771310549762382
0.633,1.2807355999682735,1.0,4592.558397856299,0.9991925617493973,1.084494837506542,0.9907804923731475,0.26684389519866747,0.9772341276618083
0.6335000000000001,1.2803199807150525,1.0,4593.036811035613,0.9991970925527449,1.0843037861196212,0.9907752344676852,0.2668264391900322,0.9773369631565598
0.634,1.2799043614618317,1.0,4593.5140851234,0.9992015976748242,1.0841127428885857,0.9907699727667918,0.26680898318139695,0.9774395614915774
0.6345000000000001,1.2794887422086108,1.0,4593.990220274117,0.999206077259106,1.0839217078110805,0.9907647072700553,0.26679152717276167,0.9775419226979325
0.635,1.2790731229553898,1.0,4594.4652166430715,0.9992105314490607,1.0837306808847507,0.990759437977067,0.2667740711641264,0.9776440468066838
0.6355000000000001,1.278657503702169,1.0,4594.9390743859985,0.9992149603881588,1.0835396621072413,0.9907541648874206,0.2667566151554911,0.9777459338488774
0.636,1.2782418844489483,1.0,4595.4117936591865,0.9992193642198709,1.083348651476197,0.9907488880007143,0.2667391591468558,0.9778475838555467
0.6365000000000001,1.2778262651957273,1.0,4595.883374619265,0.9992237430876676,1.0831576489892631,0.9907436073165483,0.2667217031382205,0.9779489968577121
0.637,1.2774106459425063,1.0,4596.353817423626,0.9992280971350193,1.0829666546440846,0.9907383228345265,0.26670424712958524,0.9780501728863814
0.6375000000000001,1.2769950266892853,1.0,4596.823122229922,0.9992324265053966,1.0827756684383063,0.9907330345542562,0.26668679112094995,0.9781511119725497
0.638,1.2765794074360646,1.0,4597.291289196648,0.9992367313422701,1.0825846903695733,0.9907277424753479,0.2666693351123147,0.9782518141471993
0.6385000000000001,1.2761637881828438,1.0,4597.758318482304,0.9992410117891103,1.0823937204355307,0.990722446597415,0.26665187910367943,0.9783522794412998
0.639,1.2757481689296228,1.0,4598.224210246362,0.9992452679893877,1.0822027586338232,0.9907171469200747,0.26663442309504415,0.9784525078858081
0.6395000000000001,1.2753325496764019,1.0,4598.68896464855,0.999249500086573,1.0820118049620961,0.990711843442947,0.26661696708640886,0.978552499511668
0.64,1.274916930423181,1.0,4599.152581849272,0.9992537082241365,1.081820859417994,0.9907065361656555,0.2665995110777736,0.9786522543498114
0.6405,1.2745013111699603,1.0,4599.615062009352,0.9992578925455489,1.0816299219991625,0.9907012250878267,0.26658205506913835,0.9787517724311564
0.641,1.2740856919167394,1.0,4600.0764052899995,0.9992620531942807,1.0814389927032462,0.9906959102090905,0.26656459906050306,0.9788510537866091
0.6415,1.2736700726635184,1.0,4600.536611853096,0.9992661903138025,1.08124807152789,0.9906905915290808,0.2665471430518678,0.9789500984470627
0.642,1.2732544534102974,1.0,4600.995681860984,0.9992703040475847,1.0810571584707391,0.9906852690474339,0.2665296870432325,0.9790489064433976
0.6425,1.2728388341570767,1.0,4601.453615476562,0.9992743945390979,1.0808662535294384,0.9906799427637899,0.2665122310345972,0.9791474778064815
0.643,1.2724232149038557,1.0,4601.9104128631425,0.9992784619318128,1.0806753567016327,0.9906746126777918,0.2664947750259619,0.9792458125671694
0.6435,1.272007595650635,1.0,4602.366074184714,0.9992825063691997,1.0804844679849674,0.9906692787890864,0.2664773190173267,0.9793439107563034
0.644,1.271591976397414,1.0,4602.820599605345,0.9992865279947293,1.0802935873770874,0.9906639410973238,0.2664598630086914,0.9794417724047131
0.6445,1.271176357144193,1.0,4603.273989290074,0.999290526951872,1.0801027148756375,0.9906585996021573,0.2664424070000561,0.9795393975432153
0.645,1.2707607378909722,1.0,4603.726243404274,0.9992945033840986,1.0799118504782628,0.9906532543032436,0.26642495099142083,0.9796367862026141
0.6455,1.2703451186377515,1.0,4604.177362113823,0.9992984574348793,1.0797209941826083,0.9906479052002424,0.26640749498278554,0.9797339384137007
0.646,1.2699294993845305,1.0,4604.627345585012,0.999302389247685,1.079530145986319,0.9906425522928177,0.26639003897415026,0.9798308542072538
0.6465,1.2695138801313095,1.0,4605.076193984894,0.9993062989659859,1.0793393058870397,0.9906371955806358,0.266372582965515,0.9799275336140394
0.647,1.2690982608780885,1.0,4605.523907480553,0.9993101867332528,1.0791484738824155,0.9906318350633674,0.2663551269568797,0.9800239766648106
0.6475,1.2686826416248678,1.0,4605.970486240214,0.999314052692956,1.0789576499700917,0.9906264707406859,0.26633767094824445,0.9801201833903077
0.648,1.268267022371647,1.0,4606.415930432005,0.9993178969885662,1.0787668341477128,0.9906211026122685,0.26632021493960917,0.9802161538212586
0.6485,1.267851403118426,1.0,4606.860240224855,0.999321719763554,1.0785760264129243,0.9906157306777954,0.2663027589309739,0.9803118879883783
0.649,1.267435783865205,1.0,4607.303415788191,0.9993255211613898,1.0783852267633707,0.9906103549369506,0.2662853029223386,0.9804073859223691
0.6495,1.2670201646119843,1.0,4607.7454572919005,0.9993293013255442,1.0781944351966972,0.9906049753894216,0.2662678469137033,0.9805026476539207
0.65,1.2666045453587633,1.0,4608.186364906407,0.9993330603994878,1.078003651710549,0.9905995920348989,0.2662503909050681,0.9805976732137097
0.6505,1.2661889261055426,1.0,4608.626138802427,0.9993367985266911,1.0778128763025707,0.9905942048730771,0.2662329348964328,0.9806924626324006
0.651,1.2657733068523216,1.0,4609.064779151381,0.9993405158506246,1.0776221089704077,0.9905888139036537,0.2662154788877975,0.9807870159406447
0.6515,1.2653576875991006,1.0,4609.502286125278,0.9993442125147588,1.0774313497117045,0.99058341912633,0.2661980228791622,0.9808813331690808
0.652,1.2649420683458796,1.0,4609.938659896283,0.9993478886625643,1.0772405985241067,0.9905780205408105,0.26618056687052694,0.9809754143483347
0.6525,1.264526449092659,1.0,4610.373900637566,0.9993515444375116,1.0770498554052588,0.9905726181468035,0.2661631108618917,0.9810692595090201
0.653,1.2641108298394381,1.0,4610.808008522203,0.9993551799830714,1.076859120352806,0.9905672119440209,0.2661456548532564,0.9811628686817375
0.6535,1.2636952105862171,1.0,4611.240983724143,0.9993587954427141,1.0766683933643932,0.9905618019321772,0.26612819884462113,0.9812562418970748
0.654,1.2632795913329962,1.0,4611.672826417794,0.9993623909599102,1.0764776744376654,0.9905563881109917,0.26611074283598585,0.9813493791856074
0.6545,1.2628639720797754,1.0,4612.103536777927,0.9993659666781304,1.0762869635702679,0.9905509704801865,0.26609328682735056,0.9814422805778974
0.655,1.2624483528265544,1.0,4612.533114979982,0.9993695227408451,1.0760962607598452,0.990545549039487,0.2660758308187153,0.981534946104495
0.6555,1.2620327335733337,1.0,4612.961565526775,0.9993730536622631,1.0759055659737882,0.9905401236826102,0.26605837481008,0.9816273758105832
0.656,1.2616171143201127,1.0,4613.388886496996,0.9993765625104597,1.075714879224413,0.9905346944641871,0.26604091880144476,0.9817195697194916
0.6565,1.2612014950668917,1.0,4613.815075741141,0.9993800523711301,1.0755242005256285,0.9905292614393526,0.2660234627928094,0.9818115278538414
0.657,1.2607858758136707,1.0,4614.240133378253,0.9993835233236197,1.0753335298754896,0.9905238246066659,0.2660060067841742,0.9819032502439372
0.6575,1.2603702565604502,1.0,4614.664059527172,0.9993869754472732,1.0751428672720518,0.9905183839646879,0.2659885507755389,0.9819947369200728
0.658,1.2599546373072292,1.0,4615.086854307602,0.9993904088214357,1.0749522127133702,0.9905129395119794,0.2659710947669036,0.982085987912531
0.6585,1.2595390180540083,1.0,4615.508517839563,0.9993938235254523,1.0747615661975,0.9905074912471028,0.26595363875826833,0.9821770032515842
0.659,1.2591233988007873,1.0,4615.929050243637,0.9993972196386678,1.0745709277224966,0.9905020391686213,0.26593618274963304,0.9822677829674942
0.6595,1.2587077795475665,1.0,4616.348451640974,0.9994005972404274,1.074380297286415,0.9904965832750987,0.2659187267409978,0.982358327090512
0.66,1.2582921602943455,1.0,4616.766722152864,0.9994039564100761,1.0741896748873103,0.9904911235651002,0.2659012707323625,0.9824486356508776
0.6605,1.2578765410411248,1.0,4617.183861901458,0.9994072972269588,1.0739990605232381,0.9904856600371916,0.26588381472372724,0.9825387086788206
0.661,1.2574609217879038,1.0,4617.599871009135,0.9994106197704206,1.0738084541922535,0.9904801926899398,0.26586635871509195,0.98262854620456
0.6615,1.2570453025346828,1.0,4618.014749599006,0.9994139241198065,1.0736178558924112,0.9904747215219124,0.26584890270645667,0.9827181482583042
0.662,1.256629683281462,1.0,4618.42849779432,0.9994172103544614,1.0734272656217672,0.9904692465316784,0.2658314466978214,0.9828075148702502
0.6625,1.2562140640282413,1.0,4618.841115719234,0.9994204785537304,1.073236683378376,0.9904637677178072,0.26581399068918615,0.9828966460705851
0.663,1.2557984447750203,1.0,4619.252603497912,0.9994237287969586,1.0730461091602932,0.9904582850788697,0.26579653468055087,0.9829855418894851
0.6635,1.2553828255217994,1.0,4619.662961255252,0.9994269611634908,1.0728555429655742,0.9904527986134373,0.2657790786719156,0.9830742023571154
0.664,1.2549672062685784,1.0,4620.072189116716,0.9994301757326723,1.0726649847922736,0.9904473083200824,0.2657616226632803,0.9831626275036309
0.6645,1.2545515870153576,1.0,4620.480287208074,0.9994333725838479,1.0724744346384472,0.9904418141973791,0.265744166654645,0.9832508173591755
0.665,1.2541359677621369,1.0,4620.8872556556535,0.9994365517963626,1.0722838925021496,0.9904363162439012,0.2657267106460097,0.9833387719538829
0.6655,1.253720348508916,1.0,4621.293094586263,0.9994397134495615,1.0720933583814367,0.9904308144582246,0.2657092546373745,0.9834264913178754
0.666,1.253304729255695,1.0,4621.697804127017,0.9994428576227895,1.0719028322743631,0.9904253088389252,0.2656917986287392,0.9835139754812653
0.6665,1.2528891100024742,1.0,4622.101384405758,0.9994459843953918,1.0717123141789846,0.9904197993845812,0.2656743426201039,0.9836012244741537
0.667,1.2524734907492532,1.0,4622.5038355506795,0.9994490938467132,1.0715218040933558,0.9904142860937705,0.26565688661146863,0.9836882383266314
0.6675,1.2520578714960324,1.0,4622.9051576904485,0.9994521860560989,1.0713313020155324,0.9904087689650722,0.26563943060283335,0.9837750170687783
0.668,1.2516422522428114,1.0,4623.30535095421,0.9994552611028937,1.0711408079435694,0.9904032479970674,0.26562197459419806,0.9838615607306639
0.6685,1.2512266329895905,1.0,4623.704415471707,0.9994583190664429,1.0709503218755219,0.990397723188337,0.2656045185855628,0.9839478693423465
0.669,1.2508110137363695,1.0,4624.102351372904,0.9994613600260912,1.0707598438094452,0.9903921945374634,0.2655870625769275,0.9840339429338741
0.6695,1.2503953944831487,1.0,4624.499158788495,0.9994643840611838,1.0705693737433948,0.9903866620430298,0.26556960656829226,0.984119781535284
0.67,1.249979775229928,1.0,4624.894837849475,0.9994673912510657,1.0703789116754254,0.9903811257036212,0.265552150559657,0.9842053851766029
0.6705,1.249564155976707,1.0,4625.289388687358,0.9994703816750817,1.0701884576035925,0.9903755855178222,0.2655346945510217,0.9842907538878466
0.671,1.249148536723486,1.0,4625.682811434128,0.9994733554125772,1.0699980115259513,0.9903700414842199,0.2655172385423864,0.9843758876990204
0.6715,1.2487329174702653,1.0,4626.075106222328,0.9994763125428968,1.0698075734405568,0.9903644936014013,0.2654997825337511,0.9844607866401188
0.672,1.2483172982170443,1.0,4626.466273184888,0.9994792531453858,1.0696171433454646,0.990358941867955,0.26548232652511583,0.9845454507411258
0.6725,1.2479016789638235,1.0,4626.856312455296,0.9994821772993892,1.0694267212387296,0.9903533862824706,0.2654648705164806,0.9846298800320145
0.673,1.2474860597106026,1.0,4627.245224167253,0.9994850850842517,1.069236307118407,0.9903478268435382,0.2654474145078453,0.9847140745427475
0.6735,1.2470704404573816,1.0,4627.633008455189,0.9994879765793186,1.0690459009825521,0.9903422635497496,0.26542995849921003,0.9847980343032768
0.674,1.2466548212041606,1.0,4628.019665454005,0.9994908518639349,1.0688555028292204,0.9903366963996976,0.26541250249057474,0.9848817593435435
0.6745,1.24623920195094,1.0,4628.405195298943,0.9994937110174457,1.0686651126564666,0.9903311253919754,0.26539504648193946,0.9849652496934782
0.675,1.245823582697719,1.0,4628.789598125888,0.9994965541191956,1.068474730462346,0.9903255505251781,0.2653775904733042,0.9850485053830008
0.6755,1.2454079634444981,1.0,4629.172874070936,0.99949938124853,1.0682843562449142,0.9903199717979012,0.26536013446466894,0.9851315264420205
0.676,1.2449923441912771,1.0,4629.555023270826,0.9995021924847938,1.068093990002226,0.9903143892087415,0.26534267845603365,0.985214312900436
0.6765,1.2445767249380564,1.0,4629.9360458627625,0.9995049879073319,1.0679036317323367,0.9903088027562971,0.26532522244739837,0.9852968647881352
0.677,1.2441611056848354,1.0,4630.3159419843805,0.9995077675954895,1.0677132814333017,0.9903032124391664,0.2653077664387631,0.9853791821349952
0.6775,1.2437454864316146,1.0,4630.694711773823,0.9995105316286115,1.067522939103176,0.9902976182559495,0.2652903104301278,0.9854612649708826
0.678,1.2433298671783937,1.0,4631.072355369659,0.9995132800860429,1.067332604740015,0.990292020205248,0.2652728544214925,0.9855431133256535
0.6785,1.2429142479251727,1.0,4631.448872911053,0.9995160130471287,1.0671422783418736,0.9902864182856634,0.2652553984128573,0.985624727229153
0.679,1.242498628671952,1.0,4631.824264537338,0.999518730591214,1.0669519599068071,0.9902808124957992,0.265237942404222,0.9857061067112158
0.6795,1.2420830094187312,1.0,4632.198530388529,0.9995214327976437,1.066761649432871,0.9902752028342596,0.2652204863955867,0.9857872518016659
0.68,1.2416673901655102,1.0,4632.57167060515,0.9995241197457629,1.0665713469181204,0.9902695892996501,0.2652030303869514,0.9858681625303165
0.6805,1.2412517709122892,1.0,4632.943685328103,0.9995267915149166,1.0663810523606103,0.990263971890577,0.26518557437831614,0.9859488389269704
0.681,1.2408361516590682,1.0,4633.31457469876,0.9995294481844499,1.066190765758396,0.9902583506056482,0.26516811836968085,0.9860292810214195
0.6815,1.2404205324058475,1.0,4633.684338859041,0.9995320898337076,1.0660004871095328,0.9902527254434718,0.26515066236104556,0.9861094888434452
0.682,1.2400049131526267,1.0,4634.052977951249,0.9995347165420347,1.0658102164120757,0.9902470964026581,0.26513320635241033,0.9861894624228181
0.6825,1.2395892938994058,1.0,4634.42049211802,0.9995373283887764,1.0656199536640802,0.9902414634818177,0.26511575034377505,0.9862692017892983
0.683,1.2391736746461848,1.0,4634.786881502713,0.9995399254532776,1.0654296988636014,0.9902358266795628,0.26509829433513976,0.9863487069726353
0.6835,1.2387580553929638,1.0,4635.152146249068,0.9995425078148834,1.0652394520086945,0.9902301859945063,0.2650808383265045,0.9864279780025678
0.684,1.238342436139743,1.0,4635.516286501199,0.9995450755529388,1.0650492130974145,0.9902245414252625,0.2650633823178692,0.9865070149088239
0.6845,1.2379268168865223,1.0,4635.879302403815,0.9995476287467887,1.0648589821278172,0.9902188929704467,0.26504592630923396,0.9865858177211209
0.685,1.2375111976333013,1.0,4636.241194101915,0.9995501674757782,1.0646687590979569,0.9902132406286756,0.2650284703005987,0.9866643864691659
0.6855,1.2370955783800803,1.0,4636.601961741135,0.9995526918192522,1.0644785440058895,0.9902075843985668,0.2650110142919634,0.9867427211826549
0.686,1.2366799591268594,1.0,4636.961605467484,0.9995552018565559,1.06428833684967,0.9902019242787389,0.2649935582833281,0.9868208218912734
0.6865,1.2362643398736386,1.0,4637.320125427438,0.9995576976670341,1.0640981376273537,0.9901962602678116,0.2649761022746928,0.9868986886246965
0.687,1.2358487206204178,1.0,4637.677521767931,0.9995601793300319,1.0639079463369958,0.9901905923644064,0.26495864626605753,0.9869763214125882
0.6875,1.2354331013671969,1.0,4638.033794636445,0.9995626469248944,1.0637177629766512,0.9901849205671452,0.26494119025742224,0.9870537202846024
0.6880000000000001,1.2350174821139759,1.0,4638.388944180925,0.9995651005309666,1.0635275875443755,0.9901792448746516,0.264923734248787,0.9871308852703817
0.6885,1.2346018628607551,1.0,4638.742970549474,0.9995675402275933,1.0633374200382237,0.9901735652855501,0.2649062782401517,0.9872078163995587
0.6890000000000001,1.2341862436075342,1.0,4639.095873891002,0.9995699660941197,1.0631472604562513,0.9901678817984659,0.26488882223151644,0.987284513701755
0.6895,1.2337706243543134,1.0,4639.44765435479,0.9995723782098909,1.062957108796513,0.9901621944120265,0.26487136622288115,0.9873609772065817
0.6900000000000001,1.2333550051010924,1.0,4639.798312090537,0.9995747766542515,1.0627669650570644,0.9901565031248593,0.26485391021424587,0.9874372069436392
0.6905,1.2329393858478714,1.0,4640.147847248447,0.9995771615065471,1.0625768292359605,0.9901508079355936,0.2648364542056106,0.9875132029425173
0.6910000000000001,1.2325237665946505,1.0,4640.496259979092,0.9995795328461222,1.0623867013312567,0.9901451088428603,0.2648189981969753,0.9875889652327952
0.6915,1.23210814734143,1.0,4640.843550433638,0.9995818907523221,1.0621965813410081,0.9901394058452904,0.26480154218834007,0.9876644938440413
0.6920000000000001,1.231692528088209,1.0,4641.189718763573,0.9995842353044916,1.0620064692632698,0.9901336989415167,0.2647840861797048,0.9877397888058137
0.6925,1.231276908834988,1.0,4641.534765120895,0.9995865665819759,1.0618163650960974,0.9901279881301732,0.2647666301710695,0.9878148501476594
0.6930000000000001,1.230861289581767,1.0,4641.878689658139,0.99958888466412,1.0616262688375455,0.990122273409895,0.2647491741624342,0.9878896778991153
0.6935,1.2304456703285462,1.0,4642.22149252817,0.9995911896302687,1.06143618048567,0.9901165547793187,0.2647317181537989,0.9879642720897072
0.6940000000000001,1.2300300510753253,1.0,4642.563173884397,0.9995934815597673,1.0612461000385256,0.9901108322370812,0.26471426214516364,0.9880386327489507
0.6945,1.2296144318221045,1.0,4642.903733880728,0.9995957605319606,1.0610560274941676,0.9901051057818219,0.2646968061365284,0.9881127599063503
0.6950000000000001,1.2291988125688835,1.0,4643.243172671272,0.9995980266261937,1.0608659628506514,0.9900993754121802,0.2646793501278931,0.9881866535914002
0.6955,1.2287831933156625,1.0,4643.581490410977,0.9996002799218117,1.0606759061060318,0.9900936411267977,0.26466189411925783,0.9882603138335843
0.6960000000000001,1.2283675740624418,1.0,4643.918687254905,0.9996025204981593,1.0604858572583646,0.9900879029243165,0.26464443811062255,0.9883337406623748
0.6965,1.227951954809221,1.0,4644.254763358789,0.9996047484345818,1.0602958163057046,0.9900821608033801,0.26462698210198726,0.9884069341072345
0.6970000000000001,1.227536335556,1.0,4644.5897188787285,0.9996069638104241,1.060105783246107,0.9900764147626335,0.264609526093352,0.9884798941976148
0.6975,1.227120716302779,1.0,4644.923553971408,0.9996091667050313,1.0599157580776273,0.9900706648007228,0.26459207008471675,0.9885526209629568
0.6980000000000001,1.226705097049558,1.0,4645.256268793582,0.9996113571977483,1.0597257407983203,0.9900649109162953,0.2645746140760814,0.9886251144326909
0.6985,1.2262894777963373,1.0,4645.587863503014,0.9996135353679202,1.0595357314062417,0.9900591531079994,0.2645571580674462,0.9886973746362367
0.6990000000000001,1.2258738585431166,1.0,4645.918338257494,0.999615701294892,1.0593457298994462,0.9900533913744849,0.2645397020588109,0.9887694016030038
0.6995,1.2254582392898956,1.0,4646.247693215435,0.9996178550580085,1.0591557362759894,0.9900476257144031,0.2645222460501756,0.9888411953623903
0.7000000000000001,1.2250426200366746,1.0,4646.575928535663,0.9996199967366151,1.0589657505339263,0.990041856126406,0.2645047900415403,0.9889127559437844
0.7005,1.2246270007834537,1.0,4646.903044377453,0.9996221264100564,1.0587757726713123,0.9900360826091474,0.26448733403290503,0.9889840833765632
0.7010000000000001,1.224211381530233,1.0,4647.229040900664,0.9996242441576777,1.0585858026862023,0.9900303051612818,0.2644698780242698,0.9890551776900937
0.7015,1.2237957622770121,1.0,4647.553918265348,0.9996263500588239,1.0583958405766516,0.9900245237814658,0.2644524220156345,0.9891260389137317
0.7020000000000001,1.2233801430237912,1.0,4647.877676632225,0.99962844419284,1.0582058863407158,0.9900187384683559,0.26443496600699923,0.989196667076823
0.7025,1.2229645237705702,1.0,4648.200316162379,0.9996305266390711,1.0580159399764495,0.9900129492206114,0.26441750999836394,0.9892670622087022
0.7030000000000001,1.2225489045173492,1.0,4648.521837017387,0.9996325974768622,1.0578260014819083,0.990007156036892,0.26440005398972866,0.9893372243386936
0.7035,1.2221332852641285,1.0,4648.842239359194,0.9996346567855581,1.0576360708551475,0.990001358915859,0.26438259798109337,0.989407153496111
0.704,1.2217176660109077,1.0,4649.161523350448,0.999636704644504,1.0574461480942219,0.9899955578561749,0.26436514197245814,0.9894768497102574
0.7045,1.2213020467576867,1.0,4649.479689153736,0.999638741133045,1.057256233197187,0.9899897528565031,0.26434768596382285,0.9895463130104252
0.705,1.2208864275044657,1.0,4649.79673693261,0.9996407663305259,1.057066326162098,0.9899839439155091,0.26433022995518757,0.9896155434258962
0.7055,1.220470808251245,1.0,4650.11266685081,0.9996427803162918,1.0568764269870101,0.9899781310318589,0.2643127739465523,0.9896845409859417
0.706,1.2200551889980242,1.0,4650.427479072613,0.9996447831696877,1.0566865356699784,0.9899723142042205,0.264295317937917,0.9897533057198222
0.7065,1.2196395697448033,1.0,4650.741173762745,0.9996467749700587,1.056496652209058,0.9899664934312628,0.2642778619292817,0.9898218376567881
0.707,1.2192239504915823,1.0,4651.0537510863805,0.9996487557967497,1.0563067766023044,0.9899606687116558,0.2642604059206465,0.9898901368260784
0.7075,1.2188083312383613,1.0,4651.365211208883,0.9996507257291057,1.0561169088477729,0.9899548400440713,0.2642429499120112,0.9899582032569221
0.708,1.2183927119851405,1.0,4651.675552514069,0.9996526812482778,1.0559270489559294,0.9899490073562238,0.2642254939033759,0.9900260369741106
0.7085,1.2179770927319198,1.0,4651.984773937121,0.9996546197434986,1.0557371969334,0.9899431705935628,0.2642080378947406,0.9900936380038501
0.709,1.2175614734786988,1.0,4652.292878979939,0.9996565479949981,1.0555473527550197,0.9899373298868444,0.26419058188610534,0.9901610063836397
0.7095,1.2171458542254778,1.0,4652.599867747808,0.9996584660420417,1.0553575164192752,0.9899314852339761,0.26417312587747005,0.9902281421425053
0.71,1.2167302349722569,1.0,4652.905740346494,0.999660373923894,1.0551676879246545,0.9899256366328657,0.26415566986883476,0.9902950453094641
0.7105,1.216314615719036,1.0,4653.210496882374,0.9996622716798202,1.0549778672696448,0.9899197840814201,0.26413821386019953,0.9903617159135246
0.711,1.2158989964658153,1.0,4653.514137461916,0.9996641593490854,1.0547880544527333,0.9899139275775464,0.26412075785156425,0.9904281539836873
0.7115,1.2154833772125944,1.0,4653.816662192286,0.9996660369709546,1.0545982494724073,0.9899080671191505,0.26410330184292896,0.9904943595489438
0.712,1.2150677579593734,1.0,4654.1180711809975,0.9996679045846927,1.0544084523271544,0.9899022027041383,0.2640858458342937,0.9905603326382774
0.7125,1.2146521387061524,1.0,4654.4183645360035,0.9996697622295648,1.054218663015462,0.9898963343304156,0.2640683898256584,0.9906260732806625
0.713,1.2142365194529317,1.0,4654.717542365775,0.9996716099448361,1.0540288815358172,0.9898904619958868,0.2640509338170231,0.9906915815050658
0.7135,1.213820900199711,1.0,4655.01560477914,0.9996734477697714,1.0538391078867075,0.9898845856984569,0.2640334778083879,0.9907568573404447
0.714,1.21340528094649,1.0,4655.3125518852685,0.9996752757436358,1.0536493420666204,0.9898787054360301,0.2640160217997526,0.9908219008157486
0.7145,1.212989661693269,1.0,4655.608383793987,0.9996770939056944,1.053459584074043,0.9898728212065101,0.2639985657911173,0.9908867119599181
0.715,1.2125740424400482,1.0,4655.903100615338,0.9996789022952122,1.053269833907463,0.9898669330077998,0.263981109782482,0.9909512908018855
0.7155,1.2121584231868272,1.0,4656.1967024599735,0.9996807009514541,1.0530800915653675,0.9898610408378027,0.26396365377384673,0.9910156373705746
0.716,1.2117428039336064,1.0,4656.489189438978,0.9996824899136854,1.0528903570462438,0.9898551446944208,0.26394619776521144,0.9910797516949007
0.7165,1.2113271846803855,1.0,4656.780561663746,0.9996842692211708,1.0527006303485795,0.9898492445755566,0.2639287417565762,0.9911436338037704
0.717,1.2109115654271645,1.0,4657.070819246057,0.9996860389131755,1.0525109114708617,0.9898433404791114,0.2639112857479409,0.991207283726082
0.7175,1.2104959461739435,1.0,4657.3599622983,0.9996877990289647,1.052321200411578,0.9898374324029867,0.26389382973930564,0.9912707014907254
0.718,1.210080326920723,1.0,4657.647990933256,0.999689549607803,1.0521314971692157,0.9898315203450833,0.26387637373067035,0.9913338871265818
0.7185,1.209664707667502,1.0,4657.934905264048,0.9996912906889559,1.0519418017422622,0.9898256043033018,0.26385891772203507,0.991396840662524
0.719,1.209249088414281,1.0,4658.2207054043665,0.9996930223116881,1.0517521141292048,0.9898196842755417,0.2638414617133998,0.9914595621274164
0.7195,1.20883346916106,1.0,4658.505391468247,0.9996947445152647,1.0515624343285308,0.9898137602597031,0.2638240057047645,0.9915220515501146
0.72,1.2084178499078393,1.0,4658.7889635701995,0.9996964573389509,1.0513727623387277,0.9898078322536852,0.26380654969612927,0.9915843089594663
0.7205,1.2080022306546183,1.0,4659.071421824995,0.9996981608220116,1.0511830981582828,0.9898019002553868,0.263789093687494,0.9916463343843099
0.721,1.2075866114013976,1.0,4659.352766348139,0.9996998550037117,1.0509934417856834,0.9897959642627062,0.2637716376788587,0.9917081278534762
0.7215,1.2071709921481766,1.0,4659.6329972553085,0.9997015399233165,1.050803793219417,0.9897900242735413,0.2637541816702234,0.9917696893957867
0.722,1.2067553728949556,1.0,4659.912114662786,0.9997032156200908,1.0506141524579709,0.9897840802857901,0.2637367256615881,0.9918310190400551
0.7225,1.2063397536417348,1.0,4660.190118687197,0.9997048821332998,1.0504245194998323,0.9897781322973497,0.26371926965295284,0.9918921168150862
0.723,1.205924134388514,1.0,4660.467009445645,0.9997065395022084,1.050234894343489,0.9897721803061167,0.2637018136443176,0.9919529827496764
0.7235,1.2055085151352931,1.0,4660.742787055572,0.9997081877660817,1.0500452769874278,0.9897662243099875,0.2636843576356823,0.9920136168726136
0.724,1.2050928958820721,1.0,4661.017451634857,0.9997098269641846,1.0498556674301365,0.9897602643068587,0.26366690162704703,0.9920740192126773
0.7245,1.2046772766288512,1.0,4661.291003301978,0.9997114571357825,1.0496660656701022,0.9897543002946252,0.26364944561841175,0.9921341897986387
0.725,1.2042616573756304,1.0,4661.563442175712,0.99971307832014,1.0494764717058125,0.9897483322711829,0.26363198960977646,0.99219412865926
0.7255,1.2038460381224094,1.0,4661.834768375272,0.9997146905565223,1.0492868855357547,0.9897423602344262,0.2636145336011412,0.9922538358232953
0.726,1.2034304188691887,1.0,4662.104982020378,0.9997162938841945,1.049097307158416,0.98973638418225,0.26359707759250595,0.9923133113194903
0.7265,1.2030147996159677,1.0,4662.37408323093,0.9997178883424215,1.0489077365722839,0.9897304041125478,0.26357962158387066,0.992372555176582
0.727,1.2025991803627467,1.0,4662.642072127551,0.9997194739704683,1.0487181737758458,0.9897244200232139,0.2635621655752354,0.9924315674232987
0.7275,1.202183561109526,1.0,4662.90894883121,0.9997210508076002,1.0485286187675888,0.9897184319121414,0.2635447095666001,0.992490348088361
0.728,1.2017679418563052,1.0,4663.174713463217,0.999722618893082,1.0483390715460006,0.9897124397772231,0.2635272535579648,0.9925488972004803
0.7285,1.2013523226030842,1.0,4663.439366145398,0.9997241782661788,1.0481495321095684,0.9897064436163518,0.2635097975493295,0.9926072147883598
0.729,1.2009367033498632,1.0,4663.702906999962,0.9997257289661555,1.0479600004567797,0.9897004434274196,0.26349234154069423,0.9926653008806942
0.7295,1.2005210840966423,1.0,4663.965336149717,0.9997272710322773,1.0477704765861218,0.9896944392083182,0.263474885532059,0.9927231555061696
0.73,1.2001054648434215,1.0,4664.226653717472,0.9997288045038092,1.047580960496082,0.989688430956939,0.2634574295234237,0.9927807786934639
0.7305,1.1996898455902008,1.0,4664.4868598268895,0.9997303294200162,1.0473914521851475,0.9896824186711732,0.26343997351478843,0.9928381704712465
0.731,1.1992742263369798,1.0,4664.745954601888,0.9997318458201633,1.0472019516518059,0.9896764023489114,0.26342251750615314,0.9928953308681778
0.7315,1.1988586070837588,1.0,4665.003938166813,0.9997333537435156,1.0470124588945444,0.9896703819880438,0.26340506149751786,0.9929522599129106
0.732,1.198442987830538,1.0,4665.260810646393,0.9997348532293381,1.0468229739118509,0.9896643575864607,0.26338760548888257,0.9930089576340885
0.7325,1.198027368577317,1.0,4665.516572165954,0.9997363443168957,1.046633496702212,0.9896583291420513,0.2633701494802473,0.9930654240603469
0.733,1.1976117493240963,1.0,4665.771222851248,0.9997378270454537,1.0464440272641153,0.9896522966527047,0.26335269347161205,0.9931216592203128
0.7335,1.1971961300708753,1.0,4666.024762828025,0.9997393014542768,1.0462545655960485,0.9896462601163097,0.26333523746297677,0.9931776631426048
0.734,1.1967805108176544,1.0,4666.277192222886,0.9997407675826303,1.0460651116964987,0.9896402195307553,0.2633177814543415,0.9932334358558326
0.7345,1.1963648915644334,1.0,4666.528511162773,0.9997422254697792,1.0458756655639534,0.9896341748939291,0.2633003254457062,0.9932889773885979
0.735,1.1959492723112126,1.0,4666.7787197751395,0.9997436751549884,1.0456862271968996,0.989628126203719,0.2632828694370709,0.9933442877694938
0.7355,1.1955336530579919,1.0,4667.027818187691,0.9997451166775231,1.045496796593825,0.9896220734580123,0.2632654134284357,0.993399367027105
0.736,1.1951180338047709,1.0,4667.275806528428,0.9997465500766481,1.045307373753217,0.9896160166546959,0.2632479574198004,0.9934542151900073
0.7365,1.19470241455155,1.0,4667.522684926205,0.9997479753916286,1.0451179586735628,0.9896099557916567,0.2632305014111651,0.9935088322867688
0.737,1.1942867952983292,1.0,4667.76845350987,0.9997493926617296,1.04492855135335,0.9896038908667806,0.2632130454025298,0.9935632183459483
0.7375,1.1938711760451082,1.0,4668.013112409039,0.9997508019262161,1.0447391517910656,0.9895978218779539,0.26319558939389454,0.9936173733960969
0.738,1.1934555567918874,1.0,4668.256661753492,0.9997522032243532,1.0445497599851972,0.9895917488230619,0.26317813338525925,0.9936712974657568
0.7385,1.1930399375386664,1.0,4668.499101673519,0.9997535965954057,1.0443603759342321,0.9895856716999901,0.26316067737662396,0.9937249905834618
0.739,1.1926243182854455,1.0,4668.740432300049,0.999754982078639,1.0441709996366577,0.989579590506623,0.26314322136798873,0.9937784527777372
0.7395,1.1922086990322245,1.0,4668.9806537640015,0.9997563597133179,1.043981631090961,0.9895735052408455,0.26312576535935345,0.9938316840771001
0.74,1.191793079779004,1.0,4669.219766196974,0.9997577295387075,1.0437922702956302,0.9895674159005414,0.26310830935071816,0.9938846845100588
0.7405,1.191377460525783,1.0,4669.457769731076,0.9997590915940727,1.0436029172491519,0.9895613224835947,0.2630908533420829,0.9939374541051136
0.741,1.190961841272562,1.0,4669.694664498624,0.9997604459186786,1.043413571950014,0.9895552249878891,0.2630733973334476,0.9939899928907556
0.7415,1.190546222019341,1.0,4669.93045063248,0.9997617925517904,1.0432242343967033,0.9895491234113072,0.2630559413248123,0.9940423008954683
0.742,1.1901306027661203,1.0,4670.16512826593,0.9997631315326729,1.0430349045877074,0.989543017751732,0.263038485316177,0.9940943781477262
0.7425,1.1897149835128993,1.0,4670.39869753277,0.9997644629005912,1.042845582521514,0.9895369080070463,0.2630210293075418,0.9941462246759953
0.743,1.1892993642596785,1.0,4670.631158566823,0.9997657866948104,1.04265626819661,0.9895307941751317,0.2630035732989065,0.9941978405087336
0.7435,1.1888837450064575,1.0,4670.862511502766,0.9997671029545955,1.042466961611483,0.9895246762538701,0.2629861172902712,0.9942492256743904
0.744,1.1884681257532366,1.0,4671.092756475527,0.9997684117192114,1.0422776627646204,0.9895185542411428,0.26296866128163593,0.9943003802014063
0.7445,1.1880525065000158,1.0,4671.321893620447,0.9997697130279233,1.0420883716545095,0.9895124281348312,0.26295120527300064,0.9943513041182139
0.745,1.187636887246795,1.0,4671.549923073463,0.9997710069199961,1.0418990882796375,0.9895062979328159,0.2629337492643654,0.9944019974532371
0.7455,1.187221267993574,1.0,4671.776844970503,0.999772293434695,1.041709812638492,0.9895001636329772,0.2629162932557301,0.9944524602348912
0.746,1.186805648740353,1.0,4672.002659448339,0.9997735726112849,1.0415205447295603,0.9894940252331952,0.26289883724709484,0.9945026924915835
0.7465,1.1863900294871321,1.0,4672.227366643991,0.9997748444890308,1.0413312845513296,0.9894878827313498,0.26288138123845955,0.9945526942517124
0.747,1.1859744102339114,1.0,4672.45096669486,0.9997761091071977,1.0411420321022875,0.9894817361253201,0.26286392522982427,0.9946024655436682
0.7475,1.1855587909806906,1.0,4672.673459738929,0.9997773665050509,1.0409527873809212,0.9894755854129855,0.262846469221189,0.9946520063958325
0.748,1.1851431717274696,1.0,4672.894845914433,0.9997786167218551,1.0407635503857182,0.9894694305922245,0.2628290132125537,0.9947013168365785
0.7485,1.1847275524742487,1.0,4673.115125360108,0.9997798597968756,1.040574321115166,0.9894632716609157,0.26281155720391847,0.994750396894271
0.749,1.184311933221028,1.0,4673.334298214937,0.9997810957693772,1.0403850995677515,0.9894571086169375,0.2627941011952832,0.9947992465972666
0.7495,1.183896313967807,1.0,4673.552364618663,0.999782324678625,1.0401958857419622,0.9894509414581669,0.2627766451866479,0.9948478659739131
0.75,1.1834806947145862,1.0,4673.769324711103,0.9997835465638842,1.040006679636286,0.9894447701824819,0.2627591891780126,0.9948962550525497
0.7505000000000001,1.1830650754613652,1.0,4673.985178632746,0.9997847614644196,1.0398174812492094,0.9894385947877596,0.2627417331693773,0.9949444138615079
0.751,1.1826494562081442,1.0,4674.199926524244,0.9997859694194964,1.0396282905792205,0.9894324152718771,0.26272427716074204,0.9949923424291099
0.7515000000000001,1.1822338369549232,1.0,4674.413568526962,0.9997871704683795,1.0394391076248062,0.9894262316327102,0.26270682115210675,0.9950400407836701
0.752,1.1818182177017025,1.0,4674.626104782512,0.9997883646503339,1.0392499323844542,0.9894200438681358,0.2626893651434715,0.9950875089534942
0.7525000000000001,1.1814025984484817,1.0,4674.83753543279,0.9997895520046248,1.0390607648566517,0.9894138519760292,0.26267190913483623,0.9951347469668793
0.753,1.1809869791952607,1.0,4675.047860620368,0.9997907325705172,1.0388716050398858,0.9894076559542664,0.26265445312620095,0.9951817548521146
0.7535000000000001,1.1805713599420398,1.0,4675.257080488101,0.999791906387276,1.0386824529326444,0.9894014558007224,0.26263699711756566,0.9952285326374801
0.754,1.180155740688819,1.0,4675.465195179218,0.9997930734941664,1.0384933085334147,0.989395251513272,0.2626195411089304,0.9952750803512479
0.7545000000000001,1.179740121435598,1.0,4675.672204837494,0.9997942339304532,1.0383041718406838,0.9893890430897904,0.2626020851002951,0.9953213980216816
0.755,1.1793245021823773,1.0,4675.878109607156,0.9997953877354016,1.038115042852939,0.9893828305281513,0.26258462909165986,0.9953674856770364
0.7555000000000001,1.1789088829291563,1.0,4676.082909632461,0.9997965349482766,1.0379259215686683,0.9893766138262294,0.2625671730830246,0.9954133433455588
0.756,1.1784932636759353,1.0,4676.286605058512,0.9997976756083432,1.0377368079863585,0.9893703929818978,0.2625497170743893,0.995458971055487
0.7565000000000001,1.1780776444227143,1.0,4676.489196030649,0.9997988097548665,1.037547702104497,0.9893641679930301,0.262532261065754,0.9955043688350509
0.757,1.1776620251694938,1.0,4676.690682694671,0.9997999374271114,1.0373586039215714,0.9893579388574996,0.2625148050571187,0.9955495367124718
0.7575000000000001,1.1772464059162728,1.0,4676.89106519666,0.9998010586643431,1.037169513436069,0.9893517055731788,0.26249734904848343,0.9955944747159626
0.758,1.1768307866630519,1.0,4677.090343683414,0.9998021735058265,1.0369804306464772,0.9893454681379404,0.2624798930398482,0.995639182873728
0.7585000000000001,1.1764151674098309,1.0,4677.2885183017115,0.9998032819908266,1.036791355551283,0.9893392265496567,0.2624624370312129,0.9956836612139639
0.759,1.1759995481566101,1.0,4677.485589199088,0.9998043841586086,1.0366022881489743,0.9893329808061997,0.26244498102257763,0.9957279097648579
0.7595000000000001,1.1755839289033891,1.0,4677.681556523361,0.9998054800484374,1.0364132284380378,0.9893267309054407,0.26242752501394234,0.9957719285545895
0.76,1.1751683096501684,1.0,4677.876420422762,0.999806569699578,1.0362241764169617,0.9893204768452514,0.26241006900530706,0.9958157176113291
0.7605000000000001,1.1747526903969474,1.0,4678.070181046018,0.9998076531512956,1.0360351320842327,0.9893142186235026,0.26239261299667177,0.9958592769632395
0.761,1.1743370711437264,1.0,4678.262838542095,0.999808730442855,1.0358460954383386,0.989307956238065,0.2623751569880365,0.9959026066384742
0.7615000000000001,1.1739214518905057,1.0,4678.454393060631,0.9998098016135214,1.0356570664777665,0.9893016896868093,0.26235770097940125,0.995945706665179
0.762,1.173505832637285,1.0,4678.6448447513285,0.9998108667025598,1.0354680452010037,0.9892954189676056,0.26234024497076597,0.9959885770714909
0.7625000000000001,1.173090213384064,1.0,4678.834193764557,0.9998119257492353,1.0352790316065377,0.989289144078324,0.2623227889621307,0.9960312178855386
0.763,1.172674594130843,1.0,4679.022440251014,0.9998129787928126,1.035090025692856,0.9892828650168336,0.2623053329534954,0.9960736291354423
0.7635000000000001,1.172258974877622,1.0,4679.209584361889,0.9998140258725572,1.0349010274584456,0.9892765817810043,0.2622878769448601,0.9961158108493139
0.764,1.1718433556244012,1.0,4679.395626248614,0.9998150670277338,1.0347120369017944,0.9892702943687051,0.2622704209362248,0.9961577630552566
0.7645000000000001,1.1714277363711805,1.0,4679.580566063281,0.9998161022976075,1.0345230540213892,0.9892640027778044,0.2622529649275896,0.9961994857813655
0.765,1.1710121171179595,1.0,4679.764403958101,0.9998171317214434,1.0343340788157176,0.9892577070061708,0.2622355089189543,0.9962409790557273
0.7655000000000001,1.1705964978647385,1.0,4679.947140085855,0.9998181553385065,1.0341451112832671,0.9892514070516727,0.262218052910319,0.99628224290642
0.766,1.1701808786115175,1.0,4680.128774599739,0.9998191731880618,1.0339561514225248,0.989245102912178,0.26220059690168374,0.9963232773615133
0.7665000000000001,1.1697652593582968,1.0,4680.3093076532705,0.9998201853093742,1.0337671992319784,0.9892387945855545,0.26218314089304845,0.9963640824490685
0.767,1.169349640105076,1.0,4680.488739400503,0.9998211917417091,1.0335782547101149,0.9892324820696694,0.26216568488441316,0.9964046581971385
0.7675000000000001,1.168934020851855,1.0,4680.667069995856,0.9998221925243312,1.0333893178554219,0.98922616536239,0.26214822887577793,0.9964450046337678
0.768,1.168518401598634,1.0,4680.844299593985,0.9998231876965057,1.0332003886663867,0.9892198444615832,0.26213077286714265,0.9964851217869926
0.7685,1.1681027823454133,1.0,4681.020428350251,0.9998241772974975,1.0330114671414967,0.9892135193651153,0.26211331685850736,0.9965250096848401
0.769,1.1676871630921923,1.0,4681.195456420168,0.9998251613665717,1.032822553279239,0.9892071900708531,0.2620958608498721,0.9965646683553301
0.7695,1.1672715438389716,1.0,4681.369383959784,0.9998261399429933,1.0326336470781015,0.9892008565766622,0.2620784048412368,0.996604097826473
0.77,1.1668559245857506,1.0,4681.542211125553,0.9998271130660275,1.032444748536571,0.9891945188804087,0.2620609488326015,0.9966432981262713
0.7705,1.1664403053325296,1.0,4681.713938074294,0.999828080774939,1.0322558576531353,0.9891881769799582,0.2620434928239662,0.996682269282719
0.771,1.1660246860793089,1.0,4681.884564963317,0.9998290431089931,1.0320669744262816,0.989181830873176,0.262026036815331,0.9967210113238016
0.7715,1.1656090668260881,1.0,4682.05409195008,0.9998300001074548,1.031878098854497,0.9891754805579269,0.2620085808066957,0.9967595242774965
0.772,1.1651934475728671,1.0,4682.222519192791,0.999830951809589,1.0316892309362693,0.9891691260320759,0.2619911247980604,0.9967978081717723
0.7725,1.1647778283196462,1.0,4682.389846849892,0.9998318982546608,1.0315003706700856,0.9891627672934874,0.26197366878942513,0.9968358630345894
0.773,1.1643622090664252,1.0,4682.556075080142,0.9998328394819352,1.0313115180544334,0.9891564043400258,0.26195621278078984,0.9968736888938995
0.7735,1.1639465898132044,1.0,4682.7212040428785,0.9998337755306774,1.0311226730878,0.9891500371695551,0.26193875677215456,0.9969112857776464
0.774,1.1635309705599837,1.0,4682.8852338979295,0.9998347064401523,1.0309338357686726,0.9891436657799391,0.2619213007635193,0.9969486537137653
0.7745,1.1631153513067627,1.0,4683.048164805097,0.9998356322496248,1.030745006095539,0.9891372901690412,0.26190384475488404,0.9969857927301826
0.775,1.1626997320535417,1.0,4683.209996924975,0.99983655299836,1.030556184066886,0.9891309103347248,0.26188638874624875,0.9970227028548169
0.7755,1.1622841128003207,1.0,4683.370730418428,0.9998374687256232,1.0303673696812015,0.9891245262748528,0.26186893273761347,0.9970593841155779
0.776,1.1618684935471,1.0,4683.530365446774,0.999838379470679,1.0301785629369726,0.9891181379872883,0.2618514767289782,0.9970958365403673
0.7765,1.1614528742938792,1.0,4683.68890217173,0.9998392852727928,1.0299897638326865,0.9891117454698937,0.2618340207203429,0.9971320601570781
0.777,1.1610372550406582,1.0,4683.846340755372,0.9998401861712294,1.0298009723668309,0.989105348720531,0.26181656471170767,0.997168054993595
0.7775,1.1606216357874373,1.0,4684.00268136014,0.9998410822052539,1.029612188537893,0.9890989477370629,0.2617991087030724,0.9972038210777943
0.778,1.1602060165342163,1.0,4684.157924149001,0.9998419734141314,1.0294234123443602,0.9890925425173508,0.2617816526944371,0.9972393584375439
0.7785,1.1597903972809955,1.0,4684.312056348432,0.999842855519957,1.029234643874481,0.989086132969467,0.2617641966858018,0.9972746670839677
0.779,1.1593747780277748,1.0,4684.465082432175,0.9998437299527625,1.0290458830968345,0.9890797191200257,0.2617467406771665,0.9973097470507813
0.7795,1.1589591587745538,1.0,4684.617011911003,0.9998445998607578,1.0288571299450553,0.9890733010315105,0.26172928466853124,0.997344598377979
0.78,1.1585435395213328,1.0,4684.7678448725355,0.9998454652602156,1.0286683844181648,0.9890668787013118,0.26171182865989595,0.9973792210932791
0.7805,1.158127920268112,1.0,4684.917581404748,0.9998463261674082,1.0284796465151846,0.9890604521268179,0.2616943726512607,0.9974136152243945
0.781,1.157712301014891,1.0,4685.06622159588,0.9998471825986083,1.028290916235136,0.9890540213054164,0.26167691664262543,0.9974477807990323
0.7815,1.1572966817616703,1.0,4685.213765534699,0.9998480345700884,1.028102193577041,0.9890475862344936,0.26165946063399015,0.9974817178448933
0.782,1.1568810625084494,1.0,4685.360213310407,0.9998488820981211,1.0279134785399204,0.9890411469114344,0.26164200462535486,0.9975154263896728
0.7825,1.1564654432552284,1.0,4685.505565012518,0.999849725198979,1.0277247711227964,0.9890347033336221,0.2616245486167196,0.9975489064610604
0.783,1.1560498240020074,1.0,4685.64982073094,0.9998505638889345,1.0275360713246902,0.9890282554984388,0.2616070926080843,0.9975821580867397
0.7835,1.1556342047487869,1.0,4685.792980556104,0.99985139818426,1.0273473791446235,0.9890218034032656,0.26158963659944906,0.9976151812943884
0.784,1.1552185854955659,1.0,4685.935044578623,0.9998522281012285,1.0271586945816176,0.9890153470454819,0.2615721805908138,0.9976479761116787
0.7845,1.154802966242345,1.0,4686.076012889545,0.9998530536561123,1.0269700176346943,0.9890088864224662,0.2615547245821785,0.9976805425662764
0.785,1.154387346989124,1.0,4686.215885580571,0.9998538748651841,1.0267813483028747,0.9890024215315949,0.2615372685735432,0.9977128806858422
0.7855,1.1539717277359032,1.0,4686.35466274341,0.9998546917447161,1.0265926865851809,0.9889959523702441,0.2615198125649079,0.9977449904980304
0.786,1.1535561084826822,1.0,4686.492344470508,0.9998555043109811,1.0264040324806338,0.9889894789357876,0.26150235655627263,0.9977768720304899
0.7865,1.1531404892294614,1.0,4686.628930854577,0.9998563125802516,1.0262153859882555,0.9889830012255986,0.2614849005476374,0.9978085253108635
0.787,1.1527248699762405,1.0,4686.764421988593,0.9998571165688003,1.0260267471070672,0.9889765192370488,0.2614674445390021,0.9978399503667882
0.7875,1.1523092507230195,1.0,4686.898817966055,0.9998579162928996,1.0258381158360905,0.9889700329675081,0.26144998853036683,0.9978711472258953
0.788,1.1518936314697987,1.0,4687.032118880853,0.9998587117688219,1.0256494921743469,0.9889635424143458,0.26143253252173154,0.9979021159158104
0.7885,1.151478012216578,1.0,4687.164324827229,0.9998595030128401,1.025460876120858,0.9889570475749294,0.26141507651309626,0.9979328564641529
0.789,1.151062392963357,1.0,4687.295435899908,0.9998602900412265,1.025272267674645,0.9889505484466253,0.26139762050446097,0.9979633688985367
0.7895,1.150646773710136,1.0,4687.425452193913,0.9998610728702536,1.0250836668347298,0.9889440450267983,0.2613801644958257,0.9979936532465697
0.79,1.150231154456915,1.0,4687.554373804754,0.9998618515161942,1.0248950736001339,0.9889375373128123,0.26136270848719045,0.9980237095358543
0.7905,1.1498155352036943,1.0,4687.682200828027,0.9998626259953207,1.0247064879698788,0.9889310253020296,0.26134525247855517,0.9980535377939868
0.791,1.1493999159504735,1.0,4687.8089333601965,0.9998633963239056,1.024517909942986,0.9889245089918111,0.2613277964699199,0.9980831380485575
0.7915,1.1489842966972525,1.0,4687.934571497859,0.9998641625182216,1.0243293395184767,0.9889179883795166,0.2613103404612846,0.9981125103271514
0.792,1.1485686774440316,1.0,4688.059115337921,0.9998649245945411,1.024140776695373,0.9889114634625041,0.2612928844526493,0.9981416546573474
0.7925,1.1481530581908106,1.0,4688.182564977889,0.9998656825691368,1.023952221472696,0.9889049342381312,0.261275428444014,0.9981705710667185
0.793,1.1477374389375898,1.0,4688.3049205154975,0.999866436458281,1.0237636738494673,0.9888984007037533,0.26125797243537874,0.9981992595828321
0.7935,1.147321819684369,1.0,4688.42618204908,0.9998671862782466,1.0235751338247085,0.9888918628567247,0.2612405164267435,0.9982277202332496
0.794,1.146906200431148,1.0,4688.546349676936,0.9998679320453058,1.0233866013974413,0.9888853206943988,0.2612230604181082,0.9982559530455267
0.7945,1.1464905811779271,1.0,4688.665423498313,0.9998686737757314,1.0231980765666868,0.988878774214127,0.26120560440947294,0.9982839580472135
0.795,1.1460749619247061,1.0,4688.783403612336,0.9998694114857958,1.023009559331467,0.9888722234132598,0.26118814840083765,0.9983117352658536
0.7955,1.1456593426714854,1.0,4688.900290118947,0.9998701451917716,1.022821049690803,0.9888656682891463,0.26117069239220236,0.9983392847289857
0.796,1.1452437234182646,1.0,4689.016083118311,0.9998708749099314,1.0226325476437166,0.9888591088391344,0.26115323638356713,0.9983666064641419
0.7965,1.1448281041650437,1.0,4689.130782710765,0.9998716006565478,1.0224440531892292,0.9888525450605703,0.26113578037493185,0.998393700498849
0.797,1.1444124849118227,1.0,4689.244388997338,0.9998723224478931,1.0222555663263624,0.9888459769507992,0.26111832436629656,0.9984205668606279
0.7975,1.143996865658602,1.0,4689.356902079411,0.9998730403002402,1.0220670870541375,0.988839404507165,0.2611008683576613,0.9984472055769934
0.798,1.143581246405381,1.0,4689.468322058575,0.9998737542298612,1.0218786153715764,0.98883282772701,0.261083412349026,0.9984736166754548
0.7985,1.1431656271521602,1.0,4689.5786490369455,0.9998744642530292,1.0216901512777004,0.9888262466076753,0.2610659563403907,0.9984998001835156
0.799,1.1427500078989392,1.0,4689.687883117069,0.9998751703860163,1.021501694771531,0.9888196611465007,0.2610485003317554,0.9985257561286732
0.7995,1.1423343886457182,1.0,4689.796024401926,0.9998758726450951,1.0213132458520897,0.9888130713408247,0.2610310443231202,0.9985514845384196
0.8,1.1419187693924973,1.0,4689.903072994496,0.9998765710465385,1.0211248045183983,0.9888064771879845,0.2610135883144849,0.9985769854402406
0.8005,1.1415031501392767,1.0,4690.009028998581,0.9998772656066186,1.020936370769478,0.9887998786853158,0.2609961323058496,0.9986022588616166
0.801,1.1410875308860557,1.0,4690.113892518285,0.9998779563416083,1.0207479446043506,0.9887932758301534,0.26097867629721433,0.9986273048300217
0.8015,1.1406719116328348,1.0,4690.217663657929,0.9998786432677799,1.0205595260220373,0.9887866686198298,0.26096122028857904,0.9986521233729246
0.802,1.1402562923796138,1.0,4690.320342522351,0.9998793264014061,1.02037111502156,0.9887800570516773,0.26094376427994376,0.9986767145177882
0.8025,1.139840673126393,1.0,4690.421929216951,0.9998800057587595,1.0201827116019397,0.9887734411230263,0.2609263082713085,0.9987010782920693
0.803,1.139425053873172,1.0,4690.522423846999,0.9998806813561124,1.0199943157621985,0.9887668208312059,0.26090885226267324,0.9987252147232191
0.8035,1.1390094346199513,1.0,4690.621826518628,0.9998813532097376,1.0198059275013578,0.9887601961735442,0.26089139625403795,0.9987491238386829
0.804,1.1385938153667303,1.0,4690.720137338275,0.9998820213359074,1.0196175468184387,0.9887535671473674,0.26087394024540267,0.9987728056659004
0.8045,1.1381781961135093,1.0,4690.817356412674,0.9998826857508947,1.0194291737124632,0.9887469337500006,0.2608564842367674,0.9987962602323053
0.805,1.1377625768602886,1.0,4690.913483848907,0.9998833464709718,1.0192408081824527,0.9887402959787677,0.2608390282281321,0.9988194875653255
0.8055,1.1373469576070678,1.0,4691.0085197546605,0.9998840035124112,1.0190524502274285,0.9887336538309915,0.26082157221949687,0.9988424876923832
0.806,1.1369313383538469,1.0,4691.102464237659,0.9998846568914856,1.0188640998464125,0.9887270073039931,0.2608041162108616,0.9988652606408948
0.8065,1.1365157191006259,1.0,4691.1953174062755,0.9998853066244676,1.018675757038426,0.9887203563950923,0.2607866602022263,0.9988878064382707
0.807,1.136100099847405,1.0,4691.287079369228,0.9998859527276296,1.0184874218024904,0.9887137011016074,0.260769204193591,0.9989101251119158
0.8075,1.1356844805941841,1.0,4691.377750235664,0.9998865952172442,1.0182990941376273,0.988707041420856,0.2607517481849557,0.9989322166892292
0.808,1.1352688613409632,1.0,4691.467330114985,0.9998872341095839,1.0181107740428585,0.9887003773501534,0.26073429217632044,0.9989540811976036
0.8085,1.1348532420877424,1.0,4691.555819117071,0.9998878694209213,1.0179224615172053,0.9886937088868147,0.26071683616768515,0.9989757186644269
0.809,1.1344376228345214,1.0,4691.643217352227,0.999888501167529,1.0177341565596891,0.9886870360281528,0.2606993801590499,0.9989971291170805
0.8095,1.1340220035813005,1.0,4691.729524930932,0.9998891293656795,1.0175458591693318,0.9886803587714798,0.26068192415041463,0.9990183125829399
0.81,1.1336063843280797,1.0,4691.814741964263,0.9998897540316454,1.0173575693451546,0.9886736771141058,0.26066446814177935,0.9990392690893755
0.8105,1.133190765074859,1.0,4691.898868563686,0.9998903751816991,1.017169287086179,0.9886669910533403,0.26064701213314406,0.9990599986637512
0.811,1.132775145821638,1.0,4691.9819048409645,0.9998909928321134,1.0169810123914267,0.9886603005864913,0.2606295561245088,0.9990805013334254
0.8115,1.132359526568417,1.0,4692.063850908207,0.9998916069991606,1.0167927452599193,0.9886536057108652,0.2606121001158735,0.9991007771257508
0.812,1.131943907315196,1.0,4692.144706878078,0.9998922176991133,1.0166044856906782,0.9886469064237672,0.2605946441072382,0.9991208260680742
0.8125,1.1315282880619753,1.0,4692.22447286354,0.9998928249482442,1.0164162336827247,0.9886402027225011,0.260577188098603,0.9991406481877365
0.8130000000000001,1.1311126688087545,1.0,4692.303148977729,0.9998934287628256,1.0162279892350807,0.9886334946043696,0.2605597320899677,0.999160243512073
0.8135,1.1306970495555335,1.0,4692.380735334506,0.9998940291591303,1.0160397523467677,0.9886267820666738,0.2605422760813324,0.9991796120684131
0.8140000000000001,1.1302814303023125,1.0,4692.457232047948,0.9998946261534307,1.0158515230168068,0.9886200651067136,0.2605248200726971,0.9991987538840805
0.8145,1.1298658110490918,1.0,4692.532639232516,0.9998952197619995,1.01566330124422,0.9886133437217877,0.26050736406406183,0.9992176689863929
0.8150000000000001,1.1294501917958708,1.0,4692.606957003224,0.999895810001109,1.0154750870280287,0.9886066179091929,0.2604899080554266,0.9992363574026625
0.8155,1.12903457254265,1.0,4692.680185475133,0.999896396887032,1.0152868803672541,0.9885998876662255,0.2604724520467913,0.9992548191601953
0.8160000000000001,1.128618953289429,1.0,4692.7523247638965,0.9998969804360409,1.0150986812609182,0.9885931529901798,0.26045499603815603,0.9992730542862921
0.8165,1.128203334036208,1.0,4692.823374985599,0.9998975606644083,1.0149104897080423,0.9885864138783492,0.26043754002952074,0.9992910628082473
0.8170000000000001,1.1277877147829871,1.0,4692.8933362566195,0.9998981375884067,1.014722305707648,0.9885796703280255,0.26042008402088546,0.99930884475335
0.8175,1.1273720955297664,1.0,4692.962208693812,0.9998987112243088,1.0145341292587566,0.9885729223364992,0.26040262801225017,0.9993264001488832
0.8180000000000001,1.1269564762765456,1.0,4693.029992414278,0.999899281588387,1.01434596036039,0.9885661699010596,0.2603851720036149,0.9993437290221241
0.8185,1.1265408570233246,1.0,4693.096687535682,0.999899848696914,1.0141577990115693,0.9885594130189943,0.26036771599497965,0.9993608314003444
0.8190000000000001,1.1261252377701036,1.0,4693.162294175763,0.999900412566162,1.0139696452113165,0.9885526516875902,0.26035025998634437,0.9993777073108098
0.8195,1.125709618516883,1.0,4693.226812452993,0.999900973212404,1.0137814989586527,0.9885458859041325,0.2603328039777091,0.9993943567807801
0.8200000000000001,1.125293999263662,1.0,4693.290242486007,0.9999015306519122,1.0135933602525995,0.9885391156659046,0.2603153479690738,0.9994107798375097
0.8205,1.1248783800104412,1.0,4693.352584393914,0.9999020849009594,1.0134052290921787,0.9885323409701896,0.2602978919604385,0.9994269765082469
0.8210000000000001,1.1244627607572202,1.0,4693.413838296244,0.9999026359758181,1.0132171054764114,0.9885255618142684,0.2602804359518032,0.9994429468202342
0.8215,1.1240471415039992,1.0,4693.474004312738,0.9999031838927607,1.0130289894043196,0.988518778195421,0.26026297994316794,0.9994586908007083
0.8220000000000001,1.1236315222507782,1.0,4693.533082563822,0.9999037286680598,1.0128408808749245,0.9885119901109258,0.2602455239345327,0.9994742084769005
0.8225,1.1232159029975577,1.0,4693.59107316983,0.999904270317988,1.0126527798872476,0.98850519755806,0.2602280679258974,0.999489499876036
0.8230000000000001,1.1228002837443367,1.0,4693.647976251996,0.9999048088588178,1.0124646864403106,0.9884984005340999,0.26021061191726214,0.999504565025334
0.8235,1.1223846644911157,1.0,4693.7037919315,0.9999053443068219,1.0122766005331352,0.9884915990363192,0.26019315590862685,0.9995194039520083
0.8240000000000001,1.1219690452378948,1.0,4693.758520330295,0.9999058766782727,1.0120885221647424,0.9884847930619919,0.26017569989999156,0.999534016683267
0.8245,1.121553425984674,1.0,4693.812161570544,0.9999064059894428,1.011900451334154,0.9884779826083893,0.26015824389135633,0.999548403246312
0.8250000000000001,1.121137806731453,1.0,4693.864715774445,0.9999069322566048,1.0117123880403918,0.988471167672782,0.260140787882721,0.9995625636683396
0.8255,1.1207221874782323,1.0,4693.916183065352,0.9999074554960311,1.0115243322824767,0.9884643482524395,0.26012333187408576,0.9995764979765404
0.8260000000000001,1.1203065682250113,1.0,4693.96656356618,0.9999079757239944,1.0113362840594309,0.9884575243446293,0.2601058758654505,0.9995902061980991
0.8265,1.1198909489717903,1.0,4694.015857400747,0.9999084929567671,1.0111482433702754,0.9884506959466182,0.2600884198568152,0.9996036883601949
0.8270000000000001,1.1194753297185696,1.0,4694.064064693115,0.9999090072106218,1.010960210214032,0.988443863055671,0.2600709638481799,0.9996169444900007
0.8275,1.1190597104653488,1.0,4694.111185567647,0.9999095185018313,1.0107721845897224,0.9884370256690517,0.2600535078395446,0.9996299746146842
0.8280000000000001,1.1186440912121278,1.0,4694.157220149341,0.9999100268466677,1.0105841664963675,0.9884301837840229,0.2600360518309094,0.9996427787614068
0.8285,1.1182284719589068,1.0,4694.2021685631435,0.9999105322614039,1.0103961559329895,0.9884233373978459,0.2600185958222741,0.9996553569573245
0.8290000000000001,1.1178128527056859,1.0,4694.246030934685,0.9999110347623124,1.0102081528986093,0.9884164865077801,0.2600011398136388,0.9996677092295874
0.8295,1.117397233452465,1.0,4694.288807389974,0.9999115343656656,1.0100201573922492,0.9884096311110844,0.25998368380500353,0.9996798356053398
0.8300000000000001,1.1169816141992444,1.0,4694.3304980552275,0.9999120310877362,1.00983216941293,0.9884027712050159,0.25996622779636824,0.9996917361117201
0.8305,1.1165659949460234,1.0,4694.371103057299,0.9999125249447967,1.0096441889596734,0.9883959067868298,0.25994877178773296,0.9997034107758613
0.8310000000000001,1.1161503756928024,1.0,4694.410622523206,0.9999130159531195,1.0094562160315013,0.9883890378537812,0.25993131577909767,0.9997148596248903
0.8315,1.1157347564395814,1.0,4694.449056580433,0.9999135041289774,1.0092682506274349,0.9883821644031231,0.25991385977046244,0.9997260826859281
0.8320000000000001,1.1153191371863607,1.0,4694.486405356798,0.9999139894886427,1.0090802927464955,0.9883752864321073,0.25989640376182715,0.9997370799860904
0.8325,1.11490351793314,1.0,4694.5226689804995,0.9999144720483882,1.0088923423877052,0.9883684039379841,0.25987894775319187,0.9997478515524867
0.833,1.114487898679919,1.0,4694.557847580113,0.9999149518244863,1.008704399550085,0.988361516918003,0.2598614917445566,0.999758397412221
0.8335,1.114072279426698,1.0,4694.591941284681,0.9999154288332096,1.008516464232657,0.9883546253694112,0.2598440357359213,0.9997687175923912
0.834,1.1136566601734772,1.0,4694.624950223662,0.9999159030908307,1.008328536434442,0.9883477292894558,0.25982657972728607,0.9997788121200898
0.8345,1.1132410409202562,1.0,4694.656874526556,0.999916374613622,1.0081406161544622,0.9883408286753812,0.2598091237186508,0.9997886810224034
0.835,1.1128254216670355,1.0,4694.687714323622,0.9999168434178561,1.0079527033917388,0.9883339235244317,0.2597916677100155,0.9997983243264127
0.8355,1.1124098024138145,1.0,4694.7174697453265,0.9999173095198056,1.007764798145293,0.9883270138338496,0.2597742117013802,0.9998077420591928
0.836,1.1119941831605935,1.0,4694.746140922515,0.9999177729357431,1.007576900414147,0.9883200996008757,0.2597567556927449,0.9998169342478128
0.8365,1.1115785639073728,1.0,4694.773727986451,0.9999182336819411,1.007389010197322,0.9883131808227501,0.25973929968410964,0.9998259009193363
0.837,1.111162944654152,1.0,4694.800231068736,0.9999186917746721,1.0072011274938395,0.9883062574967112,0.25972184367547435,0.999834642100821
0.8375,1.110747325400931,1.0,4694.825650301515,0.9999191472302086,1.0070132523027209,0.9882993296199959,0.2597043876668391,0.9998431578193188
0.838,1.11033170614771,1.0,4694.849985816972,0.9999196000648233,1.006825384622988,0.9882923971898401,0.25968693165820383,0.9998514481018759
0.8385,1.109916086894489,1.0,4694.873237747877,0.9999200502947887,1.0066375244536623,0.9882854602034777,0.25966947564956855,0.9998595129755327
0.839,1.1095004676412683,1.0,4694.895406227467,0.9999204979363773,1.006449671793765,0.9882785186581423,0.25965201964093326,0.9998673524673237
0.8395,1.1090848483880476,1.0,4694.916491389183,0.9999209430058617,1.006261826642318,0.9882715725510656,0.259634563632298,0.9998749666042779
0.84,1.1086692291348266,1.0,4694.936493366925,0.9999213855195144,1.0060739889983425,0.9882646218794775,0.2596171076236627,0.9998823554134184
0.8405,1.1082536098816056,1.0,4694.955412294887,0.9999218254936079,1.0058861588608605,0.9882576666406075,0.2595996516150274,0.9998895189217625
0.841,1.1078379906283848,1.0,4694.973248307938,0.9999222629444149,1.005698336228893,0.9882507068316829,0.2595821956063922,0.9998964571563217
0.8415,1.1074223713751639,1.0,4694.990001540763,0.9999226978882079,1.0055105211014619,0.9882437424499304,0.2595647395977569,0.9999031701441019
0.842,1.107006752121943,1.0,4695.005672128941,0.9999231303412595,1.0053227134775884,0.9882367734925748,0.2595472835891216,0.999909657912103
0.8425,1.1065911328687221,1.0,4695.020260208253,0.999923560319842,1.0051349133562941,0.9882297999568398,0.2595298275804863,0.9999159204873194
0.843,1.1061755136155011,1.0,4695.0337659146835,0.9999239878402282,1.004947120736601,0.9882228218399477,0.25951237157185103,0.9999219578967394
0.8435,1.1057598943622802,1.0,4695.046189384892,0.9999244129186906,1.00475933561753,0.9882158391391197,0.25949491556321574,0.999927770167346
0.844,1.1053442751090594,1.0,4695.057530755745,0.9999248355715017,1.004571557998103,0.9882088518515751,0.2594774595545805,0.999933357326116
0.8445,1.1049286558558387,1.0,4695.067790164478,0.9999252558149341,1.0043837878773412,0.9882018599745325,0.25946000354594523,0.9999387194000207
0.845,1.1045130366026177,1.0,4695.076967748662,0.9999256736652603,1.0041960252542663,0.9881948635052085,0.25944254753730994,0.9999438564160253
0.8455,1.1040974173493967,1.0,4695.085063646372,0.9999260891387529,1.0040082701279,0.988187862440819,0.25942509152867466,0.9999487684010899
0.846,1.103681798096176,1.0,4695.092077996054,0.9999265022516844,1.0038205224972636,0.9881808567785781,0.25940763552003937,0.9999534553821681
0.8465,1.103266178842955,1.0,4695.09801093636,0.9999269130203274,1.0036327823613787,0.9881738465156991,0.2593901795114041,0.9999579173862081
0.847,1.1028505595897342,1.0,4695.102862606528,0.9999273214609545,1.0034450497192668,0.9881668316493933,0.25937272350276885,0.9999621544401524
0.8475,1.1024349403365132,1.0,4695.106633146,0.9999277275898381,1.0032573245699494,0.9881598121768707,0.25935526749413357,0.9999661665709375
0.848,1.1020193210832923,1.0,4695.1093226945895,0.9999281314232508,1.0030696069124483,0.9881527880953408,0.2593378114854983,0.9999699538054945
0.8485,1.1016037018300713,1.0,4695.110931392657,0.9999285329774652,1.0028818967457847,0.9881457594020108,0.259320355476863,0.9999735161707483
0.849,1.1011880825768507,1.0,4695.111459380851,0.9999289322687538,1.00269419406898,0.9881387260940868,0.2593028994682277,0.9999768536936182
0.8495,1.1007724633236298,1.0,4695.110906800062,0.9999293293133892,1.0025064988810561,0.988131688168774,0.2592854434595924,0.999979966401018
0.85,1.1003568440704088,1.0,4695.109273791814,0.9999297241276439,1.0023188111810344,0.9881246456232757,0.25926798745095714,0.9999828543198556
0.8505,1.0999412248171878,1.0,4695.106560497744,0.9999301167277904,1.0021311309679364,0.9881175984547943,0.2592505314423219,0.9999855174770329
0.851,1.099525605563967,1.0,4695.102767059992,0.9999305071301015,1.0019434582407836,0.9881105466605304,0.2592330754336866,0.9999879558994462
0.8515,1.099109986310746,1.0,4695.097893621027,0.9999308953508494,1.0017557929985974,0.9881034902376838,0.25921561942505134,0.9999901696139862
0.852,1.0986943670575253,1.0,4695.091940323775,0.9999312814063069,1.0015681352403996,0.9880964291834524,0.25919816341641605,0.9999921586475377
0.8525,1.0982787478043043,1.0,4695.084907311407,0.9999316653127465,1.0013804849652115,0.9880893634950333,0.25918070740778076,0.9999939230269796
0.853,1.0978631285510834,1.0,4695.076794727553,0.9999320470864407,1.0011928421720548,0.9880822931696216,0.2591632513991455,0.9999954627791855
0.8535,1.0974475092978626,1.0,4695.067602716341,0.999932426743662,1.0010052068599509,0.988075218204412,0.25914579539051025,0.9999967779310227
0.854,1.0970318900446419,1.0,4695.057331421886,0.9999328043006831,1.0008175790279212,0.9880681385965966,0.25912833938187496,0.999997868509353
0.8545,1.0966162707914209,1.0,4695.045980989017,0.9999331797737764,1.0006299586749876,0.9880610543433673,0.2591108833732397,0.9999987345410325
0.855,1.0962006515382,1.0,4695.033551562808,0.9999335531792145,1.0004423458001714,0.9880539654419143,0.2590934273646044,0.9999993760529116
0.8555,1.095785032284979,1.0,4695.020043288786,0.9999339245332701,1.0002547404024942,0.9880468718894259,0.2590759713559691,0.9999997930718346
0.856,1.0953694130317582,1.0,4695.005456312725,0.9999342938522155,1.0000671424809773,0.98803977368309,0.2590585153473338,0.9999999856246404
0.8565,1.0949537937785374,1.0,4694.989790780982,0.9999346611523234,0.9998795520346424,0.9880326708200925,0.2590410593386986,0.9999999537381621
0.857,1.0945381745253164,1.0,4694.973046839939,0.9999350264498663,0.999691969062511,0.9880255632976177,0.2590236033300633,0.9999996974392269
0.8575,1.0941225552720955,1.0,4694.955224636611,0.9999353897611168,0.9995043935636047,0.9880184511128498,0.259006147321428,0.9999992167546563
0.858,1.0937069360188745,1.0,4694.936324318295,0.9999357511023474,0.9993168255369449,0.9880113342629704,0.25898869131279273,0.9999985117112661
0.8585,1.0932913167656537,1.0,4694.9163460327445,0.9999361104898307,0.9991292649815533,0.98800421274516,0.25897123530415744,0.9999975823358662
0.859,1.092875697512433,1.0,4694.89528992804,0.9999364679398393,0.9989417118964512,0.9879970865565985,0.25895377929552216,0.9999964286552612
0.8595,1.092460078259212,1.0,4694.8731561525465,0.9999368234686454,0.9987541662806603,0.9879899556944635,0.25893632328688687,0.9999950506962493
0.86,1.092044459005991,1.0,4694.84994485517,0.9999371770925221,0.998566628133202,0.9879828201559316,0.25891886727825164,0.9999934484856233
0.8605,1.09162883975277,1.0,4694.825656184929,0.9999375288277415,0.9983790974530978,0.9879756799381786,0.25890141126961635,0.9999916220501704
0.861,1.0912132204995493,1.0,4694.800290291425,0.9999378786905763,0.9981915742393694,0.9879685350383778,0.25888395526098107,0.9999895714166719
0.8615,1.0907976012463285,1.0,4694.773847324545,0.9999382266972991,0.9980040584910383,0.9879613854537024,0.2588664992523458,0.9999872966119031
0.862,1.0903819819931075,1.0,4694.746327434673,0.9999385728641824,0.9978165502071259,0.9879542311813235,0.2588490432437105,0.9999847976626339
0.8625,1.0899663627398866,1.0,4694.717730772389,0.9999389172074988,0.9976290493866538,0.9879470722184109,0.2588315872350752,0.9999820745956284
0.863,1.0895507434866658,1.0,4694.688057488729,0.9999392597435208,0.9974415560286435,0.9879399085621335,0.25881413122644,0.9999791274376448
0.8635,1.0891351242334448,1.0,4694.657336176957,0.9999395965069565,0.99725406993499,0.9879327401075514,0.2587966752178047,0.9999759562119837
0.864,1.088719504980224,1.0,4694.625519376932,0.9999399305942864,0.9970665914347044,0.9879255669374878,0.2587792192091694,0.999972560950858
0.8645,1.088303885727003,1.0,4694.592597212074,0.9999402630113056,0.9968791205963177,0.9879183890752733,0.2587617632005341,0.9999689416828689
0.865,1.0878882664737821,1.0,4694.558569773628,0.9999405937635067,0.9966916574192776,0.9879112065178505,0.25874430719189884,0.9999650984354865
0.8655,1.0874726472205611,1.0,4694.523437153362,0.9999409228563827,0.9965042019030314,0.9879040192621605,0.25872685118326355,0.9999610312361774
0.866,1.0870570279673406,1.0,4694.487199443515,0.9999412502954261,0.9963167540470269,0.987896827305142,0.2587093951746283,0.9999567401124041
0.8665,1.0866414087141196,1.0,4694.449856736331,0.9999415760861299,0.9961293138507115,0.9878896306437323,0.25869193916599303,0.9999522250916253
0.867,1.0862257894608986,1.0,4694.41140912487,0.9999419002339868,0.9959418813135328,0.9878824292748661,0.25867448315735775,0.9999474862012964
0.8675,1.0858101702076777,1.0,4694.371856702413,0.9999422227444893,0.9957544564349382,0.9878752231954772,0.25865702714872246,0.9999425234688685
0.868,1.085394550954457,1.0,4694.331199562542,0.9999425436231305,0.9955670392143755,0.987868012402497,0.2586395711400872,0.9999373369217893
0.8685,1.084978931701236,1.0,4694.289437799397,0.999942862875403,0.995379629651292,0.9878607968928551,0.2586221151314519,0.9999319265875025
0.869,1.0845633124480152,1.0,4694.246571507466,0.9999431805067995,0.9951922277451355,0.9878535766634787,0.2586046591228166,0.9999262924934482
0.8695,1.0841476931947942,1.0,4694.202600781541,0.9999434965228129,0.9950048334953533,0.987846351711294,0.2585872031141814,0.9999204346670627
0.87,1.0837320739415732,1.0,4694.1575257168,0.9999438109289358,0.9948174469013932,0.9878391220332252,0.2585697471055461,0.9999143531357785
0.8705,1.0833164546883525,1.0,4694.111346408897,0.999944123730661,0.9946300679627025,0.9878318876261937,0.2585522910969108,0.9999080479270243
0.871,1.0829008354351317,1.0,4694.064062953786,0.9999444349334814,0.9944426966787288,0.9878246484871199,0.2585348350882755,0.9999015190682251
0.8715,1.0824852161819107,1.0,4694.01567544794,0.9999447445428895,0.9942553330489197,0.9878174046129223,0.25851737907964023,0.9998947665868022
0.872,1.0820695969286898,1.0,4693.966183988092,0.9999450525643783,0.9940679770727228,0.9878101560005168,0.25849992307100494,0.9998877905101731
0.8725,1.0816539776754688,1.0,4693.915588671446,0.9999453590034403,0.9938806287495854,0.9878029026468184,0.25848246706236966,0.9998805908657513
0.873,1.081238358422248,1.0,4693.863889595597,0.9999456638655685,0.9936932880789554,0.9877956445487394,0.25846501105373443,0.9998731676809469
0.8735,1.0808227391690273,1.0,4693.811086858311,0.9999459671562556,0.99350595506028,0.9877883817031903,0.25844755504509914,0.9998655209831662
0.874,1.0804071199158063,1.0,4693.757180558042,0.9999462688809942,0.9933186296930071,0.9877811141070804,0.25843009903646386,0.9998576507998114
0.8745,1.0799915006625853,1.0,4693.7021707935455,0.9999465690452772,0.9931313119765839,0.9877738417573163,0.25841264302782857,0.9998495571582812
0.875,1.0795758814093643,1.0,4693.64605766384,0.9999468676545974,0.9929440019104582,0.9877665646508029,0.2583951870191933,0.9998412400859706
0.8755000000000001,1.0791602621561436,1.0,4693.58884126854,0.9999471647144473,0.9927566994940773,0.9877592827844438,0.25837773101055805,0.9998326996102708
0.876,1.0787446429029228,1.0,4693.530521707351,0.99994746023032,0.992569404726889,0.98775199615514,0.25836027500192277,0.999823935758569
0.8765000000000001,1.0783290236497018,1.0,4693.471099080622,0.999947754207708,0.9923821176083407,0.9877447047597906,0.2583428189932875,0.9998149485582489
0.877,1.0779134043964809,1.0,4693.410573489044,0.9999480466521041,0.99219483813788,0.9877374085952932,0.2583253629846522,0.9998057380366904
0.8775000000000001,1.07749778514326,1.0,4693.34894503357,0.9999483375690011,0.9920075663149545,0.9877301076585437,0.2583079069760169,0.9997963042212696
0.878,1.0770821658900391,1.0,4693.2862138157525,0.9999486269638918,0.9918203021390115,0.9877228019464354,0.2582904509673816,0.9997866471393588
0.8785000000000001,1.0766665466368184,1.0,4693.222379937274,0.9999489148422689,0.9916330456094988,0.9877154914558598,0.25827299495874634,0.9997767668183267
0.879,1.0762509273835974,1.0,4693.157443500547,0.999949201209625,0.9914457967258639,0.9877081761837075,0.2582555389501111,0.9997666632855381
0.8795000000000001,1.0758353081303764,1.0,4693.091404607939,0.9999494860714532,0.9912585554875541,0.9877008561268658,0.2582380829414758,0.999756336568354
0.88,1.0754196888771557,1.0,4693.024263362467,0.999949769433246,0.9910713218940174,0.9876935312822211,0.25822062693284054,0.9997457866941318
0.8805000000000001,1.0750040696239347,1.0,4692.956019867528,0.9999500513004962,0.990884095944701,0.9876862016466573,0.25820317092420525,0.9997350136902251
0.881,1.074588450370714,1.0,4692.886674226911,0.9999503316786965,0.9906968776390525,0.9876788672170568,0.25818571491556996,0.9997240175839835
0.8815000000000001,1.074172831117493,1.0,4692.816226544617,0.9999506105733399,0.9905096669765194,0.9876715279902997,0.2581682589069347,0.9997127984027533
0.882,1.073757211864272,1.0,4692.744676925333,0.9999508879899188,0.9903224639565495,0.9876641839632646,0.2581508028982994,0.9997013561738767
0.8825000000000001,1.073341592611051,1.0,4692.672025473963,0.9999511639339262,0.99013526857859,0.9876568351328283,0.25813334688966416,0.9996896909246921
0.883,1.0729259733578305,1.0,4692.598272295621,0.9999514384108549,0.9899480808420889,0.987649481495865,0.2581158908810289,0.9996778026825345
0.8835000000000001,1.0725103541046095,1.0,4692.523417496154,0.9999517114261974,0.9897609007464931,0.9876421230492476,0.2580984348723936,0.9996656914747348
0.884,1.0720947348513885,1.0,4692.447461181493,0.9999519829854466,0.9895737282912508,0.9876347597898469,0.2580809788637583,0.9996533573286204
0.8845000000000001,1.0716791155981675,1.0,4692.370403458214,0.9999522530940954,0.989386563475809,0.9876273917145317,0.258063522855123,0.9996408002715146
0.885,1.0712634963449468,1.0,4692.29224443319,0.9999525217576363,0.9891994062996157,0.9876200188201689,0.2580460668464878,0.9996280203307373
0.8855000000000001,1.0708478770917258,1.0,4692.212984213423,0.9999527889815621,0.9890122567621181,0.9876126411036238,0.2580286108378525,0.9996150175336045
0.886,1.070432257838505,1.0,4692.1326229066435,0.9999530547713658,0.988825114862764,0.9876052585617594,0.2580111548292172,0.9996017919074285
0.8865000000000001,1.070016638585284,1.0,4692.051160620884,0.9999533191325398,0.9886379806010007,0.9875978711914369,0.25799369882058193,0.9995883434795177
0.887,1.069601019332063,1.0,4691.9685974644735,0.9999535820705772,0.988450853976276,0.9875904789895156,0.25797624281194664,0.999574672277177
0.8875000000000001,1.0691854000788423,1.0,4691.884933546169,0.9999538435909704,0.9882637349880372,0.9875830819528529,0.25795878680331136,0.9995607783277072
0.888,1.0687697808256216,1.0,4691.800168975115,0.9999541036992123,0.9880766236357321,0.9875756800783048,0.25794133079467607,0.9995466616584057
0.8885000000000001,1.0683541615724006,1.0,4691.714303861011,0.9999543624007959,0.987889519918808,0.9875682733627239,0.25792387478604084,0.9995323222965659
0.889,1.0679385423191796,1.0,4691.627338313512,0.9999546197012136,0.9877024238367126,0.9875608618029627,0.25790641877740555,0.9995177602694775
0.8895000000000001,1.0675229230659586,1.0,4691.539272443045,0.9999548756059584,0.9875153353888934,0.9875534453958704,0.25788896276877027,0.9995029756044266
0.89,1.0671073038127379,1.0,4691.450106360248,0.9999551301205228,0.9873282545747979,0.9875460241382951,0.257871506760135,0.9994879683286954
0.8905000000000001,1.066691684559517,1.0,4691.359840176234,0.9999553832503999,0.9871411813938737,0.9875385980270823,0.2578540507514997,0.9994727384695623
0.891,1.0662760653062962,1.0,4691.268474002495,0.9999556350010821,0.9869541158455684,0.9875311670590764,0.2578365947428644,0.9994572860543022
0.8915000000000001,1.0658604460530752,1.0,4691.176007950824,0.9999558853780625,0.9867670579293294,0.9875237312311193,0.2578191387342291,0.9994416111101858
0.892,1.0654448267998542,1.0,4691.082442133485,0.9999561343868335,0.9865800076446044,0.987516290540051,0.2578016827255939,0.9994257136644806
0.8925000000000001,1.0650292075466334,1.0,4690.987776663039,0.9999563820328881,0.9863929649908407,0.9875088449827099,0.2577842267169586,0.9994095937444499
0.893,1.0646135882934127,1.0,4690.892011652431,0.9999566283217189,0.9862059299674862,0.987501394555932,0.2577667707083233,0.9993932513773537
0.8935000000000001,1.0641979690401917,1.0,4690.795147215165,0.9999568732588189,0.9860189025739882,0.9874939392565517,0.25774931469968804,0.9993766865904475
0.894,1.0637823497869707,1.0,4690.69718346491,0.9999571168496806,0.9858318828097943,0.9874864790814015,0.25773185869105275,0.999359899410984
0.8945000000000001,1.0633667305337497,1.0,4690.598120515807,0.9999573590997968,0.985644870674352,0.9874790140273119,0.25771440268241746,0.9993428898662114
0.895,1.062951111280529,1.0,4690.49795848255,0.9999576000146603,0.985457866167109,0.9874715440911112,0.25769694667378223,0.9993256579833746
0.8955000000000001,1.0625354920273082,1.0,4690.39669747979,0.9999578395997639,0.9852708692875126,0.9874640692696262,0.25767949066514695,0.9993082037897145
0.896,1.0621198727740873,1.0,4690.294337622992,0.9999580778606003,0.9850838800350106,0.9874565895596814,0.25766203465651166,0.9992905273124683
0.8965,1.0617042535208663,1.0,4690.190879027786,0.9999583148026623,0.9848968984090504,0.9874491049581,0.2576445786478764,0.9992726285788694
0.897,1.0612886342676455,1.0,4690.086321810231,0.9999585504314425,0.9847099244090795,0.9874416154617022,0.2576271226392411,0.9992545076161478
0.8975,1.0608730150144248,1.0,4689.980666086768,0.9999587847524339,0.9845229580345455,0.9874341210673073,0.2576096666306058,0.9992361644515292
0.898,1.0604573957612038,1.0,4689.873911974351,0.9999590177711292,0.984335999284896,0.987426621771732,0.2575922106219706,0.9992175991122361
0.8985,1.0600417765079828,1.0,4689.766059589973,0.9999592494930208,0.9841490481595786,0.9874191175717916,0.2575747546133353,0.9991988116254867
0.899,1.0596261572547618,1.0,4689.657109051397,0.999959479923602,0.9839621046580406,0.9874116084642987,0.2575572986047,0.999179802018496
0.8995,1.059210538001541,1.0,4689.547060476467,0.9999597090683652,0.9837751687797298,0.9874040944460649,0.2575398425960647,0.9991605703184749
0.9,1.05879491874832,1.0,4689.435913983669,0.9999599369328033,0.9835882405240935,0.9873965755138988,0.25752238658742943,0.9991411165526307
0.9005,1.0583792994950993,1.0,4689.3236696916565,0.9999601635224089,0.9834013198905796,0.9873890516646083,0.25750493057879414,0.9991214407481669
0.901,1.0579636802418784,1.0,4689.210327719637,0.9999603888426749,0.9832144068786353,0.9873815228949983,0.25748747457015886,0.9991015429322831
0.9015,1.0575480609886574,1.0,4689.095888187115,0.999960612899094,0.9830275014877083,0.987373989201872,0.25747001856152363,0.9990814231321755
0.902,1.0571324417354366,1.0,4688.9803512138915,0.999960835697159,0.9828406037172461,0.9873664505820314,0.25745256255288834,0.9990610813750364
0.9025,1.0567168224822159,1.0,4688.863716920321,0.9999610572423626,0.9826537135666963,0.9873589070322754,0.25743510654425306,0.9990405176880541
0.903,1.056301203228995,1.0,4688.745985426971,0.9999612775401975,0.9824668310355064,0.9873513585494019,0.25741765053561777,0.9990197320984137
0.9035,1.055885583975774,1.0,4688.627156855002,0.9999614965961566,0.9822799561231239,0.9873438051302061,0.2574001945269825,0.9989987246332959
0.904,1.055469964722553,1.0,4688.5072313257015,0.9999617144157326,0.9820930888289965,0.987336246771482,0.2573827385183472,0.9989774953198781
0.9045,1.0550543454693322,1.0,4688.386208961083,0.9999619310044182,0.9819062291525715,0.9873286834700212,0.25736528250971197,0.998956044185334
0.905,1.0546387262161114,1.0,4688.26408988311,0.9999621463677062,0.9817193770932967,0.9873211152226131,0.2573478265010767,0.9989343712568333
0.9055,1.0542231069628905,1.0,4688.140874214387,0.9999623605110893,0.9815325326506196,0.987313542026046,0.2573303704924414,0.998912476561542
0.906,1.0538074877096695,1.0,4688.016562077944,0.9999625734400605,0.9813456958239875,0.9873059638771051,0.2573129144838061,0.9988903601266225
0.9065,1.0533918684564487,1.0,4687.89115359702,0.9999627851601122,0.9811588666128482,0.9872983807725749,0.2572954584751708,0.9988680219792333
0.907,1.0529762492032277,1.0,4687.764648895406,0.9999629956767373,0.9809720450166491,0.9872907927092368,0.25727800246653554,0.9988454621465293
0.9075,1.052560629950007,1.0,4687.6370480972755,0.9999632049954286,0.980785231034838,0.9872831996838712,0.2572605464579003,0.9988226806556615
0.908,1.052145010696786,1.0,4687.508351326839,0.9999634131216788,0.9805984246668621,0.9872756016932558,0.257243090449265,0.9987996775337773
0.9085,1.051729391443565,1.0,4687.3785587091215,0.9999636200609806,0.9804116259121691,0.9872679987341666,0.25722563444062974,0.9987764528080204
0.909,1.051313772190344,1.0,4687.247670369352,0.9999638258188269,0.9802248347702066,0.9872603908033781,0.25720817843199445,0.9987530065055306
0.9095,1.0508981529371235,1.0,4687.115686433143,0.9999640304007105,0.9800380512404222,0.987252777897662,0.25719072242335916,0.9987293386534438
0.91,1.0504825336839025,1.0,4686.982607026445,0.9999642338121238,0.9798512753222631,0.9872451600137888,0.2571732664147239,0.9987054492788927
0.9105,1.0500669144306816,1.0,4686.848432275677,0.99996443605856,0.9796645070151773,0.9872375371485265,0.2571558104060886,0.9986813384090059
0.911,1.0496512951774606,1.0,4686.71316230772,0.9999646371455115,0.979477746318612,0.9872299092986413,0.25713835439745336,0.998657006070908
0.9115,1.0492356759242398,1.0,4686.576797249454,0.9999648370784714,0.979290993232015,0.9872222764608979,0.2571208983888181,0.9986324522917205
0.912,1.0488200566710189,1.0,4686.439337228566,0.9999650358629321,0.9791042477548335,0.987214638632058,0.2571034423801828,0.9986076770985607
0.9125,1.048404437417798,1.0,4686.300782372909,0.9999652335043865,0.9789175098865154,0.9872069958088826,0.2570859863715475,0.9985826805185422
0.913,1.0479888181645771,1.0,4686.161132810763,0.9999654300083274,0.9787307796265081,0.9871993479881296,0.2570685303629122,0.998557462578775
0.9135,1.0475731989113561,1.0,4686.020388670825,0.9999656253802476,0.9785440569742592,0.9871916951665558,0.25705107435427693,0.9985320233063654
0.914,1.0471575796581352,1.0,4685.878550082135,0.9999658196256397,0.9783573419292161,0.9871840373409156,0.25703361834564165,0.9985063627284156
0.9145,1.0467419604049146,1.0,4685.735617174151,0.9999660127499965,0.9781706344908264,0.9871763745079614,0.2570161623370064,0.9984804808720246
0.915,1.0463263411516937,1.0,4685.5915900765895,0.9999662047588108,0.9779839346585378,0.9871687066644436,0.25699870632837113,0.9984543777642872
0.9155,1.0459107218984727,1.0,4685.446468919623,0.9999663956575754,0.9777972424317977,0.9871610338071111,0.25698125031973584,0.9984280534322948
0.916,1.0454951026452517,1.0,4685.300253833856,0.9999665854517829,0.9776105578100537,0.9871533559327101,0.25696379431110056,0.9984015079031348
0.9165,1.045079483392031,1.0,4685.152944950222,0.9999667741469261,0.9774238807927532,0.9871456730379856,0.25694633830246527,0.9983747412038909
0.917,1.04466386413881,1.0,4685.004542400127,0.999966961748498,0.9772372113793439,0.98713798511968,0.25692888229383004,0.9983477533616433
0.9175,1.0442482448855892,1.0,4684.855046315138,0.9999671482619911,0.9770505495692735,0.9871302921745341,0.25691142628519475,0.9983205444034682
0.918,1.0438326256323682,1.0,4684.704456827372,0.9999673336928981,0.9768638953619891,0.9871225941992864,0.25689397027655947,0.9982931143564382
0.9185,1.0434170063791472,1.0,4684.55277406933,0.9999675180467119,0.9766772487569387,0.9871148911906739,0.2568765142679242,0.9982654632476221
0.919,1.0430013871259265,1.0,4684.399998173844,0.9999677013289253,0.9764906097535695,0.9871071831454312,0.2568590582592889,0.9982375911040849
0.9195,1.0425857678727057,1.0,4684.246129274172,0.999967883545031,0.9763039783513293,0.9870994700602911,0.25684160225065367,0.9982094979528882
0.92,1.0421701486194848,1.0,4684.091167503693,0.9999680647005216,0.9761173545496654,0.9870917519319844,0.2568241462420183,0.9981811838210893
0.9205,1.0417545293662638,1.0,4683.93511299672,0.99996824480089,0.9759307383480257,0.9870840287572398,0.2568066902333831,0.9981526487357424
0.921,1.0413389101130428,1.0,4683.777965887305,0.999968423851629,0.9757441297458573,0.9870763005327843,0.2567892342247478,0.9981238927238973
0.9215,1.040923290859822,1.0,4683.619726310392,0.9999686018582312,0.975557528742608,0.9870685672553426,0.2567717782161125,0.9980949158126007
0.922,1.0405076716066013,1.0,4683.4603944009605,0.9999687788261896,0.9753709353377255,0.9870608289216377,0.25675432220747724,0.9980657180288951
0.9225,1.0400920523533803,1.0,4683.299970294538,0.9999689547609967,0.9751843495306569,0.9870530855283904,0.25673686619884195,0.9980362993998195
0.923,1.0396764331001593,1.0,4683.138454127036,0.9999691296681454,0.9749977713208502,0.9870453370723196,0.25671941019020666,0.9980066599524091
0.9235,1.0392608138469386,1.0,4682.975846034784,0.9999693035531284,0.9748112007077526,0.9870375835501424,0.25670195418157143,0.9979767997136954
0.924,1.0388451945937176,1.0,4682.812146154189,0.9999694764214385,0.9746246376908119,0.9870298249585736,0.25668449817293615,0.9979467187107061
0.9245,1.0384295753404968,1.0,4682.647354622378,0.9999696482785684,0.9744380822694755,0.9870220612943257,0.25666704216430086,0.9979164169704652
0.925,1.0380139560872759,1.0,4682.48147157669,0.9999698191300108,0.974251534443191,0.9870142925541106,0.2566495861556656,0.9978858945199931
0.9255,1.037598336834055,1.0,4682.3144971549655,0.9999699889812586,0.9740649942114059,0.9870065187346364,0.2566321301470303,0.9978551513863061
0.926,1.037182717580834,1.0,4682.146431495296,0.9999701578378045,0.9738784615735678,0.9869987398326103,0.256614674138395,0.9978241875964172
0.9265,1.0367670983276132,1.0,4681.977274736239,0.9999703257051412,0.9736919365291242,0.9869909558447376,0.2565972181297598,0.9977930031773353
0.927,1.0363514790743924,1.0,4681.807027016598,0.9999704925887615,0.9735054190775226,0.9869831667677212,0.2565797621211245,0.997761598156066
0.9275,1.0359358598211714,1.0,4681.635688475684,0.9999706584941581,0.9733189092182107,0.986975372598262,0.2565623061124892,0.9977299725596107
0.928,1.0355202405679504,1.0,4681.463259253184,0.999970823426824,0.973132406950636,0.9869675733330588,0.2565448501038539,0.9976981264149674
0.9285,1.0351046213147297,1.0,4681.2897394890815,0.9999709873922515,0.9729459122742459,0.986959768968809,0.25652739409521863,0.9976660597491301
0.929,1.0346890020615087,1.0,4681.1151293237735,0.9999711503959338,0.972759425188488,0.9869519595022072,0.25650993808658334,0.9976337725890894
0.9295,1.034273382808288,1.0,4680.939428898126,0.9999713124433633,0.97257294569281,0.9869441449299468,0.25649248207794806,0.9976012649618318
0.93,1.033857763555067,1.0,4680.762638353293,0.9999714735400331,0.9723864737866592,0.9869363252487185,0.25647502606931283,0.9975685368943403
0.9305,1.033442144301846,1.0,4680.584757830721,0.9999716336914357,0.9722000094694835,0.9869285004552117,0.25645757006067754,0.9975355884135944
0.931,1.033026525048625,1.0,4680.40578747232,0.9999717929030639,0.97201355274073,0.9869206705461133,0.25644011405204226,0.9975024195465692
0.9315,1.0326109057954045,1.0,4680.2257274204185,0.9999719511804105,0.9718271035998466,0.9869128355181079,0.25642265804340697,0.9974690303202367
0.932,1.0321952865421835,1.0,4680.044577817724,0.9999721085289683,0.9716406620462805,0.9869049953678791,0.2564052020347717,0.9974354207615648
0.9325,1.0317796672889625,1.0,4679.862338807231,0.99997226495423,0.9714542280794797,0.9868971500921078,0.2563877460261364,0.997401590897518
0.933,1.0313640480357416,1.0,4679.679010532313,0.9999724204616882,0.9712678016988914,0.9868892996874727,0.2563702900175011,0.9973675407550566
0.9335,1.0309484287825208,1.0,4679.49459313698,0.999972575056836,0.9710813829039633,0.986881444150651,0.2563528340088659,0.9973332703611378
0.934,1.0305328095292998,1.0,4679.309086765186,0.9999727287451659,0.9708949716941427,0.9868735834783179,0.2563353780002306,0.9972987797427144
0.9345,1.030117190276079,1.0,4679.122491561521,0.9999728815321706,0.9707085680688776,0.9868657176671461,0.2563179219915953,0.997264068926736
0.935,1.029701571022858,1.0,4678.9348076709475,0.9999730334233431,0.9705221720276151,0.9868578467138068,0.25630046598296,0.9972291379401482
0.9355,1.029285951769637,1.0,4678.746035238723,0.9999731844241759,0.970335783569803,0.986849970614969,0.25628300997432474,0.9971939868098929
0.936,1.0288703325164164,1.0,4678.5561744106935,0.9999733345401619,0.9701494026948887,0.9868420893672993,0.2562655539656895,0.9971586155629084
0.9365,1.0284547132631956,1.0,4678.365225332653,0.999973483776794,0.9699630294023199,0.9868342029674633,0.2562480979570542,0.9971230242261292
0.937,1.0280390940099746,1.0,4678.173188151197,0.9999736321395646,0.969776663691544,0.9868263114121234,0.25623064194841894,0.9970872128264858
0.9375,1.0276234747567536,1.0,4677.980063013129,0.9999737796339667,0.9695903055620086,0.9868184146979407,0.25621318593978365,0.9970511813909056
0.9380000000000001,1.0272078555035327,1.0,4677.7858500655875,0.999973926265493,0.9694039550131613,0.9868105128215744,0.25619572993114836,0.9970149299463117
0.9385,1.026792236250312,1.0,4677.590549456122,0.9999740720396363,0.9692176120444496,0.986802605779681,0.2561782739225131,0.9969784585196236
0.9390000000000001,1.0263766169970912,1.0,4677.3941613327925,0.9999742169618892,0.969031276655321,0.9867946935689158,0.25616081791387785,0.9969417671377574
0.9395,1.0259609977438702,1.0,4677.196685843688,0.9999743610377446,0.9688449488452231,0.9867867761859312,0.25614336190524256,0.9969048558276251
0.9400000000000001,1.0255453784906492,1.0,4676.99812313762,0.9999745042726952,0.9686586286136034,0.9867788536273786,0.2561259058966073,0.996867724616135
0.9405,1.0251297592374282,1.0,4676.798473363683,0.9999746466722338,0.9684723159599095,0.9867709258899067,0.256108449887972,0.996830373530192
0.9410000000000001,1.0247141399842075,1.0,4676.597736671225,0.9999747882418532,0.9682860108835889,0.9867629929701621,0.2560909938793367,0.9967928025966969
0.9415,1.0242985207309867,1.0,4676.395913210136,0.999974928987046,0.9680997133840892,0.9867550548647899,0.2560735378707014,0.996755011842547
0.9420000000000001,1.0238829014777657,1.0,4676.193003130512,0.999975068913305,0.9679134234608578,0.9867471115704325,0.25605608186206613,0.9967170012946358
0.9425,1.0234672822245447,1.0,4675.989006582994,0.9999752080261229,0.9677271411133425,0.9867391630837311,0.25603862585343085,0.9966787709798529
0.9430000000000001,1.0230516629713238,1.0,4675.783923718555,0.9999753463309927,0.9675408663409906,0.9867312094013242,0.2560211698447956,0.9966403209250847
0.9435,1.022636043718103,1.0,4675.577754688372,0.999975483833407,0.9673545991432497,0.9867232505198487,0.25600371383616033,0.9966016511572133
0.9440000000000001,1.0222204244648823,1.0,4675.370499644167,0.9999756205388585,0.9671683395195675,0.9867152864359393,0.25598625782752504,0.9965627617031174
0.9445,1.0218048052116613,1.0,4675.162158738038,0.99997575645284,0.9669820874693914,0.9867073171462285,0.25596880181888976,0.9965236525896718
0.9450000000000001,1.0213891859584403,1.0,4674.952732122412,0.9999758915808443,0.9667958429921689,0.986699342647347,0.25595134581025447,0.9964843238437477
0.9455,1.0209735667052195,1.0,4674.742219950181,0.9999760259283641,0.9666096060873477,0.9866913629359234,0.25593388980161924,0.9964447754922128
0.9460000000000001,1.0205579474519986,1.0,4674.530622374305,0.9999761595008921,0.9664233767543753,0.9866833780085845,0.25591643379298395,0.9964050075619304
0.9465,1.0201423281987778,1.0,4674.317939548509,0.9999762923039212,0.9662371549926991,0.9866753878619546,0.25589897778434867,0.9963650200797608
0.9470000000000001,1.0197267089455568,1.0,4674.1041716266745,0.9999764243429441,0.9660509408017668,0.9866673924926566,0.2558815217757134,0.9963248130725602
0.9475,1.0193110896923359,1.0,4673.889318763101,0.9999765556234534,0.9658647341810259,0.9866593918973104,0.2558640657670781,0.9962843865671811
0.9480000000000001,1.0188954704391149,1.0,4673.673381112508,0.9999766861509422,0.965678535129924,0.986651386072535,0.2558466097584428,0.9962437405904724
0.9485,1.0184798511858943,1.0,4673.456358829982,0.9999768159309028,0.9654923436479086,0.9866433750149467,0.2558291537498076,0.9962028751692792
0.9490000000000001,1.0180642319326734,1.0,4673.238252070772,0.9999769449688284,0.9653061597344271,0.9866353587211597,0.2558116977411723,0.9961617903304429
0.9495,1.0176486126794524,1.0,4673.019060990848,0.9999770732702115,0.9651199833889273,0.9866273371877866,0.255794241732537,0.9961204861008013
0.9500000000000001,1.0172329934262314,1.0,4672.798785746289,0.9999772008405448,0.9649338146108566,0.9866193104114379,0.2557767857239017,0.9960789625071882
0.9505,1.0168173741730107,1.0,4672.577426493723,0.9999773276853212,0.9647476533996625,0.9866112783887213,0.25575932971526644,0.9960372195764339
0.9510000000000001,1.0164017549197897,1.0,4672.354983389981,0.9999774538100334,0.9645614997547927,0.9866032411162438,0.25574187370663115,0.9959952573353649
0.9515,1.015986135666569,1.0,4672.131456592434,0.9999775792201743,0.9643753536756947,0.9865951985906091,0.2557244176979959,0.9959530758108041
0.9520000000000001,1.015570516413348,1.0,4671.906846258574,0.9999777039212364,0.9641892151618159,0.9865871508084195,0.2557069616893606,0.9959106750295704
0.9525,1.015154897160127,1.0,4671.6811525467765,0.9999778279187126,0.964003084212604,0.9865790977662751,0.25568950568072535,0.9958680550184793
0.9530000000000001,1.0147392779069062,1.0,4671.454375615193,0.9999779512180956,0.9638169608275065,0.9865710394607741,0.25567204967209006,0.9958252158043425
0.9535,1.0143236586536855,1.0,4671.22651562256,0.9999780738248784,0.963630845005971,0.9865629758885126,0.2556545936634548,0.9957821574139678
0.9540000000000001,1.0139080394004645,1.0,4670.997572728245,0.9999781957445533,0.9634447367474448,0.9865549070460843,0.2556371376548195,0.9957388798741594
0.9545,1.0134924201472435,1.0,4670.767547091645,0.9999783169826134,0.9632586360513757,0.9865468329300817,0.2556196816461842,0.9956953832117179
0.9550000000000001,1.0130768008940225,1.0,4670.536438872658,0.9999784375445513,0.9630725429172112,0.9865387535370942,0.2556022256375489,0.99565166745344
0.9555,1.0126611816408018,1.0,4670.304248231684,0.9999785574358598,0.9628864573443989,0.98653066886371,0.2555847696289137,0.9956077326261189
0.9560000000000001,1.012245562387581,1.0,4670.070975329236,0.9999786766620318,0.9627003793323862,0.9865225789065146,0.2555673136202784,0.9955635787565438
0.9565,1.01182994313436,1.0,4669.8366203263295,0.9999787952285598,0.9625143088806206,0.986514483662092,0.2555498576116431,0.9955192058715002
0.9570000000000001,1.011414323881139,1.0,4669.601183384398,0.9999789131409367,0.9623282459885499,0.9865063831270241,0.25553240160300783,0.9954746139977704
0.9575,1.010998704627918,1.0,4669.364664665282,0.9999790304046552,0.9621421906556215,0.9864982772978905,0.25551494559437254,0.9954298031621323
0.9580000000000001,1.0105830853746973,1.0,4669.127064330945,0.9999791470252081,0.9619561428812828,0.9864901661712685,0.25549748958573726,0.9953847733913604
0.9585,1.0101674661214766,1.0,4668.888382544192,0.999979263008088,0.9617701026649816,0.986482049743734,0.25548003357710203,0.9953395247122256
0.9590000000000001,1.0097518468682556,1.0,4668.648619467553,0.999979378358788,0.9615840700061653,0.9864739280118604,0.25546257756846674,0.9952940571514949
0.9595,1.0093362276150346,1.0,4668.407775264446,0.9999794930828005,0.9613980449042815,0.9864658009722191,0.25544512155983146,0.9952483707359315
0.96,1.0089206083618139,1.0,4668.165850098493,0.9999796071856185,0.9612120273587778,0.9864576686213795,0.25542766555119617,0.9952024654922953
0.9605,1.0085049891085929,1.0,4667.92284413364,0.9999797206727346,0.9610260173691015,0.9864495309559093,0.2554102095425609,0.9951563414473419
0.961,1.0080893698553721,1.0,4667.678757534421,0.9999798335496416,0.9608400149347004,0.9864413879723734,0.25539275353392565,0.9951099986278237
0.9615,1.0076737506021511,1.0,4667.433590465226,0.9999799458218323,0.9606540200550219,0.9864332396673351,0.2553752975252903,0.995063437060489
0.962,1.0072581313489302,1.0,4667.1873430915875,0.9999800574947993,0.9604680327295136,0.9864250860373558,0.2553578415166551,0.9950166567720828
0.9625,1.0068425120957094,1.0,4666.940015578683,0.9999801685740356,0.9602820529576231,0.9864169270789943,0.2553403855080198,0.9949696577893461
0.963,1.0064268928424887,1.0,4666.691608092488,0.9999802790650338,0.9600960807387979,0.9864087627888078,0.2553229294993845,0.9949224401390162
0.9635,1.0060112735892677,1.0,4666.442120799177,0.9999803889732867,0.9599101160724856,0.9864005931633515,0.2553054734907492,0.9948750038478266
0.964,1.0055956543360467,1.0,4666.191553865339,0.999980498304287,0.9597241589581336,0.9863924181991781,0.25528801748211394,0.9948273489425074
0.9645,1.0051800350828257,1.0,4665.939907458019,0.9999806070635275,0.9595382093951894,0.9863842378928385,0.25527056147347865,0.9947794754497846
0.965,1.004764415829605,1.0,4665.687181744549,0.9999807152565009,0.9593522673831009,0.9863760522408818,0.2552531054648434,0.994731383396381
0.9655,1.0043487965763842,1.0,4665.433376892458,0.9999808228887,0.9591663329213153,0.986367861239854,0.25523564945620814,0.9946830728090151
0.966,1.0039331773231632,1.0,4665.178493069988,0.9999809299656176,0.9589804060092803,0.9863596648863004,0.25521819344757285,0.9946345437144022
0.9665,1.0035175580699423,1.0,4664.922530445539,0.9999810364927464,0.9587944866464433,0.9863514631767636,0.25520073743893756,0.9945857961392534
0.967,1.0031019388167213,1.0,4664.665489187924,0.9999811424755792,0.958608574832252,0.9863432561077837,0.2551832814303023,0.9945368301102765
0.9675,1.0026863195635005,1.0,4664.407369466327,0.9999812479196086,0.9584226705661539,0.9863350436758996,0.255165825421667,0.9944876456541755
0.968,1.0022707003102798,1.0,4664.148171450426,0.9999813528303276,0.9582367738475966,0.9863268258776476,0.25514836941303176,0.9944382427976506
0.9685,1.0018550810570588,1.0,4663.887895309933,0.9999814572132287,0.9580508846760275,0.986318602709562,0.2551309134043965,0.9943886215673982
0.969,1.0014394618038378,1.0,4663.626541215226,0.9999815610738049,0.9578650030508944,0.9863103741681749,0.2551134573957612,0.9943387819901112
0.9695,1.0010238425506168,1.0,4663.364109337053,0.9999816644175488,0.9576791289716444,0.9863021402500165,0.2550960013871259,0.9942887240924786
0.97,1.000608223297396,1.0,4663.10058967111,0.9999817667407617,0.9574932625084867,0.9862939009410423,0.2550785453784906,0.9942384479203685
0.9705,1.0001926040441753,1.0,4662.835965901063,0.9999818672102562,0.9573074037755386,0.9862856562202528,0.2550610893698554,0.9941879535319359
0.971,0.9997769847909543,1.0,4662.570265430314,0.9999819671862537,0.9571215525828759,0.9862774061122362,0.2550436333612201,0.9941372409027326
0.9715,0.9993613655377334,1.0,4662.303488359349,0.9999820666703121,0.9569357089304452,0.9862691506134308,0.2550261773525848,0.9940863100595557
0.972,0.9989457462845126,1.0,4662.035634788904,0.9999821656639896,0.956749872818193,0.9862608897202717,0.25500872134394953,0.9940351610292013
0.9725,0.9985301270312916,1.0,4661.766704820173,0.9999822641688442,0.9565640442460654,0.9862526234291922,0.25499126533531424,0.9939837938384638
0.973,0.9981145077780708,1.0,4661.496698554562,0.999982362186434,0.9563782232140092,0.9862443517366236,0.25497380932667896,0.9939322085141364
0.9735,0.9976988885248499,1.0,4661.225616093977,0.9999824597183169,0.9561924097219707,0.9862360746389947,0.25495635331804367,0.9938804050830112
0.974,0.997283269271629,1.0,4660.953457540834,0.9999825567660512,0.9560066037698963,0.9862277921327315,0.25493889730940844,0.9938283835718785
0.9745,0.996867650018408,1.0,4660.680222997583,0.9999826533311948,0.9558208053577325,0.9862195042142587,0.25492144130077316,0.9937761440075276
0.975,0.9964520307651873,1.0,4660.405912567261,0.999982749415306,0.9556350144854258,0.986211210879998,0.25490398529213787,0.9937236864167462
0.9755,0.9960364115119663,1.0,4660.130526353333,0.9999828450199424,0.9554492311529225,0.986202912126369,0.2548865292835026,0.993671010826321
0.976,0.9956207922587454,1.0,4659.85406445955,0.9999829401466624,0.955263455360169,0.9861946079497889,0.2548690732748673,0.9936181172630371
0.9765,0.9952051730055246,1.0,4659.5765269900385,0.9999830347970242,0.9550776871071119,0.9861862983466733,0.254851617266232,0.9935650057536781
0.977,0.9947895537523037,1.0,4659.2979140493935,0.9999831289725855,0.9548919263936976,0.9861779833134344,0.2548341612575967,0.9935116763250268
0.9775,0.9943739344990827,1.0,4659.0182257424985,0.9999832226749046,0.9547061732198725,0.9861696628464831,0.2548167052489615,0.9934581290038642
0.978,0.9939583152458619,1.0,4658.73746217457,0.9999833159055393,0.9545204275855831,0.9861613369422277,0.2547992492403262,0.9934043638169701
0.9785,0.993542695992641,1.0,4658.45562345129,0.9999834086660481,0.9543346894907758,0.9861530055970738,0.2547817932316909,0.9933503807911229
0.979,0.9931270767394201,1.0,4658.172709678674,0.9999835009579887,0.9541489589353971,0.9861446688074252,0.25476433722305564,0.9932961799530998
0.9795,0.9927114574861993,1.0,4657.8887209632,0.9999835927829193,0.9539632359193932,0.9861363265696835,0.25474688121442035,0.9932417613296766
0.98,0.9922958382329784,1.0,4657.603657411594,0.9999836841423979,0.9537775204427109,0.9861279788802474,0.25472942520578506,0.9931871249476275
0.9805,0.9918802189797574,1.0,4657.317519131047,0.9999837750379825,0.9535918125052965,0.9861196257355139,0.2547119691971498,0.9931322708337259
0.981,0.9914645997265366,1.0,4657.03030622921,0.9999838654712314,0.9534061121070962,0.9861112671318777,0.25469451318851455,0.9930771990147433
0.9815,0.9910489804733157,1.0,4656.742018813769,0.9999839554437026,0.9532204192480568,0.9861029030657308,0.25467705717987926,0.9930219095174503
0.982,0.9906333612200948,1.0,4656.452656993219,0.9999840449569539,0.9530347339281247,0.9860945335334629,0.254659601171244,0.9929664023686159
0.9825,0.9902177419668738,1.0,4656.162220876126,0.9999841340125436,0.952849056147246,0.986086158531462,0.2546421451626087,0.9929106775950078
0.983,0.9898021227136531,1.0,4655.87071057161,0.9999842226120298,0.9526633859053675,0.9860777780561131,0.2546246891539734,0.9928547352233923
0.9835,0.9893865034604321,1.0,4655.578126189124,0.9999843107569704,0.9524777232024355,0.9860693921037995,0.2546072331453382,0.9927985752805346
0.984,0.9889708842072112,1.0,4655.284467838367,0.9999843984489235,0.9522920680383964,0.9860610006709019,0.2545897771367029,0.9927421977931984
0.9845,0.9885552649539904,1.0,4654.989735629546,0.9999844856894472,0.9521064204131967,0.9860526037537986,0.2545723211280676,0.9926856027881459
0.985,0.9881396457007695,1.0,4654.693929673287,0.9999845724800995,0.951920780326783,0.9860442013488656,0.2545548651194323,0.9926287902921382
0.9855,0.9877240264475485,1.0,4654.397050080464,0.9999846588224387,0.9517351477791014,0.9860357934524768,0.25453740911079703,0.9925717603319351
0.986,0.9873084071943278,1.0,4654.099096962459,0.9999847447180226,0.9515495227700985,0.986027380061004,0.25451995310216174,0.9925145129342946
0.9865,0.9868927879411068,1.0,4653.8000704309,0.9999848301684092,0.9513639052997209,0.9860189611708158,0.25450249709352646,0.9924570481259741
0.987,0.9864771686878859,1.0,4653.499970598006,0.9999849151751569,0.9511782953679149,0.9860105367782798,0.25448504108489123,0.9923993659337291
0.9875,0.9860615494346651,1.0,4653.1987975759475,0.9999849997398235,0.9509926929746267,0.9860021068797603,0.25446758507625594,0.9923414663843138
0.988,0.9856459301814442,1.0,4652.896551477739,0.9999850838639671,0.9508070981198032,0.9859936714716195,0.25445012906762066,0.9922833495044813
0.9885,0.9852303109282232,1.0,4652.59323241652,0.9999851675491458,0.9506215108033906,0.9859852305502175,0.25443267305898537,0.9922250153209832
0.989,0.9848146916750025,1.0,4652.288840505888,0.9999852507969177,0.9504359310253354,0.9859767841119116,0.2544152170503501,0.9921664638605698
0.9895,0.9843990724217815,1.0,4651.98337585982,0.9999853336088407,0.9502503587855838,0.9859683321530575,0.2543977610417148,0.99210769514999
0.99,0.9839834531685606,1.0,4651.676838592584,0.9999854159864731,0.9500647940840827,0.9859598746700085,0.2543803050330795,0.9920487092159915
0.9905,0.9835678339153398,1.0,4651.36922881904,0.9999854979313728,0.9498792369207781,0.9859514116591147,0.2543628490244443,0.9919895060853205
0.991,0.9831522146621189,1.0,4651.0605466540355,0.9999855794450978,0.9496936872956168,0.9859429431167249,0.254345393015809,0.991930085784722
0.9915,0.9827365954088979,1.0,4650.7507922131435,0.9999856605292063,0.9495081452085449,0.9859344690391849,0.2543279370071737,0.9918704483409394
0.992,0.9823209761556772,1.0,4650.439965612265,0.9999857411852565,0.9493226106595091,0.9859259894228387,0.2543104809985384,0.9918105937807152
0.9925,0.9819053569024562,1.0,4650.1280669675125,0.9999858214148061,0.9491370836484557,0.9859175042640277,0.25429302498990314,0.9917505221307902
0.993,0.9814897376492353,1.0,4649.815096395628,0.9999859012194134,0.9489515641753312,0.985909013559091,0.2542755689812679,0.991690233417904
0.9935,0.9810741183960144,1.0,4649.501054013389,0.9999859806006365,0.948766052240082,0.9859005173043652,0.2542581129726326,0.9916297276687946
0.994,0.9806584991427936,1.0,4649.185939938208,0.9999860595600332,0.9485805478426547,0.9858920154961851,0.25424065696399734,0.9915690049101992
0.9945,0.9802428798895726,1.0,4648.869754287874,0.9999861380991618,0.9483950509829955,0.9858835081308827,0.25422320095536205,0.9915080651688533
0.995,0.9798272606363517,1.0,4648.5524971804225,0.9999862162195804,0.948209561661051,0.9858749952047876,0.25420574494672676,0.9914469084714909
0.9955,0.9794116413831309,1.0,4648.234168734311,0.9999862939228469,0.9480240798767675,0.9858664767142274,0.2541882889380915,0.9913855348448449
0.996,0.97899602212991,1.0,4647.914769068459,0.9999863712105194,0.9478386056300917,0.9858579526555277,0.2541708329294562,0.991323944315647
0.9965,0.978580402876689,1.0,4647.594298302161,0.9999864480841559,0.9476531389209698,0.9858494230250107,0.25415337692082096,0.9912621369106273
0.997,0.9781647836234683,1.0,4647.272756554836,0.9999865245453147,0.9474676797493483,0.985840887818997,0.2541359209121857,0.9912001126565145
0.9975,0.9777491643702473,1.0,4646.950143946573,0.9999866005955536,0.9472822281151736,0.9858323470338051,0.2541184649035504,0.9911378715800364
0.998,0.9773335451170264,1.0,4646.626460597671,0.9999866762364308,0.9470967840183923,0.9858238006657506,0.2541010088949151,0.9910754137079189
0.9985,0.9769179258638055,1.0,4646.301706628978,0.9999867514695043,0.9469113474589507,0.985815248711147,0.2540835528862798,0.9910127390668869
0.999,0.9765023066105847,1.0,4645.9758821615005,0.9999868262963322,0.9467259184367953,0.9858066911663055,0.25406609687764453,0.990949847683664
0.9995,0.9760866873573637,1.0,4645.6489873167975,0.9999869007184725,0.9465404969518725,0.9857981280275347,0.25404864086900925,0.9908867395849721
1.0,0.975671068104143,1.0,4645.3210222168,0.9999869747374834,0.9463550830041287,0.9857895592911413,0.254031184860374,0.9908234147975321
1.0005,0.9752554488509221,1.0,4644.99198698365,0.9999870483549229,0.9461696765935105,0.9857809849534296,0.25401372885173873,0.9907598733480636
1.0010000000000001,0.974839829597701,1.0,4644.661881739905,0.999987121572349,0.9459842777199642,0.9857724050107008,0.25399627284310344,0.9906961152632846
1.0015,0.9744242103444802,1.0,4644.330706608671,0.9999871943913199,0.9457988863834362,0.9857638194592548,0.25397881683446816,0.9906321405699118
1.002,0.9740085910912594,1.0,4643.998461713263,0.9999872668133934,0.9456135025838732,0.9857552282953885,0.25396136082583287,0.9905679492946609
1.0025,0.9735929718380385,1.0,4643.665147177623,0.9999873388401278,0.9454281263212214,0.985746631515397,0.25394390481719764,0.9905035414642457
1.0030000000000001,0.9731773525848175,1.0,4643.330763125607,0.9999874104730812,0.9452427575954272,0.9857380291155722,0.25392644880856236,0.990438917105379
1.0035,0.9727617333315967,1.0,4642.995309681825,0.9999874817138114,0.9450573964064373,0.9857294210922045,0.25390899279992707,0.9903740762447724
1.004,0.9723461140783758,1.0,4642.658786971185,0.9999875525638766,0.944872042754198,0.9857208074415812,0.2538915367912918,0.9903090189091359
1.0045,0.9719304948251549,1.0,4642.3211951188805,0.9999876230248349,0.9446866966386557,0.9857121881599882,0.2538740807826565,0.9902437451251782
1.0050000000000001,0.971514875571934,1.0,4641.9825342507,0.9999876930982444,0.9445013580597567,0.9857035632437082,0.2538566247740212,0.9901782549196068
1.0055,0.9710992563187131,1.0,4641.642804492463,0.999987762785663,0.9443160270174478,0.9856949326890216,0.2538391687653859,0.9901125483191275
1.006,0.9706836370654923,1.0,4641.302005970753,0.9999878320886489,0.9441307035116752,0.9856862964922073,0.2538217127567507,0.9900466253504453
1.0065,0.9702680178122715,1.0,4640.960138812145,0.9999879010087602,0.9439453875423853,0.9856776546495406,0.2538042567481154,0.9899804860402635
1.0070000000000001,0.9698523985590504,1.0,4640.6172031438455,0.9999879695475549,0.9437600791095248,0.9856690071572954,0.2537868007394801,0.9899141304152841
1.0075,0.9694367793058296,1.0,4640.273199093483,0.999988037706591,0.9435747782130398,0.985660354011743,0.25376934473084484,0.9898475585022077
1.008,0.9690211600526087,1.0,4639.92812678876,0.9999881054874266,0.9433894848528771,0.985651695209152,0.25375188872220955,0.9897807703277339
1.0085,0.9686055407993879,1.0,4639.581986358101,0.9999881728916197,0.9432041990289828,0.985643030745789,0.25373443271357426,0.9897137659185606
1.0090000000000001,0.9681899215461669,1.0,4639.234777930049,0.9999882399207285,0.9430189207413036,0.9856343606179181,0.253716976704939,0.9896465453013844
1.0095,0.967774302292946,1.0,4638.886501633866,0.9999883065763109,0.9428336499897857,0.9856256848218011,0.25369952069630375,0.9895791085029008
1.01,0.9673586830397252,1.0,4638.537157598592,0.9999883728599251,0.9426483867743758,0.9856170033536974,0.25368206468766846,0.9895114555498036
1.0105,0.9669430637865043,1.0,4638.186745954243,0.9999884387731293,0.9424631310950202,0.9856083162098639,0.2536646086790332,0.9894435864687856
1.0110000000000001,0.9665274445332833,1.0,4637.835266830867,0.9999885043174812,0.9422778829516654,0.9855996233865554,0.2536471526703979,0.9893755012865382
1.0115,0.9661118252800625,1.0,4637.482720359104,0.9999885694945391,0.9420926423442577,0.985590924880024,0.2536296966617626,0.9893072000297511
1.012,0.9656962060268416,1.0,4637.129106669758,0.9999886343058609,0.9419074092727437,0.9855822206865198,0.2536122406531273,0.9892386827251132
1.0125,0.9652805867736208,1.0,4636.774425894221,0.9999886987530049,0.9417221837370698,0.9855735108022903,0.2535947846444921,0.9891699493993117
1.0130000000000001,0.9648649675203997,1.0,4636.418678164093,0.999988762837529,0.9415369657371824,0.9855647952235809,0.2535773286358568,0.9891010000790326
1.0135,0.9644493482671789,1.0,4636.061863611349,0.9999888265609912,0.941351755273028,0.9855560739466338,0.2535598726272215,0.9890318347909605
1.014,0.9640337290139581,1.0,4635.703982368467,0.9999888899249498,0.9411665523445529,0.9855473469676899,0.25354241661858623,0.9889624535617786
1.0145,0.9636181097607373,1.0,4635.345034568221,0.9999889529309626,0.9409813569517038,0.9855386142829873,0.25352496060995094,0.988892856418169
1.0150000000000001,0.9632024905075162,1.0,4634.985020343842,0.9999890155805878,0.9407961690944269,0.9855298758887613,0.25350750460131566,0.9888230433868122
1.0155,0.9627868712542954,1.0,4634.623939828856,0.9999890778753835,0.9406109887726687,0.9855211317812453,0.25349004859268043,0.9887530144943875
1.016,0.9623712520010745,1.0,4634.261793157076,0.9999891398169076,0.9404258159863758,0.9855123819566703,0.25347259258404514,0.9886827697675729
1.0165,0.9619556327478537,1.0,4633.8985804628655,0.9999892014067183,0.9402406507354943,0.9855036264112648,0.25345513657540986,0.9886123092330448
1.0170000000000001,0.9615400134946326,1.0,4633.534301880922,0.9999892626463737,0.9400554930199709,0.985494865141255,0.25343768056677457,0.9885416329174784
1.0175,0.9611243942414119,1.0,4633.168957546272,0.9999893235374318,0.9398703428397521,0.9854860981428645,0.2534202245581393,0.988470740847548
1.018,0.9607087749881909,1.0,4632.802547594327,0.9999893840814505,0.9396852001947843,0.9854773254123146,0.253402768549504,0.9883996330499258
1.0185,0.9602931557349702,1.0,4632.435072160952,0.9999894442799881,0.9395000650850137,0.9854685469458244,0.2533853125408687,0.9883283095512833
1.0190000000000001,0.9598775364817492,1.0,4632.066531382348,0.9999895041346026,0.939314937510387,0.9854597627396104,0.2533678565322335,0.9882567703782901
1.0195,0.9594619172285281,1.0,4631.696925394927,0.999989563646852,0.9391298174708506,0.9854509727898871,0.2533504005235982,0.9881850155576148
1.02,0.9590462979753075,1.0,4631.326254335727,0.9999896228182944,0.9389447049663507,0.985442177092866,0.2533329445149629,0.9881130451159249
1.0205,0.9586306787220865,1.0,4630.954518341993,0.9999896816504878,0.9387595999968341,0.9854333756447565,0.2533154885063276,0.9880408590798859
1.0210000000000001,0.9582150594688654,1.0,4630.581717551435,0.9999897401449904,0.9385745025622471,0.9854245684417657,0.25329803249769234,0.9879684574761627
1.0215,0.9577994402156448,1.0,4630.207852102136,0.9999897983033602,0.9383894126625361,0.9854157554800982,0.25328057648905705,0.9878958403314181
1.022,0.9573838209624238,1.0,4629.832922132557,0.9999898561271552,0.9382043302976475,0.9854069367559561,0.25326312048042177,0.9878230076723142
1.0225,0.9569682017092032,1.0,4629.456927781534,0.9999899136179335,0.9380192554675278,0.9853981122655396,0.25324566447178654,0.9877499595255116
1.0230000000000001,0.9565525824559821,1.0,4629.079869188155,0.9999899707772532,0.9378341881721234,0.9853892820050456,0.25322820846315125,0.9876766959176692
1.0235,0.9561369632027611,1.0,4628.701746492006,0.9999900276066723,0.9376491284113808,0.9853804459706696,0.25321075245451596,0.987603216875445
1.024,0.9557213439495404,1.0,4628.322559833057,0.9999900841077489,0.9374640761852465,0.9853716041586039,0.2531932964458807,0.9875295224254954
1.0245,0.9553057246963194,1.0,4627.942309351604,0.999990140282041,0.9372790314936669,0.9853627565650387,0.2531758404372454,0.9874556125944757
1.025,0.9548901054430987,1.0,4627.560995188455,0.9999901961311068,0.9370939943365884,0.9853539031861621,0.25315838442861016,0.9873814874090396
1.0255,0.9544744861898777,1.0,4627.178617484575,0.9999902516565043,0.9369089647139572,0.9853450440181593,0.2531409284199749,0.9873071468958396
1.026,0.9540588669366568,1.0,4626.795176381392,0.9999903068597915,0.9367239426257202,0.9853361790572133,0.2531234724113396,0.987232591081527
1.0265,0.953643247683436,1.0,4626.410672020755,0.9999903617425265,0.9365389280718237,0.9853273082995047,0.2531060164027043,0.9871578199927514
1.027,0.953227628430215,1.0,4626.025104544888,0.9999904163062674,0.9363539210522139,0.9853184317412118,0.253088560394069,0.9870828336561613
1.0275,0.952812009176994,1.0,4625.63847409639,0.9999904705525722,0.9361689215668374,0.98530954937851,0.25307110438543373,0.9870076320984038
1.028,0.9523963899237733,1.0,4625.250780818155,0.999990524482999,0.9359839296156408,0.9853006612075732,0.25305364837679845,0.9869322153461249
1.0285,0.9519807706705523,1.0,4624.862024853619,0.9999905780991059,0.9357989451985703,0.9852917672245719,0.2530361923681632,0.9868565834259688
1.029,0.9515651514173317,1.0,4624.472206346342,0.9999906314024508,0.9356139683155724,0.9852828674256746,0.25301873635952793,0.9867807363645787
1.0295,0.9511495321641107,1.0,4624.081325440471,0.9999906843945919,0.9354289989665936,0.9852739618070478,0.25300128035089264,0.9867046741885964
1.03,0.9507339129108896,1.0,4623.689382280445,0.9999907370770873,0.9352440371515803,0.9852650503648549,0.25298382434225736,0.9866283969246623
1.0305,0.950318293657669,1.0,4623.2963770111655,0.9999907894514949,0.935059082870479,0.9852561330952574,0.25296636833362207,0.9865519045994154
1.031,0.949902674404448,1.0,4622.902309777867,0.999990841519373,0.9348741361232361,0.9852472099944136,0.25294891232498684,0.9864751972394937
1.0315,0.9494870551512269,1.0,4622.507180725946,0.9999908932822794,0.9346891969097979,0.9852382810584807,0.2529314563163515,0.9863982748715333
1.032,0.9490714358980062,1.0,4622.110990001602,0.9999909447417723,0.9345042652301112,0.9852293462836121,0.25291400030771627,0.9863211375221695
1.0325,0.9486558166447853,1.0,4621.7137377509835,0.9999909958994099,0.9343193410841221,0.9852204056659596,0.252896544299081,0.986243785218036
1.033,0.9482401973915646,1.0,4621.315424120918,0.9999910467567499,0.9341344244717772,0.9852114592016723,0.2528790882904457,0.9861662179857652
1.0335,0.9478245781383435,1.0,4620.916049258475,0.9999910973153506,0.9339495153930227,0.9852025068868971,0.2528616322818104,0.986088435851988
1.034,0.9474089588851226,1.0,4620.515613311105,0.9999911475767702,0.9337646138478054,0.9851935487177781,0.2528441762731751,0.9860104388433344
1.0345,0.9469933396319019,1.0,4620.114116426718,0.9999911975425665,0.9335797198360717,0.9851845846904573,0.2528267202645399,0.9859322269864326
1.035,0.9465777203786808,1.0,4619.71155875343,0.9999912472142977,0.9333948333577677,0.9851756148010741,0.2528092642559046,0.9858538003079097
1.0355,0.9461621011254598,1.0,4619.3079404398595,0.9999912965935217,0.9332099544128402,0.9851666390457654,0.2527918082472693,0.9857751588343913
1.036,0.9457464818722392,1.0,4618.903261635004,0.9999913456817967,0.9330250830012354,0.9851576574206659,0.25277435223863404,0.9856963025925018
1.0365,0.9453308626190181,1.0,4618.497522488235,0.9999913944806809,0.9328402191228999,0.9851486699219074,0.25275689622999875,0.9856172316088645
1.037,0.9449152433657975,1.0,4618.0907231493,0.999991442991732,0.9326553627777802,0.9851396765456202,0.25273944022136346,0.9855379459101008
1.0375,0.9444996241125765,1.0,4617.68286376824,0.9999914912165084,0.9324705139658224,0.9851306772879312,0.2527219842127282,0.985458445522831
1.038,0.9440840048593554,1.0,4617.273944495554,0.999991539156568,0.9322856726869733,0.9851216721449653,0.25270452820409295,0.9853787304736744
1.0385,0.9436683856061348,1.0,4616.863965482076,0.9999915868134689,0.9321008389411792,0.9851126611128448,0.25268707219545766,0.9852988007892485
1.039,0.9432527663529138,1.0,4616.452926879061,0.9999916341887691,0.9319160127283865,0.9851036441876897,0.2526696161868224,0.9852186564961696
1.0395,0.9428371470996927,1.0,4616.040828838091,0.9999916812840268,0.9317311940485418,0.9850946213656175,0.2526521601781871,0.9851382976210528
1.04,0.942421527846472,1.0,4615.627671511133,0.9999917281008,0.9315463829015913,0.9850855926427432,0.2526347041695518,0.9850577241905116
1.0405,0.9420059085932511,1.0,4615.213455050649,0.9999917746406466,0.9313615792874816,0.9850765580151795,0.2526172481609165,0.9849769362311586
1.041,0.9415902893400304,1.0,4614.7981796093545,0.999991820905125,0.9311767832061592,0.9850675174790363,0.2525997921522813,0.9848959337696045
1.0415,0.9411746700868093,1.0,4614.381845340171,0.9999918668957929,0.9309919946575703,0.9850584710304219,0.252582336143646,0.9848147168324591
1.042,0.9407590508335884,1.0,4613.964452396734,0.9999919126142085,0.9308072136416616,0.9850494186654408,0.2525648801350107,0.9847332854463309
1.0425,0.9403434315803677,1.0,4613.546000932928,0.99999195806193,0.9306224401583795,0.9850403603801965,0.25254742412637543,0.9846516396378264
1.043,0.9399278123271466,1.0,4613.12649110293,0.9999920032405153,0.9304376742076702,0.9850312961707891,0.25252996811774014,0.9845697794335515
1.0435,0.9395121930739256,1.0,4612.705923061378,0.9999920481515225,0.9302529157894803,0.9850222260333162,0.25251251210910486,0.9844877048601106
1.044,0.939096573820705,1.0,4612.284296963368,0.9999920927965097,0.9300681649037564,0.9850131499638738,0.25249505610046963,0.9844054159441065
1.0445,0.9386809545674839,1.0,4611.861612964035,0.999992137177035,0.9298834215504448,0.9850040679585544,0.25247760009183434,0.9843229127121409
1.045,0.9382653353142633,1.0,4611.437871219228,0.9999921812946563,0.929698685729492,0.9849949800134491,0.25246014408319906,0.984240195190814
1.0455,0.9378497160610423,1.0,4611.013071885132,0.9999922251509318,0.9295139574408442,0.9849858861246453,0.25244268807456377,0.9841572634067247
1.046,0.9374340968078212,1.0,4610.587215118136,0.9999922687474195,0.9293292366844481,0.9849767862882293,0.2524252320659285,0.9840741173864708
1.0465,0.9370184775546005,1.0,4610.160301075217,0.9999923120856775,0.92914452346025,0.9849676805002837,0.2524077760572932,0.9839907571566484
1.047,0.9366028583013796,1.0,4609.73232991356,0.9999923551672638,0.9289598177681965,0.9849585687568893,0.2523903200486579,0.9839071827438525
1.0475,0.9361872390481585,1.0,4609.303301790894,0.9999923979937366,0.9287751196082339,0.9849494510541247,0.2523728640400227,0.9838233941746767
1.048,0.9357716197949378,1.0,4608.873216864986,0.9999924405666538,0.9285904289803086,0.9849403273880654,0.2523554080313874,0.9837393914757132
1.0485,0.9353560005417169,1.0,4608.442075294358,0.9999924828875736,0.9284057458843673,0.9849311977547845,0.2523379520227521,0.983655174673553
1.049,0.9349403812884962,1.0,4608.0098772377405,0.9999925249580539,0.9282210703203562,0.9849220621503535,0.2523204960141168,0.9835707437947856
1.0495,0.9345247620352751,1.0,4607.576622854241,0.9999925667796529,0.9280364022882217,0.98491292057084,0.25230304000548154,0.9834860988659991
1.05,0.9341091427820541,1.0,4607.142312303426,0.9999926083539287,0.9278517417879104,0.9849037730123102,0.25228558399684625,0.9834012399137808
1.0505,0.9336935235288335,1.0,4606.706945745194,0.9999926496824392,0.9276670888193688,0.9848946194708277,0.252268127988211,0.9833161669647159
1.051,0.9332779042756124,1.0,4606.270523339653,0.9999926907667425,0.9274824433825432,0.9848854599424535,0.25225067197957574,0.9832308800453888
1.0515,0.9328622850223914,1.0,4605.83304524754,0.9999927316083967,0.9272978054773798,0.9848762944232455,0.25223321597094045,0.9831453791823823
1.052,0.9324466657691708,1.0,4605.3945116297955,0.99999277220896,0.9271131751038256,0.9848671229092602,0.25221575996230516,0.9830596644022781
1.0525,0.9320310465159498,1.0,4604.954922647826,0.9999928125699902,0.9269285522618267,0.984857945396551,0.2521983039536699,0.9829737357316563
1.053,0.9316154272627291,1.0,4604.514278463409,0.9999928526930455,0.9267439369513295,0.9848487618811689,0.2521808479450346,0.9828875931970957
1.0535,0.9311998080095081,1.0,4604.072579238744,0.999992892579684,0.9265593291722806,0.9848395723591624,0.25216339193639936,0.982801236825174
1.054,0.9307841887562871,1.0,4603.629825136147,0.9999929322314637,0.9263747289246264,0.9848303768265779,0.2521459359277641,0.9827146666424673
1.0545,0.9303685695030663,1.0,4603.186016318656,0.9999929716499427,0.9261901362083133,0.9848211752794588,0.2521284799191288,0.9826278826755506
1.055,0.9299529502498454,1.0,4602.741152949508,0.999993010836679,0.9260055510232877,0.984811967713846,0.2521110239104935,0.9825408849509972
1.0555,0.9295373309966244,1.0,4602.2952351922795,0.9999930497932307,0.9258209733694961,0.9848027541257783,0.2520935679018582,0.9824536734953795
1.056,0.9291217117434037,1.0,4601.848263211088,0.9999930885211559,0.925636403246885,0.9847935345112923,0.25207611189322293,0.9823662483352682
1.0565,0.9287060924901827,1.0,4601.4002371701745,0.9999931270220126,0.9254518406554008,0.9847843088664207,0.25205865588458765,0.9822786094972329
1.057,0.928290473236962,1.0,4600.9511572344945,0.9999931652973589,0.9252672855949898,0.9847750771871954,0.2520411998759524,0.9821907570078418
1.0575,0.927874853983741,1.0,4600.501023569039,0.9999932033487529,0.9250827380655986,0.9847658394696448,0.25202374386731713,0.9821026908936616
1.058,0.9274592347305199,1.0,4600.0498363393035,0.9999932411777525,0.9248981980671737,0.9847565957097953,0.25200628785868184,0.9820144111812581
1.0585,0.9270436154772993,1.0,4599.597595711244,0.9999932787859159,0.9247136655996613,0.9847473459036703,0.25198883185004656,0.9819259178971951
1.059,0.9266279962240783,1.0,4599.144301851107,0.9999933161748011,0.9245291406630081,0.9847380900472913,0.25197137584141127,0.9818372110680357
1.0595,0.9262123769708572,1.0,4598.6899549256,0.9999933533459663,0.9243446232571603,0.984728828136677,0.251953919832776,0.9817482907203412
1.06,0.9257967577176366,1.0,4598.23455510172,0.9999933903009695,0.9241601133820645,0.9847195601678431,0.25193646382414076,0.9816591568806718
1.0605,0.9253811384644156,1.0,4597.778102546754,0.9999934270413686,0.9239756110376671,0.9847102861368039,0.25191900781550547,0.9815698095755865
1.061,0.924965519211195,1.0,4597.320597428539,0.9999934635687218,0.9237911162239146,0.9847010060395703,0.2519015518068702,0.9814802488316425
1.0615,0.9245498999579739,1.0,4596.862039915199,0.9999934998845872,0.9236066289407534,0.9846917198721511,0.2518840957982349,0.9813904746753963
1.062,0.9241342807047529,1.0,4596.402430175276,0.9999935359905228,0.9234221491881299,0.9846824276305524,0.2518666397895996,0.9813004871334023
1.0625,0.9237186614515323,1.0,4595.94176837769,0.9999935718880866,0.9232376769659906,0.9846731293107781,0.2518491837809643,0.9812102862322143
1.063,0.9233030421983112,1.0,4595.480054691821,0.9999936075788367,0.9230532122742818,0.9846638249088291,0.2518317277723291,0.9811198719983841
1.0635000000000001,0.9228874229450902,1.0,4595.017289286912,0.9999936430643313,0.9228687551129501,0.9846545144207044,0.25181427176369375,0.9810292444584628
1.064,0.9224718036918695,1.0,4594.553472333521,0.9999936783461283,0.9226843054819419,0.9846451978424002,0.2517968157550585,0.9809384036389998
1.0645,0.9220561844386485,1.0,4594.088604001643,0.9999937134257858,0.9224998633812037,0.9846358751699099,0.25177935974642324,0.9808473495665431
1.065,0.9216405651854278,1.0,4593.622684462161,0.999993748304862,0.9223154288106818,0.9846265463992246,0.25176190373778795,0.9807560822676396
1.0655000000000001,0.9212249459322068,1.0,4593.15571388633,0.9999937829849147,0.9221310017703227,0.9846172115263335,0.25174444772915266,0.9806646017688345
1.066,0.9208093266789857,1.0,4592.687692445574,0.9999938174675022,0.9219465822600729,0.984607870547222,0.2517269917205174,0.9805729080966723
1.0665,0.9203937074257651,1.0,4592.218620311857,0.9999938517541823,0.9217621702798788,0.9845985234578745,0.25170953571188215,0.9804810012776956
1.067,0.9199780881725441,1.0,4591.748497657395,0.9999938858465134,0.9215777658296869,0.9845891702542714,0.25169207970324686,0.9803888813384457
1.0675000000000001,0.919562468919323,1.0,4591.277324654862,0.9999939197460533,0.9213933689094433,0.9845798109323917,0.2516746236946116,0.9802965483054628
1.068,0.9191468496661024,1.0,4590.805101477266,0.9999939534543603,0.921208979519095,0.9845704454882114,0.2516571676859763,0.9802040022052857
1.0685,0.9187312304128814,1.0,4590.331828298034,0.9999939869729921,0.921024597658588,0.9845610739177041,0.251639711677341,0.9801112430644519
1.069,0.9183156111596608,1.0,4589.85750529101,0.9999940203035071,0.920840223327869,0.9845516962168405,0.2516222556687058,0.9800182709094972
1.0695000000000001,0.9178999919064397,1.0,4589.382132630157,0.9999940534474633,0.9206558565268843,0.9845423123815896,0.25160479966007043,0.9799250857669567
1.07,0.9174843726532187,1.0,4588.905710490285,0.9999940864064185,0.9204714972555803,0.984532922407917,0.2515873436514352,0.9798316876633636
1.0705,0.917068753399998,1.0,4588.428239046024,0.9999941191819312,0.9202871455139037,0.9845235262917864,0.2515698876427999,0.9797380766252501
1.071,0.916653134146777,1.0,4587.949718472804,0.9999941517755591,0.9201028013018007,0.9845141240291587,0.25155243163416463,0.9796442526791469
1.0715000000000001,0.916237514893556,1.0,4587.470148946264,0.9999941841888603,0.9199184646192177,0.9845047156159921,0.25153497562552934,0.9795502158515833
1.072,0.9158218956403353,1.0,4586.989530642372,0.999994216423393,0.9197341354661013,0.9844953010482428,0.25151751961689406,0.9794559661690875
1.0725,0.9154062763871142,1.0,4586.507863737645,0.9999942484807153,0.9195498138423979,0.9844858803218639,0.2515000636082588,0.9793615036581861
1.073,0.9149906571338936,1.0,4586.025148408801,0.999994280362385,0.9193654997480539,0.9844764534328064,0.25148260759962354,0.9792668283454047
1.0735000000000001,0.9145750378806726,1.0,4585.5413848330245,0.9999943120699605,0.9191811931830157,0.9844670203770183,0.25146515159098826,0.9791719402572672
1.074,0.9141594186274515,1.0,4585.056573187786,0.9999943436049996,0.91899689414723,0.9844575811504457,0.25144769558235297,0.9790768394202963
1.0745,0.9137437993742309,1.0,4584.5707136510155,0.9999943749690605,0.9188126026406429,0.9844481357490316,0.2514302395737177,0.9789815258610136
1.075,0.9133281801210099,1.0,4584.083806401025,0.9999944061637013,0.918628318663201,0.9844386841687166,0.2514127835650824,0.9788859996059389
1.0755000000000001,0.9129125608677888,1.0,4583.595851616493,0.9999944371904799,0.9184440422148508,0.9844292264054388,0.2513953275564471,0.978790260681591
1.076,0.9124969416145682,1.0,4583.10684947648,0.9999944680509544,0.9182597732955387,0.9844197624551344,0.2513778715478119,0.9786943091144874
1.0765,0.9120813223613472,1.0,4582.616800160336,0.9999944987466829,0.918075511905211,0.9844102923137358,0.2513604155391766,0.978598144931144
1.077,0.9116657031081266,1.0,4582.125703847784,0.9999945292792235,0.9178912580438143,0.9844008159771739,0.2513429595305413,0.9785017681580757
1.0775000000000001,0.9112500838549055,1.0,4581.633560719093,0.9999945596501343,0.9177070117112949,0.9843913334413763,0.251325503521906,0.9784051788217955
1.078,0.9108344646016845,1.0,4581.140370954784,0.9999945898609732,0.9175227729075994,0.9843818447022685,0.25130804751327074,0.9783083769488157
1.0785,0.9104188453484638,1.0,4580.646134735745,0.9999946199132984,0.9173385416326743,0.9843723497557738,0.25129059150463545,0.9782113625656469
1.079,0.9100032260952428,1.0,4580.150852243248,0.9999946498086679,0.9171543178864658,0.9843628485978121,0.25127313549600017,0.9781141356987986
1.0795000000000001,0.9095876068420218,1.0,4579.654523659063,0.9999946795486397,0.9169701016689205,0.9843533412243014,0.25125567948736494,0.9780166963747787
1.08,0.9091719875888011,1.0,4579.157149165125,0.9999947091347721,0.9167858929799847,0.9843438276311568,0.25123822347872965,0.9779190446200938
1.0805,0.9087563683355802,1.0,4578.658728943783,0.999994738568623,0.916601691819605,0.984334307814291,0.25122076747009436,0.9778211804612496
1.081,0.9083407490823594,1.0,4578.159263177938,0.9999947678517503,0.9164174981877279,0.9843247817696141,0.2512033114614591,0.9777231039247498
1.0815000000000001,0.9079251298291384,1.0,4577.658752050776,0.9999947969857124,0.9162333120842995,0.9843152494930338,0.2511858554528238,0.9776248150370971
1.082,0.9075095105759174,1.0,4577.157195745774,0.999994825972067,0.9160491335092665,0.984305710980455,0.2511683994441885,0.9775263138247928
1.0825,0.9070938913226967,1.0,4576.6545944469135,0.9999948548123725,0.9158649624625754,0.9842961662277805,0.2511509434355533,0.9774276003143373
1.083,0.9066782720694757,1.0,4576.150948338382,0.9999948835081868,0.9156807989441725,0.9842866152309095,0.251133487426918,0.9773286745322288
1.0835000000000001,0.9062626528162547,1.0,4575.646257604866,0.9999949120610678,0.9154966429540043,0.9842770579857402,0.2511160314182827,0.9772295365049648
1.084,0.9058470335630341,1.0,4575.140522431473,0.999994940472574,0.9153124944920172,0.9842674944881667,0.2510985754096474,0.9771301862590415
1.0845,0.905431414309813,1.0,4574.633743003601,0.999994968744263,0.9151283535581577,0.9842579247340812,0.25108111940101213,0.9770306238209532
1.085,0.9050157950565924,1.0,4574.125919506935,0.9999949968776931,0.9149442201523723,0.9842483487193738,0.25106366339237685,0.9769308492171935
1.0855000000000001,0.9046001758033714,1.0,4573.617052127922,0.9999950248744224,0.9147600942746071,0.9842387664399317,0.2510462073837416,0.9768308624742542
1.086,0.9041845565501503,1.0,4573.107141052787,0.9999950527360087,0.914575975924809,0.9842291778916388,0.25102875137510633,0.9767306636186263
1.0865,0.9037689372969296,1.0,4572.596186468553,0.9999950804640104,0.9143918651029241,0.9842195830703775,0.25101129536647104,0.9766302526767987
1.087,0.9033533180437087,1.0,4572.084109318181,0.9999951072254137,0.9142077623654422,0.9842099819752285,0.25099383935783576,0.976529629979769
1.0875000000000001,0.9029376987904876,1.0,4571.570926575821,0.999995133191238,0.9140236675945026,0.9842003746011808,0.25097638334920047,0.9764287954913885
1.088,0.9025220795372669,1.0,4571.056703465329,0.9999951590457326,0.9138395803333208,0.9841907609414166,0.2509589273405652,0.9763277489887172
1.0885,0.902106460284046,1.0,4570.541440066245,0.9999951847891682,0.9136555005826046,0.9841811409918063,0.2509414713319299,0.976226490498595
1.089,0.9016908410308253,1.0,4570.025136458768,0.9999952104218158,0.9134714283430619,0.9841715147482176,0.25092401532329467,0.976125020047864
1.0895,0.9012752217776042,1.0,4569.507792723069,0.9999952359439466,0.9132873636154011,0.9841618822065166,0.2509065593146594,0.9760233376633685
1.09,0.9008596025243832,1.0,4568.989408940055,0.9999952613558314,0.9131033064003298,0.9841522433625658,0.2508891033060241,0.9759214433719549
1.0905,0.9004439832711626,1.0,4568.469985190947,0.999995286657741,0.9129192566985562,0.9841425982122258,0.2508716472973888,0.9758193372004721
1.091,0.9000283640179415,1.0,4567.949521557365,0.9999953118499466,0.9127352145107883,0.984132946751354,0.2508541912887535,0.9757170191757712
1.0915,0.8996127447647209,1.0,4567.42801812133,0.999995336932719,0.9125511798377341,0.984123288975806,0.2508367352801183,0.9756144893247056
1.092,0.8991971255114999,1.0,4566.9054749651705,0.9999953619063292,0.9123671526801015,0.9841136248814346,0.250819279271483,0.9755117476741306
1.0925,0.8987815062582788,1.0,4566.381892171703,0.9999953867710482,0.9121831330385987,0.9841039544640894,0.2508018232628477,0.9754087942509041
1.093,0.8983658870050582,1.0,4565.857269824227,0.9999954115271469,0.9119991209139334,0.9840942777196181,0.25078436725421244,0.9753056290818861
1.0935,0.8979502677518372,1.0,4565.331608006187,0.9999954361748962,0.9118151163068139,0.9840845946438659,0.25076691124557715,0.9752022521939389
1.094,0.8975346484986161,1.0,4564.804906801764,0.9999954607145671,0.9116311192179479,0.9840749052326748,0.25074945523694186,0.9750986636139268
1.0945,0.8971190292453954,1.0,4564.2771662952,0.9999954851464307,0.9114471296480438,0.9840652094818851,0.2507319992283066,0.9749948633687169
1.095,0.8967034099921745,1.0,4563.748386571478,0.9999955094707578,0.9112631475978092,0.9840555073873335,0.25071454321967135,0.974890851485178
1.0955,0.8962877907389538,1.0,4563.218567715633,0.9999955336878192,0.9110791730679524,0.9840457989448547,0.25069708721103606,0.9747866279901812
1.096,0.8958721714857327,1.0,4562.687709813282,0.9999955577978863,0.9108952060591812,0.984036084150281,0.2506796312024008,0.9746821929106002
1.0965,0.8954565522325117,1.0,4562.155812950428,0.9999955818012296,0.9107112465722036,0.9840263629994418,0.2506621751937655,0.9745775462733105
1.097,0.8950409329792911,1.0,4561.6228772134855,0.9999956056981203,0.9105272946077279,0.984016635488164,0.2506447191851302,0.9744726881051903
1.0975,0.89462531372607,1.0,4561.088902689304,0.9999956294888293,0.9103433501664617,0.9840069016122718,0.2506272631764949,0.9743676184331196
1.098,0.894209694472849,1.0,4560.553889465007,0.9999956531736275,0.9101594132491132,0.9839971613675871,0.25060980716785963,0.9742623372839808
1.0985,0.8937940752196284,1.0,4560.01783762829,0.999995676752786,0.9099754838563905,0.9839874147499289,0.2505923511592244,0.9741568446846588
1.099,0.8933784559664073,1.0,4559.480747267035,0.9999957002265756,0.9097915619890014,0.9839776617551138,0.2505748951505891,0.9740511406620402
1.0995,0.8929628367131867,1.0,4558.942618469653,0.9999957235952673,0.909607647647654,0.9839679023789559,0.25055743914195383,0.9739452252430144
1.1,0.8925472174599657,1.0,4558.403451324994,0.9999957468591321,0.9094237408330562,0.9839581366172665,0.25053998313331854,0.9738390984544727
1.1005,0.8921315982067446,1.0,4557.863245922231,0.9999957700184409,0.9092398415459162,0.9839483644658541,0.25052252712468326,0.9737327603233087
1.101,0.891715978953524,1.0,4557.322002351057,0.9999957930734646,0.9090559497869419,0.9839385859205253,0.25050507111604803,0.9736262108764183
1.1015,0.891300359700303,1.0,4556.779720701273,0.9999958160244743,0.9088720655568413,0.9839288009770837,0.25048761510741274,0.9735194501406995
1.102,0.8908847404470819,1.0,4556.236401063422,0.9999958388717409,0.9086881888563223,0.9839190096313298,0.25047015909877746,0.9734124781430528
1.1025,0.8904691211938612,1.0,4555.692043528275,0.9999958616155353,0.908504319686093,0.9839092118790627,0.25045270309014217,0.9733052949103805
1.103,0.8900535019406403,1.0,4555.146648187005,0.9999958842561285,0.9083204580468616,0.9838994077160776,0.2504352470815069,0.9731979004695878
1.1035,0.8896378826874196,1.0,4554.600215131271,0.9999959067937914,0.9081366039393357,0.9838895971381683,0.2504177910728716,0.9730902948475814
1.104,0.8892222634341985,1.0,4554.052744453095,0.999995929228795,0.9079527573642234,0.9838797801411248,0.2504003350642363,0.9729824780712707
1.1045,0.8888066441809775,1.0,4553.504236244894,0.9999959515614103,0.907768918322233,0.9838699567207356,0.2503828790556011,0.9728744501675672
1.105,0.8883910249277569,1.0,4552.954690599363,0.9999959737919082,0.9075850868140722,0.983860126872786,0.2503654230469658,0.9727662111633847
1.1055,0.8879754056745358,1.0,4552.404107609769,0.9999959959205597,0.9074012628404492,0.9838502905930586,0.2503479670383305,0.9726577610856391
1.106,0.8875597864213148,1.0,4551.852487369737,0.9999960179476356,0.9072174464020718,0.9838404478773337,0.2503305110296952,0.9725490999612487
1.1065,0.8871441671680942,1.0,4551.299829973337,0.999996039873407,0.9070336374996482,0.983830598721389,0.25031305502105994,0.9724402278171338
1.107,0.8867285479148731,1.0,4550.746135514914,0.9999960616981448,0.9068498361338863,0.9838207431209993,0.25029559901242465,0.9723311446802173
1.1075,0.8863129286616525,1.0,4550.191404089343,0.99999608342212,0.906666042305494,0.9838108810719371,0.2502781430037894,0.9722218505774239
1.108,0.8858973094084315,1.0,4549.635635791773,0.9999961050456035,0.9064822560151794,0.9838010125699724,0.25026068699515414,0.9721123455356809
1.1085,0.8854816901552105,1.0,4549.078830717882,0.9999961265688663,0.9062984772636505,0.9837911376108718,0.25024323098651885,0.9720026295819176
1.109,0.8850660709019897,1.0,4548.52098896367,0.9999961479921794,0.9061147060516155,0.9837812561904002,0.25022577497788356,0.9718927027430658
1.1095,0.8846504516487688,1.0,4547.962110625534,0.9999961693158136,0.9059309423797821,0.9837713683043195,0.2502083189692483,0.9717825650460591
1.11,0.8842348323955478,1.0,4547.402195800405,0.99999619054004,0.9057471862488583,0.9837614739483892,0.250190862960613,0.9716722165178335
1.1105,0.883819213142327,1.0,4546.841244585446,0.9999962116651294,0.9055634376595524,0.9837515731183655,0.2501734069519777,0.9715616571853276
1.111,0.883403593889106,1.0,4546.279257078351,0.999996232691353,0.9053796966125721,0.9837416658100027,0.2501559509433424,0.9714508870754819
1.1115,0.8829879746358854,1.0,4545.716233377216,0.9999962536189814,0.9051959631086255,0.9837317520190525,0.2501384949347072,0.9713399062152388
1.112,0.8825723553826644,1.0,4545.152173580287,0.9999962744482859,0.9050122371484206,0.9837218317412633,0.2501210389260719,0.9712287146315437
1.1125,0.8821567361294433,1.0,4544.58707778651,0.9999962951795373,0.9048285187326656,0.9837119049723815,0.2501035829174366,0.9711173123513438
1.113,0.8817411168762227,1.0,4544.020946095193,0.9999963158130065,0.9046448078620681,0.9837019717081508,0.25008612690880133,0.9710056994015883
1.1135,0.8813254976230017,1.0,4543.453778605917,0.9999963363489646,0.9044611045373365,0.983692031944312,0.25006867090016605,0.9708938758092291
1.114,0.8809098783697806,1.0,4542.885575418841,0.9999963567876824,0.9042774087591784,0.9836820856766035,0.25005121489153076,0.9707818416012199
1.1145,0.88049425911656,1.0,4542.316336634398,0.999996377129431,0.9040937205283022,0.9836721329007609,0.25003375888289553,0.9706695968045171
1.115,0.880078639863339,1.0,4541.746062353299,0.9999963973744812,0.9039100398454157,0.9836621736125175,0.25001630287426024,0.9705571414460791
1.1155,0.8796630206101184,1.0,4541.174752676996,0.9999964175231041,0.903726366711227,0.9836522078076038,0.24999884686562496,0.9704444755528663
1.116,0.8792474013568973,1.0,4540.602407707095,0.9999964375755706,0.9035427011264439,0.983642235481747,0.24998139085698967,0.9703315991518414
1.1165,0.8788317821036763,1.0,4540.029027545689,0.9999964575321515,0.9033590430917745,0.983632256630673,0.24996393484835439,0.9702185122699697
1.117,0.8784161628504557,1.0,4539.454612295358,0.999996477393118,0.9031753926079269,0.9836222712501039,0.24994647883971913,0.9701052149342184
1.1175,0.8780005435972346,1.0,4538.879162058794,0.999996497158741,0.902991749675609,0.9836122793357599,0.24992902283108384,0.969991707171557
1.118,0.8775849243440136,1.0,4538.30267693943,0.9999965168292914,0.9028081142955289,0.9836022808833582,0.24991156682244856,0.9698779890089574
1.1185,0.8771693050907929,1.0,4537.72515704102,0.99999653640504,0.9026244864683944,0.9835922758886131,0.2498941108138133,0.9697640604733931
1.119,0.8767536858375719,1.0,4537.146602467469,0.999996555886258,0.9024408661949138,0.9835822643472371,0.249876654805178,0.9696499215918408
1.1195,0.8763380665843512,1.0,4536.567013323469,0.9999965752732163,0.9022572534757949,0.9835722462549391,0.24985919879654275,0.9695355723912786
1.12,0.8759224473311302,1.0,4535.98638971386,0.9999965945661858,0.9020736483117455,0.9835622216074262,0.24984174278790747,0.9694210128986872
1.1205,0.8755068280779091,1.0,4535.404731743893,0.9999966137654375,0.901890050703474,0.9835521904004023,0.24982428677927218,0.9693062431410494
1.121,0.8750912088246885,1.0,4534.822039519429,0.9999966328712423,0.9017064606516884,0.9835421526295687,0.24980683077063692,0.9691912631453505
1.1215,0.8746755895714675,1.0,4534.23831314653,0.9999966518838712,0.9015228781570964,0.9835321082906243,0.24978937476200164,0.9690760729385776
1.122,0.8742599703182464,1.0,4533.653552731743,0.9999966708035951,0.9013393032204061,0.9835220573792653,0.24977191875336635,0.9689606725477201
1.1225,0.8738443510650258,1.0,4533.0677583820225,0.999996689630685,0.9011557358423256,0.9835119998911852,0.24975446274473107,0.96884506199977
1.123,0.8734287318118048,1.0,4532.4809302047315,0.9999967083654119,0.9009721760235628,0.9835019358220746,0.2497370067360958,0.9687292413217212
1.1235,0.8730131125585842,1.0,4531.8930683075505,0.9999967270080465,0.9007886237648258,0.9834918651676217,0.24971955072746052,0.9686132105405699
1.124,0.8725974933053631,1.0,4531.304172798696,0.9999967455588602,0.9006050790668224,0.9834817879235122,0.24970209471882523,0.9684969696833143
1.1245,0.8721818740521421,1.0,4530.714243786744,0.9999967640181235,0.9004215419302609,0.983471704085429,0.24968463871018998,0.9683805187769554
1.125,0.8717662547989214,1.0,4530.123281380599,0.9999967823861077,0.9002380123558492,0.9834616136490519,0.2496671827015547,0.9682638578484959
1.1255,0.8713506355457004,1.0,4529.531285689738,0.9999968006630836,0.9000544903442952,0.983451516610059,0.2496497266929194,0.9681469869249407
1.1260000000000001,0.8709350162924794,1.0,4528.938256823915,0.9999968188493221,0.8998709758963068,0.983441412964125,0.24963227068428412,0.9680299060332973
1.1265,0.8705193970392587,1.0,4528.344194893338,0.9999968369450942,0.8996874690125922,0.9834313027069223,0.24961481467564886,0.9679126152005751
1.127,0.8701037777860376,1.0,4527.749100008533,0.9999968549506709,0.8995039696938595,0.9834211858341199,0.24959735866701357,0.967795114453786
1.1275,0.869688158532817,1.0,4527.152972280605,0.9999968728663232,0.8993204779408165,0.9834110623413852,0.24957990265837832,0.9676774038199438
1.1280000000000001,0.869272539279596,1.0,4526.555811820855,0.9999968906923219,0.8991369937541711,0.9834009322243825,0.24956244664974303,0.9675594833260647
1.1285,0.8688569200263749,1.0,4525.957618741157,0.9999969084289381,0.8989535171346317,0.9833907954787731,0.24954499064110774,0.9674413529991672
1.129,0.8684413007731543,1.0,4525.358393153794,0.9999969260764426,0.8987700480829058,0.9833806521002161,0.24952753463247246,0.9673230128662718
1.1295,0.8680256815199333,1.0,4524.758135171376,0.9999969436351065,0.8985865865997019,0.9833705020843677,0.2495100786238372,0.9672044629544013
1.1300000000000001,0.8676100622667122,1.0,4524.1568449069555,0.9999969611052006,0.8984031326857276,0.9833603454268818,0.24949262261520191,0.9670857032905807
1.1305,0.8671944430134916,1.0,4523.5545224739135,0.9999969784869961,0.8982196863416911,0.9833501821234085,0.24947516660656666,0.9669667339018376
1.131,0.8667788237602706,1.0,4522.951167986208,0.9999969957807637,0.8980362475683004,0.9833400121695968,0.24945771059793137,0.9668475548152011
1.1315,0.86636320450705,1.0,4522.346781557989,0.9999970129867745,0.8978528163662635,0.9833298355610923,0.24944025458929608,0.9667281660577032
1.1320000000000001,0.8659475852538289,1.0,4521.74136330403,0.9999970301052994,0.8976693927362882,0.9833196522935372,0.2494227985806608,0.9666085676563775
1.1325,0.8655319660006079,1.0,4521.134913339344,0.9999970471366094,0.8974859766790828,0.9833094623625726,0.2494053425720255,0.9664887596382603
1.133,0.8651163467473872,1.0,4520.527431779602,0.9999970640809753,0.8973025681953551,0.9832992657638353,0.24938788656339025,0.96636874203039
1.1335,0.8647007274941662,1.0,4519.918918740423,0.9999970809386683,0.8971191672858132,0.9832890624929606,0.24937043055475497,0.9662485148598071
1.1340000000000001,0.8642851082409452,1.0,4519.309374338296,0.9999970977099591,0.8969357739511651,0.9832788525455806,0.24935297454611968,0.9661280781535544
1.1345,0.8638694889877245,1.0,4518.698798689993,0.999997114395119,0.8967523881921187,0.9832686359173245,0.24933551853748442,0.9660074319386768
1.135,0.8634538697345034,1.0,4518.087191912444,0.9999971309944186,0.8965690100093822,0.9832584126038199,0.24931806252884914,0.9658865762422216
1.1355,0.8630382504812828,1.0,4517.474554123362,0.999997147508129,0.8963856394036633,0.98324818260069,0.24930060652021388,0.9657655110912382
1.1360000000000001,0.8626226312280618,1.0,4516.86088544058,0.999997163936521,0.8962022763756703,0.983237945903557,0.2492831505115786,0.9656442365127783
1.1365,0.8622070119748408,1.0,4516.246185982504,0.999997180279866,0.896018920926111,0.983227702508039,0.2492656945029433,0.9655227525338955
1.137,0.8617913927216201,1.0,4515.630455867911,0.9999971965384343,0.8958355730556935,0.9832174524097529,0.24924823849430805,0.9654010591816462
1.1375,0.8613757734683991,1.0,4515.013695215943,0.9999972127124974,0.8956522327651258,0.9832071956043115,0.24923078248567276,0.9652791564830884
1.1380000000000001,0.8609601542151781,1.0,4514.395904146149,0.9999972288023261,0.8954689000551158,0.9831969320873254,0.24921332647703748,0.9651570444652826
1.1385,0.8605445349619574,1.0,4513.777082778536,0.9999972448081912,0.8952855749263717,0.9831866618544031,0.2491958704684022,0.9650347231552917
1.139,0.8601289157087364,1.0,4513.157231233558,0.9999972607303639,0.8951022573796014,0.9831763849011498,0.2491784144597669,0.9649121925801805
1.1395,0.8597132964555158,1.0,4512.536349632081,0.9999972765691149,0.8949189474155128,0.9831661012231678,0.24916095845113165,0.9647894527670161
1.1400000000000001,0.8592976772022948,1.0,4511.914438095209,0.9999972923247152,0.894735645034814,0.9831558108160574,0.2491435024424964,0.9646665037428677
1.1405,0.8588820579490737,1.0,4511.291496744547,0.999997307997436,0.8945523502382129,0.9831455136754155,0.2491260464338611,0.964543345534807
1.141,0.858466438695853,1.0,4510.66752570223,0.999997323587548,0.8943690630264177,0.9831352097968371,0.24910859042522582,0.9644199781699078
1.1415,0.8580508194426321,1.0,4510.042525090638,0.9999973390953223,0.8941857834001363,0.9831248991759135,0.24909113441659053,0.964296401675246
1.1420000000000001,0.857635200189411,1.0,4509.41649503273,0.9999973545210297,0.8940025113600766,0.9831145818082344,0.24907367840795525,0.9641726160778996
1.1425,0.8572195809361903,1.0,4508.789435651707,0.9999973698649413,0.8938192469069467,0.9831042576893858,0.24905622239932,0.9640486214049492
1.143,0.8568039616829694,1.0,4508.161347071264,0.9999973851273279,0.8936359900414547,0.9830939268149516,0.2490387663906847,0.9639244176834773
1.1435,0.8563883424297487,1.0,4507.532229415507,0.9999974003084606,0.8934527407643084,0.9830835891805128,0.24902131038204944,0.9638000049405686
1.1440000000000001,0.8559727231765276,1.0,4506.902082808911,0.9999974154086104,0.8932694990762158,0.9830732447816477,0.24900385437341416,0.9636753832033103
1.1445,0.8555571039233066,1.0,4506.270907376404,0.9999974304280481,0.8930862649778851,0.9830628936139322,0.24898639836477887,0.9635505524987915
1.145,0.855141484670086,1.0,4505.638703243368,0.9999974453670447,0.8929030384700243,0.9830525356729387,0.2489689423561436,0.9634255128541036
1.1455,0.8547258654168649,1.0,4505.005470535426,0.9999974602258711,0.8927198195533411,0.9830421709542375,0.24895148634750833,0.9633002642963403
1.1460000000000001,0.8543102461636439,1.0,4504.37120937887,0.9999974750047984,0.8925366082285437,0.9830317994533967,0.24893403033887304,0.9631748068525973
1.1465,0.8538946269104233,1.0,4503.735919900187,0.9999974897040974,0.8923534044963403,0.9830214211659803,0.24891657433023778,0.9630491405499728
1.147,0.8534790076572022,1.0,4503.099602226276,0.9999975043240392,0.8921702083574387,0.9830110360875509,0.2488991183216025,0.9629232654155669
1.1475,0.8530633884039815,1.0,4502.462256484622,0.9999975188648947,0.8919870198125467,0.9830006442136675,0.2488816623129672,0.9627971814764822
1.1480000000000001,0.8526477691507606,1.0,4501.823882803032,0.9999975333269348,0.8918038388623726,0.9829902455398868,0.24886420630433193,0.9626708887598232
1.1485,0.8522321498975395,1.0,4501.184481309642,0.9999975477104305,0.8916206655076243,0.9829798400617628,0.24884675029569664,0.9625443872926969
1.149,0.8518165306443188,1.0,4500.544052133172,0.9999975620156527,0.8914374997490098,0.9829694277748469,0.24882929428706138,0.9624176771022122
1.1495,0.8514009113910979,1.0,4499.902595402537,0.9999975762428724,0.8912543415872372,0.9829590086746872,0.2488118382784261,0.9622907582154806
1.1500000000000001,0.8509852921378768,1.0,4499.260111247283,0.9999975903923606,0.8910711910230141,0.9829485827568295,0.2487943822697908,0.9621636306596152
1.1505,0.8505696728846561,1.0,4498.616599797235,0.9999976044643881,0.8908880480570491,0.982938150016817,0.24877692626115555,0.9620362944617321
1.151,0.8501540536314351,1.0,4497.972061182634,0.9999976184592261,0.8907049126900499,0.9829277104501897,0.24875947025252027,0.9619087496489489
1.1515,0.8497384343782145,1.0,4497.3264955341765,0.9999976323771453,0.8905217849227245,0.9829172640524856,0.248742014243885,0.9617809962483859
1.1520000000000001,0.8493228151249934,1.0,4496.679902983011,0.9999976462184169,0.8903386647557807,0.9829068108192394,0.24872455823524972,0.961653034287165
1.1525,0.8489071958717724,1.0,4496.032283660577,0.9999976599833116,0.8901555521899269,0.9828963507459829,0.24870710222661443,0.9615248637924111
1.153,0.8484915766185518,1.0,4495.3836376988065,0.9999976736721005,0.889972447225871,0.9828858838282459,0.24868964621797918,0.9613964847912508
1.1535,0.8480759573653307,1.0,4494.733965230049,0.9999976872850546,0.8897893498643208,0.9828754100615551,0.2486721902093439,0.9612678973108129
1.154,0.8476603381121101,1.0,4494.083266387063,0.9999977008224447,0.8896062601059844,0.982864929441434,0.2486547342007086,0.9611391013782284
1.1545,0.8472447188588891,1.0,4493.4315413030245,0.9999977142845418,0.8894231779515698,0.9828544419634042,0.24863727819207332,0.9610100970206308
1.155,0.846829099605668,1.0,4492.778790111435,0.9999977276716169,0.889240103401785,0.9828439476229839,0.24861982218343803,0.9608808842651554
1.1555,0.8464134803524473,1.0,4492.125012946383,0.999997740983941,0.8890570364573381,0.982833446415689,0.24860236617480277,0.96075146313894
1.156,0.8459978610992264,1.0,4491.47020994224,0.9999977542217849,0.8888739771189371,0.9828229383370325,0.24858491016616752,0.9606218336691247
1.1565,0.8455822418460053,1.0,4490.814381233793,0.9999977673854198,0.8886909253872898,0.9828124233825244,0.24856745415753223,0.9604919958828511
1.157,0.8451666225927846,1.0,4490.157526956242,0.9999977804751164,0.8885078812631043,0.9828019015476723,0.24854999814889694,0.9603619498072639
1.1575,0.8447510033395637,1.0,4489.49964724533,0.9999977934911458,0.8883248447470887,0.982791372827981,0.24853254214026166,0.9602316954695095
1.158,0.844335384086343,1.0,4488.8407422370865,0.9999978064337789,0.8881418158399509,0.9827808372189528,0.2485150861316264,0.9601012328967364
1.1585,0.8439197648331219,1.0,4488.180812067912,0.9999978193032867,0.8879587945423989,0.9827702947160865,0.24849763012299111,0.9599705621160958
1.159,0.8435041455799009,1.0,4487.519856874792,0.9999978320999401,0.8877757808551408,0.9827597453148789,0.24848017411435583,0.9598396831547404
1.1595,0.8430885263266803,1.0,4486.8578767949575,0.99999784482401,0.8875927747788844,0.9827491890108239,0.24846271810572057,0.959708596039826
1.16,0.8426729070734592,1.0,4486.194871966138,0.9999978574757675,0.887409776314338,0.9827386257994124,0.24844526209708528,0.9595773007985096
1.1605,0.8422572878202382,1.0,4485.530842526519,0.9999978700554835,0.8872267854622092,0.9827280556761324,0.24842780608845,0.959445797457951
1.161,0.8418416685670176,1.0,4484.865788614621,0.9999978825634289,0.8870438022232064,0.98271747863647,0.24841035007981474,0.9593140860453122
1.1615,0.8414260493137965,1.0,4484.199710369332,0.9999978949998747,0.8868608265980376,0.9827068946759074,0.24839289407117945,0.9591821665877572
1.162,0.8410104300605759,1.0,4483.532607930211,0.9999979073650919,0.8866778585874104,0.9826963037899251,0.2483754380625442,0.9590500391124523
1.1625,0.8405948108073549,1.0,4482.864481436854,0.9999979196593513,0.886494898192033,0.9826857059740002,0.2483579820539089,0.9589177036465658
1.163,0.8401791915541339,1.0,4482.195331029522,0.999997931882924,0.8863119454126136,0.982675101223607,0.24834052604527362,0.9587851602172687
1.1635,0.8397635723009131,1.0,4481.525156848895,0.9999979440360808,0.88612900024986,0.9826644895342176,0.24832307003663834,0.9586524088517334
1.164,0.8393479530476922,1.0,4480.8539590359815,0.9999979561190928,0.8859460627044802,0.9826538709013009,0.24830561402800305,0.9585194495771353
1.1645,0.8389323337944712,1.0,4480.181737732334,0.999997968132231,0.8857631327771822,0.9826432453203231,0.2482881580193678,0.9583862824206515
1.165,0.8385167145412504,1.0,4479.508493079627,0.9999979800757662,0.8855802104686741,0.9826326127867477,0.2482707020107325,0.9582529074094613
1.1655,0.8381010952880295,1.0,4478.834225220286,0.9999979919499695,0.8853972957796639,0.9826219732960355,0.24825324600209722,0.9581193245707467
1.166,0.8376854760348088,1.0,4478.158934296984,0.9999980037551117,0.8852143887108594,0.9826113268436442,0.24823578999346196,0.9579855339316911
1.1665,0.8372698567815878,1.0,4477.4826204528545,0.9999980154914638,0.8850314892629688,0.9826006734250292,0.24821833398482668,0.9578515355194807
1.167,0.8368542375283667,1.0,4476.805283831404,0.9999980271592969,0.8848485974367002,0.9825900130356428,0.2482008779761914,0.9577173293613038
1.1675,0.8364386182751461,1.0,4476.12692457664,0.9999980387588817,0.8846657132327613,0.9825793456709347,0.24818342196755613,0.9575829154843506
1.168,0.8360229990219251,1.0,4475.447542832818,0.9999980502904894,0.8844828366518603,0.982568671326352,0.24816596595892085,0.9574482939158139
1.1685,0.835607379768704,1.0,4474.767138744862,0.9999980617543908,0.8842999676947051,0.9825579899973385,0.24814850995028556,0.9573134646828881
1.169,0.8351917605154834,1.0,4474.085712457947,0.9999980731508569,0.8841171063620038,0.9825473016793356,0.2481310539416503,0.9571784278127706
1.1695,0.8347761412622624,1.0,4473.403264117579,0.9999980844801586,0.8839342526544643,0.982536606367782,0.24811359793301502,0.9570431833326604
1.17,0.8343605220090418,1.0,4472.719793869934,0.9999980957425669,0.8837514065727947,0.9825259040581132,0.24809614192437973,0.9569077312697587
1.1705,0.8339449027558207,1.0,4472.035301861394,0.9999981069383528,0.8835685681177029,0.9825151947457627,0.24807868591574445,0.9567720716512692
1.171,0.8335292835025997,1.0,4471.349788238844,0.9999981180677873,0.8833857372898971,0.9825044784261604,0.2480612299071092,0.9566362045043977
1.1715,0.833113664249379,1.0,4470.663253149671,0.9999981291311412,0.8832029140900851,0.9824937550947335,0.24804377389847393,0.9565001298563519
1.172,0.832698044996158,1.0,4469.975696741382,0.9999981401286854,0.8830200985189749,0.9824830247469074,0.24802631788983864,0.956363847734342
1.1725,0.832282425742937,1.0,4469.287119162244,0.9999981510606911,0.8828372905772746,0.9824722873781034,0.24800886188120336,0.9562273581655804
1.173,0.8318668064897163,1.0,4468.5975205607665,0.9999981619274291,0.8826544902656921,0.9824615429837407,0.24799140587256807,0.9560906611772814
1.1735,0.8314511872364952,1.0,4467.906901085882,0.9999981727291704,0.8824716975849356,0.982450791559236,0.24797394986393279,0.9559537567966618
1.174,0.8310355679832746,1.0,4467.215260887066,0.9999981834661859,0.8822889125357128,0.9824400331000024,0.24795649385529753,0.9558166450509405
1.1745,0.8306199487300536,1.0,4466.522600113959,0.9999981941387466,0.8821061351187319,0.9824292676014506,0.24793903784666224,0.9556793259673384
1.175,0.8302043294768325,1.0,4465.828918916957,0.9999982047471234,0.881923365334701,0.982418495058989,0.24792158183802696,0.9555417995730787
1.1755,0.8297887102236119,1.0,4465.134217446538,0.9999982152915874,0.8817406031843279,0.9824077154680226,0.2479041258293917,0.9554040658953872
1.176,0.8293730909703909,1.0,4464.438495853852,0.9999982257724094,0.8815578486683207,0.9823969288239538,0.2478866698207564,0.955266124961491
1.1765,0.8289574717171698,1.0,4463.74175429038,0.9999982361898604,0.8813751017873872,0.982386135122182,0.24786921381212113,0.95512797679862
1.177,0.8285418524639492,1.0,4463.043992907943,0.9999982465442113,0.8811923625422358,0.9823753343581042,0.24785175780348587,0.9549896214340066
1.1775,0.8281262332107282,1.0,4462.34521185886,0.9999982568357333,0.8810096309335741,0.9823645265271144,0.24783430179485058,0.9548510588948844
1.178,0.8277106139575076,1.0,4461.645411295873,0.999998267064697,0.8808269069621104,0.9823537116246036,0.24781684578621532,0.9547122892084902
1.1785,0.8272949947042865,1.0,4460.944591372139,0.9999982772313736,0.8806441906285525,0.9823428896459606,0.24779938977758004,0.9545733124020621
1.179,0.8268793754510655,1.0,4460.242752241239,0.9999982873360339,0.8804614819336085,0.9823320605865706,0.24778193376894475,0.9544341285028412
1.1795,0.8264637561978448,1.0,4459.539894057129,0.999998297378949,0.8802787808779864,0.9823212244418168,0.24776447776030947,0.9542947375380701
1.18,0.8260481369446238,1.0,4458.836016974225,0.9999983073603897,0.8800960874623941,0.9823103812070789,0.24774702175167418,0.9541551395349941
1.1805,0.8256325176914028,1.0,4458.131121147407,0.999998317280627,0.8799134016875397,0.982299530877734,0.24772956574303892,0.9540153345208604
1.181,0.8252168984381821,1.0,4457.425206731806,0.9999983271399321,0.8797307235541313,0.982288673449157,0.24771210973440363,0.9538753225229184
1.1815,0.824801279184961,1.0,4456.718273883141,0.9999983369385755,0.8795480530628766,0.9822778089167191,0.24769465372576835,0.9537351035684197
1.182,0.8243856599317404,1.0,4456.010322757551,0.9999983466768285,0.879365390214484,0.9822669372757893,0.2476771977171331,0.9535946776846183
1.1825,0.8239700406785194,1.0,4455.301353511469,0.999998356354962,0.879182735009661,0.9822560585217335,0.2476597417084978,0.9534540448987698
1.183,0.8235544214252983,1.0,4454.591366301833,0.9999983659732469,0.8790000874491162,0.9822451726499147,0.24764228569986252,0.9533132052381329
1.1835,0.8231388021720777,1.0,4453.880361286041,0.9999983755319541,0.8788174475335571,0.9822342796556934,0.24762482969122726,0.9531721587299675
1.184,0.8227231829188567,1.0,4453.168338621789,0.9999983850313546,0.878634815263692,0.9822233795344273,0.24760737368259197,0.9530309054015365
1.1845,0.8223075636656356,1.0,4452.4552984672755,0.9999983944717195,0.8784521906402286,0.982212472281471,0.2475899176739567,0.9528894452801042
1.185,0.821891944412415,1.0,4451.741240981204,0.9999984038533195,0.8782695736638753,0.9822015578921764,0.24757246166532143,0.9527477783929379
1.1855,0.821476325159194,1.0,4451.026166322446,0.9999984131764257,0.8780869643353397,0.9821906363618927,0.24755500565668614,0.9526059047673063
1.186,0.8210607059059734,1.0,4450.310074650547,0.999998422441309,0.8779043626553302,0.9821797076859662,0.24753754964805086,0.9524638244304812
1.1865,0.8206450866527523,1.0,4449.592966125391,0.9999984316482404,0.8777217686245544,0.98216877185974,0.24752009363941557,0.9523215374097354
1.187,0.8202294673995313,1.0,4448.87484090728,0.9999984407974909,0.8775391822437206,0.9821578288785553,0.24750263763078031,0.9521790437323449
1.1875,0.8198138481463106,1.0,4448.155699156855,0.9999984498893313,0.8773566035135367,0.9821468787377494,0.24748518162214506,0.9520363434255873
1.188,0.8193982288930896,1.0,4447.435541035222,0.9999984589240327,0.8771740324347108,0.9821359214326577,0.24746772561350977,0.9518934365167427
1.1885000000000001,0.8189826096398686,1.0,4446.714366704074,0.999998467901866,0.8769914690079506,0.9821249569586123,0.24745026960487448,0.9517503230330931
1.189,0.8185669903866479,1.0,4445.992176325231,0.9999984768231022,0.8768089132339644,0.9821139853109426,0.2474328135962392,0.9516070030019231
1.1895,0.8181513711334268,1.0,4445.268970061192,0.9999984856880121,0.8766263651134601,0.982103006484975,0.2474153575876039,0.951463476450519
1.19,0.8177357518802062,1.0,4444.54474807483,0.9999984944968667,0.8764438246471458,0.9820920204760331,0.24739790157896865,0.9513197434061694
1.1905000000000001,0.8173201326269852,1.0,4443.819510529275,0.9999985032499371,0.8762612918357291,0.9820810272794377,0.24738044557033337,0.9511758038961652
1.191,0.8169045133737642,1.0,4443.093257588206,0.9999985119474942,0.8760787666799186,0.9820700268905073,0.24736298956169808,0.9510316579477995
1.1915,0.8164888941205435,1.0,4442.365989415805,0.9999985205898089,0.8758962491804219,0.9820590193045565,0.24734553355306282,0.9508873055883675
1.192,0.8160732748673225,1.0,4441.6377061765115,0.9999985291771522,0.8757137393379472,0.9820480045168983,0.24732807754442754,0.9507427468451667
1.1925000000000001,0.8156576556141015,1.0,4440.90840803527,0.999998537709795,0.8755312371532021,0.9820369825228419,0.24731062153579225,0.9505979817454961
1.193,0.8152420363608808,1.0,4440.1780951574065,0.9999985461880082,0.8753487426268952,0.982025953317694,0.247293165527157,0.9504530103166582
1.1935,0.8148264171076598,1.0,4439.446767708753,0.999998554612063,0.8751662557597342,0.9820149168967587,0.2472757095185217,0.9503078325859563
1.194,0.8144107978544392,1.0,4438.714425855481,0.9999985629822301,0.8749837765524271,0.9820038732553366,0.24725825350988645,0.9501624485806969
1.1945000000000001,0.8139951786012182,1.0,4437.981069764184,0.9999985712987806,0.8748013050056818,0.9819928223887261,0.24724079750125116,0.9500168583281877
1.195,0.8135795593479971,1.0,4437.246699601923,0.9999985795619852,0.8746188411202065,0.9819817642922225,0.24722334149261588,0.9498710618557398
1.1955,0.8131639400947764,1.0,4436.511315536221,0.9999985877721153,0.8744363848967092,0.9819706989611183,0.2472058854839806,0.9497250591906653
1.196,0.8127483208415555,1.0,4435.774917734943,0.9999985959294415,0.8742539363358977,0.9819596263907034,0.24718842947534533,0.9495788503602791
1.1965000000000001,0.8123327015883344,1.0,4435.037506366418,0.9999986040342348,0.8740714954384801,0.9819485465762644,0.24717097346671005,0.9494324353918981
1.197,0.8119170823351137,1.0,4434.299081599358,0.9999986120867663,0.8738890622051644,0.9819374595130851,0.24715351745807476,0.9492858143128415
1.1975,0.8115014630818927,1.0,4433.55964360298,0.9999986200873069,0.8737066366366587,0.9819263651964469,0.2471360614494395,0.9491389871504307
1.198,0.8110858438286721,1.0,4432.819192546761,0.9999986280361274,0.8735242187336709,0.9819152636216277,0.24711860544080422,0.9489919539319888
1.1985000000000001,0.810670224575451,1.0,4432.077728600809,0.9999986359334989,0.873341808496909,0.9819041547839034,0.24710114943216893,0.9488447146848417
1.199,0.81025460532223,1.0,4431.335251935571,0.9999986437796924,0.8731594059270811,0.9818930386785463,0.24708369342353365,0.9486972694363169
1.1995,0.8098389860690094,1.0,4430.59176272188,0.9999986515749788,0.8729770110248951,0.9818819153008258,0.2470662374148984,0.9485496182137448
1.2,0.8094233668157883,1.0,4429.847261130992,0.999998659319629,0.872794623791059,0.9818707846460093,0.2470487814062631,0.9484017610444572
1.2005000000000001,0.8090077475625673,1.0,4429.101747334667,0.9999986670139139,0.8726122442262808,0.9818596467093605,0.24703132539762782,0.9482536979557885
1.201,0.8085921283093467,1.0,4428.355221505014,0.9999986746581047,0.8724298723312686,0.9818485014861408,0.24701386938899256,0.9481054289750751
1.2015,0.8081765090561256,1.0,4427.607683814559,0.999998682252472,0.8722475081067302,0.981837348971608,0.24699641338035727,0.9479569541296557
1.202,0.807760889802905,1.0,4426.859134436343,0.9999986897972871,0.8720651515533739,0.9818261891610179,0.24697895737172199,0.9478082734468712
1.2025000000000001,0.807345270549684,1.0,4426.109573543782,0.9999986972928208,0.8718828026719074,0.9818150220496229,0.24696150136308673,0.9476593869540644
1.203,0.8069296512964629,1.0,4425.359001310643,0.999998704739344,0.8717004614630389,0.9818038476326728,0.24694404535445144,0.9475102946785805
1.2035,0.8065140320432422,1.0,4424.6074179112775,0.9999987121371278,0.8715181279274764,0.9817926659054143,0.24692658934581618,0.9473609966477669
1.204,0.8060984127900213,1.0,4423.854823520258,0.999998719486443,0.8713358020659278,0.9817814768630913,0.2469091333371809,0.9472114928889729
1.2045000000000001,0.8056827935368002,1.0,4423.101218312747,0.9999987267875606,0.871153483879101,0.9817702805009452,0.2468916773285456,0.94706178342955
1.205,0.8052671742835795,1.0,4422.346602464293,0.9999987340407517,0.8709711733677042,0.9817590768142139,0.24687422131991033,0.9469118682968526
1.2055,0.8048515550303585,1.0,4421.590976150867,0.999998741246287,0.8707888705324455,0.981747865798133,0.24685676531127504,0.9467617475182362
1.206,0.8044359357771379,1.0,4420.834339548829,0.9999987484044376,0.8706065753740326,0.9817366474479347,0.24683930930263978,0.946611421121059
1.2065000000000001,0.8040203165239168,1.0,4420.076692835,0.9999987555154745,0.8704242878931736,0.9817254217588489,0.2468218532940045,0.9464608891326812
1.207,0.8036046972706958,1.0,4419.318036186634,0.9999987625796685,0.8702420080905766,0.981714188726102,0.2468043972853692,0.9463101515804656
1.2075,0.8031890780174752,1.0,4418.5583697813645,0.9999987695972907,0.8700597359669496,0.9817029483449186,0.24678694127673395,0.9461592084917767
1.208,0.8027734587642541,1.0,4417.797693797294,0.999998776568612,0.8698774715230005,0.9816917006105188,0.24676948526809867,0.9460080598939811
1.2085000000000001,0.8023578395110331,1.0,4417.0360084129525,0.9999987834939034,0.8696952147594373,0.9816804455181213,0.24675202925946338,0.9458567058144478
1.209,0.8019422202578125,1.0,4416.273313807297,0.9999987903734356,0.8695129656769681,0.981669183062941,0.24673457325082812,0.9457051462805481
1.2095,0.8015266010045914,1.0,4415.509610159666,0.99999879720748,0.869330724276301,0.9816579132401906,0.24671711724219283,0.9455533813196554
1.21,0.8011109817513707,1.0,4414.744897649871,0.9999988039963071,0.8691484905581437,0.981646636045079,0.24669966123355758,0.9454014109591448
1.2105000000000001,0.8006953624981498,1.0,4413.979176458147,0.9999988107401883,0.8689662645232042,0.9816353514728131,0.2466822052249223,0.9452492352263939
1.211,0.8002797432449287,1.0,4413.212446765075,0.9999988174393942,0.8687840461721908,0.9816240595185968,0.246664749216287,0.9450968541487828
1.2115,0.7998641239917079,1.0,4412.4447087518265,0.9999988240941958,0.8686018355058115,0.9816127601776308,0.24664729320765172,0.9449442677536932
1.212,0.7994485047384869,1.0,4411.675962599837,0.9999988307048643,0.8684196325247739,0.9816014534451128,0.24662983719901643,0.9447914760685092
1.2125000000000001,0.799032885485266,1.0,4410.906208491135,0.9999988372716704,0.8682374372297864,0.981590139316238,0.24661238119038117,0.9446384791206172
1.213,0.7986172662320452,1.0,4410.135446608008,0.9999988437948851,0.8680552496215569,0.9815788177861986,0.2465949251817459,0.9444852769374055
1.2135,0.7982016469788242,1.0,4409.3636771332585,0.9999988502747794,0.8678730697007933,0.9815674888501839,0.2465774691731106,0.9443318695462646
1.214,0.7977860277256037,1.0,4408.590900250112,0.9999988567116243,0.8676908974682036,0.9815561525033798,0.24656001316447534,0.9441782569745873
1.2145000000000001,0.7973704084723825,1.0,4407.817116142141,0.9999988631056906,0.8675087329244959,0.9815448087409704,0.24654255715584006,0.9440244392497686
1.215,0.7969547892191615,1.0,4407.042324993512,0.9999988694572495,0.8673265760703782,0.9815334575581361,0.24652510114720477,0.9438704163992055
1.2155,0.796539169965941,1.0,4406.2665269887375,0.9999988757665718,0.8671444269065585,0.9815220989500545,0.24650764513856951,0.9437161884502973
1.216,0.7961235507127198,1.0,4405.48972231259,0.9999988820339283,0.8669622854337447,0.9815107329119003,0.24649018912993423,0.9435617554304451
1.2165,0.7957079314594993,1.0,4404.711911150645,0.9999988882595902,0.8667801516526449,0.9814993594388455,0.24647273312129897,0.9434071173670526
1.217,0.7952923122062783,1.0,4403.933093688493,0.9999988944438284,0.8665980255639669,0.981487978526059,0.24645527711266368,0.9432522742875254
1.2175,0.7948766929530571,1.0,4403.153270112481,0.9999989005869138,0.866415907168419,0.9814765901687068,0.2464378211040284,0.9430972262192715
1.218,0.7944610736998365,1.0,4402.372440609139,0.9999989066891173,0.8662337964667092,0.9814651943619523,0.2464203650953931,0.942941973189701
1.2185,0.7940454544466156,1.0,4401.590605365632,0.99999891275071,0.8660516934595452,0.9814537911009559,0.24640290908675785,0.9427865152262257
1.219,0.7936298351933946,1.0,4400.807764569473,0.9999989187719628,0.8658695981476352,0.9814423803808744,0.24638545307812257,0.94263085235626
1.2195,0.7932142159401738,1.0,4400.0239184085185,0.9999989247531466,0.8656875105316872,0.9814309621968628,0.2463679970694873,0.9424749846072206
1.22,0.7927985966869529,1.0,4399.2390670711375,0.9999989306945324,0.8655054306124091,0.9814195365440723,0.24635054106085202,0.9423189120065258
1.2205,0.7923829774337321,1.0,4398.453210746045,0.9999989365963912,0.8653233583905091,0.9814081034176518,0.24633308505221674,0.9421626345815968
1.221,0.7919673581805111,1.0,4397.666349622637,0.9999989424589938,0.865141293866695,0.9813966628127468,0.24631562904358145,0.9420061523598562
1.2215,0.7915517389272901,1.0,4396.878483890405,0.9999989482826113,0.864959237041675,0.9813852147245005,0.24629817303494617,0.9418494653687292
1.222,0.7911361196740694,1.0,4396.08961373956,0.9999989540675146,0.8647771879161569,0.9813737591480521,0.2462807170263109,0.9416925736356431
1.2225,0.7907205004208484,1.0,4395.2997393604965,0.9999989598139746,0.8645951464908487,0.9813622960785394,0.24626326101767562,0.941535477188027
1.223,0.7903048811676274,1.0,4394.5088609442,0.9999989655222624,0.8644131127664585,0.9813508255110959,0.24624580500904034,0.9413781760533129
1.2235,0.7898892619144067,1.0,4393.716978682009,0.9999989711926488,0.8642310867436943,0.9813393474408532,0.24622834900040508,0.9412206702589341
1.224,0.7894736426611857,1.0,4392.924092765727,0.999998976825405,0.8640490684232642,0.981327861862939,0.2462108929917698,0.9410629598323269
1.2245,0.7890580234079649,1.0,4392.130203387513,0.9999989824208015,0.863867057805876,0.981316368772479,0.2461934369831345,0.9409050448009288
1.225,0.788642404154744,1.0,4391.335310740239,0.9999989879791097,0.8636850548922377,0.9813048681645956,0.24617598097449925,0.9407469251921803
1.2255,0.788226784901523,1.0,4390.539415016714,0.9999989935006004,0.8635030596830575,0.981293360034408,0.24615852496586396,0.9405886010335237
1.226,0.7878111656483022,1.0,4389.742516410674,0.9999989989855445,0.8633210721790433,0.9812818443770328,0.2461410689572287,0.9404300723524034
1.2265,0.7873955463950812,1.0,4388.9446151159555,0.999999004434213,0.863139092380903,0.981270321187584,0.24612361294859342,0.9402713391762659
1.227,0.7869799271418603,1.0,4388.145711326947,0.9999990098468767,0.8629571202893448,0.9812587904611717,0.24610615693995813,0.9401124015325603
1.2275,0.7865643078886395,1.0,4387.34580523847,0.9999990152238069,0.8627751559050765,0.9812472521929043,0.24608870093132285,0.939953259448737
1.228,0.7861486886354185,1.0,4386.544897045736,0.9999990205652742,0.8625931992288063,0.9812357063778862,0.24607124492268756,0.9397939129522497
1.2285,0.785733069382198,1.0,4385.742986944513,0.9999990258715499,0.862411250261242,0.9812241530112192,0.2460537889140523,0.939634362070553
1.229,0.7853174501289768,1.0,4384.940075130833,0.9999990311429046,0.8622293090030917,0.9812125920880027,0.24603633290541702,0.9394746068311046
1.2295,0.7849018308757558,1.0,4384.136161801157,0.9999990363796095,0.8620473754550634,0.9812010236033325,0.24601887689678173,0.939314647261364
1.23,0.7844862116225353,1.0,4383.331247152673,0.9999990415819354,0.8618654496178652,0.9811894475523016,0.24600142088814647,0.9391544833887929
1.2305,0.7840705923693141,1.0,4382.5253313825415,0.9999990467501534,0.8616835314922049,0.9811778639300002,0.24598396487951119,0.938994115240855
1.231,0.7836549731160931,1.0,4381.718414688686,0.9999990518845343,0.8615016210787906,0.9811662727315157,0.2459665088708759,0.9388335428450163
1.2315,0.7832393538628726,1.0,4380.910497269382,0.9999990569853491,0.8613197183783303,0.9811546739519321,0.24594905286224064,0.9386727662287448
1.232,0.7828237346096514,1.0,4380.101579323333,0.9999990620528688,0.8611378233915321,0.9811430675863313,0.24593159685360536,0.9385117854195111
1.2325,0.7824081153564308,1.0,4379.291661049636,0.9999990670873644,0.8609559361191038,0.9811314536297908,0.2459141408449701,0.9383506004447872
1.233,0.7819924961032099,1.0,4378.480742647863,0.9999990720891068,0.8607740565617534,0.9811198320773867,0.2458966848363348,0.9381892113320477
1.2335,0.7815768768499887,1.0,4377.668824317931,0.9999990770583669,0.8605921847201893,0.9811082029241917,0.24587922882769953,0.9380276181087697
1.234,0.7811612575967681,1.0,4376.855906260401,0.9999990819954158,0.860410320595119,0.9810965661652749,0.24586177281906424,0.9378658208024316
1.2345,0.7807456383435472,1.0,4376.041988676057,0.9999990869005242,0.8602284641872509,0.981084921795703,0.24584431681042898,0.9377038194405146
1.235,0.780330019090326,1.0,4375.227071766159,0.9999990917739633,0.8600466154972926,0.9810732698105398,0.24582686080179367,0.9375416140505017
1.2355,0.7799143998371054,1.0,4374.411155732565,0.9999990966160038,0.8598647745259523,0.9810616102048457,0.24580940479315844,0.9373792046598782
1.236,0.7794987805838844,1.0,4373.594240777192,0.9999991014269171,0.8596829412739382,0.9810499429736792,0.24579194878452315,0.9372165912961318
1.2365,0.7790831613306637,1.0,4372.776327102805,0.9999991062069736,0.859501115741958,0.9810382681120944,0.24577449277588787,0.9370537739867516
1.237,0.7786675420774427,1.0,4371.957414912396,0.9999991109564447,0.8593192979307198,0.9810265856151432,0.24575703676725258,0.9368907527592297
1.2375,0.7782519228242217,1.0,4371.137504409391,0.9999991156756011,0.8591374878409316,0.981014895477875,0.2457395807586173,0.9367275276410596
1.238,0.777836303571001,1.0,4370.316595797731,0.9999991203647138,0.8589556854733015,0.9810031976953354,0.24572212474998203,0.9365640986597377
1.2385,0.77742068431778,1.0,4369.494689281623,0.9999991250240539,0.8587738908285374,0.9809914922625675,0.24570466874134675,0.9364004658427618
1.239,0.777005065064559,1.0,4368.671785065921,0.999999129653892,0.8585921039073473,0.9809797791746114,0.24568721273271146,0.9362366292176325
1.2395,0.7765894458113383,1.0,4367.847883355862,0.9999991342544995,0.8584103247104392,0.980968058426504,0.2456697567240762,0.9360725888118518
1.24,0.7761738265581173,1.0,4367.022984356962,0.9999991388261471,0.8582285532385212,0.9809563300132793,0.24565230071544092,0.9359083446529247
1.2405,0.7757582073048965,1.0,4366.197088275248,0.9999991433691058,0.8580467894923012,0.9809445939299689,0.24563484470680563,0.9357438967683576
1.241,0.7753425880516756,1.0,4365.370195317387,0.9999991478836466,0.8578650334724871,0.9809328501716007,0.24561738869817037,0.9355792451856594
1.2415,0.7749269687984546,1.0,4364.54230569011,0.9999991523700403,0.8576832851797872,0.9809210987331999,0.2455999326895351,0.9354143899323413
1.242,0.7745113495452338,1.0,4363.713419600915,0.999999156828558,0.8575015446149092,0.9809093396097888,0.24558247668089983,0.9352493310359161
1.2425,0.7740957302920128,1.0,4362.883537257567,0.9999991612594706,0.8573198117785613,0.9808975727963863,0.24556502067226454,0.9350840685238994
1.243,0.7736801110387919,1.0,4362.052658868225,0.9999991656630491,0.8571380866714514,0.9808857982880095,0.24554756466362926,0.9349186024238083
1.2435,0.7732644917855711,1.0,4361.220784641565,0.9999991700395645,0.8569563692942875,0.9808740160796711,0.24553010865499397,0.9347529327631625
1.244,0.7728488725323501,1.0,4360.387914786782,0.9999991743892876,0.8567746596477778,0.980862226166382,0.2455126526463587,0.9345870595694837
1.2445,0.7724332532791296,1.0,4359.55404951334,0.9999991787124894,0.85659295773263,0.9808504285431487,0.24549519663772343,0.9344209828702957
1.245,0.7720176340259084,1.0,4358.719189031261,0.9999991830094409,0.8564112635495521,0.9808386232049767,0.24547774062908814,0.9342547026931244
1.2455,0.7716020147726874,1.0,4357.88333355088,0.999999187280413,0.8562295770992524,0.9808268101468668,0.24546028462045286,0.9340882190654981
1.246,0.7711863955194669,1.0,4357.046483283091,0.9999991915256768,0.8560478983824388,0.9808149893638174,0.2454428286118176,0.9339215320149469
1.2465,0.7707707762662457,1.0,4356.208638439141,0.9999991957455031,0.8558662273998192,0.9808031608508242,0.2454253726031823,0.9337546415690031
1.247,0.7703551570130247,1.0,4355.369799230753,0.9999991999401628,0.8556845641521015,0.98079132460288,0.24540791659454703,0.9335875477552011
1.2475,0.7699395377598042,1.0,4354.529965870048,0.9999992041099272,0.8555029086399939,0.9807794806149738,0.24539046058591177,0.933420250601078
1.248,0.7695239185065832,1.0,4353.689138569659,0.9999992082550667,0.8553212608642045,0.9807676288820922,0.24537300457727648,0.9332527501341723
1.2485,0.7691082992533624,1.0,4352.847317542622,0.9999992123758528,0.8551396208254409,0.9807557693992192,0.24535554856864122,0.9330850463820248
1.249,0.7686926800001415,1.0,4352.0045030023175,0.9999992164725561,0.8549579885244115,0.9807439021613346,0.24533809256000594,0.9329171393721788
1.2495,0.7682770607469205,1.0,4351.160695162653,0.9999992205454477,0.8547763639618241,0.9807320271634168,0.24532063655137065,0.9327490291321793
1.25,0.7678614414936997,1.0,4350.315894237969,0.9999992245947985,0.8545947471383868,0.9807201444004396,0.24530318054273537,0.9325807156895738
1.2505,0.7674458222404787,1.0,4349.470100443082,0.9999992286208795,0.8544131380548076,0.9807082538673754,0.2452857245341001,0.9324121990719116
1.2510000000000001,0.7670302029872578,1.0,4348.6233139931655,0.9999992326239616,0.8542315367117942,0.9806963555591923,0.24526826852546482,0.9322434793067442
1.2515,0.766614583734037,1.0,4347.77553510383,0.9999992366043158,0.854049943110055,0.9806844494708561,0.24525081251682956,0.9320745564216257
1.252,0.766198964480816,1.0,4346.92676399112,0.999999240562213,0.8538683572502979,0.9806725355973294,0.24523335650819428,0.9319054304441117
1.2525,0.7657833452275953,1.0,4346.077000871604,0.9999992444979243,0.8536867791332309,0.9806606139335717,0.245215900499559,0.9317361014017603
1.2530000000000001,0.7653677259743743,1.0,4345.226245962281,0.9999992484117205,0.8535052087595617,0.9806486844745396,0.2451984444909237,0.9315665693221314
1.2535,0.7649521067211533,1.0,4344.374499480429,0.9999992523038725,0.8533236461299988,0.9806367472151868,0.24518098848228842,0.9313968342327876
1.254,0.7645364874679326,1.0,4343.521761643968,0.9999992561746515,0.8531420912452499,0.9806248021504643,0.24516353247365316,0.9312268961612931
1.2545,0.7641208682147116,1.0,4342.668032671045,0.9999992600243282,0.8529605441060231,0.9806128492753191,0.24514607646501788,0.9310567551352144
1.2550000000000001,0.7637052489614906,1.0,4341.813312780496,0.9999992638531737,0.8527790047130261,0.9806008885846964,0.2451286204563826,0.93088641118212
1.2555,0.7632896297082699,1.0,4340.95760219139,0.9999992676614589,0.8525974730669674,0.9805889200735372,0.24511116444774733,0.930715864329581
1.256,0.7628740104550489,1.0,4340.100901123271,0.9999992714494548,0.8524159491685548,0.9805769437367808,0.24509370843911205,0.9305451146051703
1.2565,0.7624583912018283,1.0,4339.243209796247,0.9999992752174323,0.8522344330184961,0.9805649595693624,0.2450762524304768,0.9303741620364626
1.2570000000000001,0.7620427719486071,1.0,4338.384528430659,0.9999992789656623,0.8520529246174995,0.9805529675662146,0.2450587964218415,0.9302030066510354
1.2575,0.7616271526953862,1.0,4337.5248572474475,0.999999282694416,0.851871423966273,0.9805409677222672,0.24504134041320622,0.930031648476468
1.258,0.7612115334421656,1.0,4336.664196467956,0.9999992864039641,0.8516899310655246,0.9805289600324466,0.24502388440457096,0.9298600875403417
1.2585,0.7607959141889444,1.0,4335.802546313958,0.9999992900945776,0.8515084459159623,0.9805169444916764,0.24500642839593567,0.9296883238702401
1.2590000000000001,0.7603802949357235,1.0,4334.939907007592,0.9999992937665275,0.8513269685182939,0.9805049210948772,0.24498897238730039,0.9295163574937488
1.2595,0.7599646756825029,1.0,4334.076278771555,0.9999992974200848,0.8511454988732278,0.9804928898369667,0.24497151637866513,0.9293441884384559
1.26,0.7595490564292817,1.0,4333.211661828898,0.9999993010555204,0.8509640369814716,0.9804808507128592,0.2449540603700298,0.929171816731951
1.2605,0.7591334371760612,1.0,4332.346056403239,0.9999993046731052,0.8507825828437335,0.9804688037174664,0.24493660436139456,0.9289992424018264
1.2610000000000001,0.7587178179228402,1.0,4331.47946271851,0.9999993082731102,0.8506011364607214,0.9804567488456967,0.2449191483527593,0.9288264654756762
1.2615,0.758302198669619,1.0,4330.611880998915,0.9999993118558064,0.8504196978331435,0.9804446860924556,0.24490169234412398,0.9286534859810966
1.262,0.7578865794163985,1.0,4329.743311469554,0.9999993154214647,0.8502382669617077,0.9804326154526455,0.24488423633548873,0.9284803039456864
1.2625,0.7574709601631775,1.0,4328.873754355595,0.9999993189703561,0.8500568438471219,0.9804205369211659,0.24486678032685344,0.9283069193970459
1.2630000000000001,0.7570553409099563,1.0,4328.003209882725,0.9999993225027515,0.8498754284900941,0.9804084504929131,0.24484932431821815,0.928133332362778
1.2635,0.7566397216567358,1.0,4327.131678277156,0.9999993260189218,0.8496940208913325,0.9803963561627808,0.2448318683095829,0.9279595428704873
1.264,0.7562241024035148,1.0,4326.259159765459,0.9999993295191382,0.849512621051545,0.980384253925659,0.2448144123009476,0.9277855509477809
1.2645,0.755808483150294,1.0,4325.385654574722,0.9999993330036714,0.8493312289714395,0.9803721437764353,0.24479695629231235,0.9276113566222679
1.2650000000000001,0.755392863897073,1.0,4324.511162932354,0.9999993364727924,0.849149844651724,0.9803600257099937,0.24477950028367707,0.9274369599215594
1.2655,0.7549772446438521,1.0,4323.635685066286,0.9999993399267723,0.8489684680931069,0.9803478997212156,0.24476204427504178,0.9272623608732689
1.266,0.7545616253906313,1.0,4322.759221204928,0.9999993433658818,0.8487870992962956,0.9803357658049796,0.2447445882664065,0.9270875595050116
1.2665,0.7541460061374103,1.0,4321.88177157705,0.999999346790392,0.8486057382619985,0.9803236239561604,0.24472713225777123,0.9269125558444052
1.2670000000000001,0.7537303868841894,1.0,4321.003336411823,0.999999350200574,0.8484243849909234,0.9803114741696304,0.24470967624913595,0.9267373499190695
1.2675,0.7533147676309686,1.0,4320.123915939061,0.9999993535966984,0.8482430394837785,0.9802993164402589,0.2446922202405007,0.9265619417566263
1.268,0.7528991483777476,1.0,4319.243510388774,0.9999993569790365,0.8480617017412717,0.9802871507629116,0.2446747642318654,0.9263863313846994
1.2685,0.7524835291245269,1.0,4318.362119991578,0.9999993603478592,0.8478803717641109,0.9802749771324519,0.24465730822323012,0.9262105188309149
1.2690000000000001,0.7520679098713059,1.0,4317.479744978444,0.9999993637034372,0.8476990495530041,0.9802627955437399,0.24463985221459483,0.9260345041229009
1.2695,0.7516522906180849,1.0,4316.596385580873,0.9999993670460418,0.8475177351086596,0.9802506059916324,0.24462239620595955,0.9258582872882879
1.27,0.7512366713648642,1.0,4315.712042030719,0.9999993703759437,0.8473364284317851,0.9802384084709832,0.2446049401973243,0.9256818683547083
1.2705,0.7508210521116432,1.0,4314.82671456028,0.9999993736934139,0.8471551295230887,0.9802262029766432,0.244587484188689,0.9255052473497966
1.2710000000000001,0.7504054328584222,1.0,4313.940403402379,0.9999993769987233,0.8469738383832783,0.9802139895034606,0.24457002818005372,0.9253284243011893
1.2715,0.7499898136052014,1.0,4313.0531087901945,0.9999993802921431,0.8467925550130622,0.98020176804628,0.24455257217141846,0.9251513992365256
1.272,0.7495741943519805,1.0,4312.164830957352,0.9999993835739439,0.8466112794131481,0.9801895385999432,0.24453511616278317,0.924974172183446
1.2725,0.7491585750987599,1.0,4311.2755701379965,0.999999386844397,0.8464300115842441,0.9801773011592889,0.24451766015414791,0.9247967431695938
1.2730000000000001,0.7487429558455387,1.0,4310.385326566635,0.9999993901037731,0.8462487515270581,0.9801650557191528,0.24450020414551263,0.9246191122226138
1.2735,0.7483273365923178,1.0,4309.494100478258,0.9999993933523434,0.8460674992422984,0.9801528022743676,0.24448274813687734,0.9244412793701537
1.274,0.7479117173390972,1.0,4308.601892108297,0.9999993965903786,0.8458862547306727,0.9801405408197625,0.24446529212824208,0.9242632446398625
1.2745,0.747496098085876,1.0,4307.708701692543,0.9999993998181498,0.8457050179928891,0.9801282713501642,0.2444478361196068,0.924085008059392
1.2750000000000001,0.747080478832655,1.0,4306.8145294674,0.9999994030359279,0.8455237890296556,0.9801159938603963,0.2444303801109715,0.9239065696563956
1.2755,0.7466648595794345,1.0,4305.919375669583,0.9999994062439839,0.8453425678416803,0.9801037083452792,0.24441292410233625,0.9237279294585291
1.276,0.7462492403262135,1.0,4305.023240536253,0.9999994094425887,0.845161354429671,0.9800914147996299,0.24439546809370097,0.9235490874934504
1.2765,0.7458336210729928,1.0,4304.126124305058,0.9999994126320133,0.8449801487943358,0.980079113218263,0.24437801208506568,0.9233700437888193
1.2770000000000001,0.7454180018197718,1.0,4303.228027214126,0.9999994158125286,0.8447989509363828,0.9800668035959896,0.24436055607643042,0.9231907983722981
1.2775,0.7450023825665508,1.0,4302.328949501906,0.9999994189844056,0.8446177608565199,0.9800544859276178,0.24434310006779514,0.9230113512715509
1.278,0.7445867633133301,1.0,4301.428891407332,0.9999994221479152,0.8444365785554551,0.9800421602079528,0.24432564405915985,0.922831702514244
1.2785,0.7441711440601091,1.0,4300.527853169905,0.9999994253033284,0.8442554040338964,0.9800298264317966,0.24430818805052457,0.9226518521280458
1.2790000000000001,0.7437555248068881,1.0,4299.625835029446,0.9999994284509162,0.8440742372925517,0.9800174845939481,0.24429073204188928,0.9224718001406267
1.2795,0.7433399055536674,1.0,4298.722837226259,0.9999994315909494,0.8438930783321292,0.980005134689203,0.24427327603325402,0.9222915465796596
1.28,0.7429242863004464,1.0,4297.818860001051,0.9999994347236991,0.843711927153337,0.9799927767123547,0.24425582002461874,0.9221110914728193
1.2805,0.7425086670472256,1.0,4296.913903594976,0.9999994378494363,0.8435307837568827,0.9799804106581923,0.24423836401598348,0.9219304348477826
1.281,0.7420930477940046,1.0,4296.007968249711,0.9999994409684317,0.8433496481434747,0.9799680365215029,0.2442209080073482,0.9217495767322283
1.2815,0.7416774285407837,1.0,4295.101054207336,0.9999994440809566,0.8431685203138206,0.9799556542970701,0.2442034519987129,0.9215685171538377
1.282,0.7412618092875629,1.0,4294.193161710379,0.9999994471872816,0.8429874002686287,0.9799432639796742,0.24418599599007765,0.9213872561402939
1.2825,0.7408461900343419,1.0,4293.284030326076,0.9999994501396364,0.8428062898978721,0.9799308656876732,0.24416853998144236,0.9212057956132914
1.283,0.7404305707811214,1.0,4292.373619428177,0.9999994529092655,0.8426251894990979,0.9799184594353061,0.2441510839728071,0.921024135904991
1.2835,0.7400149515279002,1.0,4291.462236261672,0.9999994556685267,0.8424440968482254,0.9799060450718243,0.24413362796417182,0.9208422748151424
1.284,0.7395993322746792,1.0,4290.549880875688,0.9999994584174401,0.8422630119473669,0.9798936225920779,0.24411617195553653,0.9206602123727151
1.2845,0.7391837130214587,1.0,4289.636553319836,0.9999994611560264,0.8420819347986342,0.9798811919909123,0.24409871594690125,0.9204779486066875
1.285,0.7387680937682375,1.0,4288.722253644452,0.999999463884306,0.8419008654041393,0.9798687532631719,0.24408125993826596,0.9202954835460457
1.2855,0.7383524745150165,1.0,4287.806981900117,0.9999994666022994,0.8417198037659944,0.979856306403697,0.24406380392963067,0.9201128172197853
1.286,0.737936855261796,1.0,4286.890738138131,0.9999994693100271,0.8415387498863114,0.9798438514073251,0.24404634792099542,0.9199299496569101
1.2865,0.7375212360085748,1.0,4285.973522410244,0.9999994720075095,0.8413577037672023,0.9798313882688918,0.24402889191236013,0.9197468808864326
1.287,0.7371056167553542,1.0,4285.055334768687,0.9999994746947669,0.8411766654107792,0.9798189169832292,0.24401143590372487,0.9195636109373737
1.2875,0.7366899975021333,1.0,4284.136175266342,0.99999947737182,0.8409956348191538,0.9798064375451665,0.24399397989508959,0.9193801398387631
1.288,0.7362743782489121,1.0,4283.216043956491,0.9999994800386892,0.8408146119944386,0.9797939499495298,0.2439765238864543,0.9191964676196392
1.2885,0.7358587589956915,1.0,4282.294940893109,0.9999994826953948,0.8406335969387454,0.9797814541911436,0.24395906787781904,0.9190125943090489
1.289,0.7354431397424706,1.0,4281.372866130407,0.9999994853419575,0.8404525896541862,0.9797689502648277,0.24394161186918376,0.9188285199360475
1.2895,0.7350275204892494,1.0,4280.449819723454,0.9999994879783975,0.8402715901428729,0.9797564381654006,0.24392415586054847,0.9186442445296991
1.29,0.7346119012360288,1.0,4279.5258017276,0.9999994906047355,0.8400905984069177,0.9797439178876771,0.2439066998519132,0.9184597681190763
1.2905,0.7341962819828078,1.0,4278.600812198886,0.9999994932209918,0.8399096144484326,0.9797313894264694,0.24388924384327793,0.9182750907332605
1.291,0.7337806627295871,1.0,4277.674851193757,0.999999495827187,0.8397286382695295,0.979718852776587,0.24387178783464264,0.9180902124013415
1.2915,0.7333650434763661,1.0,4276.747918769271,0.9999994984233413,0.8395476698723204,0.9797063079328363,0.24385433182600738,0.9179051331524175
1.292,0.7329494242231451,1.0,4275.820014983012,0.9999995010094753,0.8393667092589175,0.9796937548900208,0.2438368758173721,0.9177198530155959
1.2925,0.7325338049699244,1.0,4274.891139892972,0.9999995035856096,0.8391857564314328,0.9796811936429414,0.2438194198087368,0.9175343720199922
1.293,0.7321181857167034,1.0,4273.961293557918,0.9999995061517645,0.8390048113919781,0.979668624186396,0.24380196380010155,0.9173486901947304
1.2935,0.7317025664634824,1.0,4273.030476036819,0.9999995087079605,0.8388238741426656,0.9796560465151798,0.24378450779146627,0.9171628075689435
1.294,0.7312869472102617,1.0,4272.09868738942,0.9999995112542179,0.8386429446856073,0.9796434606240847,0.24376705178283098,0.916976724171773
1.2945,0.7308713279570407,1.0,4271.1659276760365,0.9999995137905575,0.8384620230229151,0.9796308665079002,0.2437495957741957,0.9167904400323685
1.295,0.7304557087038199,1.0,4270.232196957272,0.9999995163169995,0.8382811091567012,0.979618264161413,0.24373213976556043,0.916603955179889
1.2955,0.730040089450599,1.0,4269.297495294422,0.9999995188335643,0.8381002030890773,0.979605653579406,0.24371468375692515,0.9164172696435012
1.296,0.729624470197378,1.0,4268.361822749316,0.9999995213402726,0.8379193048221557,0.9795930347566607,0.24369722774828986,0.9162303834523812
1.2965,0.7292088509441572,1.0,4267.425179384314,0.9999995238371446,0.8377384143580484,0.9795804076879545,0.2436797717396546,0.916043296635713
1.297,0.7287932316909362,1.0,4266.487565262228,0.999999526324201,0.8375575316988674,0.9795677723680626,0.24366231573101932,0.9158560092226898
1.2975,0.7283776124377153,1.0,4265.5489804464,0.999999528801462,0.8373766568467246,0.979555128791757,0.24364485972238403,0.9156685212425129
1.298,0.7279619931844945,1.0,4264.6094250009555,0.9999995312689484,0.8371957898037321,0.9795424769538071,0.24362740371374877,0.9154808327243923
1.2985,0.7275463739312735,1.0,4263.6688989901395,0.9999995337266804,0.8370149305720019,0.9795298168489793,0.2436099477051135,0.9152929436975468
1.299,0.727130754678053,1.0,4262.72740247906,0.9999995361746784,0.836834079153646,0.9795171484720371,0.24359249169647823,0.9151048541912034
1.2995,0.7267151354248318,1.0,4261.784935533279,0.999999538612963,0.8366532355507764,0.979504471817741,0.24357503568784294,0.9149165642345978
1.3,0.7262995161716108,1.0,4260.841498218727,0.9999995410415546,0.8364723997655052,0.9794917868808493,0.24355757967920766,0.9147280738569747
1.3005,0.7258838969183903,1.0,4259.897090602118,0.9999995434604738,0.8362915717999445,0.9794790936561162,0.24354012367057237,0.914539383087587
1.301,0.7254682776651691,1.0,4258.951712750614,0.9999995458697409,0.8361107516562061,0.9794663921382945,0.2435226676619371,0.914350491955696
1.3015,0.7250526584119481,1.0,4258.005364731837,0.9999995482693763,0.8359299393364019,0.9794536823221326,0.2435052116533018,0.9141614004905716
1.302,0.7246370391587276,1.0,4257.0580466140245,0.9999995506594007,0.8357491348426443,0.9794409642023773,0.24348775564466654,0.9139721087214929
1.3025,0.7242214199055066,1.0,4256.109758465868,0.9999995530398343,0.8355683381770451,0.979428237773772,0.24347029963603128,0.9137826166777469
1.303,0.7238058006522858,1.0,4255.160500356678,0.9999995554106977,0.8353875493417164,0.979415503031057,0.243452843627396,0.9135929243886294
1.3035,0.7233901813990649,1.0,4254.210272356303,0.9999995577720113,0.8352067683387701,0.97940275996897,0.2434353876187607,0.9134030318834445
1.304,0.7229745621458439,1.0,4253.259074535044,0.9999995601237956,0.8350259951703183,0.9793900085822461,0.24341793161012543,0.9132129391915056
1.3045,0.7225589428926231,1.0,4252.30690696391,0.9999995624660711,0.834845229838473,0.9793772488656171,0.24340047560149017,0.9130226463421339
1.305,0.7221433236394021,1.0,4251.353769714155,0.9999995647988582,0.8346644723453461,0.9793644808138114,0.24338301959285488,0.9128321533646594
1.3055,0.7217277043861812,1.0,4250.399662857902,0.9999995671221773,0.8344837226930498,0.9793517044215561,0.2433655635842196,0.9126414602884209
1.306,0.7213120851329604,1.0,4249.444586467611,0.9999995694360488,0.834302980883696,0.9793389196835739,0.24334810757558434,0.9124505671427653
1.3065,0.7208964658797394,1.0,4248.488540616276,0.9999995717404935,0.8341222469193968,0.9793261265945853,0.24333065156694905,0.9122594739570486
1.307,0.7204808466265187,1.0,4247.531525377557,0.9999995740355314,0.8339415208022642,0.9793133251493076,0.24331319555831377,0.9120681807606351
1.3075,0.7200652273732977,1.0,4246.573540825653,0.9999995763211833,0.8337608025344102,0.979300515342456,0.2432957395496785,0.9118766875828974
1.308,0.7196496081200767,1.0,4245.614587035102,0.9999995785974695,0.8335800921179468,0.9792876971687415,0.24327828354104322,0.9116849944532173
1.3085,0.719233988866856,1.0,4244.65466408114,0.9999995808644105,0.8333993895549859,0.9792748706228733,0.24326082753240794,0.9114931014009843
1.309,0.718818369613635,1.0,4243.693772039551,0.9999995831220267,0.8332186948476398,0.9792620356995575,0.24324337152377268,0.9113010084555973
1.3095,0.718402750360414,1.0,4242.731910986656,0.9999995853703387,0.8330380079980202,0.9792491923934968,0.2432259155151374,0.9111087156464631
1.31,0.7179871311071933,1.0,4241.769080999238,0.9999995876093668,0.8328573290082394,0.9792363406993918,0.2432084595065021,0.9109162230029977
1.3105,0.7175715118539723,1.0,4240.8052821546635,0.9999995898391315,0.8326766578804092,0.9792234806119395,0.24319100349786682,0.910723530554625
1.311,0.7171558926007517,1.0,4239.8405145309625,0.9999995920596534,0.8324959946166418,0.979210612125834,0.24317354748923156,0.9105306383307777
1.3115,0.7167402733475305,1.0,4238.874778206466,0.9999995942709528,0.8323153392190489,0.9791977352357677,0.24315609148059628,0.9103375463608971
1.312,0.7163246540943096,1.0,4237.90807326025,0.99999959647305,0.832134691689743,0.9791848499364282,0.243138635471961,0.9101442546744335
1.3125,0.715909034841089,1.0,4236.940399771894,0.9999995986659659,0.8319540520308356,0.979171956222502,0.24312117946332573,0.9099507633008447
1.313,0.7154934155878678,1.0,4235.9717578214395,0.9999996008497206,0.8317734202444391,0.9791590540886712,0.24310372345469045,0.909757072269598
1.3135000000000001,0.7150777963346469,1.0,4235.002147489557,0.9999996030243347,0.8315927963326654,0.9791461435296164,0.24308626744605516,0.9095631816101686
1.314,0.7146621770814263,1.0,4234.031568857418,0.9999996051898286,0.8314121802976264,0.9791332245400144,0.2430688114374199,0.9093690913520408
1.3145,0.7142465578282051,1.0,4233.06002200674,0.9999996073462226,0.8312315721414343,0.9791202971145392,0.24305135542878462,0.909174801524707
1.315,0.7138309385749846,1.0,4232.087507019827,0.9999996094935375,0.8310509718662009,0.9791073612478619,0.24303389942014936,0.9089803121576683
1.3155000000000001,0.7134153193217636,1.0,4231.11402397945,0.9999996116317936,0.8308703794740384,0.9790944169346513,0.24301644341151407,0.9087856232804344
1.316,0.7129997000685424,1.0,4230.139572969045,0.9999996137610113,0.8306897949670587,0.9790814641695728,0.24299898740287879,0.9085907349225236
1.3165,0.7125840808153219,1.0,4229.164154072472,0.9999996158812112,0.8305092183473741,0.9790685029472883,0.2429815313942435,0.9083956471134627
1.317,0.7121684615621009,1.0,4228.1877673743065,0.9999996179924135,0.8303286496170962,0.979055533262458,0.24296407538560824,0.9082003598827866
1.3175000000000001,0.7117528423088797,1.0,4227.21041295934,0.9999996200946389,0.8301480887783372,0.9790425551097386,0.24294661937697293,0.9080048732600395
1.318,0.7113372230556592,1.0,4226.232090913361,0.9999996221879078,0.8299675358332091,0.979029568483784,0.24292916336833767,0.9078091872747736
1.3185,0.7109216038024382,1.0,4225.252801322384,0.9999996242722407,0.8297869907838241,0.9790165733792449,0.2429117073597024,0.9076133019565499
1.319,0.7105059845492174,1.0,4224.272544273009,0.9999996263476578,0.8296064536322939,0.9790035697907691,0.24289425135106713,0.9074172173349375
1.3195000000000001,0.7100903652959965,1.0,4223.291319852507,0.9999996284141799,0.8294259243807307,0.9789905577130024,0.24287679534243184,0.9072209334395147
1.32,0.7096747460427755,1.0,4222.3091281486195,0.9999996304718273,0.8292454030312465,0.9789775371405864,0.24285933933379655,0.9070244502998679
1.3205,0.7092591267895547,1.0,4221.325969249637,0.9999996325206203,0.8290648895859534,0.9789645080681607,0.2428418833251613,0.9068277679455922
1.321,0.7088435075363337,1.0,4220.341843244399,0.9999996345605797,0.8288843840469632,0.9789514704903616,0.242824427316526,0.9066308864062909
1.3215000000000001,0.7084278882831128,1.0,4219.356750222335,0.9999996365917256,0.8287038864163879,0.9789384244018228,0.24280697130789072,0.9064338057115762
1.322,0.708012269029892,1.0,4218.37069027343,0.9999996386140788,0.8285233966963399,0.9789253697971745,0.24278951529925547,0.9062365258910688
1.3225,0.707596649776671,1.0,4217.383663488094,0.9999996406276594,0.8283429148889309,0.9789123066710448,0.24277205929062018,0.9060390469743979
1.323,0.7071810305234503,1.0,4216.39566995745,0.9999996426324882,0.8281624409962729,0.978899235018058,0.2427546032819849,0.9058413689912009
1.3235000000000001,0.7067654112702293,1.0,4215.406709773179,0.9999996446285855,0.8279819750204779,0.9788861548328364,0.24273714727334963,0.905643491971124
1.324,0.7063497920170083,1.0,4214.416783027263,0.9999996466159717,0.8278015169636581,0.9788730661099986,0.24271969126471435,0.9054454159438223
1.3245,0.7059341727637876,1.0,4213.425889812527,0.9999996485946674,0.8276210668279256,0.9788599688441607,0.24270223525607906,0.9052471409389589
1.325,0.7055185535105666,1.0,4212.434030222265,0.9999996505646929,0.827440624615392,0.9788468630299361,0.2426847792474438,0.9050486669862052
1.3255000000000001,0.7051029342573456,1.0,4211.441204350246,0.9999996525260687,0.8272601903281697,0.9788337486619346,0.24266732323880852,0.9048499941152418
1.326,0.7046873150041248,1.0,4210.447412290787,0.9999996544788152,0.8270797639683705,0.9788206257347634,0.24264986723017323,0.9046511223557574
1.3265,0.7042716957509039,1.0,4209.452654138967,0.9999996564229531,0.8268993455381065,0.9788074942430274,0.24263241122153795,0.9044520517374495
1.327,0.7038560764976833,1.0,4208.456929990135,0.9999996583585027,0.8267189350394898,0.9787943541813274,0.2426149552129027,0.9042527822900237
1.3275000000000001,0.7034404572444621,1.0,4207.460239940396,0.9999996602854844,0.8265385324746322,0.9787812055442625,0.2425974992042674,0.9040533140431943
1.328,0.7030248379912412,1.0,4206.462584086329,0.9999996622039187,0.8263581378456458,0.9787680483264279,0.24258004319563212,0.9038536470266845
1.3285,0.7026092187380206,1.0,4205.463962525072,0.9999996641138261,0.8261777511546428,0.9787548825224163,0.24256258718699686,0.9036537812702254
1.329,0.7021935994847994,1.0,4204.464375354315,0.9999996660152269,0.825997372403735,0.9787417081268178,0.24254513117836157,0.9034537168035572
1.3295000000000001,0.7017779802315784,1.0,4203.463822672346,0.9999996679081419,0.8258170015950345,0.9787285251342189,0.2425276751697263,0.9032534536564278
1.33,0.7013623609783579,1.0,4202.4623045780545,0.9999996697925913,0.8256366387306532,0.9787153335392036,0.24251021916109103,0.9030529918585946
1.3305,0.7009467417251369,1.0,4201.459821170635,0.9999996716685955,0.8254562838127033,0.9787021333363529,0.24249276315245574,0.9028523314398228
1.331,0.7005311224719162,1.0,4200.456372550173,0.999999673536175,0.8252759368432968,0.978688924520245,0.24247530714382048,0.9026514724298864
1.3315000000000001,0.7001155032186952,1.0,4199.451958817144,0.9999996753953504,0.8250955978245454,0.9786757070854548,0.2424578511351852,0.9024504148585678
1.332,0.6996998839654742,1.0,4198.446580072463,0.9999996772461421,0.8249152667585616,0.9786624810265547,0.2424403951265499,0.902249158755658
1.3325,0.6992842647122535,1.0,4197.440236417844,0.9999996790885705,0.8247349436474571,0.9786492463381139,0.24242293911791463,0.9020477041509566
1.333,0.6988686454590325,1.0,4196.432927955523,0.9999996809226561,0.824554628493344,0.9786360030146989,0.24240548310927937,0.9018460510742713
1.3335000000000001,0.6984530262058115,1.0,4195.42465478809,0.9999996827484193,0.8243743212983343,0.9786227510508727,0.24238802710064408,0.9016441995554186
1.334,0.6980374069525908,1.0,4194.4154170188585,0.9999996845658806,0.8241940220645401,0.9786094904411964,0.2423705710920088,0.9014421496242238
1.3345,0.6976217876993698,1.0,4193.405214751781,0.9999996863750604,0.8240137307940734,0.9785962211802272,0.24235311508337354,0.9012399013105201
1.335,0.697206168446149,1.0,4192.394048091089,0.9999996881759793,0.823833447489046,0.9785829432625197,0.24233565907473825,0.9010374546441495
1.3355000000000001,0.696790549192928,1.0,4191.381917141857,0.9999996899686576,0.8236531721515701,0.9785696566826259,0.24231820306610297,0.9008348096549624
1.336,0.6963749299397071,1.0,4190.368822009642,0.9999996917531159,0.8234729047837577,0.9785563614350941,0.24230074705746768,0.900631966372818
1.3365,0.6959593106864863,1.0,4189.354762800479,0.9999996935293746,0.8232926453877207,0.9785430575144707,0.24228329104883242,0.9004289248275835
1.337,0.6955436914332653,1.0,4188.339739621006,0.999999695297454,0.8231123939655715,0.9785297449152984,0.24226583504019714,0.9002256850491352
1.3375000000000001,0.6951280721800444,1.0,4187.323752578464,0.9999996970573748,0.8229321505194216,0.9785164236321169,0.24224837903156185,0.9000222470673572
1.338,0.6947124529268236,1.0,4186.306801780659,0.9999996988091573,0.8227519150513832,0.9785030936594636,0.2422309230229266,0.8998186109121427
1.3385,0.6942968336736026,1.0,4185.288887335835,0.9999997005528221,0.8225716875635686,0.9784897549918723,0.2422134670142913,0.8996147766133931
1.339,0.6938812144203821,1.0,4184.270009353004,0.9999997022883894,0.8223914680580895,0.9784764076238743,0.24219601100565605,0.8994107442010184
1.3395000000000001,0.6934655951671609,1.0,4183.250167941578,0.99999970401588,0.8222112565370578,0.9784630515499981,0.24217855499702076,0.8992065137049366
1.34,0.6930499759139399,1.0,4182.229363211536,0.999999705735314,0.8220310530025859,0.9784496867647684,0.24216109898838548,0.8990020851550753
1.3405,0.6926343566607194,1.0,4181.207595273623,0.9999997074467122,0.8218508574567858,0.9784363132627082,0.24214364297975022,0.8987974585813697
1.341,0.6922187374074982,1.0,4180.184864238823,0.9999997091500948,0.8216706699017691,0.9784229310383363,0.24212618697111493,0.8985926340137633
1.3415000000000001,0.6918031181542772,1.0,4179.161170218972,0.9999997108454823,0.821490490339648,0.9784095400861695,0.24210873096247965,0.8983876114822089
1.342,0.6913874989010567,1.0,4178.136513326349,0.9999997125328953,0.8213103187725348,0.9783961404007212,0.24209127495384436,0.8981823910166673
1.3425,0.6909718796478355,1.0,4177.110893673797,0.9999997142123542,0.8211301552025412,0.9783827319765019,0.24207381894520907,0.8979769726471077
1.343,0.6905562603946149,1.0,4176.084311374729,0.9999997158838794,0.8209499996317794,0.9783693148080194,0.24205636293657382,0.8977713564035084
1.3435000000000001,0.690140641141394,1.0,4175.056766543161,0.9999997175474913,0.8207698520623611,0.9783558888897784,0.24203890692793853,0.8975655423158548
1.344,0.6897250218881728,1.0,4174.028259293641,0.9999997192032104,0.8205897124963987,0.9783424542162806,0.24202145091930324,0.8973595304141426
1.3445,0.6893094026349522,1.0,4172.99878974128,0.9999997208510573,0.8204095809360041,0.9783290107820247,0.24200399491066799,0.8971533207283748
1.345,0.6888937833817312,1.0,4171.968358001761,0.9999997224910523,0.8202294573832892,0.9783155585815065,0.2419865389020327,0.896946913288563
1.3455,0.6884781641285105,1.0,4170.936964191412,0.9999997241232159,0.8200493418403662,0.978302097609219,0.24196908289339744,0.8967403081247277
1.346,0.6880625448752895,1.0,4169.9046084269685,0.9999997257475686,0.8198692343093468,0.9782886278596523,0.24195162688476216,0.8965335052668972
1.3465,0.6876469256220685,1.0,4168.871290825901,0.9999997273641308,0.8196891347923433,0.9782751493272932,0.24193417087612687,0.8963265047451092
1.347,0.6872313063688478,1.0,4167.837011506207,0.999999728972923,0.8195090432914677,0.9782616620066258,0.2419167148674916,0.8961193065894092
1.3475,0.6868156871156268,1.0,4166.801770586329,0.9999997305739655,0.8193289598088319,0.9782481658921308,0.24189925885885633,0.8959119108298512
1.348,0.6864000678624058,1.0,4165.765568185406,0.999999732167279,0.819148884346548,0.978234660978287,0.24188180285022104,0.8957043174964978
1.3485,0.6859844486091851,1.0,4164.728404423143,0.9999997337528839,0.818968816906728,0.9782211472595694,0.24186434684158575,0.8954965266194204
1.349,0.6855688293559641,1.0,4163.690279419861,0.9999997353308006,0.8187887574914838,0.97820762473045,0.2418468908329505,0.8952885382286981
1.3495,0.6851532101027433,1.0,4162.651193296208,0.9999997369010494,0.8186087061029277,0.9781940933853984,0.2418294348243152,0.8950803523544195
1.35,0.6847375908495223,1.0,4161.611146173685,0.999999738463651,0.8184286627431713,0.9781805532188803,0.24181197881567992,0.8948719690266804
1.3505,0.6843219715963014,1.0,4160.570138174285,0.9999997400186258,0.818248627414327,0.9781670042253601,0.24179452280704467,0.8946633882755863
1.351,0.6839063523430806,1.0,4159.528169420492,0.9999997415659942,0.8180686001185067,0.9781534463992972,0.24177706679840938,0.8944546101312506
1.3515,0.6834907330898596,1.0,4158.485240035448,0.9999997431057767,0.8178885808578222,0.9781398797351498,0.2417596107897741,0.8942456346237948
1.352,0.6830751138366387,1.0,4157.441350142783,0.9999997446379938,0.8177085696343859,0.9781263042273719,0.2417421547811388,0.8940364617833496
1.3525,0.6826594945834179,1.0,4156.396499866822,0.9999997461626658,0.8175285664503095,0.9781127198704153,0.24172469877250355,0.8938270916400538
1.353,0.6822438753301969,1.0,4155.350689332345,0.9999997476798134,0.8173485713077051,0.9780991266587283,0.24170724276386826,0.8936175242240546
1.3535,0.6818282560769764,1.0,4154.303918664865,0.9999997491894568,0.8171685842086848,0.9780855245867571,0.241689786755233,0.8934077595655077
1.354,0.6814126368237552,1.0,4153.25618799015,0.9999997506916165,0.8169886051553605,0.9780719136489437,0.24167233074659772,0.8931977976945774
1.3545,0.6809970175705342,1.0,4152.207497434943,0.9999997521863132,0.8168086341498444,0.9780582938397281,0.24165487473796243,0.8929876386414364
1.355,0.6805813983173137,1.0,4151.157847126366,0.9999997536735671,0.8166286711942483,0.9780446651535469,0.24163741872932717,0.8927772824362656
1.3555,0.6801657790640925,1.0,4150.10723719203,0.9999997551533987,0.8164487162906843,0.9780310275848341,0.2416199627206919,0.8925667291092547
1.356,0.6797501598108715,1.0,4149.055667760288,0.9999997566258285,0.8162687694412644,0.9780173811280204,0.2416025067120566,0.8923559786906018
1.3565,0.679334540557651,1.0,4148.003138959946,0.999999758090877,0.8160888306481007,0.9780037257775335,0.24158505070342134,0.8921450312105134
1.357,0.6789189213044298,1.0,4146.94965092051,0.9999997595485647,0.8159088999133051,0.9779900615277983,0.24156759469478606,0.8919338866992044
1.3575,0.6785033020512092,1.0,4145.895203771901,0.9999997609989119,0.8157289772389897,0.977976388373237,0.24155013868615077,0.8917225451868981
1.358,0.6780876827979883,1.0,4144.839797644819,0.9999997624419391,0.8155490626272665,0.9779627063082682,0.2415326826775155,0.8915110067038263
1.3585,0.6776720635447673,1.0,4143.783432670422,0.9999997638776668,0.8153691560802474,0.9779490153273078,0.24151522666888023,0.8912992712802295
1.359,0.6772564442915465,1.0,4142.726108980325,0.9999997653061155,0.8151892576000447,0.977935315424769,0.24149777066024494,0.8910873389463564
1.3595,0.6768408250383255,1.0,4141.667826707006,0.9999997667273055,0.8150093671887702,0.9779216065950617,0.24148031465160966,0.890875209732464
1.36,0.6764252057851046,1.0,4140.608585983397,0.9999997681412574,0.8148294848485357,0.9779078888325932,0.2414628586429744,0.890662883668818
1.3605,0.6760095865318838,1.0,4139.54838694277,0.9999997695479916,0.8146496105814537,0.9778941621317676,0.2414454026343391,0.8904503607856927
1.361,0.6755939672786628,1.0,4138.487229719382,0.9999997709475286,0.8144697443896359,0.9778804264869853,0.24142794662570383,0.8902376411133704
1.3615,0.6751783480254421,1.0,4137.425114447828,0.9999997723398888,0.8142898862751945,0.9778666818926454,0.24141049061706857,0.8900247246821422
1.362,0.6747627287722211,1.0,4136.36204126332,0.9999997737250926,0.8141100362402413,0.9778529283431424,0.24139303460843328,0.8898116115223074
1.3625,0.6743471095190001,1.0,4135.298010301697,0.9999997751031606,0.8139301942868884,0.9778391658328688,0.241375578599798,0.8895983016641738
1.363,0.6739314902657794,1.0,4134.233021699335,0.9999997764741133,0.8137503604172479,0.9778253943562135,0.24135812259116274,0.8893847951380579
1.3635,0.6735158710125584,1.0,4133.167075593154,0.999999777837971,0.8135705346334318,0.9778116139075632,0.24134066658252745,0.8891710919742842
1.364,0.6731002517593374,1.0,4132.100172120816,0.9999997791947541,0.8133907169375519,0.9777978244813008,0.24132321057389217,0.888957192203186
1.3645,0.6726846325061167,1.0,4131.032311420326,0.9999997805444832,0.8132109073317206,0.9777840260718066,0.24130575456525688,0.888743095855105
1.365,0.6722690132528957,1.0,4129.963493630552,0.9999997818871789,0.8130311058180497,0.9777702186734584,0.24128829855662162,0.8885288029603912
1.3655,0.6718533939996751,1.0,4128.893718890743,0.9999997832228613,0.8128513123986512,0.9777564022806298,0.24127084254798636,0.8883143135494029
1.366,0.6714377747464539,1.0,4127.822987340696,0.9999997845515511,0.812671527075637,0.9777425768876925,0.24125338653935105,0.8880996276525069
1.3665,0.671022155493233,1.0,4126.751299121029,0.9999997858732687,0.8124917498511193,0.9777287424890144,0.2412359305307158,0.887884745300079
1.367,0.6706065362400124,1.0,4125.678654372625,0.9999997871880345,0.8123119807272101,0.977714899078962,0.2412184745220805,0.8876696665225027
1.3675,0.6701909169867912,1.0,4124.605053237232,0.9999997884958691,0.8121322197060215,0.9777010466518967,0.24120101851344522,0.8874543913501703
1.368,0.6697752977335703,1.0,4123.530495857105,0.9999997897967928,0.8119524667896652,0.9776871852021782,0.24118356250480993,0.8872389198134822
1.3685,0.6693596784803497,1.0,4122.454982375084,0.9999997910908262,0.8117727219802535,0.9776733147241629,0.24116610649617468,0.8870232519428478
1.369,0.6689440592271285,1.0,4121.378512934392,0.9999997923779895,0.8115929852798984,0.9776594352122041,0.2411486504875394,0.8868073877686844
1.3695,0.668528439973908,1.0,4120.301087679203,0.9999997936583035,0.8114132566907118,0.9776455466606526,0.24113119447890413,0.8865913273214179
1.37,0.668112820720687,1.0,4119.222706753955,0.9999997949317885,0.8112335362148058,0.9776316490638558,0.24111373847026885,0.8863750706314827
1.3705,0.6676972014674658,1.0,4118.143370303874,0.9999997961984648,0.8110538238542923,0.977617742416158,0.24109628246163356,0.8861586177293214
1.371,0.6672815822142453,1.0,4117.063078474734,0.9999997974583531,0.8108741196112834,0.9776038267119008,0.2410788264529983,0.8859419686453854
1.3715,0.6668659629610243,1.0,4115.981831412734,0.9999997987114738,0.8106944234878912,0.9775899019454226,0.24106137044436302,0.8857251234101343
1.372,0.6664503437078031,1.0,4114.899629264906,0.9999997999578473,0.8105147354862275,0.9775759681110591,0.24104391443572773,0.885508082054036
1.3725,0.6660347244545826,1.0,4113.816472178829,0.999999801197494,0.8103350556084046,0.977562025203143,0.24102645842709247,0.885290844607567
1.373,0.6656191052013616,1.0,4112.732360302429,0.9999998024304345,0.8101553838565343,0.977548073216003,0.24100900241845719,0.8850734111012123
1.3735,0.6652034859481408,1.0,4111.647293784505,0.9999998036566892,0.8099757202327287,0.9775341121439667,0.2409915464098219,0.884855781565465
1.374,0.6647878666949198,1.0,4110.561272774362,0.9999998048762786,0.8097960647390996,0.9775201419813572,0.2409740904011866,0.8846379560308266
1.3745,0.6643722474416989,1.0,4109.474297421819,0.999999806089223,0.8096164173777594,0.9775061627224948,0.24095663439255136,0.8844199345278076
1.375,0.6639566281884781,1.0,4108.386367877281,0.9999998072955429,0.8094367781508199,0.9774921743616974,0.24093917838391607,0.8842017170869266
1.3755,0.6635410089352571,1.0,4107.29748429187,0.999999808495259,0.8092571470603931,0.9774781768932796,0.24092172237528078,0.8839833037387101
1.3760000000000001,0.6631253896820362,1.0,4106.2076468172945,0.9999998096883915,0.809077524108591,0.9774641703115529,0.24090426636664553,0.8837646945136938
1.3765,0.6627097704288154,1.0,4105.116855605617,0.9999998108749609,0.8088979092975258,0.9774501546108257,0.24088681035801024,0.8835458894424213
1.377,0.6622941511755944,1.0,4104.025110809772,0.9999998120549878,0.8087183026293093,0.977436129785404,0.24086935434937495,0.8833268885554448
1.3775,0.6618785319223737,1.0,4102.932412583246,0.9999998132284924,0.8085387041060537,0.9774220958295898,0.2408518983407397,0.883107691883325
1.3780000000000001,0.6614629126691527,1.0,4101.838761079877,0.9999998143954953,0.8083591137298708,0.9774080527376833,0.2408344423321044,0.8828882994566307
1.3785,0.6610472934159317,1.0,4100.744156454421,0.9999998155560171,0.8081795315028728,0.9773940005039806,0.24081698632346912,0.8826687113059395
1.379,0.660631674162711,1.0,4099.648598862022,0.9999998167100781,0.8079999574271716,0.9773799391227757,0.24079953031483387,0.882448927461837
1.3795,0.66021605490949,1.0,4098.55208845846,0.9999998178576986,0.8078203915048793,0.977365868588359,0.24078207430619858,0.8822289479549175
1.3800000000000001,0.659800435656269,1.0,4097.4546254001125,0.9999998189988994,0.8076408337381078,0.977351788895018,0.2407646182975633,0.8820087728157835
1.3805,0.6593848164030482,1.0,4096.356209844029,0.9999998201337008,0.8074612841289693,0.9773377000370373,0.240747162288928,0.8817884020750464
1.381,0.6589691971498273,1.0,4095.2568419477334,0.9999998212621232,0.8072817426795758,0.9773236020086988,0.24072970628029275,0.8815678357633251
1.3815,0.6585535778966067,1.0,4094.156521869426,0.999999822384187,0.807102209392039,0.9773094948042808,0.2407122502716575,0.8813470739112476
1.3820000000000001,0.6581379586433855,1.0,4093.0552497677845,0.9999998234999129,0.8069226842684712,0.9772953784180588,0.24069479426302218,0.8811261165494502
1.3825,0.6577223393901646,1.0,4091.9530258023224,0.9999998246093211,0.8067431673109845,0.9772812528443057,0.24067733825438692,0.8809049637085774
1.383,0.657306720136944,1.0,4090.8498501328677,0.9999998257124323,0.8065636585216907,0.9772671180772907,0.24065988224575163,0.8806836154192822
1.3835,0.6568911008837228,1.0,4089.745722920088,0.9999998268092668,0.8063841579027019,0.9772529741112809,0.24064242623711635,0.8804620717122262
1.3840000000000001,0.6564754816305018,1.0,4088.640644325048,0.999999827899845,0.80620466545613,0.9772388209405393,0.24062497022848106,0.8802403326180788
1.3845,0.6560598623772813,1.0,4087.5346145096496,0.9999998289841875,0.8060251811840873,0.9772246585593266,0.2406075142198458,0.8800183981675186
1.385,0.6556442431240601,1.0,4086.4276336360736,0.9999998300623147,0.8058457050886855,0.9772104869619004,0.24059005821121052,0.8797962683912318
1.3855,0.6552286238708396,1.0,4085.3197018673372,0.9999998311342471,0.8056662371720368,0.9771963061425153,0.24057260220257526,0.8795739433199137
1.3860000000000001,0.6548130046176186,1.0,4084.210819366981,0.9999998322000051,0.8054867774362531,0.9771821160954228,0.24055514619393997,0.8793514229842674
1.3865,0.6543973853643976,1.0,4083.100986299181,0.9999998332596091,0.8053073258834467,0.9771679168148713,0.2405376901853047,0.8791287074150049
1.387,0.6539817661111769,1.0,4081.990202828715,0.9999998343130797,0.8051278825157292,0.9771537082951063,0.24052023417666943,0.8789057966428462
1.3875,0.6535661468579559,1.0,4080.878469120841,0.9999998353604372,0.8049484473352129,0.9771394905303704,0.24050277816803414,0.8786826906985197
1.3880000000000001,0.6531505276047349,1.0,4079.765785341576,0.9999998364017022,0.8047690203440097,0.9771252635149033,0.24048532215939886,0.8784593896127624
1.3885,0.6527349083515142,1.0,4078.652151657499,0.9999998374368951,0.8045896015442316,0.9771110272429409,0.2404678661507636,0.8782358934163197
1.389,0.6523192890982932,1.0,4077.5375682356307,0.9999998384660364,0.8044101909379908,0.977096781708717,0.2404504101421283,0.8780122021399451
1.3895,0.6519036698450724,1.0,4076.4220352438733,0.9999998394891464,0.8042307885273992,0.9770825269064621,0.24043295413349303,0.8777883158144009
1.3900000000000001,0.6514880505918514,1.0,4075.305552850532,0.9999998405062457,0.8040513943145685,0.9770682628304035,0.24041549812485774,0.877564234470457
1.3905,0.6510724313386305,1.0,4074.1881212245903,0.9999998415173548,0.8038720083016113,0.9770539894747656,0.24039804211622248,0.8773399581388928
1.391,0.6506568120854097,1.0,4073.069740535521,0.9999998425224941,0.8036926304906392,0.9770397068337696,0.2403805861075872,0.8771154868504952
1.3915,0.6502411928321887,1.0,4071.950410953554,0.9999998435216839,0.8035132608837645,0.9770254149016344,0.2403631300989519,0.87689082063606
1.3920000000000001,0.6498255735789678,1.0,4070.8301326494884,0.9999998445149448,0.8033338994830989,0.9770111136725749,0.24034567409031665,0.8766659595263907
1.3925,0.649409954325747,1.0,4069.708905794642,0.9999998455022974,0.8031545462907546,0.9769968031408034,0.24032821808168137,0.8764409035523001
1.393,0.648994335072526,1.0,4068.5867305610204,0.999999846483762,0.8029752013088436,0.9769824833005297,0.24031076207304608,0.8762156527446087
1.3935,0.6485787158193055,1.0,4067.4636071211944,0.999999847459359,0.8027958645394779,0.9769681541459594,0.24029330606441082,0.8759902071341457
1.3940000000000001,0.6481630965660843,1.0,4066.339535648337,0.9999998484291089,0.8026165359847696,0.9769538156712965,0.24027585005577554,0.8757645667517482
1.3945,0.6477474773128633,1.0,4065.214516316308,0.9999998493930322,0.8024372156468306,0.9769394678707408,0.24025839404714025,0.8755387316282623
1.395,0.6473318580596428,1.0,4064.088549299416,0.9999998503511494,0.8022579035277729,0.9769251107384894,0.240240938038505,0.8753127017945422
1.3955,0.6469162388064216,1.0,4062.961634772691,0.9999998513034808,0.8020785996297087,0.976910744268737,0.2402234820298697,0.8750864772814505
1.3960000000000001,0.6465006195532006,1.0,4061.8337729117748,0.9999998522500471,0.8018993039547497,0.9768963684556741,0.24020602602123442,0.8748600581198577
1.3965,0.6460850002999801,1.0,4060.704963892911,0.9999998531908685,0.8017200165050082,0.9768819832934896,0.24018857001259916,0.8746334443406435
1.397,0.6456693810467589,1.0,4059.5752078928344,0.9999998541259655,0.8015407372825962,0.9768675887763683,0.24017111400396388,0.8744066359746955
1.3975,0.6452537617935383,1.0,4058.444505089087,0.9999998550553587,0.8013614662896256,0.9768531848984919,0.24015365799532862,0.8741796330529096
1.3980000000000001,0.6448381425403173,1.0,4057.3128556596184,0.9999998559790685,0.8011822035282083,0.9768387716540404,0.24013620198669333,0.8739524356061902
1.3985,0.6444225232870961,1.0,4056.1802597831074,0.9999998568971153,0.8010029490004567,0.9768243490371892,0.24011874597805805,0.8737250436654501
1.399,0.6440069040338756,1.0,4055.046717638841,0.9999998578095196,0.8008237027084824,0.9768099170421114,0.24010128996942276,0.8734974572616103
1.3995,0.6435912847806546,1.0,4053.912229406636,0.9999998587163019,0.8006444646543976,0.9767954756629771,0.24008383396078747,0.8732696764256005
1.4000000000000001,0.6431756655274334,1.0,4052.7767952670397,0.9999998596174825,0.8004652348403144,0.976781024893953,0.2400663779521522,0.8730417011883582
1.4005,0.6427600462742129,1.0,4051.640415401129,0.9999998605130821,0.8002860132683447,0.9767665647292034,0.24004892194351693,0.8728135315808297
1.401,0.6423444270209919,1.0,4050.5030899905505,0.9999998614031209,0.8001067999406005,0.9767520951628891,0.24003146593488164,0.8725851676339698
1.4015,0.6419288077677712,1.0,4049.364819217683,0.9999998622876196,0.799927594859194,0.976737616189168,0.24001400992624639,0.8723566093787409
1.4020000000000001,0.6415131885145502,1.0,4048.2256032653977,0.9999998631665985,0.7997483980262369,0.9767231278021948,0.2399965539176111,0.8721278568461146
1.4025,0.6410975692613292,1.0,4047.085442317213,0.999999864040078,0.7995692094438415,0.9767086299961215,0.2399790979089758,0.8718989100670705
1.403,0.6406819500081085,1.0,4045.9443365573848,0.9999998649080787,0.7993900291141197,0.9766941227650966,0.23996164190034056,0.8716697690725965
1.4035,0.6402663307548875,1.0,4044.8022861704985,0.999999865770621,0.7992108570391835,0.9766796061032663,0.23994418589170527,0.8714404338936887
1.4040000000000001,0.6398507115016665,1.0,4043.6592913421136,0.9999998666277254,0.7990316932211449,0.9766650800047727,0.23992672988306998,0.871210904561352
1.4045,0.6394350922484457,1.0,4042.5153522580813,0.9999998674794123,0.7988525376621161,0.976650544463756,0.23990927387443473,0.8709811811065994
1.405,0.6390194729952248,1.0,4041.370469105027,0.9999998683257022,0.7986733903642088,0.9766359994743528,0.23989181786579944,0.870751263560452
1.4055,0.638603853742004,1.0,4040.2246420701917,0.9999998691666155,0.7984942513295352,0.9766214450306963,0.23987436185716415,0.8705211519539398
1.4060000000000001,0.638188234488783,1.0,4039.07787134135,0.9999998700021727,0.7983151205602074,0.9766068811269174,0.23985690584852887,0.8702908463181005
1.4065,0.6377726152355621,1.0,4037.93015710705,0.9999998708323943,0.7981359980583372,0.9765923077571433,0.2398394498398936,0.8700603466839808
1.407,0.6373569959823413,1.0,4036.7814995562167,0.9999998716573006,0.7979568838260369,0.9765777249154991,0.23982199383125832,0.8698296530826354
1.4075,0.6369413767291203,1.0,4035.6318988786284,0.9999998724769122,0.7977777778654183,0.9765631325961056,0.23980453782262304,0.8695987655451272
1.408,0.6365257574758998,1.0,4034.4813552645237,0.9999998732912495,0.7975986801785934,0.9765485307930817,0.23978708181398778,0.8693676841025276
1.4085,0.6361101382226786,1.0,4033.329868904833,0.9999998741003331,0.7974195907676743,0.9765339195005422,0.2397696258053525,0.8691364087859166
1.409,0.6356945189694576,1.0,4032.1774399910246,0.9999998749041832,0.797240509634773,0.9765192987126002,0.2397521697967172,0.8689049396263822
1.4095,0.6352788997162371,1.0,4031.024068715306,0.9999998757028205,0.7970614367820016,0.9765046684233644,0.23973471378808195,0.8686732766550206
1.41,0.6348632804630159,1.0,4029.8697552703406,0.9999998764962652,0.796882372211472,0.9764900286269412,0.23971725777944666,0.8684414199029368
1.4105,0.6344476612097949,1.0,4028.71449984965,0.999999877284538,0.7967033159252961,0.9764753793174337,0.23969980177081138,0.8682093694012437
1.411,0.6340320419565744,1.0,4027.558302647093,0.9999998780676592,0.7965242679255862,0.9764607204889423,0.23968234576217612,0.8679771251810631
1.4115,0.6336164227033532,1.0,4026.4011638573493,0.9999998788456493,0.7963452282144541,0.976446052135564,0.23966488975354083,0.8677446872735243
1.412,0.6332008034501326,1.0,4025.2430836756366,0.9999998796185289,0.7961661967940119,0.9764313742513929,0.23964743374490557,0.8675120557097658
1.4125,0.6327851841969117,1.0,4024.0840622977107,0.9999998803863183,0.7959871736663716,0.9764166868305196,0.2396299777362703,0.8672792305209336
1.413,0.6323695649436907,1.0,4022.9240999201497,0.9999998811490379,0.7958081588336453,0.9764019898670327,0.239612521727635,0.867046211738183
1.4135,0.6319539456904699,1.0,4021.7631967400694,0.9999998819067083,0.795629152297945,0.9763872833550168,0.23959506571899974,0.8668129993926768
1.414,0.6315383264372489,1.0,4020.6013529551296,0.9999998826593499,0.7954501540613825,0.9763725672885539,0.23957760971036446,0.8665795935155862
1.4145,0.631122707184028,1.0,4019.4385687636072,0.9999998834069831,0.7952711641260699,0.9763578416617228,0.23956015370172917,0.8663459941380912
1.415,0.6307070879308072,1.0,4018.2748443645237,0.9999998841496285,0.7950921824941195,0.9763431064685991,0.2395426976930939,0.86611220129138
1.4155,0.6302914686775862,1.0,4017.1101799574403,0.9999998848873064,0.7949132091676431,0.9763283617032559,0.2395252416844586,0.8658782150066489
1.416,0.6298758494243655,1.0,4015.944575742582,0.9999998856200374,0.7947342441487526,0.9763136073597624,0.23950778567582334,0.8656440353151024
1.4165,0.6294602301711445,1.0,4014.7780319207145,0.9999998863478419,0.7945552874395602,0.9762988434321858,0.23949032966718806,0.8654096622479537
1.417,0.6290446109179235,1.0,4013.610548693308,0.9999998870707402,0.7943763390421777,0.976284069914589,0.23947287365855277,0.8651750958364239
1.4175,0.6286289916647028,1.0,4012.4421262624555,0.999999887788753,0.7941973989587174,0.9762692868010332,0.2394554176499175,0.8649403361117433
1.418,0.6282133724114818,1.0,4011.2727648307546,0.9999998885019007,0.7940184671912913,0.9762544940855755,0.23943796164128223,0.8647053831051494
1.4185,0.6277977531582608,1.0,4010.102464601625,0.9999998892102036,0.793839543742011,0.9762396917622705,0.23942050563264694,0.8644702368478885
1.419,0.62738213390504,1.0,4008.931225778952,0.9999998899136824,0.7936606286129891,0.9762248798251694,0.23940304962401168,0.8642348973712156
1.4195,0.6269665146518191,1.0,4007.759048567287,0.9999998906123573,0.7934817218063372,0.9762100582683205,0.2393855936153764,0.8639993647063933
1.42,0.6265508953985985,1.0,4006.5859331718852,0.9999998913062489,0.7933028233241675,0.9761952270857691,0.23936813760674114,0.8637636388846929
1.4205,0.6261352761453773,1.0,4005.4118797984684,0.9999998919953778,0.7931239331685919,0.9761803862715577,0.23935068159810585,0.863527719937394
1.421,0.6257196568921564,1.0,4004.2368886535037,0.9999998926797641,0.7929450513417224,0.9761655358197248,0.23933322558947057,0.8632916078957846
1.4215,0.6253040376389358,1.0,4003.0609599441245,0.9999998933594285,0.7927661778456713,0.9761506757243071,0.2393157695808353,0.8630553027911609
1.422,0.6248884183857146,1.0,4001.8840938778926,0.9999998940343915,0.7925873126825503,0.9761358059793372,0.2392983135722,0.8628188046548273
1.4225,0.6244727991324937,1.0,4000.706290663275,0.9999998947046734,0.7924084558544715,0.9761209265788456,0.23928085756356474,0.8625821135180967
1.423,0.6240571798792731,1.0,3999.527550509207,0.9999998953702948,0.792229607363547,0.9761060375168588,0.23926340155492948,0.86234522941229
1.4235,0.6236415606260519,1.0,3998.3478736250945,0.9999998960312759,0.7920507672118887,0.9760911387874004,0.23924594554629416,0.862108152368737
1.424,0.6232259413728314,1.0,3997.167260221326,0.9999998966876376,0.7918719354016087,0.9760762303844918,0.2392284895376589,0.8618708824187751
1.4245,0.6228103221196104,1.0,3995.9857105086853,0.9999998973393999,0.791693111934819,0.9760613123021505,0.23921103352902362,0.8616334195937505
1.425,0.6223947028663892,1.0,3994.803224698543,0.9999998979865835,0.7915142968136316,0.9760463845343909,0.23919357752038833,0.8613957639250176
1.4255,0.6219790836131687,1.0,3993.6198030031355,0.9999998986292088,0.7913354900401586,0.9760314470752248,0.23917612151175308,0.8611579154439389
1.426,0.6215634643599477,1.0,3992.435445635095,0.9999998992672963,0.7911566916165118,0.9760164999186611,0.2391586655031178,0.8609198741818853
1.4265,0.6211478451067265,1.0,3991.2501528078005,0.9999998999008665,0.7909779015448033,0.9760015430587047,0.2391412094944825,0.8606816401702362
1.427,0.620732225853506,1.0,3990.0639247352233,0.9999999005299396,0.7907991198271453,0.9759865764893583,0.23912375348584725,0.8604432134403792
1.4275,0.620316606600285,1.0,3988.8767616320056,0.9999999011545363,0.7906203464656497,0.9759716002046213,0.23910629747721196,0.86020459402371
1.428,0.6199009873470642,1.0,3987.6886637133794,0.9999999017746771,0.7904415814624285,0.9759566141984899,0.2390888414685767,0.8599657819516326
1.4285,0.6194853680938432,1.0,3986.499631195212,0.9999999023903823,0.7902628248195935,0.9759416184649572,0.23907138545994142,0.8597267772555597
1.429,0.6190697488406223,1.0,3985.3096642940004,0.9999999030016723,0.7900840765392572,0.9759266129980134,0.23905392945130613,0.8594875799669118
1.4295,0.6186541295874015,1.0,3984.118763226915,0.9999999036085678,0.7899053366235312,0.9759115977916457,0.23903647344267087,0.8592481901171183
1.43,0.6182385103341805,1.0,3982.9269282117193,0.9999999042110891,0.7897266050745277,0.9758965728398383,0.23901901743403559,0.859008607737616
1.4305,0.6178228910809596,1.0,3981.7341594668096,0.9999999048092566,0.7895478818943586,0.9758815381365719,0.2390015614254003,0.8587688328598507
1.431,0.6174072718277388,1.0,3980.5404572112593,0.9999999054030909,0.7893691670851362,0.9758664936758243,0.238984105416765,0.8585288655152765
1.4315,0.6169916525745178,1.0,3979.3458216646914,0.9999999059926123,0.7891904606489721,0.9758514394515705,0.23896664940812973,0.8582887057353554
1.432,0.6165760333212971,1.0,3978.150253047527,0.9999999065778415,0.7890117625879787,0.975836375457782,0.23894919339949447,0.8580483535515578
1.4325,0.6161604140680761,1.0,3976.9537515806596,0.9999999071587987,0.7888330729042676,0.9758213016884278,0.23893173739085918,0.8578078089953625
1.433,0.6157447948148551,1.0,3975.756317485582,0.9999999077355045,0.7886543915999513,0.9758062181374733,0.2389142813822239,0.8575670720982567
1.4335,0.6153291755616344,1.0,3974.5579509846584,0.9999999083079794,0.7884757186771415,0.9757911247988811,0.23889682537358864,0.8573261428917354
1.434,0.6149135563084134,1.0,3973.358652300653,0.9999999088762437,0.7882970541379503,0.9757760216666107,0.23887936936495335,0.8570850214073025
1.4345,0.6144979370551924,1.0,3972.1584216570845,0.9999999094403179,0.7881183979844896,0.9757609087346183,0.23886191335631807,0.8568437076764696
1.435,0.6140823178019716,1.0,3970.9572592781087,0.9999999100002226,0.7879397502188716,0.9757457859968575,0.2388444573476828,0.8566022017307572
1.4355,0.6136666985487507,1.0,3969.755165388439,0.999999910555978,0.7877611108432082,0.9757306534472782,0.23882700133904752,0.8563605036016935
1.436,0.6132510792955301,1.0,3968.5521402134686,0.9999999111076048,0.7875824798596116,0.9757155110798277,0.23880954533041227,0.8561186133208154
1.4365,0.6128354600423089,1.0,3967.348183979306,0.9999999116551234,0.7874038572701935,0.9757003588884502,0.23879208932177698,0.8558765309196675
1.437,0.612419840789088,1.0,3966.1432969125794,0.9999999121985541,0.7872252430770661,0.9756851968670867,0.2387746333131417,0.8556342564298036
1.4375,0.6120042215358674,1.0,3964.937479240637,0.9999999127379176,0.7870466372823415,0.9756700250096749,0.23875717730450643,0.855391789882785
1.438,0.6115886022826462,1.0,3963.730731191424,0.9999999132732341,0.7868680398881315,0.9756548433101497,0.23873972129587112,0.8551491313101814
1.4385000000000001,0.6111729830294252,1.0,3962.5230529935684,0.9999999138045242,0.7866894508965482,0.9756396517624432,0.23872226528723586,0.854906280743571
1.439,0.6107573637762047,1.0,3961.3144448762955,0.9999999143318085,0.7865108703097038,0.9756244503604837,0.2387048092786006,0.8546632382145405
1.4395,0.6103417445229835,1.0,3960.1049070693953,0.9999999148551072,0.7863322981297101,0.9756092390981972,0.2386873532699653,0.854420003754684
1.44,0.609926125269763,1.0,3958.8944398035324,0.9999999153744409,0.7861537343586792,0.9755940179695062,0.23866989726133003,0.8541765773956047
1.4405000000000001,0.609510506016542,1.0,3957.6830433098185,0.99999991588983,0.7859751789987229,0.9755787869683294,0.23865244125269475,0.8539329591689137
1.441,0.609094886763321,1.0,3956.4707178200833,0.9999999164012949,0.7857966320519536,0.9755635460885843,0.2386349852440595,0.8536891491062304
1.4415,0.6086792675101003,1.0,3955.2574635666433,0.9999999169088561,0.7856180935204832,0.9755482953241835,0.2386175292354242,0.8534451472391827
1.442,0.6082636482568793,1.0,3954.043280782692,0.9999999174125342,0.7854395634064235,0.9755330346690376,0.23860007322678892,0.8532009535994064
1.4425000000000001,0.6078480290036583,1.0,3952.8281697019884,0.9999999179123497,0.7852610417118866,0.9755177641170535,0.23858261721815363,0.8529565682185456
1.443,0.6074324097504376,1.0,3951.612130558856,0.9999999184083226,0.7850825284389847,0.975502483662135,0.23856516120951837,0.8527119911282532
1.4435,0.6070167904972166,1.0,3950.39516358826,0.9999999189004738,0.7849040235898297,0.9754871932981838,0.2385477052008831,0.8524672223601896
1.444,0.6066011712439958,1.0,3949.17726902605,0.9999999193888236,0.7847255271665335,0.9754718930190971,0.23853024919224783,0.852222261946024
1.4445000000000001,0.6061855519907748,1.0,3947.9584471083226,0.9999999198733925,0.7845470391712083,0.97545658281877,0.23851279318361254,0.8519771099174335
1.445,0.6057699327375539,1.0,3946.738698072136,0.9999999203542009,0.784368559605966,0.9754412626910942,0.23849533717497726,0.8517317663061038
1.4455,0.6053543134843331,1.0,3945.5180221550736,0.9999999208312693,0.7841900884729187,0.9754259326299581,0.238477881166342,0.8514862311437288
1.446,0.6049386942311121,1.0,3944.2964195953687,0.9999999213046181,0.7840116257741784,0.9754105926292478,0.2384604251577067,0.8512405044620104
1.4465000000000001,0.6045230749778912,1.0,3943.073890631897,0.9999999217742679,0.7838331715118569,0.9753952426828452,0.23844296914907143,0.8509945862926587
1.447,0.6041074557246704,1.0,3941.8504355041814,0.9999999222402389,0.7836547256880666,0.9753798827846301,0.23842551314043614,0.8507484766673925
1.4475,0.6036918364714494,1.0,3940.6260544525103,0.9999999227025519,0.7834762883049192,0.9753645129284784,0.23840805713180085,0.8505021756179386
1.448,0.6032762172182289,1.0,3939.400747717662,0.999999923161227,0.7832978593645269,0.9753491331082635,0.2383906011231656,0.850255683176032
1.4485000000000001,0.6028605979650077,1.0,3938.1745155409835,0.999999923616285,0.7831194388690016,0.9753337433178555,0.2383731451145303,0.850008999373416
1.449,0.6024449787117867,1.0,3936.9473581647862,0.9999999240677461,0.7829410268204554,0.9753183435511213,0.23835568910589502,0.8497621242418423
1.4495,0.6020293594585662,1.0,3935.7192758317897,0.9999999245156308,0.7827626232210002,0.975302933801925,0.23833823309725977,0.8495150578130705
1.45,0.601613740205345,1.0,3934.4902687853273,0.9999999249599596,0.7825842280727482,0.9752875140641274,0.23832077708862448,0.8492678001188687
1.4505000000000001,0.601198120952124,1.0,3933.260337269538,0.999999925400753,0.7824058413778112,0.975272084331586,0.2383033210799892,0.8490203511910133
1.451,0.6007825016989035,1.0,3932.0294815292095,0.9999999258380314,0.7822274631383014,0.9752566445981556,0.23828586507135394,0.8487727110612886
1.4515,0.6003668824456823,1.0,3930.7977018095826,0.9999999262718152,0.7820490933563308,0.9752411948576881,0.23826840906271865,0.8485248797614878
1.452,0.5999512631924617,1.0,3929.5649983567864,0.999999926702125,0.7818707320340113,0.9752257351040315,0.2382509530540834,0.8482768573234116
1.4525000000000001,0.5995356439392407,1.0,3928.3313714174415,0.9999999271289812,0.7816923791734549,0.9752102653310313,0.2382334970454481,0.8480286437788693
1.453,0.5991200246860195,1.0,3927.0968212388198,0.9999999275524043,0.7815140347767737,0.97519478553253,0.23821604103681282,0.8477802391596785
1.4535,0.598704405432799,1.0,3925.861348069044,0.9999999279724145,0.7813356988460798,0.9751792957023666,0.23819858502817756,0.8475316434976649
1.454,0.598288786179578,1.0,3924.624952156611,0.9999999283890326,0.7811573713834851,0.9751637958343771,0.23818112901954228,0.8472828568246624
1.4545000000000001,0.5978731669263568,1.0,3923.3876337509064,0.999999928802279,0.7809790523911015,0.9751482859223947,0.238163673010907,0.8470338791725133
1.455,0.5974575476731363,1.0,3922.1493931017735,0.9999999292121738,0.7808007418710413,0.9751327659602492,0.23814621700227173,0.846784710573068
1.4555,0.5970419284199153,1.0,3920.910230459785,0.999999929618738,0.7806224398254165,0.9751172359417674,0.23812876099363645,0.8465353510581856
1.456,0.5966263091666946,1.0,3919.670146076249,0.9999999300219916,0.7804441462563387,0.975101695860773,0.23811130498500116,0.8462858006597322
1.4565000000000001,0.5962106899134736,1.0,3918.429140203046,0.9999999304219552,0.7802658611659203,0.9750861457110866,0.23809384897636587,0.8460360594095836
1.457,0.5957950706602526,1.0,3917.187213092751,0.9999999308186495,0.7800875845562733,0.9750705854865257,0.23807639296773062,0.8457861273396229
1.4575,0.5953794514070319,1.0,3915.944364998478,0.9999999312120946,0.7799093164295096,0.975055015180905,0.23805893695909533,0.8455360044817419
1.458,0.5949638321538109,1.0,3914.70059617415,0.9999999316023112,0.7797310567877412,0.9750394347880355,0.23804148095046004,0.8452856908678403
1.4585000000000001,0.5945482129005899,1.0,3913.45590687427,0.9999999319893196,0.7795528056330802,0.9750238443017253,0.23802402494182476,0.8450351865298261
1.459,0.5941325936473691,1.0,3912.210297354074,0.9999999323731403,0.7793745629676385,0.9750082437157799,0.2380065689331895,0.8447844914996158
1.4595,0.5937169743941482,1.0,3910.9637678692584,0.9999999327537938,0.7791963287935283,0.974992633024001,0.2379891129245542,0.8445336058091337
1.46,0.5933013551409274,1.0,3909.7163186764124,0.9999999331313005,0.7790181031128615,0.9749770122201876,0.23797165691591896,0.8442825294903127
1.4605000000000001,0.5928857358877064,1.0,3908.4679500325838,0.9999999335056811,0.77883988592775,0.9749613812981356,0.23795420090728367,0.8440312625750936
1.461,0.5924701166344855,1.0,3907.218662195639,0.9999999338769556,0.778661677240306,0.9749457402516376,0.23793674489864838,0.8437798050954258
1.4615,0.5920544973812647,1.0,3905.9684554240594,0.9999999342451449,0.7784834770526415,0.9749300890744835,0.23791928889001313,0.8435281570832667
1.462,0.5916388781280437,1.0,3904.7173299768697,0.9999999346102691,0.7783052853668685,0.9749144277604592,0.23790183288137784,0.8432763185705816
1.4625000000000001,0.5912232588748227,1.0,3903.4652861138693,0.9999999349723488,0.778127102185099,0.9748987563033489,0.23788437687274255,0.8430242895893446
1.463,0.590807639621602,1.0,3902.2123240955566,0.9999999353314046,0.7779489275094449,0.9748830746969323,0.23786692086410727,0.8427720701715378
1.4635,0.590392020368381,1.0,3900.958444182973,0.9999999356874569,0.7777707613420184,0.9748673829349865,0.23784946485547198,0.8425196603491514
1.464,0.5899764011151605,1.0,3899.7036466378963,0.999999936040526,0.7775926036849314,0.9748516810112859,0.23783200884683672,0.8422670601541837
1.4645000000000001,0.5895607818619393,1.0,3898.447931722688,0.9999999363906324,0.7774144545402959,0.9748359689196017,0.23781455283820144,0.8420142696186416
1.465,0.5891451626087183,1.0,3897.1912997004474,0.9999999367377966,0.7772363139102241,0.9748202466537013,0.23779709682956615,0.84176128877454
1.4655,0.5887295433554978,1.0,3895.9337508349363,0.9999999370820392,0.7770581817968278,0.9748045142073495,0.2377796408209309,0.8415081176539022
1.466,0.5883139241022766,1.0,3894.6752853905377,0.9999999374233804,0.7768800582022192,0.9747887715743083,0.2377621848122956,0.8412547562887592
1.4665000000000001,0.5878983048490556,1.0,3893.415903632297,0.9999999377618408,0.77670194312851,0.9747730187483362,0.23774472880366032,0.8410012047111506
1.467,0.587482685595835,1.0,3892.155605825923,0.9999999380974409,0.7765238365778127,0.9747572557231884,0.23772727279502506,0.8407474629531244
1.4675,0.5870670663426139,1.0,3890.8943922377853,0.9999999384302011,0.776345738552239,0.9747414824926173,0.23770981678638978,0.8404935310467365
1.468,0.5866514470893933,1.0,3889.6322631349963,0.9999999387601417,0.7761676490539009,0.9747256990503723,0.23769236077775452,0.8402394090240508
1.4685000000000001,0.5862358278361723,1.0,3888.369218785253,0.9999999390872834,0.7759895680849104,0.9747099053901993,0.23767490476911923,0.8399850969171396
1.469,0.5858202085829514,1.0,3887.105259456839,0.9999999394116466,0.7758114956473796,0.9746941015058416,0.23765744876048395,0.8397305947580839
1.4695,0.5854045893297306,1.0,3885.8403854189364,0.9999999397332516,0.7756334317434206,0.9746782873910386,0.2376399927518487,0.8394759025789722
1.47,0.5849889700765096,1.0,3884.5745969410796,0.9999999400521191,0.7754553763751454,0.9746624630395276,0.2376225367432134,0.8392210204119017
1.4705000000000001,0.5845733508232887,1.0,3883.307894293779,0.9999999403682693,0.7752773295446658,0.974646628445042,0.23760508073457812,0.8389659482889772
1.471,0.5841577315700679,1.0,3882.0402777480185,0.9999999406817229,0.7750992912540939,0.9746307836013125,0.23758762472594286,0.8387106862423123
1.4715,0.5837421123168469,1.0,3880.7717475754453,0.9999999409925002,0.774921261505542,0.9746149285020664,0.23757016871730757,0.8384552343040287
1.472,0.5833264930636262,1.0,3879.5023040484916,0.9999999413006218,0.7747432403011217,0.974599063141028,0.2375527127086723,0.8381995925062558
1.4725,0.5829108738104052,1.0,3878.231947440177,0.999999941606108,0.7745652276429453,0.9745831875119189,0.237535256700037,0.8379437608811319
1.473,0.5824952545571842,1.0,3876.9606780241893,0.9999999419089792,0.7743872235331247,0.9745673016084567,0.23751780069140174,0.8376877394608029
1.4735,0.5820796353039634,1.0,3875.6884960749226,0.999999942209256,0.7742092279737719,0.9745514054243567,0.23750034468276646,0.8374315282774232
1.474,0.5816640160507425,1.0,3874.4154018673603,0.999999942506959,0.774031240966999,0.9745354989533308,0.23748288867413117,0.8371751273631555
1.4745,0.5812483967975217,1.0,3873.1413956772726,0.9999999428021084,0.773853262514918,0.974519582189088,0.2374654326654959,0.8369185367501704
1.475,0.5808327775443007,1.0,3871.8664777809804,0.9999999430947246,0.7736752926196409,0.9745036551253332,0.23744797665686063,0.8366617564706467
1.4755,0.5804171582910798,1.0,3870.5906484555126,0.9999999433848283,0.7734973312832796,0.9744877177557695,0.23743052064822534,0.8364047865567716
1.476,0.5800015390378592,1.0,3869.313907978685,0.9999999436724399,0.7733193785079463,0.9744717700740961,0.23741306463959008,0.8361476270407407
1.4765,0.579585919784638,1.0,3868.036256628711,0.9999999439575799,0.7731414342957529,0.9744558120740093,0.2373956086309548,0.835890277954757
1.477,0.579170300531417,1.0,3866.7576946847857,0.9999999442402685,0.7729634986488114,0.9744398437492027,0.2373781526223195,0.8356327393310323
1.4775,0.5787546812781965,1.0,3865.4782224266187,0.9999999445205264,0.7727855715692339,0.9744238650933658,0.23736069661368425,0.8353750112017866
1.478,0.5783390620249753,1.0,3864.1978401345127,0.9999999447983741,0.7726076530591324,0.9744078761001859,0.23734324060504897,0.8351170935992478
1.4785,0.5779234427717548,1.0,3862.91654808956,0.9999999450738317,0.7724297431206189,0.9743918767633466,0.23732578459641368,0.834858986555652
1.479,0.5775078235185338,1.0,3861.634346573602,0.99999994534692,0.7722518417558053,0.9743758670765287,0.23730832858777842,0.8346006901032438
1.4795,0.5770922042653126,1.0,3860.3512358688413,0.9999999456176595,0.7720739489668039,0.97435984703341,0.2372908725791431,0.8343422042742759
1.48,0.5766765850120921,1.0,3859.0672162586197,0.9999999458860703,0.7718960647557265,0.9743438166276648,0.23727341657050785,0.8340835291010086
1.4805,0.5762609657588711,1.0,3857.7822880265253,0.9999999461521732,0.7717181891246851,0.974327775852964,0.2372559605618726,0.833824664615711
1.481,0.5758453465056499,1.0,3856.496451456935,0.9999999464159885,0.7715403220757917,0.9743117247029767,0.23723850455323728,0.8335656108506602
1.4815,0.5754297272524294,1.0,3855.2097068351345,0.9999999466775367,0.7713624636111586,0.9742956631713674,0.23722104854460202,0.8333063678381416
1.482,0.5750141079992084,1.0,3853.9220544467717,0.9999999469368382,0.7711846137328975,0.9742795912517981,0.23720359253596673,0.8330469356104486
1.4825,0.5745984887459876,1.0,3852.6334945783246,0.9999999471939135,0.7710067724431205,0.9742635089379279,0.23718613652733148,0.8327873141998827
1.483,0.5741828694927666,1.0,3851.3440275169482,0.9999999474487831,0.7708289397439396,0.9742474162234122,0.2371686805186962,0.8325275036387536
1.4835,0.5737672502395457,1.0,3850.053653550394,0.9999999477014674,0.7706511156374669,0.974231313101904,0.2371512245100609,0.8322675039593795
1.484,0.5733516309863249,1.0,3848.7623729671664,0.9999999479519869,0.7704733001258145,0.9742151995670527,0.23713376850142565,0.8320073151940867
1.4845,0.5729360117331039,1.0,3847.470186056448,0.9999999482003619,0.7702954932110941,0.9741990756125044,0.23711631249279036,0.8317469373752089
1.485,0.572520392479883,1.0,3846.177093108019,0.9999999484466131,0.7701176948954179,0.9741829412319029,0.23709885648415507,0.8314863705350888
1.4855,0.5721047732266622,1.0,3844.8830944124934,0.9999999486907608,0.769939905180898,0.9741667964188876,0.23708140047551982,0.8312256147060773
1.486,0.5716891539734412,1.0,3843.5881902608903,0.9999999489328255,0.7697621240696464,0.9741506411670958,0.23706394446688453,0.8309646699205329
1.4865,0.5712735347202205,1.0,3842.2923809451786,0.9999999491728276,0.769584351563775,0.9741344754701615,0.23704648845824924,0.8307035362108226
1.487,0.5708579154669995,1.0,3840.9956667579672,0.9999999494107876,0.7694065876653957,0.9741182993217151,0.23702903244961399,0.8304422136093214
1.4875,0.5704422962137785,1.0,3839.6980479923095,0.9999999496467261,0.7692288323766209,0.9741021127153848,0.2370115764409787,0.8301807021484129
1.488,0.5700266769605578,1.0,3838.399524942212,0.9999999498806633,0.7690510856995624,0.9740859156447945,0.2369941204323434,0.8299190018604883
1.4885,0.5696110577073368,1.0,3837.100097902243,0.9999999501126199,0.7688733476363321,0.9740697081035659,0.23697666442370813,0.8296571127779471
1.489,0.5691954384541158,1.0,3835.7997671677285,0.9999999503426161,0.7686956181890421,0.9740534900853169,0.23695920841507287,0.8293950349331971
1.4895,0.568779819200895,1.0,3834.498533034442,0.9999999505706726,0.7685178973598045,0.974037261583663,0.23694175240643758,0.8291327683586542
1.49,0.5683641999476741,1.0,3833.1963957991493,0.9999999507968097,0.7683401851507312,0.9740210225922158,0.2369242963978023,0.8288703130867427
1.4905,0.5679485806944535,1.0,3831.893355759141,0.999999951021048,0.7681624815639344,0.9740047731045843,0.23690684038916704,0.8286076691498946
1.491,0.5675329614412323,1.0,3830.589413212351,0.9999999512434077,0.7679847866015259,0.9739885131143744,0.23688938438053175,0.8283448365805501
1.4915,0.5671173421880114,1.0,3829.284568457434,0.9999999514639095,0.7678071002656178,0.9739722426151883,0.23687192837189647,0.828081815411158
1.492,0.5667017229347908,1.0,3827.978821793805,0.9999999516825738,0.7676294225583222,0.9739559616006257,0.2368544723632612,0.8278186056741749
1.4925,0.5662861036815696,1.0,3826.672173521445,0.999999951899421,0.767451753481751,0.973939670064283,0.23683701635462592,0.8275552074020653
1.493,0.5658704844283486,1.0,3825.3646239410955,0.9999999521144717,0.7672740930380162,0.973923367999753,0.23681956034599064,0.8272916206273024
1.4935,0.5654548651751281,1.0,3824.0561733541444,0.9999999523277462,0.7670964412292299,0.9739070554006262,0.23680210433735538,0.8270278453823675
1.494,0.5650392459219069,1.0,3822.746822062663,0.9999999525392649,0.7669187980575042,0.9738907322604892,0.2367846483287201,0.8267638816997497
1.4945,0.5646236266686864,1.0,3821.4365703694443,0.9999999527490484,0.7667411635249509,0.9738743985729258,0.2367671923200848,0.8264997296119462
1.495,0.5642080074154654,1.0,3820.125418577968,0.9999999529571172,0.766563537633682,0.9738580543315172,0.23674973631144955,0.8262353891514624
1.4955,0.5637923881622444,1.0,3818.813366992243,0.9999999531634917,0.7663859203858099,0.9738416995298401,0.23673228030281426,0.8259708603508127
1.496,0.5633767689090237,1.0,3817.5004159172363,0.9999999533681923,0.7662083117834462,0.9738253341614694,0.23671482429417898,0.8257061432425181
1.4965,0.5629611496558027,1.0,3816.186565658445,0.9999999535712394,0.7660307118287031,0.9738089582199765,0.23669736828554372,0.8254412378591092
1.497,0.5625455304025817,1.0,3814.8718165219752,0.9999999537726536,0.7658531205236925,0.9737925716989291,0.23667991227690843,0.8251761442331235
1.4975,0.562129911149361,1.0,3813.5561688147363,0.9999999539724553,0.7656755378705266,0.9737761745918919,0.23666245626827315,0.8249108623971078
1.498,0.56171429189614,1.0,3812.239622844364,0.999999954170665,0.7654979638713172,0.9737597668924279,0.23664500025963786,0.8246453923836159
1.4985,0.5612986726429192,1.0,3810.9221789190656,0.999999954367303,0.7653203985281765,0.9737433485940946,0.2366275442510026,0.8243797342252107
1.499,0.5608830533896982,1.0,3809.603837347813,0.9999999545623901,0.7651428418432163,0.9737269196904484,0.23661008824236732,0.8241138879544627
1.4995,0.5604674341364773,1.0,3808.2845984401515,0.9999999547559464,0.7649652938185489,0.9737104801750416,0.23659263223373203,0.8238478536039509
1.5,0.5600518148832565,1.0,3806.964462506547,0.9999999549479924,0.7647877544562863,0.973694030041423,0.23657517622509677,0.8235816312062619
1.5005,0.5596361956300355,1.0,3805.6434298578847,0.9999999551385488,0.7646102237585403,0.9736775692831391,0.2365577202164615,0.8233152207939909
1.5010000000000001,0.5592205763768145,1.0,3804.32150080597,0.9999999553276359,0.7644327017274228,0.973661097893733,0.2365402642078262,0.8230486223997406
1.5015,0.5588049571235938,1.0,3802.9986756631843,0.9999999555152741,0.7642551883650462,0.9736446158667449,0.23652280819919094,0.822781836056123
1.502,0.5583893378703728,1.0,3801.67495474252,0.9999999557014838,0.7640776836735225,0.9736281231957108,0.23650535219055566,0.8225148617957573
1.5025,0.5579737186171523,1.0,3800.3503383578172,0.9999999558862858,0.7639001876549634,0.9736116198741648,0.2364878961819204,0.8222476996512708
1.5030000000000001,0.5575580993639311,1.0,3799.0248268235296,0.9999999560697002,0.7637227003114809,0.9735951058956374,0.2364704401732851,0.821980349655299
1.5035,0.5571424801107101,1.0,3797.6984204548016,0.9999999562517476,0.7635452216451875,0.9735785812536556,0.23645298416464983,0.8217128118404862
1.504,0.5567268608574896,1.0,3796.371119567509,0.9999999564324484,0.7633677516581947,0.973562045941744,0.23643552815601454,0.821445086239484
1.5045,0.5563112416042684,1.0,3795.042924478144,0.9999999566118233,0.7631902903526148,0.9735454999534235,0.23641807214737925,0.8211771728849525
1.5050000000000001,0.5558956223510474,1.0,3793.713835504083,0.9999999567898924,0.7630128377305596,0.9735289432822121,0.236400616138744,0.8209090718095597
1.5055,0.5554800030978269,1.0,3792.3838529630484,0.9999999569666763,0.7628353937941414,0.9735123759216243,0.2363831601301087,0.8206407830459823
1.506,0.5550643838446057,1.0,3791.052977173806,0.9999999571421955,0.762657958545472,0.9734957978651719,0.23636570412147342,0.8203723066269041
1.5065,0.5546487645913851,1.0,3789.7212084556595,0.9999999573164704,0.7624805319866635,0.9734792091063635,0.23634824811283817,0.820103642585018
1.5070000000000001,0.5542331453381641,1.0,3788.388547128569,0.9999999574895215,0.7623031141198279,0.9734626096387043,0.23633079210420288,0.8198347909530244
1.5075,0.553817526084943,1.0,3787.054993513189,0.9999999576613693,0.7621257049470772,0.9734459994556967,0.2363133360955676,0.8195657517636321
1.508,0.5534019068317224,1.0,3785.720547931103,0.9999999578320342,0.7619483044705234,0.9734293785508394,0.23629588008693234,0.819296525049558
1.5085,0.5529862875785014,1.0,3784.3852107042403,0.9999999580015366,0.7617709126922787,0.9734127469176287,0.23627842407829705,0.8190271108435272
1.5090000000000001,0.5525706683252802,1.0,3783.0489821554606,0.9999999581698971,0.7615935296144548,0.9733961045495573,0.23626096806966176,0.8187575091782722
1.5095,0.5521550490720597,1.0,3781.7118626082793,0.999999958337136,0.761416155239164,0.9733794514401146,0.2362435120610265,0.8184877200865347
1.51,0.5517394298188387,1.0,3780.3738523868337,0.9999999585032738,0.761238789568518,0.9733627875827874,0.23622605605239122,0.8182177436010637
1.5105,0.551323810565618,1.0,3779.0349518159956,0.999999958668331,0.7610614326046292,0.9733461129710589,0.23620860004375593,0.817947579754617
1.5110000000000001,0.550908191312397,1.0,3777.6951612214125,0.9999999588323281,0.7608840843496092,0.9733294275984095,0.23619114403512068,0.8176772285799592
1.5115,0.550492572059176,1.0,3776.354480929314,0.9999999589952855,0.7607067448055704,0.9733127314583158,0.2361736880264854,0.8174066901098649
1.512,0.5500769528059553,1.0,3775.012911266707,0.9999999591572236,0.7605294139746247,0.9732960245442522,0.2361562320178501,0.8171359643771152
1.5125,0.5496613335527343,1.0,3773.670452561218,0.999999959318163,0.7603520918588841,0.9732793068496892,0.23613877600921485,0.8168650514145003
1.5130000000000001,0.5492457142995133,1.0,3772.3271051413294,0.9999999594781239,0.7601747784604604,0.9732625783680944,0.23612132000057956,0.8165939512548175
1.5135,0.5488300950462925,1.0,3770.9828693359905,0.9999999596371271,0.7599974737814659,0.9732458390929325,0.23610386399194427,0.8163226639308732
1.514,0.5484144757930716,1.0,3769.637745475084,0.9999999597951927,0.7598201778240126,0.9732290890176645,0.236086407983309,0.8160511894754817
1.5145,0.5479988565398508,1.0,3768.291733889037,0.9999999599523415,0.7596428905902123,0.9732123281357488,0.23606895197467373,0.8157795279214648
1.5150000000000001,0.5475832372866298,1.0,3766.944834909056,0.9999999601085938,0.7594656120821771,0.9731955564406405,0.23605149596603844,0.8155076793016527
1.5155,0.5471676180334089,1.0,3765.5970488669727,0.99999996026397,0.7592883423020192,0.9731787739257914,0.23603403995740316,0.8152356436488843
1.516,0.5467519987801881,1.0,3764.2483760954733,0.9999999604184906,0.7591110812518506,0.9731619805846503,0.2360165839487679,0.8149634209960059
1.5165,0.5463363795269671,1.0,3762.8988169277163,0.9999999605721761,0.758933828933783,0.9731451764106624,0.2359991279401326,0.8146910113758719
1.5170000000000001,0.5459207602737461,1.0,3761.5483716977164,0.9999999607250469,0.7587565853499286,0.9731283613972708,0.23598167193149733,0.8144184148213448
1.5175,0.5455051410205254,1.0,3760.197040740308,0.9999999608771235,0.7585793505023996,0.9731115355379142,0.23596421592286207,0.8141456313652957
1.518,0.5450895217673044,1.0,3758.844824390719,0.9999999610284263,0.7584021243933077,0.9730946988260291,0.23594675991422678,0.8138726610406034
1.5185,0.5446739025140839,1.0,3757.491722985115,0.9999999611789758,0.7582249070247651,0.9730778512550484,0.23592930390559153,0.8135995038801547
1.5190000000000001,0.5442582832608627,1.0,3756.137736860286,0.9999999613287925,0.7580476983988838,0.973060992818402,0.23591184789695624,0.8133261599168446
1.5195,0.5438426640076417,1.0,3754.7828663536916,0.9999999614778968,0.7578704985177757,0.9730441235095164,0.23589439188832095,0.8130526291835762
1.52,0.5434270447544212,1.0,3753.427111803648,0.9999999616263091,0.757693307383553,0.9730272433218153,0.23587693587968567,0.8127789117132611
1.5205,0.5430114255012,1.0,3752.070473549024,0.99999996177405,0.7575161249983277,0.9730103522487191,0.23585947987105038,0.812505007538818
1.5210000000000001,0.542595806247979,1.0,3750.7129519294717,0.9999999619211398,0.7573389513642115,0.972993450283645,0.23584202386241512,0.8122309166931744
1.5215,0.5421801869947585,1.0,3749.3545472852725,0.9999999620675991,0.7571617864833168,0.9729765374200069,0.23582456785377984,0.8119566392092659
1.522,0.5417645677415373,1.0,3747.995259957491,0.9999999622134483,0.7569846303577555,0.9729596136512164,0.23580711184514455,0.811682175120036
1.5225,0.5413489484883167,1.0,3746.6350902878994,0.9999999623587078,0.7568074829896396,0.9729426789706804,0.2357896558365093,0.8114075244584362
1.5230000000000001,0.5409333292350957,1.0,3745.274038618902,0.9999999625033982,0.756630344381081,0.9729257333718039,0.235772199827874,0.8111326872574259
1.5235,0.5405177099818748,1.0,3743.9121052936853,0.9999999626475398,0.7564532145341919,0.9729087768479887,0.23575474381923872,0.8108576635499734
1.524,0.540102090728654,1.0,3742.5492906561467,0.9999999627911531,0.7562760934510843,0.9728918093926328,0.23573728781060346,0.8105824533690542
1.5245,0.539686471475433,1.0,3741.185595050815,0.9999999629342586,0.75609898113387,0.9728748309991314,0.23571983180196818,0.810307056747652
1.5250000000000001,0.539270852222212,1.0,3739.821018823005,0.9999999630768768,0.7559218775846612,0.9728578416608764,0.2357023757933329,0.8100314737187593
1.5255,0.5388552329689913,1.0,3738.4555623187402,0.999999963219028,0.7557447828055699,0.972840841371257,0.23568491978469763,0.8097557043153756
1.526,0.5384396137157703,1.0,3737.0892258846034,0.9999999633607328,0.7555676967987082,0.9728238301236588,0.23566746377606235,0.8094797485705094
1.5265,0.5380239944625496,1.0,3735.722009868192,0.9999999635020116,0.7553906195661879,0.9728068079114641,0.23565000776742706,0.8092036065171766
1.5270000000000001,0.5376083752093286,1.0,3734.353914617585,0.9999999636428848,0.7552135511101211,0.9727897747280527,0.2356325517587918,0.8089272781884015
1.5275,0.5371927559561076,1.0,3732.9849404814977,0.999999963783373,0.75503649143262,0.9727727305668006,0.23561509575015652,0.8086507636172167
1.528,0.5367771367028868,1.0,3731.6150878095855,0.9999999639234965,0.7548594405357963,0.9727556754210808,0.23559763974152123,0.8083740628366621
1.5285,0.5363615174496659,1.0,3730.244356952179,0.999999964063276,0.7546823984217623,0.9727386092842633,0.23558018373288597,0.8080971758797865
1.5290000000000001,0.5359458981964449,1.0,3728.8727482601653,0.9999999642027316,0.7545053650926298,0.9727215321497155,0.2355627277242507,0.8078201027796461
1.5295,0.5355302789432241,1.0,3727.500262085225,0.999999964341884,0.7543283405505109,0.9727044440108,0.2355452717156154,0.8075428435693057
1.53,0.5351146596900032,1.0,3726.12689877975,0.9999999644807537,0.7541513247975177,0.9726873448608778,0.23552781570698011,0.8072653982818379
1.5305,0.5346990404367826,1.0,3724.7526586969984,0.9999999646193609,0.7539743178357621,0.9726702346933064,0.23551035969834486,0.8069877669503233
1.5310000000000001,0.5342834211835614,1.0,3723.3775421906385,0.9999999647577263,0.7537973196673562,0.9726531135014396,0.23549290368970957,0.8067099496078508
1.5315,0.5338678019303404,1.0,3722.001549615281,0.9999999648958703,0.7536203302944119,0.9726359812786286,0.23547544768107428,0.8064319462875169
1.532,0.5334521826771199,1.0,3720.624681326215,0.9999999650338133,0.7534433497190414,0.9726188380182212,0.23545799167243903,0.8061537570224269
1.5325,0.5330365634238987,1.0,3719.246937679367,0.9999999651715757,0.7532663779433565,0.9726016837135621,0.23544053566380374,0.8058753818456933
1.5330000000000001,0.5326209441706777,1.0,3717.8683190314573,0.9999999653091782,0.7530894149694694,0.9725845183579929,0.23542307965516845,0.8055968207904372
1.5335,0.5322053249174572,1.0,3716.488825739921,0.999999965446641,0.7529124607994919,0.9725673419448517,0.2354056236465332,0.8053180738897876
1.534,0.531789705664236,1.0,3715.1084581627965,0.9999999655839847,0.7527355154355363,0.9725501544674738,0.2353881676378979,0.8050391411768817
1.5345,0.5313740864110155,1.0,3713.727216659107,0.9999999657212298,0.7525585788797143,0.9725329559191918,0.23537071162926265,0.8047600226848644
1.5350000000000001,0.5309584671577945,1.0,3712.345101588172,0.9999999658583966,0.7523816511341382,0.9725157462933338,0.23535325562062737,0.804480718446889
1.5355,0.5305428479045733,1.0,3710.9621133104106,0.9999999659955057,0.7522047322009199,0.972498525583226,0.23533579961199208,0.8042012284961166
1.536,0.5301272286513528,1.0,3709.578252186809,0.9999999661325774,0.7520278220821714,0.972481293782191,0.2353183436033568,0.8039215528657168
1.5365,0.5297116093981318,1.0,3708.1935185791485,0.9999999662696322,0.7518509207800048,0.9724640508835477,0.23530088759472154,0.8036416915888666
1.537,0.529295990144911,1.0,3706.8079128497366,0.9999999664066906,0.751674028296532,0.972446796880613,0.23528343158608625,0.8033616446987513
1.5375,0.52888037089169,1.0,3705.4214353617554,0.9999999665437732,0.751497144633865,0.9724295317666996,0.23526597557745096,0.8030814122285643
1.538,0.5284647516384691,1.0,3704.034086479182,0.9999999666809002,0.7513202697941159,0.9724122555351179,0.2352485195688157,0.8028009942115074
1.5385,0.5280491323852483,1.0,3702.645866566486,0.9999999668180922,0.7511434037793967,0.9723949681791739,0.23523106356018042,0.8025203906807896
1.539,0.5276335131320273,1.0,3701.2567759890094,0.9999999669553696,0.7509665465918195,0.972377669692172,0.23521360755154513,0.8022396016696288
1.5395,0.5272178938788064,1.0,3699.866815112854,0.999999967092753,0.7507896982334961,0.9723603600674122,0.23519615154290985,0.8019586272112502
1.54,0.5268022746255856,1.0,3698.475984304768,0.9999999672302626,0.7506128587065386,0.9723430392981921,0.2351786955342746,0.8016774673388876
1.5405,0.5263866553723646,1.0,3697.084283932144,0.9999999673679191,0.7504360280130592,0.9723257073778054,0.2351612395256393,0.8013961220857826
1.541,0.5259710361191439,1.0,3695.6917143633264,0.9999999675057428,0.7502592061551697,0.9723083642995436,0.23514378351700405,0.8011145914851849
1.5415,0.5255554168659229,1.0,3694.298275967116,0.9999999676437542,0.7500823931349822,0.9722910100566939,0.23512632750836876,0.800832875570352
1.542,0.5251397976127019,1.0,3692.903969113226,0.9999999677819739,0.7499055889546087,0.9722736446425416,0.23510887149973347,0.8005509743745499
1.5425,0.5247241783594812,1.0,3691.50879417202,0.999999967920422,0.7497287936161613,0.9722562680503679,0.2350914154910982,0.8002688879310523
1.543,0.5243085591062602,1.0,3690.1127515145827,0.9999999680591194,0.7495520071217519,0.972238880273451,0.23507395948246293,0.7999866162731408
1.5435,0.5238929398530392,1.0,3688.715841512725,0.9999999681980862,0.7493752294734924,0.972221481305066,0.23505650347382764,0.7997041594341053
1.544,0.5234773205998184,1.0,3687.3180645390216,0.9999999683373431,0.7491984606734952,0.9722040711384855,0.23503904746519236,0.7994215174472438
1.5445,0.5230617013465975,1.0,3685.9194209668467,0.9999999684769104,0.7490217007238719,0.9721866497669776,0.2350215914565571,0.7991386903458618
1.545,0.5226460820933769,1.0,3684.5199111699594,0.9999999686168086,0.7488449496267348,0.9721692171838083,0.2350041354479218,0.7988556781632736
1.5455,0.5222304628401557,1.0,3683.1195355232626,0.9999999687570582,0.7486682073841957,0.9721517733822402,0.23498667943928653,0.7985724809328009
1.546,0.5218148435869348,1.0,3681.7182944021583,0.9999999688976796,0.7484914739983668,0.9721343183555325,0.23496922343065124,0.7982890986877735
1.5465,0.5213992243337142,1.0,3680.316188182851,0.9999999690386933,0.7483147494713601,0.9721168520969414,0.23495176742201598,0.79800553146153
1.547,0.520983605080493,1.0,3678.9132172421587,0.9999999691801197,0.7481380338052876,0.9720993745997201,0.2349343114133807,0.7977217792874157
1.5475,0.520567985827272,1.0,3677.5093819578565,0.9999999693219793,0.7479613270022611,0.9720818858571181,0.2349168554047454,0.7974378421987847
1.548,0.5201523665740515,1.0,3676.1046827082187,0.9999999694642926,0.7477846290643929,0.9720643858623823,0.23489939939611015,0.7971537202289991
1.5485,0.5197367473208303,1.0,3674.6991198723235,0.99999996960708,0.7476079399937949,0.9720468746087562,0.23488194338747487,0.7968694134114291
1.549,0.5193211280676098,1.0,3673.2926938300566,0.999999969750362,0.7474312597925792,0.9720293520894802,0.2348644873788396,0.7965849217794527
1.5495,0.5189055088143888,1.0,3671.8854049619167,0.999999969894159,0.7472545884628576,0.9720118182977916,0.23484703137020432,0.7963002453664558
1.55,0.5184898895611676,1.0,3670.4772536491723,0.9999999700384914,0.7470779260067424,0.9719942732269241,0.23482957536156904,0.7960153842058326
1.5505,0.5180742703079471,1.0,3669.068240273897,0.9999999701833798,0.7469012724263454,0.971976716870109,0.23481211935293378,0.7957303383309853
1.551,0.5176586510547261,1.0,3667.658365218745,0.9999999703288446,0.7467246277237787,0.9719591492205736,0.2347946633442985,0.7954451077753237
1.5515,0.5172430318015051,1.0,3666.247628867251,0.9999999704749062,0.7465479919011543,0.9719415702715426,0.2347772073356632,0.7951596925722662
1.552,0.5168274125482843,1.0,3664.836031603646,0.9999999706215852,0.7463713649605842,0.9719239800162374,0.23475975132702792,0.7948740927552387
1.5525,0.5164117932950634,1.0,3663.4235738128154,0.9999999707689019,0.7461947469041804,0.9719063784478763,0.23474229531839266,0.7945883083576752
1.553,0.5159961740418426,1.0,3662.010255880378,0.9999999709168769,0.7460181377340551,0.971888765559674,0.23472483930975738,0.7943023394130185
1.5535,0.5155805547886216,1.0,3660.5960781928366,0.9999999710655305,0.74584153745232,0.9718711413448423,0.2347073833011221,0.7940161859547179
1.554,0.5151649355354007,1.0,3659.1810411372753,0.9999999712148833,0.7456649460610874,0.9718535057965907,0.23468992729248683,0.7937298480162321
1.5545,0.5147493162821799,1.0,3657.7651451015513,0.9999999713649556,0.7454883635624692,0.971835858908124,0.23467247128385155,0.7934433256310273
1.555,0.5143336970289589,1.0,3656.3483904742925,0.999999971515768,0.7453117899585773,0.9718182006726448,0.23465501527521626,0.7931566188325769
1.5555,0.513918077775738,1.0,3654.9307776448613,0.9999999716673409,0.7451352252515239,0.9718005310833524,0.23463755926658098,0.7928697276543639
1.556,0.5135024585225172,1.0,3653.5123070032805,0.9999999718196948,0.7449586694434209,0.9717828501334427,0.23462010325794572,0.7925826521298781
1.5565,0.5130868392692962,1.0,3652.0929789403444,0.9999999719728501,0.7447821225363804,0.9717651578161084,0.23460264724931043,0.7922953922926176
1.557,0.5126712200160755,1.0,3650.672793847661,0.9999999721268272,0.7446055845325145,0.9717474541245393,0.23458519124067517,0.7920079481760887
1.5575,0.5122556007628545,1.0,3649.251752117421,0.9999999722816467,0.7444290554339349,0.9717297390519223,0.2345677352320399,0.7917203198138051
1.558,0.5118399815096335,1.0,3647.829726450301,0.9999999724368823,0.7442525362467577,0.9717120126922747,0.2345502792234046,0.7914325088768623
1.5585,0.511424362256413,1.0,3646.406734588491,0.9999999725913202,0.7440760268372498,0.9716942750252627,0.23453282321476934,0.791144515180459
1.559,0.5110087430031918,1.0,3644.9828492934926,0.9999999727449115,0.7438995266388126,0.9716765259870319,0.23451536720613406,0.7908563378321931
1.5595,0.5105931237499708,1.0,3643.5580711108746,0.9999999728976596,0.7437230356525518,0.9716587655707157,0.23449791119749877,0.7905679768649769
1.56,0.5101775044967503,1.0,3642.1324005869174,0.9999999730495686,0.7435465538795732,0.9716409937694456,0.2344804551888635,0.7902794323117264
1.5605,0.5097618852435291,1.0,3640.705838268499,0.999999973200642,0.7433700813209824,0.9716232105763489,0.23446299918022823,0.7899907042053598
1.561,0.5093462659903085,1.0,3639.2783847032124,0.9999999733508838,0.743193617977885,0.9716054159845501,0.23444554317159294,0.7897017925787995
1.5615,0.5089306467370875,1.0,3637.8500404393994,0.9999999735002976,0.7430171638513865,0.9715876099871703,0.23442808716295768,0.7894126974649709
1.562,0.5085150274838663,1.0,3636.4208060259634,0.9999999736488872,0.7428407189425928,0.9715697925773268,0.23441063115432237,0.7891234188968033
1.5625,0.5080994082306458,1.0,3634.9906820125616,0.9999999737966563,0.7426642832526096,0.9715519637481337,0.2343931751456871,0.7888339569072285
1.563,0.5076837889774248,1.0,3633.5596689495223,0.9999999739436087,0.7424878567825425,0.971534123492702,0.23437571913705185,0.7885443115291826
1.5635000000000001,0.5072681697242036,1.0,3632.1277673877034,0.9999999740897483,0.7423114395334969,0.9715162718041388,0.23435826312841654,0.7882544827956038
1.564,0.5068525504709831,1.0,3630.6949778789003,0.9999999742350787,0.7421350315065788,0.9714984086755488,0.23434080711978128,0.7879644707394352
1.5645,0.5064369312177621,1.0,3629.261300975358,0.9999999743796036,0.7419586327028938,0.971480534100032,0.234323351111146,0.7876742753936221
1.565,0.5060213119645414,1.0,3627.826737230152,0.9999999745233269,0.7417822431235473,0.9714626480706863,0.23430589510251074,0.7873838967911135
1.5655000000000001,0.5056056927113204,1.0,3626.391287196956,0.9999999746662523,0.7416058627696454,0.971444750580605,0.23428843909387545,0.7870933349648618
1.566,0.5051900734580994,1.0,3624.9549514300465,0.9999999748083837,0.7414294916422933,0.9714268416228791,0.23427098308524016,0.7868025899478226
1.5665,0.5047744542048787,1.0,3623.5177304846043,0.9999999749497246,0.7412531297425969,0.9714089211905957,0.2342535270766049,0.7865116617729548
1.567,0.5043588349516577,1.0,3622.0796249161845,0.9999999750902789,0.741076777071662,0.9713909892768384,0.23423607106796962,0.7862205504732213
1.5675000000000001,0.5039432156984367,1.0,3620.640635281323,0.9999999752300505,0.7409004336305939,0.971373045874688,0.23421861505933433,0.7859292560815871
1.568,0.5035275964452159,1.0,3619.200762137044,0.9999999753690428,0.7407240994204984,0.9713550909772213,0.23420115905069905,0.7856377786310218
1.5685,0.503111977191995,1.0,3617.7600060410878,0.9999999755072599,0.7405477744424814,0.9713371245775122,0.2341837030420638,0.7853461181544978
1.569,0.5026963579387742,1.0,3616.3183675518744,0.9999999756447054,0.7403714586976483,0.9713191466686308,0.2341662470334285,0.7850542746849907
1.5695000000000001,0.5022807386855532,1.0,3614.875847228576,0.9999999757813831,0.7401951521871047,0.9713011572436443,0.23414879102479322,0.7847622482554795
1.57,0.5018651194323323,1.0,3613.4324456308937,0.9999999759172967,0.7400188549119565,0.971283156295616,0.23413133501615796,0.7844700388989467
1.5705,0.5014495001791115,1.0,3611.988163319321,0.9999999760524501,0.7398425668733093,0.971265143817606,0.23411387900752267,0.7841776466483784
1.571,0.5010338809258905,1.0,3610.5430008550297,0.9999999761868469,0.7396662880722686,0.9712471198026714,0.2340964229988874,0.7838850715367633
1.5715000000000001,0.5006182616726695,1.0,3609.096958799873,0.999999976320491,0.7394900185099401,0.9712290842438656,0.2340789669902521,0.7835923135970939
1.572,0.5002026424194488,1.0,3607.650037716306,0.999999976453386,0.7393137581874296,0.9712110371342382,0.23406151098161684,0.7832993728623663
1.5725,0.4997870231662278,1.0,3606.2022381674656,0.9999999765855357,0.7391375071058427,0.9711929784668365,0.23404405497298156,0.7830062493655795
1.573,0.4993714039130073,1.0,3604.7535607173577,0.9999999767169441,0.738961265266285,0.9711749082347035,0.2340265989643463,0.7827129431397359
1.5735000000000001,0.4989557846597861,1.0,3603.3040059304026,0.9999999768476145,0.7387850326698622,0.9711568264308786,0.234009142955711,0.7824194542178413
1.574,0.4985401654065651,1.0,3601.853574371854,0.9999999769775512,0.73860880931768,0.9711387330483995,0.23399168694707573,0.7821257826329051
1.5745,0.49812454615334456,1.0,3600.402266607684,0.9999999771067575,0.7384325952108439,0.9711206280802982,0.23397423093844047,0.7818319284179394
1.575,0.49770892690012336,1.0,3598.950083204356,0.9999999772352375,0.7382563903504599,0.971102511519605,0.23395677492980518,0.7815378916059603
1.5755000000000001,0.4972933076469024,1.0,3597.49702472928,0.9999999773629946,0.7380801947376332,0.9710843833593461,0.2339393189211699,0.7812436722299868
1.576,0.49687768839368185,1.0,3596.0430917503204,0.9999999774900329,0.7379040083734698,0.9710662435925445,0.23392186291253464,0.7809492703230415
1.5765,0.49646206914046065,1.0,3594.588284836137,0.999999977616356,0.7377278312590752,0.97104809221222,0.23390440690389935,0.78065468591815
1.577,0.4960464498872401,1.0,3593.132604555997,0.9999999777419677,0.7375516633955551,0.9710299292113886,0.23388695089526407,0.7803599190483419
1.5775000000000001,0.49563083063401914,1.0,3591.67605148,0.9999999778668717,0.7373755047840153,0.9710117545830632,0.2338694948866288,0.7800649697466493
1.578,0.49521521138079794,1.0,3590.2186261787006,0.9999999779910718,0.7371993554255611,0.9709935683202532,0.2338520388779935,0.779769838046108
1.5785,0.4947995921275774,1.0,3588.7603292236386,0.9999999781145718,0.7370232153212986,0.9709753704159649,0.23383458286935824,0.7794745239797574
1.579,0.4943839728743564,1.0,3587.301161186699,0.9999999782373753,0.7368470844723332,0.9709571608632007,0.23381712686072298,0.7791790275806398
1.5795000000000001,0.49396835362113545,1.0,3585.841122640636,0.9999999783594863,0.7366709628797705,0.9709389396549601,0.2337996708520877,0.778883348881801
1.58,0.4935527343679147,1.0,3584.3802141588894,0.9999999784809084,0.7364948505447163,0.9709207067842388,0.2337822148434524,0.7785874879162902
1.5805,0.4931371151146937,1.0,3582.918436315505,0.9999999786016454,0.7363187474682763,0.9709024622440295,0.23376475883481712,0.7782914447171599
1.581,0.49272149586147296,1.0,3581.4557896854026,0.9999999787217011,0.7361426536515561,0.9708842060273211,0.23374730282618186,0.777995219317466
1.5815000000000001,0.492305876608252,1.0,3579.992274843921,0.9999999788410792,0.7359665690956613,0.9708659381270994,0.23372984681754658,0.7776988117502672
1.582,0.491890257355031,1.0,3578.527892367198,0.9999999789597834,0.7357904938016975,0.9708476585363469,0.2337123908089113,0.7774022220486261
1.5825,0.49147463810181025,1.0,3577.0626428321298,0.9999999790778176,0.7356144277707706,0.9708293672480426,0.23369493480027603,0.7771054502456087
1.583,0.49105901884858927,1.0,3575.5965268162217,0.9999999791951855,0.7354383710039861,0.9708110642551621,0.23367747879164075,0.7768084963742842
1.5835000000000001,0.4906433995953683,1.0,3574.1295448976657,0.9999999793118908,0.7352623235024496,0.9707927495506772,0.23366002278300546,0.7765113604677243
1.584,0.49022778034214753,1.0,3572.6616976553,0.9999999794279373,0.7350862852672668,0.9707744231275569,0.23364256677437018,0.7762140425590054
1.5845,0.48981216108892656,1.0,3571.1929856687993,0.9999999795433289,0.7349102562995435,0.9707560849787669,0.23362511076573492,0.7759165426812064
1.585,0.4893965418357058,1.0,3569.723409518373,0.9999999796580691,0.7347342366003853,0.9707377350972687,0.23360765475709963,0.7756188608674095
1.5855000000000001,0.4889809225824848,1.0,3568.252969784917,0.9999999797721618,0.7345582261708977,0.9707193734760213,0.23359019874846434,0.7753209971507007
1.586,0.48856530332926384,1.0,3566.7816670501256,0.9999999798856108,0.7343822250121865,0.9707010001079799,0.2335727427398291,0.7750229515641687
1.5865,0.4881496840760433,1.0,3565.3095018962667,0.9999999799984198,0.7342062331253575,0.970682614986096,0.2335552867311938,0.7747247241409062
1.587,0.4877340648228221,1.0,3563.8364749063708,0.9999999801105927,0.734030250511516,0.9706642181033184,0.23353783072255851,0.7744263149140086
1.5875000000000001,0.48731844556960113,1.0,3562.3625866641537,0.9999999802221329,0.7338542771717679,0.9706458094525918,0.23352037471392323,0.7741277239165748
1.588,0.4869028263163806,1.0,3560.8878377539813,0.9999999803330445,0.7336783131072188,0.9706273890268582,0.23350291870528797,0.7738289511817074
1.5885,0.4864872070631594,1.0,3559.41222876087,0.9999999804433312,0.7335023583189744,0.9706089568190558,0.23348546269665268,0.7735299967425117
1.589,0.48607158780993887,1.0,3557.935760270673,0.9999999805529965,0.7333264128081404,0.9705905128221191,0.23346800668801743,0.773230860632097
1.5895000000000001,0.4856559685567179,1.0,3556.458432869706,0.9999999806620447,0.7331504765758222,0.9705720570289799,0.23345055067938214,0.7729315428835752
1.59,0.4852403493034967,1.0,3554.9802471451226,0.9999999807704789,0.7329745496231257,0.970553589432566,0.23343309467074685,0.772632043530062
1.5905,0.48482473005027615,1.0,3553.5012036848407,0.9999999808783033,0.7327986319511566,0.9705351100258024,0.2334156386621116,0.7723323626046764
1.591,0.4844091107970552,1.0,3552.0213030772393,0.9999999809855217,0.7326227235610204,0.9705166188016104,0.2333981826534763,0.7720325001405405
1.5915000000000001,0.483993491543834,1.0,3550.540545911539,0.9999999810921375,0.7324468244538228,0.9704981157529075,0.23338072664484102,0.7717324561707797
1.592,0.48357787229061344,1.0,3549.058932777684,0.9999999811981547,0.7322709346306696,0.9704796008726084,0.23336327063620577,0.7714322307285231
1.5925,0.48316225303739246,1.0,3547.5764642661966,0.9999999813035771,0.7320950540926663,0.9704610741536241,0.23334581462757048,0.7711318238469025
1.593,0.4827466337841717,1.0,3546.0931409683253,0.9999999814084084,0.7319191828409186,0.9704425355888625,0.2333283586189352,0.7708312355590535
1.5935000000000001,0.48233101453095073,1.0,3544.6089634760838,0.9999999815126522,0.731743320876532,0.9704239851712276,0.23331090261029994,0.7705304658981147
1.594,0.48191539527772975,1.0,3543.1239323820246,0.9999999816163125,0.7315674682006126,0.9704054228936205,0.23329344660166465,0.7702295148972286
1.5945,0.481499776024509,1.0,3541.6380482795034,0.999999981719393,0.7313916248142656,0.9703868487489387,0.23327599059302936,0.76992838258954
1.595,0.481084156771288,1.0,3540.151311762603,0.9999999818218973,0.7312157907185969,0.9703682627300759,0.23325853458439408,0.769627069008198
1.5955000000000001,0.48066853751806704,1.0,3538.663723425985,0.9999999819238294,0.731039965914712,0.9703496648299231,0.23324107857575882,0.7693255741863543
1.596,0.4802529182648463,1.0,3537.175283865001,0.9999999820251929,0.7308641504037168,0.9703310550413675,0.23322362256712353,0.7690238981571647
1.5965,0.4798372990116253,1.0,3535.685993675806,0.9999999821259916,0.7306883441867167,0.9703124333572932,0.23320616655848825,0.768722040953787
1.597,0.47942167975840455,1.0,3534.1958534552077,0.9999999822262292,0.7305125472648175,0.9702937997705804,0.233188710549853,0.7684200026093839
1.5975000000000001,0.4790060605051836,1.0,3532.7048638005954,0.9999999823259096,0.7303367596391248,0.9702751542741065,0.2331712545412177,0.7681177831571201
1.598,0.4785904412519626,1.0,3531.2130253101604,0.9999999824250364,0.7301609813107444,0.9702564968607444,0.23315379853258242,0.7678153826301644
1.5985,0.47817482199874184,1.0,3529.7203385828225,0.9999999825236136,0.7299852122807818,0.9702378275233653,0.23313634252394716,0.7675128010616887
1.599,0.47775920274552086,1.0,3528.226794012281,0.9999999826215464,0.7298094526319363,0.9702191462635052,0.23311888651531187,0.767210038625466
1.5995000000000001,0.4773435834922999,1.0,3526.7323945617313,0.9999999827189215,0.7296337023464696,0.9702004530720458,0.2331014305066766,0.7669070953224574
1.6,0.4769279642390791,1.0,3525.237142097603,0.9999999828157626,0.7294579614154063,0.9701817479407888,0.2330839744980413,0.7666039711686614
1.6005,0.47651234498585815,1.0,3523.7410368532846,0.999999982912072,0.7292822298428314,0.9701630308629196,0.23306651848940604,0.7663006662025844
1.601,0.4760967257326376,1.0,3522.24407906318,0.9999999830078523,0.7291065076328301,0.9701443018316215,0.23304906248077079,0.765997180462749
1.6015,0.4756811064794164,1.0,3520.746268962636,0.9999999831031056,0.7289307947894875,0.9701255608400753,0.23303160647213547,0.7656935139876948
1.602,0.47526548722619544,1.0,3519.24760678824,0.9999999831978343,0.7287550913168886,0.970106807881459,0.2330141504635002,0.7653896668159776
1.6025,0.4748498679729749,1.0,3517.7480927773,0.9999999832920411,0.7285793972191187,0.970088042948948,0.23299669445486493,0.7650856389861704
1.603,0.4744342487197537,1.0,3516.247727168367,0.9999999833857279,0.7284037125002628,0.9700692660357161,0.23297923844622964,0.7647814305368625
1.6035,0.47401862946653317,1.0,3514.746510201013,0.9999999834788974,0.7282280371644061,0.9700504771349335,0.23296178243759438,0.76447704150666
1.604,0.4736030102133122,1.0,3513.244442115643,0.9999999835715518,0.7280523712156335,0.9700316762397684,0.2329443264289591,0.7641724719341849
1.6045,0.473187390960091,1.0,3511.7415231538344,0.9999999836636937,0.7278767146580304,0.9700128633433864,0.2329268704203238,0.7638677218580772
1.605,0.47277177170687046,1.0,3510.237753558186,0.9999999837553252,0.7277010674956818,0.9699940384389505,0.23290941441168855,0.7635627913169922
1.6055,0.4723561524536495,1.0,3508.7331335722097,0.9999999838464488,0.7275254297326728,0.9699752015196215,0.23289195840305327,0.7632576803496025
1.606,0.4719405332004285,1.0,3507.227663440628,0.9999999839370669,0.7273498013730884,0.9699563525785578,0.23287450239441798,0.762952388994597
1.6065,0.47152491394720775,1.0,3505.7213434089645,0.9999999840271818,0.727174182421014,0.9699374916089143,0.23285704638578272,0.7626469172906818
1.607,0.47110929469398677,1.0,3504.2141737239926,0.9999999841167959,0.7269985728805344,0.969918618603845,0.23283959037714744,0.7623412652765788
1.6075,0.470693675440766,1.0,3502.706154633364,0.9999999842059117,0.726822972755735,0.9698997335564998,0.23282213436851218,0.7620354329910272
1.608,0.47027805618754503,1.0,3501.1972863857577,0.9999999842945314,0.7266473820507007,0.9698808364600273,0.2328046783598769,0.7617294204727819
1.6085,0.46986243693432406,1.0,3499.687569230957,0.9999999843826574,0.7264718007695168,0.969861927307573,0.2327872223512416,0.7614232277606157
1.609,0.4694468176811033,1.0,3498.1770034196993,0.9999999844702921,0.7262962289162683,0.9698430060922801,0.23276976634260632,0.761116854893317
1.6095,0.4690311984278823,1.0,3496.6655892039385,0.9999999845574379,0.7261206664950404,0.9698240728072891,0.23275231033397106,0.760810301909691
1.61,0.46861557917466135,1.0,3495.1533268362878,0.9999999846440972,0.7259451135099181,0.9698051274457382,0.23273485432533578,0.7605035688485597
1.6105,0.4681999599214406,1.0,3493.640216570802,0.9999999847302723,0.7257695699649865,0.969786170000763,0.2327173983167005,0.7601966557487615
1.611,0.4677843406682196,1.0,3492.126258662309,0.9999999848159655,0.7255940358643309,0.9697672004654971,0.2326999423080652,0.7598895626491514
1.6115,0.46736872141499886,1.0,3490.6114533667806,0.9999999849011794,0.7254185112120364,0.9697482188330709,0.23268248629942995,0.7595822895886015
1.612,0.4669531021617779,1.0,3489.0958009411506,0.9999999849859162,0.7252429960121878,0.9697292250966127,0.23266503029079466,0.7592748366059991
1.6125,0.4665374829085569,1.0,3487.5793016434245,0.9999999850701783,0.7250674902688705,0.9697102192492479,0.23264757428215938,0.75896720374025
1.613,0.46612186365533637,1.0,3486.0619557327555,0.9999999851539682,0.7248919939861697,0.9696912012841004,0.23263011827352412,0.7586593910302752
1.6135,0.46570624440211517,1.0,3484.5437634690743,0.999999985237288,0.7247165071681704,0.9696721711942902,0.23261266226488883,0.7583513985150128
1.614,0.4652906251488942,1.0,3483.024725113573,0.9999999853201403,0.7245410298189575,0.9696531289729362,0.23259520625625354,0.7580432262334169
1.6145,0.46487500589567365,1.0,3481.504840928408,0.9999999854025274,0.7243655619426164,0.969634074613154,0.2325777502476183,0.7577348742244591
1.615,0.46445938664245245,1.0,3479.9841111767755,0.9999999854844517,0.7241901035432321,0.9696150081080568,0.232560294238983,0.7574263425271268
1.6155,0.4640437673892319,1.0,3478.4625361229496,0.9999999855659156,0.7240146546248899,0.9695959294507557,0.23254283823034774,0.7571176311804247
1.616,0.46362814813601094,1.0,3476.9401160321713,0.9999999856469214,0.7238392151916745,0.969576838634359,0.23252538222171246,0.756808740223373
1.6165,0.46321252888278974,1.0,3475.4168511707253,0.9999999857274715,0.7236637852476715,0.9695577356519722,0.23250792621307717,0.7564996696950096
1.617,0.4627969096295692,1.0,3473.8927418061226,0.9999999858075682,0.7234883647969657,0.9695386204966994,0.2324904702044419,0.7561904196343879
1.6175,0.46238129037634823,1.0,3472.367788206588,0.9999999858872141,0.7233129538436424,0.9695194931616409,0.23247301419580663,0.7558809900805792
1.618,0.46196567112312703,1.0,3470.841990641721,0.9999999859664113,0.7231375523917865,0.9695003536398955,0.23245555818717134,0.7555713810726696
1.6185,0.4615500518699065,1.0,3469.3153493819486,0.9999999860451623,0.7229621604454832,0.9694812019245593,0.23243810217853605,0.7552615926497634
1.619,0.4611344326166855,1.0,3467.787864698889,0.9999999861234695,0.7227867780088179,0.9694620380087255,0.2324206461699008,0.7549516248509808
1.6195,0.46071881336346476,1.0,3466.2595368650623,0.9999999862013352,0.7226114050858753,0.9694428618854859,0.2324031901612655,0.754641477715458
1.62,0.4603031941102438,1.0,3464.730366154147,0.9999999862787619,0.7224360416807407,0.9694236735479281,0.23238573415263022,0.7543311512823485
1.6205,0.4598875748570228,1.0,3463.200352840834,0.9999999863557518,0.7222606877974993,0.969404472989139,0.23236827814399497,0.7540206455908223
1.621,0.45947195560380205,1.0,3461.6694972008654,0.9999999864323075,0.7220853434402361,0.9693852602022017,0.23235082213535968,0.7537099606800653
1.6215,0.4590563363505811,1.0,3460.1377995110324,0.999999986508431,0.7219100086130362,0.9693660351801977,0.2323333661267244,0.7533990965892807
1.622,0.4586407170973601,1.0,3458.60526004918,0.9999999865841251,0.7217346833199848,0.969346797916206,0.2323159101180891,0.7530880533576877
1.6225,0.45822509784413934,1.0,3457.071879094314,0.9999999866593919,0.721559367565167,0.9693275484033025,0.23229845410945385,0.7527768310245224
1.623,0.45780947859091836,1.0,3455.5376569262025,0.9999999867342338,0.7213840613526679,0.9693082866345611,0.23228099810081856,0.7524654296290372
1.6235,0.4573938593376976,1.0,3454.00259382596,0.9999999868086534,0.7212087646865726,0.9692890126030532,0.2322635420921833,0.7521538492105011
1.624,0.45697824008447663,1.0,3452.466690075684,0.9999999868826528,0.7210334775709661,0.9692697263018482,0.23224608608354802,0.7518420898081994
1.6245,0.45656262083125565,1.0,3450.92994595838,0.9999999869562345,0.7208582000099338,0.9692504277240117,0.23222863007491273,0.7515301514614346
1.625,0.4561470015780349,1.0,3449.3923617582946,0.9999999870294007,0.7206829320075607,0.9692311168626081,0.23221117406627745,0.751218034209525
1.6255,0.4557313823248139,1.0,3447.853937760697,0.9999999871021541,0.7205076735679319,0.9692117937106989,0.2321937180576422,0.7509057380918057
1.6260000000000001,0.45531576307159294,1.0,3446.31467425184,0.9999999871744968,0.7203324246951323,0.9691924582613435,0.2321762620490069,0.750593263147628
1.6265,0.4549001438183722,1.0,3444.7745715190376,0.9999999872464314,0.7201571853932474,0.969173110507598,0.23215880604037162,0.7502806094163605
1.627,0.4544845245651512,1.0,3443.2336298507353,0.9999999873179599,0.719981955666362,0.9691537504425171,0.23214135003173633,0.7499677769373876
1.6275,0.45406890531193067,1.0,3441.69184953648,0.999999987389085,0.7198067355185614,0.9691343780591523,0.23212389402310107,0.7496547657501105
1.6280000000000001,0.45365328605870947,1.0,3440.1492308667307,0.9999999874598091,0.7196315249539307,0.9691149933505528,0.2321064380144658,0.7493415758939465
1.6285,0.4532376668054885,1.0,3438.605774133086,0.9999999875301344,0.7194563239765549,0.9690955963097657,0.2320889820058305,0.74902820740833
1.629,0.45282204755226796,1.0,3437.0614796282066,0.9999999876000633,0.7192811325905193,0.9690761869298353,0.23207152599719524,0.7487146603327117
1.6295,0.45240642829904676,1.0,3435.5163476458915,0.9999999876695982,0.7191059507999089,0.9690567652038036,0.23205406998855996,0.7484009347065588
1.6300000000000001,0.4519908090458258,1.0,3433.970378480859,0.9999999877387414,0.7189307786088087,0.9690373311247099,0.23203661397992467,0.7480870305693543
1.6305,0.45157518979260525,1.0,3432.4235724289674,0.9999999878074955,0.7187556160213041,0.9690178846855921,0.2320191579712894,0.747772947960599
1.631,0.45115957053938405,1.0,3430.875929787216,0.9999999878758626,0.71858046304148,0.9689984258794837,0.23200170196265413,0.7474586869198094
1.6315,0.4507439512861635,1.0,3429.3274508535637,0.9999999879438453,0.7184053196734217,0.9689789546994177,0.23198424595401887,0.7471442474865184
1.6320000000000001,0.45032833203294254,1.0,3427.778135927071,0.9999999880114459,0.718230185921214,0.9689594711384237,0.23196678994538358,0.7468296297002754
1.6325,0.44991271277972134,1.0,3426.2279853078735,0.9999999880786666,0.7180550617889424,0.9689399751895288,0.2319493339367483,0.7465148336006471
1.633,0.4494970935265008,1.0,3424.6769992971754,0.9999999881455099,0.7178799472806917,0.9689204668457583,0.23193187792811304,0.7461998592272153
1.6335,0.4490814742732798,1.0,3423.1251781972887,0.9999999882119783,0.7177048424005472,0.9689009461001342,0.23191442191947775,0.7458847066195795
1.6340000000000001,0.44866585502005885,1.0,3421.5725223114896,0.999999988278074,0.717529747152594,0.968881412945677,0.23189696591084247,0.7455693758173549
1.6345,0.4482502357668381,1.0,3420.01903194431,0.9999999883437996,0.7173546615409171,0.9688618673754043,0.23187950990220718,0.7452538668601738
1.635,0.4478346165136171,1.0,3418.464707401211,0.999999988409157,0.7171795855696018,0.9688423093823307,0.23186205389357192,0.7449381797876844
1.6355,0.44741899726039636,1.0,3416.9095489887272,0.9999999884741492,0.7170045192427331,0.9688227389594697,0.23184459788493664,0.7446223146395516
1.6360000000000001,0.4470033780071754,1.0,3415.353557014508,0.999999988538778,0.7168294625643961,0.9688031560998315,0.23182714187630135,0.7443062714554567
1.6365,0.4465877587539544,1.0,3413.7967317873877,0.9999999886030462,0.7166544155386759,0.9687835607964235,0.2318096858676661,0.7439900502750978
1.637,0.44617213950073364,1.0,3412.2390736169873,0.9999999886669558,0.7164793781696578,0.9687639530422515,0.2317922298590308,0.7436736511381891
1.6375,0.44575652024751267,1.0,3410.680582814372,0.9999999887305095,0.7163043504614267,0.9687443328303188,0.23177477385039552,0.7433570740844611
1.6380000000000001,0.4453409009942917,1.0,3409.12125969143,0.9999999887937097,0.7161293324180678,0.9687247001536258,0.23175731784176024,0.7430403191536612
1.6385,0.44492528174107093,1.0,3407.561104561205,0.9999999888565584,0.7159543240436662,0.9687050550051707,0.23173986183312498,0.742723386385553
1.639,0.44450966248784995,1.0,3406.000117737819,0.9999999889190583,0.715779325342307,0.9686853973779493,0.2317224058244897,0.7424062758199166
1.6395,0.4440940432346292,1.0,3404.4382993318286,0.9999999889812088,0.7156043363197417,0.9686657272651423,0.23170494981585443,0.7420889874995709
1.6400000000000001,0.4436784239814082,1.0,3402.8756442388744,0.9999999890429433,0.7154293570241836,0.9686460446647026,0.23168749380721915,0.7417715215444212
1.6405,0.44326280472818724,1.0,3401.312158365933,0.9999999891043396,0.7152543874142362,0.9686263495645122,0.23167003779858386,0.7414538779118562
1.641,0.4428471854749667,1.0,3399.7478419507293,0.999999989165399,0.715079427494642,0.9686066419576317,0.2316525817899486,0.7411360566429179
1.6415,0.4424315662217455,1.0,3398.1826952321844,0.9999999892261232,0.7149044772701436,0.9685869218371191,0.23163512578131332,0.7408180577786669
1.6420000000000001,0.44201594696852453,1.0,3396.616718450454,0.9999999892865137,0.7147295367454837,0.9685671891960302,0.23161766977267803,0.7404998813601839
1.6425,0.441600327715304,1.0,3395.049911846709,0.9999999893465719,0.7145546059254049,0.9685474440274188,0.23160021376404277,0.7401815274285686
1.643,0.4411847084620828,1.0,3393.482275663249,0.9999999894062992,0.7143796848146499,0.9685276863243361,0.23158275775540746,0.7398629960249402
1.6435,0.44076908920886226,1.0,3391.9138101439016,0.9999999894656972,0.7142047734179613,0.9685079160798317,0.2315653017467722,0.7395442871904374
1.6440000000000001,0.4403534699556413,1.0,3390.344515533222,0.9999999895247675,0.7140298717400817,0.9684881332869524,0.23154784573813691,0.7392254009662178
1.6445,0.4399378507024201,1.0,3388.7743920771504,0.9999999895835116,0.7138549797857539,0.9684683379387432,0.23153038972950163,0.7389063373934588
1.645,0.43952223144919955,1.0,3387.203440022795,0.9999999896419307,0.7136800975597203,0.9684485300282468,0.23151293372086637,0.7385870965133569
1.6455,0.4391066121959786,1.0,3385.631659618285,0.9999999897000267,0.7135052250667236,0.9684287095485032,0.23149547771223108,0.738267678367128
1.6460000000000001,0.4386909929427574,1.0,3384.059051113177,0.9999999897578008,0.7133303623115065,0.9684088764925515,0.2314780217035958,0.7379480829960072
1.6465,0.43827537368953684,1.0,3382.485614757976,0.9999999898152546,0.7131555092988118,0.9683890308534275,0.23146056569496054,0.7376283104412498
1.647,0.43785975443631586,1.0,3380.9113508043606,0.9999999898723897,0.7129806660333818,0.9683691726241648,0.23144310968632525,0.7373083607441292
1.6475,0.4374441351830951,1.0,3379.3362595054,0.9999999899292074,0.7128058325199593,0.9683493017977955,0.23142565367769,0.7369882339459386
1.6480000000000001,0.43702851592987413,1.0,3377.7603411150453,0.9999999899857093,0.712631008763287,0.9683294183673492,0.2314081976690547,0.736667930087991
1.6485,0.43661289667665315,1.0,3376.183595888641,0.9999999900418969,0.7124561947681075,0.9683095223258529,0.23139074166041942,0.7363474492116182
1.649,0.4361972774234324,1.0,3374.6060240826337,0.9999999900977717,0.7122813905391634,0.968289613666332,0.23137328565178417,0.7360267913581715
1.6495,0.4357816581702114,1.0,3373.0276259546467,0.9999999901533353,0.7121065960811973,0.9682696923818096,0.23135582964314888,0.7357059565690214
1.6500000000000001,0.43536603891699044,1.0,3371.448401763445,0.999999990208589,0.7119318113989519,0.9682497584653065,0.2313383736345136,0.7353849448855581
1.6505,0.4349504196637697,1.0,3369.868351768972,0.9999999902635344,0.7117570364971699,0.9682298119098414,0.2313209176258783,0.7350637563491906
1.651,0.4345348004105487,1.0,3368.287476232569,0.9999999903181729,0.7115822713805938,0.9682098527084305,0.23130346161724305,0.7347423910013475
1.6515,0.43411918115732795,1.0,3366.7057754163216,0.9999999903725062,0.7114075160539663,0.9681898808540885,0.23128600560860776,0.7344208488834767
1.6520000000000001,0.43370356190410697,1.0,3365.1232495839326,0.9999999904265356,0.7112327705220302,0.9681698963398272,0.23126854959997248,0.7340991300370456
1.6525,0.433287942650886,1.0,3363.539899000071,0.9999999904802627,0.7110580347895278,0.968149899158657,0.23125109359133722,0.7337772345035404
1.653,0.43287232339766524,1.0,3361.9557239305145,0.999999990533689,0.710883308861202,0.9681298893035856,0.23123363758270193,0.7334551623244672
1.6535,0.43245670414444426,1.0,3360.370724642447,0.999999990586816,0.7107085927417953,0.9681098667676183,0.23121618157406665,0.7331329135413507
1.6540000000000001,0.4320410848912233,1.0,3358.7849014041267,0.9999999906396452,0.7105338864360504,0.9680898315437594,0.23119872556543136,0.7328104881957356
1.6545,0.4316254656380025,1.0,3357.198254484963,0.9999999906921779,0.71035918994871,0.9680697836250092,0.2311812695567961,0.7324878863291853
1.655,0.43120984638478155,1.0,3355.610784155553,0.9999999907444159,0.7101845032845165,0.9680497230043676,0.23116381354816082,0.7321651079832832
1.6555,0.430794227131561,1.0,3354.022490687829,0.9999999907963606,0.710009826448213,0.9680296496748315,0.23114635753952556,0.7318421531996315
1.6560000000000001,0.4303786078783398,1.0,3352.433374354657,0.9999999908480134,0.7098351594445416,0.9680095636293956,0.23112890153089027,0.7315190220198514
1.6565,0.42996298862511884,1.0,3350.8434354303145,0.9999999908993759,0.7096605022782452,0.9679894648610529,0.231111445522255,0.731195714485584
1.657,0.4295473693718983,1.0,3349.2526741901956,0.9999999909504496,0.7094858549540666,0.9679693533627937,0.23109398951361973,0.7308722306384896
1.6575,0.4291317501186771,1.0,3347.66109091089,0.9999999910012358,0.7093112174767481,0.9679492291276066,0.23107653350498444,0.7305485705202472
1.6580000000000001,0.4287161308654561,1.0,3346.06868587018,0.9999999910517363,0.7091365898510325,0.9679290921484776,0.23105907749634916,0.7302247341725558
1.6585,0.4283005116122356,1.0,3344.475459347008,0.9999999911019524,0.7089619720816625,0.9679089424183914,0.2310416214877139,0.7299007216371333
1.659,0.4278848923590144,1.0,3342.8814116215467,0.9999999911518856,0.7087873641733806,0.9678887799303296,0.23102416547907859,0.7295765329557167
1.6595,0.42746927310579386,1.0,3341.28654297524,0.9999999912015376,0.7086127661309295,0.9678686046772722,0.23100670947044333,0.7292521681700626
1.6600000000000001,0.4270536538525729,1.0,3339.6908536905867,0.9999999912509097,0.7084381779590518,0.9678484166521967,0.23098925346180804,0.7289276273219467
1.6605,0.4266380345993517,1.0,3338.094344051353,0.9999999913000034,0.7082635996624903,0.9678282158480785,0.23097179745317276,0.7286029104531642
1.661,0.42622241534613114,1.0,3336.4970143425453,0.9999999913488202,0.7080890312459875,0.967808002257892,0.2309543414445375,0.7282780176055292
1.6615,0.42580679609291017,1.0,3334.898864850298,0.9999999913973617,0.7079144727142861,0.9677877758746073,0.2309368854359022,0.7279529488208754
1.6620000000000001,0.4253911768396892,1.0,3333.2998958620205,0.9999999914456295,0.7077399240721286,0.9677675366911944,0.23091942942726695,0.727627704141055
1.6625,0.42497555758646843,1.0,3331.700107666252,0.9999999914936247,0.7075653853242578,0.9677472847006202,0.23090197341863167,0.7273022836079408
1.663,0.42455993833324746,1.0,3330.0995005527366,0.9999999915413491,0.7073908564754163,0.9677270198958493,0.23088451740999638,0.7269766872634236
1.6635,0.4241443190800267,1.0,3328.4980748125704,0.9999999915888041,0.7072163375303467,0.9677067422698447,0.23086706140136112,0.7266509151494138
1.6640000000000001,0.4237286998268057,1.0,3326.895830737837,0.9999999916359914,0.7070418284937916,0.9676864518155671,0.23084960539272584,0.7263249673078411
1.6645,0.42331308057358474,1.0,3325.2927686219737,0.9999999916829122,0.7068673293704937,0.9676661485259751,0.23083214938409055,0.7259988437806548
1.665,0.422897461320364,1.0,3323.6888887595887,0.9999999917295682,0.7066928401651956,0.9676458323940254,0.2308146933754553,0.7256725446098231
1.6655,0.422481842067143,1.0,3322.0841914465004,0.9999999917759608,0.70651836088264,0.9676255034126717,0.23079723736682,0.7253460698373331
1.666,0.42206622281392225,1.0,3320.4786769797033,0.9999999918220914,0.7063438915275695,0.9676051615748666,0.23077978135818472,0.7250194195051918
1.6665,0.4216506035607013,1.0,3318.8723456574735,0.9999999918679618,0.7061694321047267,0.96758480687356,0.23076232534954944,0.7246925936554247
1.667,0.4212349843074803,1.0,3317.2651977793385,0.9999999919135732,0.7059949826188543,0.9675644393017001,0.23074486934091418,0.7243655923300772
1.6675,0.42081936505425954,1.0,3315.657233645749,0.9999999919589273,0.705820543074695,0.9675440588522323,0.2307274133322789,0.7240384155712137
1.668,0.42040374580103856,1.0,3314.0484535588043,0.9999999920040256,0.7056461134769912,0.9675236655181011,0.2307099573236436,0.7237110634209174
1.6685,0.4199881265478176,1.0,3312.4388578215307,0.9999999920488694,0.7054716938304857,0.9675032592922477,0.23069250131500835,0.723383535921291
1.669,0.41957250729459705,1.0,3310.8284467382086,0.9999999920934602,0.7052972841399212,0.9674828401676117,0.23067504530637306,0.7230558331144569
1.6695,0.41915688804137585,1.0,3309.217220614372,0.9999999921377998,0.7051228844100402,0.9674624081371307,0.23065758929773778,0.7227279550425558
1.67,0.4187412687881553,1.0,3307.605179756809,0.9999999921818894,0.7049484946455855,0.9674419631937395,0.23064013328910252,0.7223999017477485
1.6705,0.41832564953493434,1.0,3305.992324473457,0.9999999922257307,0.7047741148512996,0.9674215053303721,0.23062267728046723,0.7220716732722141
1.671,0.41791003028171314,1.0,3304.3786550735094,0.999999992269325,0.7045997450319251,0.9674010345399591,0.23060522127183194,0.7217432696581516
1.6715,0.4174944110284926,1.0,3302.7641718674204,0.999999992312674,0.7044253851922049,0.9673805508154301,0.2305877652631967,0.7214146909477792
1.672,0.41707879177527163,1.0,3301.148875166792,0.9999999923557791,0.7042510353368813,0.9673600541497115,0.2305703092545614,0.7210859371833334
1.6725,0.41666317252205043,1.0,3299.532765284526,0.9999999923986417,0.7040766954706971,0.9673395445357285,0.23055285324592611,0.7207570084070709
1.673,0.4162475532688299,1.0,3297.915842534674,0.9999999924412635,0.7039023655983949,0.9673190219664038,0.23053539723729086,0.7204279046612673
1.6735,0.4158319340156089,1.0,3296.2981072325174,0.9999999924836458,0.7037280457247175,0.9672984864346581,0.23051794122865557,0.7200986259882172
1.674,0.41541631476238816,1.0,3294.679559694635,0.9999999925257903,0.7035537358544073,0.9672779379334102,0.23050048522002028,0.7197691724302343
1.6745,0.4150006955091672,1.0,3293.060200238834,0.9999999925676983,0.703379435992207,0.9672573764555764,0.23048302921138503,0.7194395440296517
1.675,0.4145850762559462,1.0,3291.4400291840093,0.9999999926093714,0.7032051461428593,0.9672368019940715,0.23046557320274974,0.7191097408288218
1.6755,0.41416945700272545,1.0,3289.8190468505,0.9999999926508112,0.7030308663111069,0.9672162145418074,0.23044811719411445,0.7187797628701159
1.676,0.41375383774950447,1.0,3288.1972535597342,0.9999999926920189,0.7028565965016923,0.967195614091695,0.23043066118547917,0.7184496101959245
1.6765,0.4133382184962835,1.0,3286.5746496344454,0.9999999927329963,0.7026823367193581,0.9671750006366416,0.2304132051768439,0.7181192828486571
1.677,0.41292259924306274,1.0,3284.951235398454,0.9999999927737447,0.7025080869688471,0.9671543741695546,0.23039574916820862,0.7177887808707429
1.6775,0.41250697998984176,1.0,3283.327011176964,0.9999999928142658,0.702333847254902,0.9671337346833372,0.23037829315957334,0.7174581043046301
1.678,0.412091360736621,1.0,3281.7019772964823,0.999999992854561,0.7021596175822652,0.9671130821708916,0.23036083715093808,0.7171272531927855
1.6785,0.4116757414834,1.0,3280.076134084504,0.9999999928946316,0.7019853979556794,0.9670924166251181,0.2303433811423028,0.7167962275776952
1.679,0.41126012223017905,1.0,3278.449481869977,0.9999999929344794,0.7018111883798873,0.9670717380389144,0.2303259251336675,0.7164650275018654
1.6795,0.4108445029769583,1.0,3276.822020983016,0.9999999929741058,0.7016369888596315,0.9670510464051763,0.23030846912503225,0.7161336530078201
1.68,0.4104288837237373,1.0,3275.1937517549054,0.9999999930135122,0.7014627993996548,0.9670303417167974,0.23029101311639696,0.7158021041381035
1.6805,0.41001326447051634,1.0,3273.56467436891,0.9999999930526996,0.7012886200059393,0.9670096239668171,0.23027355710776168,0.7154703809376399
1.681,0.4095976452172956,1.0,3271.9347885176926,0.9999999930916669,0.7011144506885526,0.9669888931487592,0.23025610109912642,0.7151384834591656
1.6815,0.4091820259640746,1.0,3270.3040947600753,0.9999999931304162,0.7009402914503827,0.9669681492552921,0.23023864509049113,0.7148064117417665
1.682,0.40876640671085407,1.0,3268.672593382112,0.9999999931689486,0.7007661422965952,0.9669473922793528,0.23022118908185588,0.7144741658288855
1.6825,0.40835078745763287,1.0,3267.0402846706866,0.9999999932072653,0.7005920032323554,0.9669266222138765,0.23020373307322056,0.7141417457639864
1.683,0.4079351682044119,1.0,3265.4071689144816,0.9999999932453673,0.700417874262829,0.9669058390517965,0.2301862770645853,0.7138091515905545
1.6835,0.40751954895119136,1.0,3263.773246403051,0.9999999932832558,0.7002437553931816,0.9668850427860444,0.23016882105595005,0.7134763833520958
1.684,0.40710392969797016,1.0,3262.138517427462,0.999999993320932,0.7000696466285786,0.9668642334095494,0.23015136504731473,0.7131434410921376
1.6845,0.4066883104447492,1.0,3260.5029822801207,0.9999999933583971,0.6998955479741855,0.9668434109152396,0.23013390903867947,0.7128103248542271
1.685,0.40627269119152865,1.0,3258.8666412545913,0.9999999933956519,0.6997214594351681,0.9668225752960402,0.2301164530300442,0.7124770346819342
1.6855,0.40585707193830745,1.0,3257.229494645852,0.9999999934326979,0.6995473810166916,0.9668017265448752,0.2300989970214089,0.7121435706188486
1.686,0.4054414526850869,1.0,3255.59154275011,0.9999999934695359,0.6993733127239217,0.9667808646546663,0.23008154101277364,0.711809932708581
1.6865,0.40502583343186593,1.0,3253.9527858649544,0.9999999935061673,0.6991992545620238,0.966759989618334,0.23006408500413836,0.7114761209947635
1.687,0.40461021417864473,1.0,3252.313224289208,0.9999999935425932,0.6990252065361636,0.9667391014287962,0.23004662899550307,0.7111421355210492
1.6875,0.4041945949254242,1.0,3250.6728583231097,0.9999999935788146,0.6988511686515066,0.9667182000789691,0.2300291729868678,0.7108079763311119
1.688,0.4037789756722032,1.0,3249.0316882679936,0.9999999936148327,0.6986771409132184,0.9666972855617674,0.23001171697823253,0.7104736434686466
1.6885000000000001,0.40336335641898224,1.0,3247.389714426755,0.9999999936506486,0.6985031233264644,0.9666763578701031,0.22999426096959724,0.7101391369773689
1.689,0.4029477371657615,1.0,3245.7469371035295,0.9999999936862636,0.69832911589641,0.9666554169968872,0.22997680496096198,0.7098044569010152
1.6895,0.4025321179125405,1.0,3244.103356603552,0.9999999937216786,0.6981551186282211,0.9666344629350282,0.2299593489523267,0.7094696032833442
1.69,0.40211649865931975,1.0,3242.4589732337276,0.9999999937568947,0.697981131527063,0.9666134956774332,0.2299418929436914,0.7091345761681338
1.6905000000000001,0.4017008794060988,1.0,3240.8137873020646,0.9999999937919134,0.6978071545981012,0.9665925152170071,0.22992443693505615,0.7087993755991839
1.691,0.4012852601528778,1.0,3239.167799117851,0.9999999938267354,0.6976331878465013,0.9665715215466529,0.22990698092642087,0.7084640016203152
1.6915,0.40086964089965704,1.0,3237.5210089917987,0.9999999938613622,0.6974592312774288,0.9665505146592724,0.22988952491778558,0.708128454275369
1.692,0.40045402164643606,1.0,3235.8734172359045,0.9999999938957946,0.6972852848960494,0.9665294945477643,0.2298720689091503,0.7077927336082079
1.6925000000000001,0.4000384023932151,1.0,3234.2250241635215,0.999999993930034,0.6971113487075283,0.9665084612050265,0.22985461290051504,0.7074568396627152
1.693,0.39962278313999433,1.0,3232.5758300892153,0.9999999939640815,0.6969374227170314,0.9664874146239549,0.22983715689187975,0.7071207724827956
1.6935,0.39920716388677335,1.0,3230.925835328982,0.9999999939979379,0.6967635069297241,0.9664663547974431,0.22981970088324447,0.7067845321123741
1.694,0.3987915446335526,1.0,3229.2750400643936,0.9999999940316039,0.6965896013519064,0.9664452817185204,0.2298022448746092,0.7064481185975922
1.6945000000000001,0.3983759253803316,1.0,3227.6234446466187,0.9999999940650807,0.6964157059884715,0.9664241953800443,0.22978478886597392,0.7061115319818936
1.695,0.39796030612711064,1.0,3225.9710495074332,0.9999999940983701,0.696241820843651,0.9664030957747906,0.22976733285733864,0.7057747723074599
1.6955,0.3975446868738901,1.0,3224.3178549377944,0.9999999941314733,0.6960679459228645,0.9663819828956756,0.22974987684870338,0.705437839618792
1.696,0.3971290676206689,1.0,3222.663861229878,0.9999999941643911,0.6958940812315312,0.9663608567356149,0.2297324208400681,0.7051007339604127
1.6965000000000001,0.39671344836744793,1.0,3221.009068677325,0.9999999941971245,0.6957202267750705,0.9663397172875229,0.2297149648314328,0.7047634553768669
1.697,0.3962978291142274,1.0,3219.3534775751045,0.9999999942296743,0.6955463825589021,0.9663185645443111,0.22969750882279755,0.704426003912722
1.6975,0.3958822098610062,1.0,3217.6970882195487,0.9999999942620419,0.6953725485884452,0.9662973984988897,0.22968005281416226,0.7040883796125664
1.698,0.39546659060778566,1.0,3216.0399009084235,0.9999999942942279,0.6951987248691193,0.9662762191441675,0.229662596805527,0.7037505825210113
1.6985000000000001,0.3950509713545647,1.0,3214.3819159407217,0.9999999943262334,0.6950249114063436,0.9662550264730508,0.22964514079689172,0.7034126126826895
1.699,0.3946353521013435,1.0,3212.723133616905,0.9999999943580594,0.6948511082055379,0.9662338204784451,0.22962768478825643,0.7030744701422565
1.6995,0.39421973284812295,1.0,3211.063554238843,0.9999999943897068,0.6946773152721213,0.9662126011532531,0.22961022877962117,0.702736154944389
1.7,0.39380411359490197,1.0,3209.4031781096296,0.9999999944211767,0.6945035326115134,0.9661913684903768,0.2295927727709859,0.7023976671337863
1.7005000000000001,0.39338849434168077,1.0,3207.7420055338016,0.9999999944524699,0.6943297602291335,0.9661701224827159,0.2295753167623506,0.702059006755169
1.701,0.39297287508846024,1.0,3206.080036817339,0.9999999944835876,0.6941559981304012,0.9661488631231678,0.22955786075371531,0.7017201738532808
1.7015,0.39255725583523926,1.0,3204.417272267486,0.9999999945145305,0.6939822463207358,0.9661275904046299,0.22954040474508003,0.7013811684728863
1.702,0.3921416365820185,1.0,3202.753712193006,0.9999999945452999,0.6938085048055567,0.966106304319996,0.22952294873644477,0.7010419906587729
1.7025000000000001,0.3917260173287975,1.0,3201.0893569038235,0.9999999945758964,0.6936347735902832,0.9660850048621594,0.22950549272780948,0.7007026404557494
1.703,0.39131039807557655,1.0,3199.424206711381,0.9999999946063213,0.693461052680335,0.9660636920240105,0.2294880367191742,0.7003631179086468
1.7035,0.3908947788223558,1.0,3197.7582619285354,0.9999999946365753,0.6932873420811314,0.9660423657984399,0.22947058071053894,0.7000234230623186
1.704,0.3904791595691348,1.0,3196.0915228693807,0.9999999946666597,0.6931136417980918,0.9660210261783343,0.22945312470190365,0.6996835559616392
1.7045000000000001,0.39006354031591384,1.0,3194.4239898494984,0.9999999946965751,0.6929399518366355,0.9659996731565802,0.22943566869326837,0.699343516651506
1.705,0.3896479210626931,1.0,3192.75566318585,0.9999999947263228,0.6927662722021821,0.9659783067260617,0.2294182126846331,0.6990033051768378
1.7055,0.3892323018094721,1.0,3191.086543196747,0.9999999947559036,0.692592602900151,0.9659569268796613,0.22940075667599782,0.6986629215825757
1.706,0.38881668255625135,1.0,3189.416630201846,0.9999999947853185,0.6924189439359616,0.9659355336102601,0.22938330066736254,0.6983223659136826
1.7065000000000001,0.38840106330303037,1.0,3187.7459245222985,0.9999999948145685,0.6922452953150333,0.965914126910737,0.22936584465872728,0.6979816382151434
1.707,0.3879854440498094,1.0,3186.0744264805708,0.9999999948436545,0.6920716570427855,0.9658927067739699,0.229348388650092,0.6976407385319646
1.7075,0.38756982479658864,1.0,3184.402136383565,0.9999999948725775,0.69189802912478,0.9658712731928516,0.2293309326414567,0.6972996669094551
1.708,0.38715420554336766,1.0,3182.7290545170404,0.9999999949013383,0.6917244115667689,0.9658498261602976,0.22931347663282142,0.6969584233933199
1.7085000000000001,0.3867385862901467,1.0,3181.055181191086,0.9999999949299377,0.6915508043743118,0.9658283656691979,0.22929602062418616,0.6966170080289094
1.709,0.3863229670369259,1.0,3179.380516717484,0.9999999949583768,0.6913772075529652,0.9658068917124399,0.22927856461555088,0.6962754208615896
1.7095,0.38590734778370495,1.0,3177.7050614094983,0.9999999949866563,0.691203621108285,0.9657854042829102,0.2292611086069156,0.6959336619367488
1.71,0.3854917285304844,1.0,3176.0288155816615,0.9999999950147772,0.6910300450458293,0.9657639033734929,0.22924365259828033,0.6955917312998015
1.7105000000000001,0.3850761092772632,1.0,3174.351779547404,0.9999999950427404,0.6908564793711758,0.9657423889770742,0.22922619658964505,0.6952496289962237
1.711,0.38466049002404223,1.0,3172.6739536206906,0.9999999950705467,0.690682924089911,0.9657208610865383,0.22920874058100976,0.6949073550715315
1.7115,0.3842448707708217,1.0,3170.9953381157347,0.999999995098197,0.6905093792076311,0.9656993196947706,0.2291912845723745,0.6945649095712823
1.712,0.3838292515176005,1.0,3169.3159333470403,0.9999999951256923,0.6903358447299408,0.9656777647946545,0.22917382856373922,0.6942222925410736
1.7125000000000001,0.3834136322643795,1.0,3167.635739629615,0.9999999951530333,0.6901623206624538,0.965656196379074,0.22915637255510393,0.693879504026543
1.713,0.382998013011159,0.0,3165.9469387511303,0.9974472831898368,0.6899888729980792,0.9654652841856535,0.22913891654646867,0.6935366745376241
1.7135,0.3825823937579378,0.0,3164.194390885859,0.9918524486896135,0.689815967297542,0.9650679330800916,0.2291214605378334,0.693194725307527
1.714,0.38216677450471725,0.0,3162.3657444550086,0.9862890283679991,0.6896437083157548,0.9646662613810281,0.22910400452919813,0.6928538654719507
1.7145000000000001,0.3817511552514963,0.0,3160.4723766206394,0.9807567999046127,0.6894720005088145,0.9642602114000585,0.22908654852056284,0.692513907946436
1.715,0.3813355359982751,0.0,3158.5180446792156,0.9752555856610171,0.6893008126237367,0.9638497358831739,0.22906909251192756,0.6921747926139337
1.7155,0.38091991674505454,0.0,3156.504915689385,0.9697852178201466,0.6891301268261292,0.9634347894716692,0.2290516365032923,0.6918364858190735
1.716,0.38050429749183357,0.0,3154.4351557362097,0.964345528564938,0.6889599252816,0.9630153263339645,0.229034180494657,0.6914989538238908
1.7165000000000001,0.3800886782386126,0.0,3152.3109297360534,0.9589363500783257,0.688790190155757,0.9625913001583843,0.22901672448602173,0.6911621628083869
1.717,0.37967305898539183,0.0,3150.1344012484487,0.9535575145432511,0.6886209036142085,0.9621626641457449,0.22899926847738644,0.6908260788710713
1.7175,0.37925743973217085,0.0,3147.907732295478,0.9482088541426488,0.6884520478225622,0.9617293710017376,0.22898181246875116,0.69049066802948
1.718,0.3788418204789501,0.0,3145.633083187674,0.9428902010594552,0.6882836049464262,0.9612913729291116,0.2289643564601159,0.690155896220677
1.7185000000000001,0.3784262012257291,0.0,3143.3126123573616,0.937601387476605,0.6881155571514084,0.9608486216196412,0.2289469004514806,0.6898217293017334
1.719,0.37801058197250814,0.0,3140.9484761988783,0.9323422455770396,0.6879478866031169,0.9604010682458782,0.22892944444284533,0.6894881330501876
1.7195,0.3775949627192874,0.0,3138.5428289159445,0.9271126075436934,0.6877805754671596,0.9599486634526768,0.22891198843421007,0.6891550731644834
1.72,0.3771793434660664,0.0,3136.0978223757784,0.9219123055595031,0.6876136059091446,0.959491357348491,0.22889453242557478,0.6888225152643902
1.7205000000000001,0.37676372421284543,0.0,3133.6156059708896,0.9167411718074031,0.6874469600946796,0.9590290994964326,0.2288770764169395,0.6884904248914006
1.721,0.3763481049596247,0.0,3131.097978844616,0.9115990444168338,0.6872806231397125,0.9585618398610858,0.22885962040830424,0.6881587733932191
1.7215,0.3759324857064037,0.0,3128.5431059222733,0.9064858146173954,0.6871146109969287,0.9580895372300645,0.22884216439966895,0.6878275935854489
1.722,0.37551686645318294,0.0,3125.9570160331195,0.9014012327823828,0.6869488728573214,0.957612127579574,0.22882470839103367,0.6874967850596253
1.7225000000000001,0.37510124719996196,0.0,3123.3403312108976,0.896345146239706,0.6867834037754177,0.9571295615143356,0.2288072523823984,0.6871663388057621
1.723,0.374685627946741,0.0,3120.6936730015436,0.8913174023172808,0.6866181988057452,0.9566417892216917,0.22878979637376312,0.6868362457915962
1.7235,0.37427000869352045,0.0,3118.0176624344153,0.8863178483430174,0.6864532530028312,0.9561487604667712,0.22877234036512786,0.6865064969626704
1.724,0.37385438944029925,0.0,3115.3129199933533,0.8813463316448273,0.6862885614212032,0.9556504245875076,0.22875488435649255,0.6861770832424166
1.7245000000000001,0.3734387701870783,0.0,3112.5800655887488,0.8764026995506206,0.6861241191153883,0.9551467304894934,0.2287374283478573,0.6858479955322355
1.725,0.37302315093385774,0.0,3109.8197185295517,0.8714867993883131,0.6859599211399143,0.954637626640681,0.22871997233922203,0.685519224711579
1.7255,0.37260753168063654,0.0,3107.0324974966325,0.8665984784858148,0.6857959625493083,0.954123061065904,0.22870251633058672,0.685190761638024
1.726,0.372191912427416,0.0,3104.2190205161205,0.8617375841710375,0.6856322383980978,0.9536029813412348,0.22868506032195146,0.6848625971473521
1.7265000000000001,0.371776293174195,0.0,3101.3799049332165,0.8569039637718909,0.6854687437408102,0.9530773345881548,0.22866760431331618,0.6845347220536222
1.727,0.3713606739209738,0.0,3098.5157673871104,0.8520974646162913,0.6853054736319728,0.952546067467541,0.2286501483046809,0.6842071271492445
1.7275,0.3709450546677533,0.0,3095.627223785805,0.8473179340321484,0.6851424231261132,0.9520091261734613,0.22863269229604563,0.6838798032050525
1.728,0.3705294354145323,0.0,3092.7148892819096,0.8425652193473739,0.6849795872777585,0.9514664564267681,0.22861523628741034,0.683552740970372
1.7285,0.37011381616131156,0.0,3089.7793782488293,0.83783916788988,0.6848169611414363,0.9509180034684879,0.2285977802787751,0.6832259311730904
1.729,0.3696981969080906,0.0,3086.821304257325,0.8331396269875763,0.6846545397716738,0.9503637120529992,0.2285803242701398,0.682899364519723
1.7295,0.3692825776548696,0.0,3083.841280053105,0.8284664439683789,0.6844923182229985,0.949803526440992,0.22856286826150451,0.6825730316954794
1.73,0.36886695840164885,0.0,3080.8399175344,0.8238194661601974,0.684330291549938,0.9492373903921977,0.22854541225286926,0.6822469233643267
1.7305,0.36845133914842787,0.0,3077.816385806064,0.8191986061443327,0.68416846714967,0.948665257143169,0.22852795624423397,0.6819210550300092
1.731,0.3680357198952069,0.0,3074.7720990408347,0.8146036450658449,0.684006833209231,0.9480870606459736,0.22851050023559868,0.6815954035125676
1.7315,0.36762010064198614,0.0,3071.7073925797927,0.8100344314600718,0.6838453871382287,0.9475027437331943,0.2284930442269634,0.6812699641780087
1.732,0.36720448138876516,0.0,3068.622338124653,0.8054908278487415,0.6836841286032214,0.9469122508989742,0.22847558821832814,0.6809447369339816
1.7325,0.3667888621355444,0.0,3065.51700753315,0.8009726967535841,0.683523057270767,0.9463155262579119,0.22845813220969285,0.6806197216860899
1.733,0.3663732428823234,0.0,3062.3914728177524,0.7964799006963278,0.6833621728074238,0.9457125135418865,0.22844067620105757,0.6802949183378963
1.7335,0.36595762362910245,0.0,3059.2458061440793,0.7920123021987066,0.68320147487975,0.9451031560967439,0.22842322019242228,0.6799703267909258
1.734,0.3655420043758817,0.0,3056.0800798297228,0.7875697637824485,0.6830409631543037,0.9444873968788364,0.22840576418378702,0.6796459469446702
1.7345,0.3651263851226607,0.0,3052.894366342628,0.7831521479692839,0.6828806372976433,0.9438651784514186,0.22838830817515174,0.6793217786965916
1.735,0.36471076586943973,0.0,3049.688738299961,0.7787593172809407,0.6827204969763266,0.9432364429808775,0.22837085216651645,0.6789978219421264
1.7355,0.364295146616219,0.0,3046.4632684666008,0.7743911342391531,0.6825605418569122,0.9426011322328086,0.2283533961578812,0.6786740765746901
1.736,0.363879527362998,0.0,3043.218029753831,0.7700474613656492,0.682400771605958,0.9419591875679179,0.2283359401492459,0.6783505424856797
1.7365,0.36346390810977747,0.0,3039.9530952179443,0.7657281611821589,0.6822411858900223,0.9413105499377507,0.22831848414061065,0.678027219564479
1.737,0.36304828885655627,0.0,3036.6685380587337,0.7614330962104108,0.6820817843756631,0.9406551598802376,0.22830102813197536,0.677704107698462
1.7375,0.3626326696033353,0.0,3033.3644316184773,0.7571621289721385,0.681922566729439,0.9399929575150553,0.22828357212334008,0.6773812067729968
1.738,0.36221705035011476,0.0,3030.0408493802684,0.7529151219890704,0.6817635326179077,0.9393238825387844,0.22826611611470482,0.6770585166714493
1.7385,0.36180143109689356,0.0,3026.697864966687,0.7486919377829364,0.6816046817076277,0.9386478742198737,0.22824866010606953,0.6767360372751878
1.739,0.3613858118436726,0.0,3023.335552138657,0.744492438875465,0.6814460136651569,0.937964871393388,0.22823120409743425,0.6764137684635861
1.7395,0.36097019259045204,0.0,3019.9539847939523,0.7403164877883898,0.6812875281570537,0.9372748124555431,0.228213748088799,0.676091710114028
1.74,0.36055457333723084,0.0,3016.5527209342144,0.7361640113330844,0.681129229311655,0.936577646686106,0.22819629208016368,0.6757698711754493
1.7405,0.3601389540840103,0.0,3013.132173491716,0.7320348024549848,0.6809711138723792,0.9358733000948992,0.22817883607152842,0.6754482455872753
1.741,0.35972333483078933,0.0,3009.692285922542,0.7279287317840966,0.6808131826410779,0.935161711307715,0.22816138006289316,0.675126835536614
1.7415,0.35930771557756813,0.0,3006.2329627615845,0.7238456757191208,0.680655436760487,0.9344428196341006,0.22814392405425785,0.6748056439074129
1.742,0.3588920963243476,0.0,3002.754109075179,0.7197855106587528,0.6804978773733421,0.933716564078689,0.2281264680456226,0.674484673587564
1.7425,0.3584764770711266,0.0,2999.2556304652953,0.7157481130016898,0.6803405056223788,0.9329828833401357,0.2281090120369873,0.6741639274688889
1.743,0.3580608578179054,0.0,2995.7374330745583,0.711733359146627,0.6801833226503327,0.9322417158099324,0.22809155602835202,0.6738434084471262
1.7435,0.3576452385646849,0.0,2992.1994235909406,0.7077411254922654,0.6800263295999396,0.9314929995710842,0.22807410001971676,0.673523119421918
1.744,0.3572296193114639,0.0,2988.641509252497,0.7037712884373001,0.6798695276139349,0.9307366723966446,0.22805664401108147,0.6732030632967947
1.7445,0.35681400005824315,0.0,2985.0635978524288,0.6998237243804285,0.6797129178350546,0.9299726717481072,0.2280391880024462,0.672883242979163
1.745,0.3563983808050222,0.0,2981.4655977435264,0.6958983097203459,0.679556501406034,0.9292009347736406,0.22802173199381093,0.6725636613802899
1.7455,0.3559827615518012,0.0,2977.8474178434667,0.6919949208557531,0.6794002794696089,0.9284213983061668,0.22800427598517564,0.6722443214152907
1.746,0.35556714229858044,0.0,2974.208967639556,0.6881134341853454,0.679244253168515,0.9276339988612675,0.22798681997654038,0.6719252260031132
1.7465,0.35515152304535946,0.0,2970.5501571935642,0.6842537261078201,0.6790884236454879,0.9268386726349195,0.2279693639679051,0.6716063780665249
1.747,0.3547359037921385,0.0,2966.870897146841,0.6804156730218726,0.6789327920432633,0.9260353555010478,0.2279519079592698,0.6712877805320969
1.7475,0.35432028453891773,0.0,2963.1710987254105,0.6765991513262035,0.6787773595045767,0.9252239830088883,0.22793445195063453,0.6709694363301916
1.748,0.35390466528569675,0.0,2959.45067374463,0.6728040374195082,0.6786221271721641,0.9244044903801583,0.22791699594199927,0.6706513483949468
1.7485,0.353489046032476,0.0,2955.709534614689,0.669030207700484,0.6784670961887607,0.9235768125060172,0.22789953993336398,0.6703335196642612
1.749,0.353073426779255,0.0,2951.9475920218188,0.6652775393327341,0.6783122677174107,0.9227408841124946,0.2278820839247287,0.670015953121445
1.7495,0.35265780752603404,0.0,2948.164550785944,0.6615459688630778,0.6781576447270171,0.9218966529590794,0.2278646279160934,0.6696986554602649
1.75,0.3522421882728133,0.0,2944.360495409295,0.6578353028807064,0.6780032268736766,0.921044037786349,0.22784717190745815,0.6693816265823822
1.7505,0.3518265690195923,0.0,2940.5352787120273,0.654145430260552,0.6778490158439774,0.920182974988575,0.22782971589882287,0.6690648705590116
1.7510000000000001,0.3514109497663713,0.0,2936.6887542983877,0.6504762398775455,0.6776950133245073,0.9193134007889538,0.22781225989018758,0.668748391467189
1.7515,0.3509953305131508,0.0,2932.820776564341,0.6468276206066222,0.6775412210018545,0.9184352512414542,0.22779480388155232,0.6684321933897488
1.752,0.3505797112599296,0.0,2928.93120070499,0.6431994613227129,0.6773876405626071,0.917548462232545,0.22777734787291704,0.6681162804153011
1.7525,0.35016409200670906,0.0,2925.019882723217,0.6395916509007494,0.677234273693353,0.9166529694828065,0.22775989186428178,0.66780065663821
1.7530000000000001,0.3497484727534881,0.0,2921.0866794368885,0.6360040782156627,0.6770811220806802,0.915748708548404,0.2277424358556465,0.6674853261585696
1.7535,0.3493328535002669,0.0,2917.1314484874547,0.6324366321423882,0.676928187411177,0.9148356148224336,0.2277249798470112,0.6671702930821826
1.754,0.34891723424704635,0.0,2913.1540483477183,0.6288892015558564,0.6767754713714311,0.9139136235361136,0.22770752383837595,0.666855561520534
1.7545,0.34850161499382537,0.0,2909.154338329917,0.6253616753309995,0.6766229756480309,0.9129826697598281,0.22769006782974066,0.6665411355907715
1.7550000000000001,0.34808599574060417,0.0,2905.1321785942664,0.6218539423427483,0.6764707019275641,0.9120426884040145,0.22767261182110538,0.666227019415679
1.7555,0.34767037648738364,0.0,2901.0874301569243,0.6183658914660379,0.676318651896619,0.9110936142198782,0.22765515581247012,0.665913217123654
1.756,0.34725475723416266,0.0,2897.0199548983946,0.6148974115757994,0.6761668272417836,0.9101353817999359,0.22763769980383483,0.6655997328486836
1.7565,0.3468391379809419,0.0,2892.9296155720563,0.6114483915469646,0.6760152296496458,0.909167925578374,0.22762024379519954,0.6652865707303197
1.7570000000000001,0.3464235187277209,0.0,2888.816275812455,0.6080187202544644,0.6758638608067936,0.9081911798312162,0.2276027877865643,0.6649737349136555
1.7575,0.34600789947449995,0.0,2884.679800143892,0.6046082865732341,0.6757127223998154,0.9072050786762981,0.227585331777929,0.6646612295493011
1.758,0.3455922802212792,0.0,2880.5200539890106,0.6012169793782042,0.6755618161152989,0.906209556073023,0.22756787576929371,0.6643490587933574
1.7585,0.3451766609680582,0.0,2876.3368943257724,0.5978446934483167,0.6754111437226377,0.9052045475359715,0.22755041976065843,0.6640372269788068
1.7590000000000001,0.34476104171483724,0.0,2872.1301089373005,0.5944913602044177,0.67526070761272,0.9041899993586252,0.22753296375202314,0.6637257397315326
1.7595,0.3443454224616165,0.0,2867.8996366084148,0.5911568130107127,0.6751105088476924,0.9031658291150503,0.22751550774338788,0.6634145999323809
1.76,0.3439298032083955,0.0,2863.6453182491277,0.5878409519590244,0.6749605493647072,0.902131973478388,0.2274980517347526,0.6631038122790403
1.7605,0.34351418395517475,0.0,2859.366995796936,0.5845436771411769,0.6748108311009158,0.9010883691632503,0.22748059572611734,0.6627933814755194
1.7610000000000001,0.34309856470195377,0.0,2855.0645122264305,0.5812648886489933,0.6746613559934703,0.9000349529309236,0.22746313971748205,0.6624833122321192
1.7615,0.3426829454487328,0.0,2850.7377115603385,0.5780044865743004,0.6745121259795227,0.8989716615944526,0.22744568370884677,0.6621736092654015
1.762,0.34226732619551203,0.0,2846.3864388796733,0.5747623710089211,0.6743631429962249,0.8978984320235753,0.2274282277002115,0.6618642772981599
1.7625,0.34185170694229106,0.0,2842.0105403342995,0.5715384420446796,0.6742144089807288,0.8968152011495238,0.22741077169157622,0.6615553210593883
1.7630000000000001,0.3414360876890701,0.0,2837.60986315369,0.5683325997733988,0.6740659258701862,0.8957219059696657,0.22739331568294094,0.6612467452842508
1.7635,0.3410204684358493,0.0,2833.184255657722,0.5651447442869056,0.6739176956017492,0.894618483551985,0.22737585967430565,0.6609385547140514
1.764,0.34060484918262834,0.0,2828.733567267266,0.561974775677023,0.6737697201125695,0.8935048710393945,0.2273584036656704,0.6606307540962015
1.7645,0.3401892299294078,0.0,2824.2576485152827,0.5588225940355752,0.6736220013397992,0.892381005653862,0.2273409476570351,0.6603233481841899
1.7650000000000001,0.3397736106761866,0.0,2819.756351057676,0.5556880994543849,0.6734745412205901,0.8912468247003579,0.22732349164839982,0.6600163417375509
1.7655,0.33935799142296563,0.0,2815.229527684496,0.5525711920252792,0.6733273416920943,0.8901022655705996,0.22730603563976454,0.6597097395218313
1.766,0.3389423721697451,0.0,2810.6770323310184,0.5494717718400809,0.6731804046914635,0.8889472657465874,0.22728857963112928,0.6594035463085599
1.7665,0.3385267529165239,0.0,2806.098720088982,0.5463897389906143,0.6730337321558497,0.887781762803935,0.227271123622494,0.6590977668752149
1.7670000000000001,0.3381111336633029,0.0,2801.4944472178377,0.5433249935687021,0.6728873260224048,0.8866056944149626,0.2272536676138587,0.6587924060051897
1.7675,0.3376955144100824,0.0,2796.8640711563476,0.5402774356661715,0.6727411882282807,0.8854189983515687,0.22723621160522345,0.6584874684877627
1.768,0.3372798951568612,0.0,2792.2074441852037,0.5372469827245399,0.6725953207676835,0.8842216190915502,0.22721875559658816,0.6581829592371936
1.7685,0.33686427590364065,0.0,2787.5243988661878,0.5342335830322928,0.6724497258231883,0.8830135135539089,0.2272012995879529,0.6578788835672689
1.7690000000000001,0.3364486566504197,0.0,2782.8148133038417,0.5312370546282804,0.6723044051791466,0.8817945888338223,0.22718384357931762,0.6575752459662216
1.7695,0.3360330373971985,0.0,2778.078537078303,0.5282573088800155,0.6721593608874423,0.8805647873752424,0.22716638757068233,0.6572720514868295
1.77,0.33561741814397794,0.0,2773.3154210513135,0.5252942571550072,0.6720145949999587,0.8793240519887605,0.22714893156204707,0.6569693051880068
1.7705,0.33520179889075696,0.0,2768.5253173789106,0.522347810820766,0.6718701095685796,0.8780723258610046,0.2271314755534118,0.6566670121347706
1.7710000000000001,0.33478617963753576,0.0,2763.7080795242,0.5194178812448007,0.6717259066451884,0.8768095525638705,0.2271140195447765,0.6563651773982029
1.7715,0.33437056038431523,0.0,2758.8635622700303,0.5165043797946246,0.6715819882816688,0.8755356760635776,0.22709656353614124,0.6560638060554148
1.772,0.33395494113109425,0.0,2753.9916217319605,0.5136072178377467,0.6714383565299044,0.8742506407295432,0.22707910752750596,0.6557629031895083
1.7725,0.3335393218778735,0.0,2749.0921153712493,0.5107263067416773,0.6712950134417786,0.8729543913430612,0.22706165151887067,0.6554624738895392
1.7730000000000001,0.3331237026246525,0.0,2744.16490200804,0.5078615578739255,0.671151961069175,0.8716468731057754,0.2270441955102354,0.6551625232504802
1.7735,0.33270808337143154,0.0,2739.2098418342794,0.5050128826020043,0.6710092014639774,0.8703280316479398,0.22702673950160013,0.654863056373183
1.774,0.3322924641182108,0.0,2734.2267964272805,0.5021801922934228,0.6708667366780692,0.868997813036446,0.22700928349296484,0.6545640783643385
1.7745,0.3318768448649898,0.0,2729.2156287628964,0.4993633983156914,0.670724568763334,0.8676561637826252,0.22699182748432956,0.6542655943364402
1.7750000000000001,0.33146122561176883,0.0,2724.176203229073,0.4965624120363192,0.6705826997716553,0.8663030308497897,0.22697437147569427,0.6539676094077443
1.7755,0.3310456063585481,0.0,2719.1083856394066,0.4937771448228191,0.6704411317549168,0.8649383616605273,0.226956915467059,0.653670128702232
1.776,0.3306299871053271,0.0,2714.01204324662,0.4910075080427002,0.6702998667650021,0.8635621041037209,0.22693945945842373,0.6533731573495684
1.7765,0.33021436785210634,0.0,2708.8870447565682,0.4882534130634729,0.6701589068537946,0.8621742065412877,0.22692200344978847,0.6530767004850647
1.7770000000000001,0.32979874859888536,0.0,2703.733260341871,0.4855147712526464,0.670018254073178,0.8607746178146322,0.22690454744115318,0.6527807632496376
1.7775,0.3293831293456644,0.0,2698.5505616559076,0.48279149397773347,0.6698779104750361,0.8593632872507945,0.2268870914325179,0.6524853507897694
1.778,0.3289675100924436,0.0,2693.33882184693,0.48008349260624333,0.6697378781112521,0.8579401646682868,0.22686963542388264,0.6521904682574675
1.7785,0.32855189083922265,0.0,2688.0979155719506,0.47739067850568634,0.6695981590337097,0.8565052003826087,0.22685217941524735,0.6518961208102239
1.7790000000000001,0.32813627158600167,0.0,2682.827719011075,0.4747129630435717,0.6694587552942924,0.855058345211426,0.22683472340661207,0.6516023136109743
1.7795,0.32772065233278114,0.0,2677.528138986766,0.47205027738204286,0.6693196686777774,0.8535995607833732,0.2268172673979768,0.6513090512647484
1.78,0.32730503307955994,0.0,2672.1990773458524,0.46940256076576703,0.6691809010278384,0.8521288141642293,0.22679981138934152,0.6510163385052525
1.7805,0.3268894138263394,0.0,2666.8403179688144,0.4667696706415714,0.6690424552865015,0.8506460299875255,0.22678235538070624,0.650724182389071
1.7810000000000001,0.3264737945731184,0.0,2661.4517496084727,0.4641515288778365,0.6689043334485685,0.8491511667453092,0.22676489937207098,0.6504325879810691
1.7815,0.3260581753198972,0.0,2656.0332625894675,0.46154805734294635,0.668766537508841,0.8476441837684994,0.22674744336343566,0.6501415603511415
1.782,0.3256425560666767,0.0,2650.5847488232093,0.4589591779052815,0.6686290694621209,0.8461250412387494,0.2267299873548004,0.6498511045741713
1.7825,0.3252269368134557,0.0,2645.106101821724,0.4563848124332237,0.66849193130321,0.8445937001999968,0.22671253134616515,0.6495612257299885
1.7830000000000001,0.3248113175602345,0.0,2639.597216712456,0.45382488279515343,0.6683551250269101,0.8430501225696934,0.22669507533752983,0.6492719289033277
1.7835,0.324395698307014,0.0,2634.0579902530962,0.45127931085945466,0.668218652628023,0.8414942711497049,0.22667761932889458,0.648983219183787
1.784,0.323980079053793,0.0,2628.4883208458873,0.44874801849450796,0.6680825161013506,0.8399261096368468,0.2266601633202593,0.6486951016657839
1.7845,0.32356445980057225,0.0,2622.8881085528496,0.4462309275686951,0.6679467174416945,0.8383456026330737,0.22664270731162403,0.6484075814485146
1.7850000000000001,0.32314884054735127,0.0,2617.2572551103626,0.44372795995039654,0.6678112586438566,0.836752715655284,0.22662525130298874,0.6481206636359096
1.7855,0.3227332212941303,0.0,2611.5956639443093,0.4412390375079963,0.6676761417026387,0.8351474151447416,0.22660779529435346,0.6478343533365922
1.786,0.32231760204090953,0.0,2605.903240185154,0.43876408210987494,0.6675413686128425,0.8335296684760919,0.2265903392857182,0.6475486556638335
1.7865,0.32190198278768856,0.0,2600.1798906830086,0.43630301562441415,0.66740694136927,0.8318994439659702,0.22657288327708291,0.6472635757355096
1.7870000000000001,0.3214863635344676,0.0,2594.4255240230127,0.43385575991999453,0.6672728619667228,0.8302567108811794,0.22655542726844763,0.6469791186740577
1.7875,0.3210707442812468,0.0,2588.6400505406104,0.4314222368649999,0.6671391324000028,0.8286014394464288,0.22653797125981237,0.6466952896064322
1.788,0.32065512502802584,0.0,2582.8233823369146,0.429002368327811,0.6670057546639117,0.8269336008516274,0.22652051525117708,0.6464120936640594
1.7885,0.3202395057748051,0.0,2576.9754332943494,0.42659607617680945,0.6668727307532514,0.825253167258702,0.2265030592425418,0.6461295359827942
1.7890000000000001,0.3198238865215841,0.0,2571.096119092194,0.42420328228037585,0.6667400626628236,0.8235601118079539,0.22648560323390654,0.6458476217028739
1.7895,0.31940826726836313,0.0,2565.1853572222103,0.42182390850689405,0.6666077523874302,0.8218544086239202,0.22646814722527125,0.6455663559688742
1.79,0.3189926480151424,0.0,2559.2430670045196,0.4194578767247447,0.666475801921873,0.8201360328207317,0.22645069121663597,0.6452857439296629
1.7905,0.3185770287619214,0.0,2553.2692216725845,0.4171051213861655,0.6663442127716042,0.8184049691536718,0.22643323520800068,0.6450057896970646
1.7910000000000001,0.3181614095087004,0.0,2547.263868386145,0.4147655989279759,0.6662129857616886,0.8166612192428747,0.2264157791993654,0.6447264959370962
1.7915,0.31774579025547967,0.0,2541.226688965893,0.41243917682330417,0.6660821251708997,0.8149047242303787,0.22639832319073014,0.6444478726709736
1.792,0.3173301710022587,0.0,2535.1576409639733,0.4101257860637315,0.6659516327061245,0.8131354696100705,0.22638086718209485,0.6441699244524746
1.7925,0.31691455174903815,0.0,2529.056683697174,0.40782535764084016,0.6658215100742502,0.811353442225091,0.2263634111734596,0.6438926558384743
1.793,0.31649893249581695,0.0,2522.9237782606656,0.4055378225462121,0.665691758982164,0.8095586302783313,0.2263459551648243,0.6436160713889048
1.7935,0.316083313242596,0.0,2516.758887542416,0.40326311177142865,0.665562381136753,0.807751023342389,0.22632849915618902,0.6433401756667142
1.794,0.31566769398937544,0.0,2510.561976236894,0.4010011563080738,0.6654333782449047,0.8059306123689696,0.22631104314755376,0.6430649732378284
1.7945,0.31525207473615424,0.0,2504.333010859459,0.39875188714772886,0.665304752013506,0.8040973896977021,0.22629358713891848,0.6427904686711075
1.795,0.3148364554829337,0.0,2498.071959760479,0.3965152352819758,0.6651765041494443,0.8022513490643786,0.22627613113028322,0.6425166665383064
1.7955,0.31442083622971273,0.0,2491.7787931396238,0.3942911317023959,0.6650486363596065,0.8003924856085872,0.22625867512164793,0.6422435714140335
1.796,0.31400521697649153,0.0,2485.453483060339,0.39207950740057324,0.6649211503508801,0.7985207958807354,0.22624121911301265,0.6419711878757095
1.7965,0.313589597723271,0.0,2479.0960034641053,0.389880293368089,0.6647940478301522,0.7966362778484334,0.22622376310437736,0.6416995205035259
1.797,0.31317397847005,0.0,2472.7063301850458,0.38769342059652534,0.6646673305043099,0.7947389309022455,0.2262063070957421,0.6414285738804028
1.7975,0.3127583592168288,0.0,2466.2844409642494,0.38551882007746335,0.6645410000802405,0.792828755860787,0.2261888510871068,0.6411583525919478
1.798,0.3123427399636083,0.0,2459.830315464759,0.3833564228024872,0.6644150582648312,0.7909057549751463,0.22617139507847153,0.6408888612264138
1.7985,0.3119271207103873,0.0,2453.3439352858686,0.38120615976317807,0.6642895067649691,0.7889699319326331,0.22615393906983627,0.6406201043746566
1.799,0.31151150145716655,0.0,2446.825283978018,0.3790679619511181,0.6641643472875415,0.7870212918598364,0.226136483061201,0.6403520866300924
1.7995,0.3110958822039456,0.0,2440.2743470577234,0.3769417603578884,0.6640395815394354,0.7850598413249797,0.2261190270525657,0.6400848125886555
1.8,0.3106802629507246,0.0,2433.691112022131,0.37482748597507315,0.6639152112275383,0.7830855883395621,0.22610157104393042,0.6398182868487557
1.8005,0.31026464369750384,0.0,2427.0755683643897,0.37272506979425346,0.6637912380587372,0.7810985423592767,0.22608411503529516,0.6395525140112349
1.801,0.30984902444428286,0.0,2420.4277075881137,0.3706344428070115,0.6636676637399194,0.7790987142841966,0.22606665902665987,0.6392874986793242
1.8015,0.3094334051910619,0.0,2413.7475881674095,0.36855554407858276,0.6635444893502266,0.7770861235944744,0.22604920301802459,0.6390232441116078
1.802,0.3090177859378411,0.0,2407.0355697325977,0.36648835232384547,0.6634217130700598,0.7750608271716417,0.22603174700938933,0.6387597473447285
1.8025,0.30860216668462015,0.0,2400.2911022755793,0.36443273281336236,0.6632993418969818,0.7730227826814821,0.22601429100075404,0.6384970243399057
1.803,0.3081865474313994,0.0,2393.514247923681,0.3623886248830713,0.6631773769365986,0.7709720141626459,0.22599683499211876,0.638235078420567
1.8035,0.3077709281781784,0.0,2386.70507054426,0.3603559678689091,0.6630558192945164,0.7689085474592331,0.2259793789834835,0.6379739129104287
1.804,0.30735530892495744,0.0,2379.863635754616,0.35833470110681553,0.6629346700763414,0.7668324102239781,0.2259619229748482,0.6377135311334668
1.8045,0.3069396896717367,0.0,2372.990010932327,0.35632476393272733,0.6628139303876797,0.7647436319205732,0.22594446696621293,0.6374539364138887
1.805,0.3065240704185157,0.0,2366.084265224996,0.35432609568258233,0.6626936013341373,0.7626422438251652,0.22592701095757767,0.6371951320761038
1.8055,0.3061084511652947,0.0,2359.146469560183,0.3523386356923175,0.6625736840213206,0.76052827902698,0.22590955494894238,0.636937121444695
1.806,0.3056928319120742,0.0,2352.1766966559444,0.3503623232978724,0.6624541795548354,0.7584017724280738,0.2258920989403071,0.6366799078443901
1.8065,0.305277212658853,0.0,2345.1750210304463,0.3483970978351839,0.6623350890402881,0.7562627607422038,0.2258746429316718,0.6364234946000316
1.807,0.30486159340563246,0.0,2338.1415190124694,0.3464428986401899,0.6622164135832848,0.7541112824928051,0.22585718692303655,0.6361678850365481
1.8075,0.3044459741524115,0.0,2331.076268751292,0.34449966504882723,0.6620981542894314,0.751947378010064,0.22583973091440127,0.6359130824789258
1.808,0.3040303548991903,0.0,2323.979350227063,0.3425673363970355,0.6619803122643344,0.7497710894270833,0.22582227490576598,0.6356590902521784
1.8085,0.30361473564596975,0.0,2316.850845260984,0.3406458520207516,0.6618628886135998,0.7475824606751162,0.22580481889713072,0.6354059116813175
1.809,0.30319911639274877,0.0,2309.6908375253997,0.33873515125591336,0.6617458844428336,0.7453815374778952,0.22578736288849544,0.6351535500913237
1.8095,0.30278349713952757,0.0,2302.4994125543435,0.33683517343845776,0.6616293008576419,0.7431683673449989,0.22576990687986015,0.6349020088071167
1.81,0.30236787788630703,0.0,2295.276657753586,0.33494585790432424,0.6615131389636312,0.7409429995643073,0.2257524508712249,0.6346512911535266
1.8105,0.30195225863308606,0.0,2288.022662411084,0.33306714398944975,0.6613973998664072,0.7387054851934913,0.2257349948625896,0.6344014004552624
1.811,0.3015366393798653,0.0,2280.7375177072986,0.3311989710297722,0.6612820846715763,0.7364558770505609,0.22571753885395435,0.634152340036884
1.8115,0.3011210201266443,0.0,2273.4213167255425,0.3293412783612284,0.6611671944847446,0.734194229703466,0.22570008284531906,0.6339041132227714
1.812,0.30070540087342335,0.0,2266.0741544624148,0.327494005319758,0.6610527304115182,0.7319205994587317,0.22568262683668378,0.6336567233370953
1.8125,0.3002897816202026,0.0,2258.696127838265,0.32565709124129777,0.6609386935575033,0.729635044349142,0.2256651708280485,0.6334101737037863
1.813,0.2998741623669816,0.0,2251.287335707678,0.32383047546178567,0.660825085028306,0.7273376241204655,0.22564771481941323,0.6331644676465055
1.8135000000000001,0.29945854311376063,0.0,2243.848344620359,0.3220141348094686,0.6607119012603152,0.7250284428377813,0.22563025881077794,0.6329195983852356
1.814,0.2990429238605399,0.0,2236.378941487933,0.3202079856328894,0.6605991465074159,0.722707538866726,0.22561280280214266,0.6326755760475302
1.8145,0.2986273046073189,0.0,2228.8790026731695,0.3184119492554353,0.6604868241643994,0.7203749566722039,0.2255953467935074,0.6324324089095171
1.815,0.29821168535409814,0.0,2221.348730352632,0.31662597252109437,0.6603749343785564,0.7180307713877291,0.22557789078487211,0.6321900982194839
1.8155000000000001,0.29779606610087717,0.0,2213.788328046244,0.31485000227385346,0.6602634772971776,0.7156750601704887,0.22556043477623683,0.6319486452225596
1.816,0.2973804468476562,0.0,2206.198000618608,0.3130839853577021,0.6601524530675537,0.7133079021880804,0.22554297876760154,0.63170805116071
1.8165,0.29696482759443543,0.0,2198.577954280395,0.31132786861662737,0.6600418618369752,0.7109293786041341,0.22552552275896628,0.6314683172727352
1.817,0.29654920834121445,0.0,2190.928396589783,0.30958159889461706,0.659931703752733,0.7085395725628667,0.225508066750331,0.6312294447942637
1.8175000000000001,0.2961335890879935,0.0,2183.249536453874,0.30784512303565825,0.6598219789621178,0.7061385691725239,0.2254906107416957,0.6309914349577492
1.818,0.2957179698347727,0.0,2175.5415841301965,0.30611838788374035,0.6597126876124201,0.7037264554877638,0.22547315473306045,0.6307542889924669
1.8185,0.29530235058155174,0.0,2167.8047512278254,0.30440134028285043,0.6596038298509308,0.701303320490912,0.22545569872442517,0.6305180081245088
1.819,0.2948867313283312,0.0,2160.039250709241,0.3026939270769764,0.6594954058249404,0.6988692550721671,0.2254382427157899,0.6302825935767792
1.8195000000000001,0.29447111207511,0.0,2152.2452968913312,0.3009960951101053,0.6593874156817395,0.696424352008708,0.22542078670715462,0.630048046568992
1.82,0.29405549282188903,0.0,2144.423105447075,0.2993077912262264,0.6592798595686191,0.6939687059427173,0.22540333069851934,0.6298143683176662
1.8205,0.2936398735686685,0.0,2136.5728934068693,0.29762896226932695,0.6591727376328698,0.6915024133583454,0.22538587468988408,0.6295815600361205
1.821,0.2932242543154473,0.0,2128.6948791598893,0.2959595550833947,0.659066050021782,0.6890255725575987,0.22536841868124877,0.6293496229344705
1.8215000000000001,0.2928086350622263,0.0,2120.7892824556816,0.2942995165124168,0.6589597968826466,0.6865382836351753,0.2253509626726135,0.6291185582196248
1.822,0.2923930158090058,0.0,2112.856324405292,0.2926487934003826,0.6588539783627544,0.6840406484522512,0.22533350666397822,0.6288883670952805
1.8225,0.2919773965557846,0.0,2104.8962274830324,0.29100733259127914,0.6587485946093958,0.6815327706092169,0.22531605065534294,0.6286590507619182
1.823,0.29156177730256405,0.0,2096.90921552761,0.2893750809290943,0.6586436457698618,0.6790147554173909,0.22529859464670768,0.6284306104167998
1.8235000000000001,0.2911461580493431,0.0,2088.895513743694,0.28775198525781526,0.6585391319914428,0.6764867098697238,0.2252811386380724,0.6282030472539626
1.824,0.2907305387961219,0.0,2080.855348703307,0.28613799242143123,0.6584350534214296,0.6739487426104782,0.2252636826294371,0.6279763624642167
1.8245,0.29031491954290134,0.0,2072.7889483473286,0.28453304926392936,0.6583314102071129,0.6714009639039319,0.22524622662080185,0.62775055723514
1.825,0.28989930028968036,0.0,2064.6966960843333,0.28293711171027036,0.6582282008853035,0.668843498374318,0.22522877061216656,0.6275256292407639
1.8255000000000001,0.28948368103645916,0.0,2056.5795083813946,0.2813501678556358,0.658125418412479,0.666276518526854,0.22521131460353128,0.6273015639807316
1.826,0.28906806178323863,0.0,2048.4366078018747,0.27977210526969537,0.6580230734754808,0.6637000564122819,0.22519385859489602,0.62707838560218
1.8265,0.28865244253001765,0.0,2040.2683528656758,0.2782028776180746,0.6579211649165898,0.661114237874389,0.22517640258626073,0.6268560924361513
1.827,0.2882368232767969,0.0,2032.0751024807385,0.27664243856639975,0.6578196915780868,0.6585191905941307,0.22515894657762547,0.6266346828070293
1.8275000000000001,0.2878212040235759,0.0,2023.8572159317716,0.27509074178029636,0.6577186523022523,0.6559150440561142,0.2251414905689902,0.6264141550325688
1.828,0.28740558477035494,0.0,2015.6150528692365,0.2735477409253921,0.6576180459313673,0.6533019295140007,0.2251240345603549,0.6261945074239308
1.8285,0.2869899655171342,0.0,2007.3489732981084,0.2720133896673125,0.6575178713077123,0.6506799799548381,0.22510657855171962,0.6259757382857121
1.829,0.2865743462639132,0.0,1999.0593375668047,0.2704876416716838,0.6574181272735683,0.6480493300623347,0.22508912254308436,0.6257578459159788
1.8295000000000001,0.2861587270106922,0.0,1990.7465063560376,0.26897045060413166,0.6573188126712157,0.6454101161790963,0.22507166653444907,0.6255408286062968
1.83,0.28574310775747147,0.0,1982.4108406679964,0.26746177013028366,0.6572199263429355,0.6427624762678513,0.22505421052581379,0.6253246846417647
1.8305,0.2853274885042505,0.0,1974.052701815147,0.26596155391576537,0.6571214671310083,0.6401065498716653,0.22503675451717853,0.6251094123010452
1.831,0.28491186925102974,0.0,1965.6724514092505,0.26446975562620306,0.6570234338777149,0.6374424780731874,0.22501929850854324,0.6248950098563961
1.8315000000000001,0.28449624999780876,0.0,1957.2704513505294,0.2629863289272223,0.6569258254253358,0.6347704034529369,0.22500184249990796,0.6246814755737018
1.832,0.2840806307445878,0.0,1948.8470638166912,0.2615112274844507,0.6568286406161522,0.6320904700466682,0.22498438649127267,0.6244688077125063
1.8325,0.283665011491367,0.0,1940.4026512520395,0.26004440496351383,0.6567318782924445,0.6294028233017989,0.2249669304826374,0.6242570045260424
1.833,0.28324939223814605,0.0,1931.9375763565602,0.25858581503003797,0.6566355372964934,0.6267076100329926,0.22494947447400213,0.6240460642612635
1.8335000000000001,0.28283377298492507,0.0,1923.4522020752283,0.25713541134964873,0.6565396164705798,0.6240049783768586,0.22493201846536684,0.6238359851588762
1.834,0.28241815373170454,0.0,1914.9468915871273,0.2556931475879737,0.6564441146569843,0.6212950777458283,0.22491456245673158,0.6236267654533694
1.8345,0.28200253447848334,0.0,1906.4220082945667,0.25425897741063835,0.6563490306979878,0.6185780587812308,0.2248971064480963,0.6234184033730468
1.835,0.2815869152252628,0.0,1897.8779158125633,0.25283285448326903,0.6562543634358708,0.6158540733055978,0.22487965043946104,0.6232108971400563
1.8355000000000001,0.2811712959720418,0.0,1889.3149779579367,0.25141473247149143,0.6561601117129142,0.6131232742742144,0.22486219443082575,0.6230042449704221
1.836,0.2807556767188206,0.0,1880.7335587388218,0.25000456504093294,0.6560662743713986,0.6103858157259731,0.22484473842219047,0.6227984450740751
1.8365,0.2803400574656001,0.0,1872.134022343824,0.24860230585721932,0.655972850253605,0.6076418527335327,0.2248272824135552,0.6225934956548836
1.837,0.2799244382123791,0.0,1863.5167331314262,0.24720790858597672,0.655879838201814,0.6048915413528332,0.22480982640491992,0.6223893949106832
1.8375000000000001,0.2795088189591579,0.0,1854.882151374006,0.24582133187310712,0.6557872360024909,0.6021350472482574,0.22479237039628464,0.6221861387155456
1.838,0.2790931997059374,0.0,1846.2315708074814,0.2444425776213258,0.6556950322223478,0.5993726132205962,0.22477491438764935,0.6219837026901465
1.8385,0.2786775804527164,0.0,1837.564189220151,0.2430715380270605,0.6556032385519085,0.5966042912601522,0.2247574583790141,0.6217821132144974
1.839,0.27826196119949564,0.0,1828.880509307785,0.2417081729628301,0.6555118523140948,0.5938302513738558,0.2247400023703788,0.6215813651273405
1.8395000000000001,0.27784634194627467,0.0,1820.1810325886645,0.24035244230115274,0.6554208708318283,0.5910506646593496,0.22472254636174352,0.6213814532579862
1.84,0.2774307226930537,0.0,1811.4662593793441,0.2390043059145485,0.655330291428031,0.5882657032516346,0.22470509035310826,0.6211823724263839
1.8405,0.27701510343983293,0.0,1802.7366887705182,0.2376637236755356,0.6552401114256245,0.5854755402690316,0.22468763434447298,0.6209841174431895
1.841,0.27659948418661195,0.0,1793.9928186035313,0.23633065545663284,0.6551503281475307,0.5826803497585047,0.2246701783358377,0.620786683109835
1.8415000000000001,0.276183864933391,0.0,1785.2351454465627,0.2350050611303585,0.6550609389166713,0.5798803066403913,0.2246527223272024,0.6205900642185957
1.842,0.2757682456801702,0.0,1776.4641645712918,0.23368690056923255,0.654971941055968,0.5770755866525551,0.22463526631856714,0.6203942555526581
1.8425,0.27535262642694924,0.0,1767.6803699293243,0.23237613364577325,0.6548833318883427,0.5742663662940085,0.22461781030993186,0.6201992518861869
1.843,0.2749370071737285,0.0,1758.8842541294375,0.2310727202324994,0.6547951087367171,0.5714528227680401,0.2246003543012966,0.620005047984391
1.8435000000000001,0.2745213879205075,0.0,1750.0763084142477,0.22977662020192927,0.6547072689240129,0.5686351339249022,0.22458289829266131,0.6198116386035907
1.844,0.27410576866728653,0.0,1741.2570226375344,0.22848779342658282,0.6546198097731519,0.56581347820405,0.22456544228402603,0.6196190184912826
1.8445,0.2736901494140658,0.0,1732.4268852415926,0.2272061997789783,0.6545327286070559,0.5629880345760271,0.22454798627539074,0.6194271823862052
1.845,0.2732745301608448,0.0,1723.5863832346145,0.22593179913163455,0.6544460227486467,0.5601589824840036,0.22453053026675548,0.6192361250184031
1.8455000000000001,0.2728589109076238,0.0,1714.736002168385,0.22466455135706984,0.6543596895208459,0.5573265017850073,0.2245130742581202,0.619045841109292
1.846,0.27244329165440306,0.0,1705.876226116086,0.22340441632780408,0.6542737262465755,0.5544907726909017,0.2244956182494849,0.6188563253717226
1.8465,0.2720276724011821,0.0,1697.007537650309,0.2221513539163556,0.6541881302487571,0.5516519757091461,0.22447816224084965,0.6186675725100428
1.847,0.27161205314796155,0.0,1688.1304178210466,0.22090532399524315,0.6541028988503125,0.5488102915833639,0.22446070623221437,0.6184795772201621
1.8475000000000001,0.27119643389474035,0.0,1679.2453461341036,0.21966628643698505,0.6540180293741634,0.5459659012337894,0.22444325022357908,0.6182923341896134
1.848,0.2707808146415194,0.0,1670.352800529455,0.21843420111410122,0.6539335191432318,0.5431189856976064,0.2244257942149438,0.6181058380976152
1.8485,0.27036519538829884,0.0,1661.4532573599495,0.21720902789910995,0.6538493654804393,0.54026972606923,0.22440833820630854,0.6179200836151324
1.849,0.26994957613507764,0.0,1652.5471913698327,0.21599072666453,0.6537655657087075,0.5374183034405754,0.22439088219767325,0.6177350654049383
1.8495000000000001,0.26953395688185666,0.0,1643.635075673946,0.21477925728287975,0.6536821171509584,0.5345648988413615,0.22437342618903797,0.6175507781216756
1.85,0.26911833762863613,0.0,1634.7173817366465,0.21357457962667903,0.6535990171301137,0.5317096931794734,0.2243559701804027,0.6173672164119157
1.8505,0.26870271837541493,0.0,1625.794727225743,0.21237666223598006,0.6535162612274953,0.5288528857008842,0.22433851417176742,0.6171843710657741
1.851,0.2682870991221944,0.0,1616.868160018004,0.21118549754661034,0.6534338399044688,0.5259947270070567,0.22432105816313216,0.6170022215454039
1.8515000000000001,0.2678714798689734,0.0,1607.9373746271192,0.2100009980938771,0.6533517595534637,0.5231352961328153,0.22430360215449688,0.6168207825105879
1.852,0.2674558606157522,0.0,1599.00295267322,0.20882312919457396,0.6532700161119926,0.5202747842246794,0.2242861461458616,0.6166400455134635
1.8525,0.2670402413625317,0.0,1590.065472720007,0.2076518561654931,0.6531886055175686,0.5174133823221365,0.22426869013722633,0.6164600020955082
1.853,0.2666246221093107,0.0,1581.1255102446612,0.2064871443234271,0.6531075237077044,0.5145512812963173,0.22425123412859105,0.6162806437876249
1.8535000000000001,0.2662090028560895,0.0,1572.1836376081487,0.20532895898516812,0.6530267666199128,0.5116886717887758,0.22423377811995576,0.6161019621102282
1.854,0.26579338360286897,0.0,1563.2404240257133,0.20417726546750983,0.6529463301917066,0.5088257441504271,0.22421632211132048,0.6159239485733292
1.8545,0.265377764349648,0.0,1554.2964355377871,0.20303202908724433,0.6528662103605986,0.5059626883806443,0.22419886610268522,0.6157465946766192
1.855,0.26496214509642724,0.0,1545.352234981265,0.2018932151611643,0.6527864030641017,0.5030996940666077,0.22418141009404993,0.6155698919095522
1.8555000000000001,0.26454652584320626,0.0,1536.4083819612977,0.2007607890060618,0.6527069042397288,0.5002369503229009,0.22416395408541465,0.6153938317514256
1.856,0.2641309065899853,0.0,1527.4654328232232,0.19963471593873053,0.6526277098249925,0.49737464573143303,0.2241464980767794,0.6152184056714618
1.8565,0.2637152873367645,0.0,1518.5239406249902,0.19851496127596263,0.6525488157574059,0.49451296828169083,0.2241290420681441,0.6150436051288868
1.857,0.26329966808354355,0.0,1509.5844551099235,0.19740149033455073,0.6524702179744815,0.4916521053113924,0.22411158605950882,0.6148694215730088
1.8575,0.2628840488303228,0.0,1500.6475226798286,0.19629426843128744,0.6523919124137324,0.48879224344756217,0.22409413005087356,0.6146958464432963
1.858,0.2624684295771018,0.0,1491.7136863685616,0.19519326088296493,0.6523138950126712,0.4859335685480733,0.22407667404223827,0.6145228711694521
1.8585,0.26205281032388084,0.0,1482.7834858157942,0.19409843300637683,0.6522361617088108,0.4830762656436974,0.22405921803360299,0.6143504871714912
1.859,0.2616371910706601,0.0,1473.8574572413374,0.19300975011831528,0.6521587084396643,0.480220518880693,0.22404176202496773,0.6141786858598135
1.8595,0.2612215718174391,0.0,1464.9361334196174,0.1919271775355729,0.652081531142744,0.47736651146397724,0.22402430601633244,0.6140074586352762
1.86,0.2608059525642181,0.0,1456.0200436548002,0.19085068057494187,0.6520046257555632,0.4745144256009165,0.22400685000769716,0.6138367968892677
1.8605,0.26039033331099737,0.0,1447.1097137559523,0.18978022455321575,0.6519279882156344,0.4716644424457725,0.22398939399906187,0.6136666920037769
1.861,0.2599747140577764,0.0,1438.2056660128508,0.18871577478718676,0.6518516144604706,0.4688167420448247,0.2239719379904266,0.6134971353514642
1.8615,0.25955909480455586,0.0,1429.3084191719215,0.1876572965936475,0.6517755004275845,0.4659715032822326,0.22395448198179135,0.6133281182957295
1.862,0.2591434755513349,0.0,1420.4184884128056,0.18660475528939016,0.6516996420544889,0.4631289038266521,0.22393702597315607,0.6131596321907808
1.8625,0.2587278562981137,0.0,1411.5363853250308,0.18555811619120827,0.6516240352786968,0.46028912007863415,0.22391956996452078,0.6129916683817007
1.863,0.25831223704489314,0.0,1402.66261788526,0.18451734461589406,0.6515486760377209,0.45745232711885386,0.2239021139558855,0.6128242182045116
1.8635,0.25789661779167217,0.0,1393.7978075474903,0.18348241732595438,0.6514735587793985,0.4546187278811505,0.2238846579472502,0.6126572696750721
1.864,0.25748099853845097,0.0,1384.9427088390548,0.18245332018928262,0.6513986761877779,0.45178854725088,0.22386720193861492,0.6124908068761681
1.8645,0.25706537928523043,0.0,1376.0974807245252,0.18142998139195504,0.6513240284821208,0.44896186098110324,0.22384974592997967,0.6123248306315787
1.865,0.25664976003200946,0.0,1367.2626841162744,0.18041237097582494,0.6512496107270653,0.44613885017127475,0.22383228992134438,0.6121593302996702
1.8655,0.2562341407787887,0.0,1358.4388753253404,0.17940045898274604,0.6511754179872496,0.4433196945838645,0.22381483391270912,0.6119942952284121
1.866,0.2558185215255677,0.0,1349.6266060361856,0.17839421545457165,0.651101445327312,0.44050457259275444,0.22379737790407384,0.6118297147554507
1.8665,0.25540290227234674,0.0,1340.8264232826473,0.1773936104331564,0.6510276878118905,0.4376936611324816,0.22377992189543855,0.611665578208178
1.867,0.254987283019126,0.0,1332.0388694240091,0.1763986139603536,0.6509541405056233,0.4348871356483654,0.2237624658868033,0.6115018749038005
1.8675,0.254571663765905,0.0,1323.2644821217045,0.17540919607801694,0.6508807984731484,0.4320851700475433,0.223745009878168,0.6113385941494056
1.868,0.25415604451268403,0.0,1314.5037943165878,0.17442532682799977,0.6508076567791042,0.4292879366509456,0.22372755386953272,0.6111757252420285
1.8685,0.2537404252594633,0.0,1305.7573342068083,0.17344697625215666,0.6507347104881288,0.426495606146233,0.22371009786089746,0.6110132574687144
1.869,0.2533248060062423,0.0,1297.0256252260685,0.17247411439234095,0.6506619546648602,0.42370834754171594,0.22369264185226218,0.610851180106581
1.8695,0.25290918675302154,0.0,1288.30918602258,0.17150671129040634,0.6505893843739368,0.42092632812130654,0.2236751858436269,0.610689482422881
1.87,0.25249356749980056,0.0,1279.608530438447,0.17054473698820616,0.6505169946799966,0.4181497134004936,0.2236577298349916,0.6105281536750589
1.8705,0.2520779482465796,0.0,1270.9241674897687,0.169588161527595,0.6504447806476777,0.41537866708338356,0.22364027382635634,0.6103671831108096
1.871,0.25166232899335883,0.0,1262.2566013468336,0.1686369549504262,0.6503727373416185,0.41261335102083424,0.22362281781772106,0.610206559968135
1.8715,0.25124670974013785,0.0,1253.6063313155498,0.16769108729855342,0.6503008598264569,0.40985392516967784,0.22360536180908577,0.6100462734753975
1.872,0.2508310904869169,0.0,1244.9738518187626,0.16675052861383005,0.6502291431668311,0.4071005475530821,0.22358790580045051,0.6098863128513741
1.8725,0.2504154712336961,0.0,1236.3596523784977,0.16581524893811064,0.6501575824273794,0.40435337422204953,0.22357044979181523,0.6097266673053068
1.873,0.24999985198047514,0.0,1227.7642175986048,0.1648852183132485,0.6500861726727398,0.40161255921807343,0.22355299378317994,0.6095673260369527
1.8735,0.2495842327272546,0.0,1219.1880271479672,0.1639604067810974,0.6500149089675507,0.39887825453697406,0.22353553777454468,0.6094082782366331
1.874,0.2491686134740334,0.0,1210.631555744251,0.16304078438351066,0.6499437863764499,0.3961506100939335,0.2235180817659094,0.6092495130852789
1.8745,0.24875299422081243,0.0,1202.0952731381708,0.1621263211623428,0.6498727999640759,0.3934297736897273,0.2235006257572741,0.609091019754477
1.875,0.2483373749675919,0.0,1193.5796440984063,0.16121698715944718,0.6498019447950666,0.3907158909781743,0.22348316974863885,0.6089327874065128
1.8755,0.2479217557143707,0.0,1185.085128396818,0.16031275241667753,0.6497312159340602,0.38800910543483186,0.22346571374000357,0.6087748051944135
1.8760000000000001,0.24750613646114972,0.0,1176.612180794509,0.1594135869758872,0.649660608445695,0.3853095583269197,0.22344825773136828,0.6086170622619878
1.8765,0.24709051720792918,0.0,1168.1612399539906,0.15851946768803923,0.6495901175484771,0.3826174088717778,0.22343080172273302,0.6084595480877228
1.877,0.24667489795470798,0.0,1159.732734975921,0.15763040232600073,0.6495197385262369,0.37993290561394427,0.22341334571409774,0.6083022522872534
1.8775,0.24625927870148745,0.0,1151.3272320359395,0.15674630856005842,0.6494494646768971,0.3772560274678985,0.22339588970546248,0.6081451600276977
1.8780000000000001,0.24584365944826647,0.0,1142.9451661375117,0.15586716076591745,0.6493792910439568,0.3745869192381926,0.2233784336968272,0.6079882603672246
1.8785,0.24542804019504527,0.0,1134.5869671871142,0.15499293331928418,0.6493092126709148,0.37192572353388786,0.2233609776881919,0.607831542354931
1.879,0.24501242094182474,0.0,1126.2530599834504,0.15412360059586377,0.6492392246012705,0.3692725807391666,0.22334352167955662,0.6076749950308739
1.8795,0.24459680168860376,0.0,1117.9438642072128,0.15325913697136181,0.6491693218785228,0.3666276289851587,0.22332606567092134,0.6075186074260985
1.8800000000000001,0.24418118243538256,0.0,1109.659794411516,0.15239951682148342,0.649099499546171,0.36399100412298624,0.22330860966228605,0.6073623685626669
1.8805,0.24376556318216203,0.0,1101.401260012727,0.15154471452193496,0.6490297526477141,0.36136283969803856,0.2232911536536508,0.607206267453684
1.881,0.24334994392894105,0.0,1093.168665281903,0.1506947044484216,0.6489600762266512,0.35874326692546965,0.2232736976450155,0.607050293103321
1.8815,0.2429343246757203,0.0,1084.9624093368366,0.1498494609766489,0.6488904653264815,0.3561324146669419,0.22325624163638025,0.606894434506841
1.8820000000000001,0.24251870542249931,0.0,1076.7828861345215,0.14900895848232204,0.648820914990704,0.35353040940860025,0.22323878562774496,0.6067386806506176
1.8825,0.24210308616927834,0.0,1068.6304844642236,0.14817317134114733,0.6487514202628178,0.3509373752403077,0.22322132961910968,0.606583020512157
1.883,0.24168746691605758,0.0,1060.5055879412012,0.14734207392882992,0.6486819761863222,0.34835343383610495,0.22320387361047442,0.6064274430601151
1.8835,0.2412718476628366,0.0,1052.408575000661,0.14651564062107542,0.648612577804716,0.3457787044359256,0.22318641760183913,0.6062719372543153
1.8840000000000001,0.24085622840961562,0.0,1044.339818892669,0.14569384579358902,0.6485432201614986,0.3432133038285611,0.22316896159320385,0.6061164920457626
1.8845,0.24044060915639487,0.0,1036.2996876773402,0.14487666382207698,0.6484738983001689,0.3406573463358617,0.2231515055845686,0.6059610963766582
1.885,0.2400249899031739,0.0,1028.2885442205115,0.14406406908224448,0.6484046072642261,0.3381109437981846,0.2231340495759333,0.605805739180411
1.8855,0.23960937064995314,0.0,1020.3067461902855,0.14325603594979713,0.6483353420971693,0.3355742055610744,0.22311659356729802,0.6056504093816487
1.8860000000000001,0.23919375139673216,0.0,1012.3546460537528,0.1424525388004401,0.6482660978424976,0.3330472384631847,0.22309913755866273,0.6054950958962262
1.8865,0.23877813214351118,0.0,1004.4325910745627,0.14165355200987967,0.64819686954371,0.33053014682542947,0.22308168155002747,0.6053397876312329
1.887,0.23836251289029042,0.0,996.5409233106768,0.14085904995382104,0.6481276522443058,0.3280230324413407,0.22306422554139219,0.6051844734849994
1.8875,0.23794689363706945,0.0,988.6799796131684,0.14006900700796976,0.648058440987784,0.32552599456866466,0.2230467695327569,0.605029142347101
1.8880000000000001,0.23753127438384847,0.0,980.8500916250857,0.13928339754803104,0.6479892308176437,0.3230391299221487,0.22302931352412164,0.6048737830983606
1.8885,0.2371156551306277,0.0,973.0515857810807,0.13850219594971117,0.6479200167773841,0.32056253266754153,0.22301185751548636,0.6047183846108499
1.889,0.23670003587740673,0.0,965.2847833076614,0.1377253765887153,0.6478507939105043,0.318096294416761,0.22299440150685107,0.6045629357478886
1.8895,0.2362844166241862,0.0,957.5500002238489,0.13695291384074904,0.6477815572605032,0.315640504224262,0.2229769454982158,0.6044074253640429
1.8900000000000001,0.23586879737096522,0.0,949.8475473423221,0.13618478208151757,0.64771230187088,0.3131952485845618,0.22295948948958053,0.6042518423051213
1.8905,0.23545317811774402,0.0,942.1777302713227,0.13542095568672716,0.6476430227851341,0.3107606114309249,0.22294203348094524,0.6040961754081712
1.891,0.2350375588645235,0.0,934.540722079242,0.1346614174791723,0.6475737170248512,0.308336702079933,0.22292457747230998,0.6039404179474501
1.8915,0.2346219396113025,0.0,926.9364784552315,0.13390616611368006,0.6475043849535367,0.3059236795016133,0.2229071214636747,0.603784570704769
1.8920000000000001,0.2342063203580813,0.0,919.3658572066627,0.13315513879661398,0.6474350128118982,0.30352149695800973,0.2228896654550394,0.6036286027074413
1.8925,0.23379070110486078,0.0,911.8290720782837,0.13240831370484515,0.6473655967425216,0.3011302408690704,0.22287220944640415,0.6034725052271751
1.893,0.2333750818516398,0.0,904.3263327805336,0.13166566901524365,0.6472961328879929,0.29874999513781697,0.22285475343776887,0.6033162695288127
1.8935,0.23295946259841904,0.0,896.8578449934257,0.1309271829046798,0.6472266173908982,0.2963808411489401,0.2228372974291336,0.6031598868703196
1.8940000000000001,0.23254384334519806,0.0,889.4238103708568,0.13019283355002376,0.6471570463938229,0.2940228577684799,0.22281984142049832,0.6030033485027715
1.8945,0.2321282240919771,0.0,882.0244265451312,0.1294625991281465,0.6470874160393533,0.2916761213445891,0.22280238541186304,0.6028466456703427
1.895,0.23171260483875633,0.0,874.659887131873,0.12873645781591814,0.647017722470075,0.2893407057093383,0.22278492940322775,0.6026897696102904
1.8955,0.23129698558553535,0.0,867.3303817353423,0.12801438779020907,0.6469479618285743,0.28701668218159493,0.22276747339459246,0.6025327115529406
1.8960000000000001,0.23088136633231438,0.0,860.0360959539126,0.12729636722788934,0.6468781302574368,0.28470411957092007,0.2227500173859572,0.6023754627216716
1.8965,0.23046574707909362,0.0,852.7772113859554,0.12658237430583,0.6468082238992484,0.2824030841824948,0.22273256137732192,0.6022180143328972
1.897,0.23005012782587264,0.0,845.5539056362542,0.12587238720090113,0.6467382388965951,0.2801136398230385,0.22271510536868663,0.6020603575960488
1.8975,0.22963450857265189,0.0,838.3663523223089,0.1251663840899731,0.6466681713920629,0.27783584780772824,0.22269764936005138,0.6019024837135567
1.8980000000000001,0.2292188893194309,0.0,831.214721081429,0.12446434314991604,0.6465980175282374,0.2755697669680723,0.2226801933514161,0.6017443838808292
1.8985,0.22880327006620993,0.0,824.099177577862,0.12376624255760095,0.6465277734477048,0.27331545366075555,0.2226627373427808,0.6015860492862339
1.899,0.22838765081298917,0.0,817.0198835103988,0.1230720604898979,0.6464574352930509,0.271072961777398,0.22264528133414555,0.6014274711110736
1.8995,0.2279720315597682,0.0,809.9769966201287,0.12238177512367729,0.6463869992068615,0.26884234275525376,0.22262782532551026,0.6012686405295657
1.9000000000000001,0.22755641230654722,0.0,802.9706706988119,0.12169536463580921,0.6463164613317226,0.26662364558878554,0.22261036931687497,0.6011095487088174
1.9005,0.22714079305332646,0.0,796.0010555973477,0.12101280720316468,0.6462458178102202,0.2644169168421454,0.22259291330823971,0.6009501868088012
1.901,0.22672517380010548,0.0,789.0682972346094,0.12033408100261378,0.6461750647849399,0.26222220066248436,0.22257545729960443,0.6007905459823295
1.9015,0.22630955454688495,0.0,782.1725376067161,0.1196591642110269,0.6461041983984679,0.2600395387941263,0.22255800129096917,0.6006306173750289
1.9020000000000001,0.22589393529366375,0.0,775.3139147964744,0.11898803500527415,0.6460332147933899,0.2578689705935569,0.22254054528233386,0.6004703921253112
1.9025,0.22547831604044277,0.0,768.4925629833788,0.11832067156222652,0.645962110112292,0.2557105330452099,0.2225230892736986,0.6003098613643467
1.903,0.22506269678722224,0.0,761.7086124536444,0.1176570520587541,0.6458908804977599,0.2535642607780271,0.22250563326506334,0.6001490162160339
1.9035,0.22464707753400104,0.0,754.9621896107622,0.11699715467172728,0.6458195220923796,0.25143018608279477,0.22248817725642803,0.5999878477969695
1.9040000000000001,0.22423145828078006,0.0,748.2534169865048,0.11634095757801619,0.645748031038737,0.24930833893019627,0.22247072124779277,0.5998263472164169
1.9045,0.22381583902755953,0.0,741.5824132518812,0.11568843895449177,0.645676403479418,0.2471987469896076,0.22245326523915748,0.599664505576275
1.905,0.22340021977433833,0.0,734.9492932288017,0.11503957697802415,0.6456046355570085,0.24510143564856052,0.2224358092305222,0.5995023139710436
1.9055,0.2229846005211178,0.0,728.3534745145613,0.11439438678035545,0.6455327356149997,0.24301655302370395,0.22241835322188694,0.5993397910695609
1.9060000000000001,0.22256898126789681,0.0,721.7957152831883,0.11375280776791774,0.6454606884546372,0.24094398968739864,0.22240089721325165,0.5991769023244267
1.9065,0.22215336201467561,0.0,715.2760938921027,0.11311481731055958,0.6453884906737305,0.23888376205395115,0.22238344120461637,0.5990136398384729
1.907,0.22173774276145508,0.0,708.7946124937735,0.11248039686470117,0.6453161401698628,0.23683589809400404,0.2223659851959811,0.5988499986479452
1.9075,0.2213221235082341,0.0,702.3512712436147,0.11184952788676294,0.6452436348406174,0.23480042355481714,0.22234852918734582,0.5986859737847665
1.9080000000000001,0.2209065042550129,0.0,695.9460683072549,0.11122219183316512,0.6451709725835776,0.23277736197849247,0.22233107317871054,0.598521560276517
1.9085,0.22049088500179237,0.0,689.5789998677513,0.11059837016032868,0.6450981512963265,0.23076673472085438,0.22231361717007528,0.5983567531464122
1.909,0.2200752657485714,0.0,683.2500601328892,0.10997804432467385,0.6450251688764477,0.2287685609709218,0.22229616116144,0.5981915474132828
1.9095,0.21965964649535064,0.0,676.9592413427758,0.10936119578262107,0.6449520232215241,0.2267828577709971,0.22227870515280473,0.5980259380915525
1.9100000000000001,0.21924402724212966,0.0,670.7065337773008,0.10874780599059054,0.6448787122291393,0.22480964003733156,0.22226124914416945,0.5978599201912167
1.9105,0.21882840798890868,0.0,664.4919257638608,0.10813785640500327,0.6448052337968763,0.22284892058133898,0.22224379313553416,0.5976934887178198
1.911,0.21841278873568792,0.0,658.3154036850327,0.10753132848227945,0.6447315858223186,0.22090071013135465,0.22222633712689888,0.5975266386724344
1.9115,0.21799716948246695,0.0,652.1769519865263,0.10692820367883955,0.6446577662030494,0.21896501735490534,0.2222088811182636,0.5973593650516368
1.9120000000000001,0.21758155022924597,0.0,646.0765531850861,0.10632846345110376,0.6445837728366519,0.21704184888148195,0.22219142510962833,0.5971916628474851
1.9125,0.2171659309760252,0.0,640.0141878764634,0.10573208925549309,0.6445096036207095,0.2151312093257872,0.22217396910099305,0.5970235270474966
1.913,0.21675031172280423,0.0,633.9898347437542,0.10513906254842773,0.6444352564528054,0.21323310131143397,0.22215651309235776,0.596854952634623
1.9135,0.21633469246958348,0.0,628.0034705654863,0.10454936478632812,0.6443607292305229,0.21134752549508892,0.2221390570837225,0.5966859345872275
1.9140000000000001,0.2159190732163625,0.0,622.0550702239489,0.10396297742561451,0.6442860198514453,0.20947448059102278,0.22212160107508722,0.5965164678790613
1.9145,0.21550345396314152,0.0,616.1446067138065,0.10337988192270786,0.6442111262131558,0.20761396339606702,0.22210414506645193,0.596346547479238
1.915,0.21508783470992077,0.0,610.272051150467,0.10280005973402839,0.6441360462132378,0.20576596881493733,0.22208668905781667,0.5961761683522105
1.9155,0.2146722154566998,0.0,604.4373727787819,0.10222349231599653,0.6440607777492745,0.20393048988591642,0.22206923304918139,0.5960053254577444
1.9160000000000001,0.2142565962034788,0.0,598.6405389818134,0.10165016112503253,0.6439853187188491,0.20210751780687694,0.2220517770405461,0.5958340137508946
1.9165,0.21384097695025828,0.0,592.8815152896068,0.10108004761755734,0.643909667019545,0.2002970419616251,0.22203432103191084,0.5956622281819792
1.917,0.21342535769703708,0.0,587.1602653881533,0.10051313324999119,0.6438338205489454,0.19849904994652623,0.22201686502327556,0.5954899636965536
1.9175,0.21300973844381654,0.0,581.4767511284506,0.09994939947875452,0.6437577772046337,0.19671352759742822,0.2219994090146403,0.5953172152353845
1.9180000000000001,0.21259411919059557,0.0,575.8309325355544,0.09938882776026756,0.643681534884193,0.19494045901683396,0.221981953006005,0.5951439777344243
1.9185,0.21217849993737437,0.0,570.2227678178959,0.09883139955095127,0.6436050914852067,0.1931798266013239,0.22196449699736973,0.5949702461247837
1.919,0.21176288068415383,0.0,564.6522133765603,0.09827709630722586,0.6435284449052581,0.19143161106918982,0.22194704098873447,0.5947960153327052
1.9195,0.21134726143093285,0.0,559.1192238146481,0.09772589948551182,0.6434515930419303,0.18969579148828222,0.22192958498009918,0.5946212802795368
1.92,0.2109316421777121,0.0,553.6237263252495,0.0971777911214093,0.6433745343099219,0.18797234737286533,0.2219121289714639,0.5944460370578282
1.9205,0.21051602292449112,0.0,548.1655016511758,0.09663275662706468,0.6432972700685707,0.18626126861410505,0.2218946729628286,0.5942702884549294
1.921,0.21010040367127014,0.0,542.7444400318983,0.09609077935746461,0.643219799478123,0.1845625358812359,0.22187721695419335,0.5940940322562795
1.9215,0.20968478441804939,0.0,537.3604559681133,0.09555184217144669,0.6431421211907802,0.18287612644662674,0.22185976094555807,0.5939172650885975
1.922,0.2092691651648284,0.0,532.0134617800142,0.09501592797383676,0.643064233882445,0.1812020161800109,0.22184230493692278,0.5937399836290629
1.9225,0.20885354591160743,0.0,526.7033655650202,0.0944830198277846,0.6429861362957024,0.17954017993867066,0.2218248489282875,0.5935621847032184
1.923,0.20843792665838667,0.0,521.4300727916665,0.09395310089422952,0.6429078272084838,0.17789059138853533,0.22180739291965224,0.5933838652137563
1.9235,0.2080223074051657,0.0,516.1934736838566,0.09342615438518476,0.6428293056987725,0.17625322303065474,0.22178993691101695,0.5932050227435558
1.924,0.20760668815194494,0.0,510.9935735381543,0.09290216360700022,0.6427505684146669,0.17462804487920136,0.2217724809023817,0.5930256493365959
1.9245,0.20719106889872396,0.0,505.82997768090854,0.09238111202475309,0.6426716203875973,0.17301503051729786,0.2217550248937464,0.5928457561338477
1.925,0.20677610053539475,0.0,500.7162470288677,0.09186298313594418,0.6425924645374567,0.1714141509949503,0.22173759622248657,0.5926653494725473
1.9255,0.206370765169541,0.0,495.82878658466035,0.09134776051104107,0.6425133871409753,0.1698255255083033,0.2217205721371207,0.5924850817174165
1.926,0.20597792980368745,0.0,491.20105149026836,0.09083542789582932,0.6424349028168407,0.16824938723977437,0.22170407305175488,0.5923061265191258
1.9265,0.20559759443783343,0.0,486.80703908436146,0.09032596913309568,0.642357499673603,0.1666859462966248,0.221688098966389,0.5921295980876375
1.927,0.2052297590719796,0.0,482.6200757342572,0.08981936795387643,0.6422816923735043,0.1651354170466576,0.22167264988102314,0.5919566721582774
1.9275,0.20487442370612596,0.0,478.6200892258707,0.0893156083275202,0.6422078638124866,0.16359793781138252,0.2216577257956573,0.5917882247524742
1.928,0.2045315883402723,0.0,474.79122229660976,0.08881467443411531,0.6421363135296447,0.1620735980534065,0.22164332671029144,0.591624942301809
1.9285,0.20420125297441838,0.0,471.1179189841019,0.08831655045374985,0.6420673410640734,0.1605624814318273,0.22162945262492556,0.5914675116934236
1.929,0.20388341760856465,0.0,467.5849032606453,0.08782122056651258,0.6420012459548674,0.1590646658842655,0.2216161035395597,0.5913166202236373
1.9295,0.2035780822427109,0.0,464.17985496453275,0.08732866943478894,0.6419382683319885,0.15758019570564283,0.22160327945419386,0.5911728198817122
1.93,0.20328524687685712,0.0,460.88845863236526,0.08683888066953716,0.641878696993366,0.15610913138050844,0.221590980368828,0.5910367740205058
1.9305,0.2030049115110033,0.0,457.7047769179802,0.08635183904976236,0.6418226397065201,0.15465144327537161,0.22157920628346214,0.5909087326951361
1.931,0.20273707614514946,0.0,454.6230240800259,0.0858675293641861,0.6417702030601442,0.1532070987866906,0.22156795719809627,0.5907889431901456
1.9315,0.20248174077929582,0.0,451.6375073941543,0.08538593640152921,0.6417214936429313,0.15177606295547935,0.22155723311273043,0.590677652686696
1.932,0.20223890541344192,0.0,448.7426224944476,0.0849070449505128,0.6416766180435741,0.15035829852215532,0.22154703402736456,0.5905751082375935
1.9325,0.2020085700475882,0.0,445.9328489669139,0.08443083979985772,0.6416356828507659,0.14895376598141313,0.2215373599419987,0.5904815567415918
1.933,0.20179073468173425,0.0,443.2027461947685,0.08395730573828548,0.6415987946531995,0.14756242363709945,0.22152821085663282,0.590397244916966
1.9335,0.2015853993158807,0.0,440.5474936478931,0.08348642780984167,0.6415660477271465,0.14618422267464737,0.22151958677126699,0.5903223911290236
1.934,0.20139256395002691,0.0,437.9635022612618,0.08301819099020795,0.6415375098988845,0.1448190999886782,0.22151148768590112,0.5902571530309556
1.9345,0.2012122285841731,0.0,435.4489183812974,0.0825525806063993,0.6415132106252579,0.14346697448920448,0.22150391360053526,0.5902016002671853
1.935,0.20104439321831924,0.0,433.0019317357908,0.0820895819914614,0.6414931790183362,0.1421277640970714,0.2214968645151694,0.5901558013699659
1.9355,0.20088905785246558,0.0,430.62075925084315,0.08162918047843927,0.641477444190189,0.14080138592551344,0.22149034042980353,0.590119824539544
1.936,0.20074622248661167,0.0,428.2925968877756,0.081171361588478,0.6414662887481162,0.13948786992933476,0.22148434134443767,0.5900943172702513
1.9365,0.20061588712075795,0.0,426.038416962423,0.08071611054960942,0.6414592214712084,0.1381868984362591,0.22147886725907182,0.5900781573085715
1.937,0.2004980517549042,0.0,423.8810041334909,0.08026341293600259,0.641455704437241,0.13689814114566176,0.22147391817370596,0.5900701151766738
1.9375,0.20039271638905043,0.0,421.82807254667887,0.0798132545972872,0.6414555432689585,0.13562142551412992,0.2214694940883401,0.5900697466436298
1.938,0.20029988102319662,0.0,419.88728759028555,0.07936562138309312,0.6414585435891051,0.134356581451346,0.22146559500297425,0.5900766072536812
1.9385000000000001,0.2002195456573428,0.0,418.0662761801799,0.07892049914305005,0.6414645110204252,0.13310344130659169,0.2214622209176084,0.5900902523666366
1.939,0.20015171029148893,0.0,416.37263788232616,0.07847787372678824,0.6414732511856633,0.13186183985466454,0.2214593718322425,0.5901102371958595
1.9395,0.20009637492563526,0.0,414.81100365362505,0.07803773101685064,0.6414846385660055,0.13063164336120703,0.22145704774687666,0.5901362742852432
1.94,0.20005353955978156,0.0,413.3665440141142,0.0776000572061855,0.6414990025898004,0.1294129103175741,0.2214552486615108,0.5901691162496558
1.9405000000000001,0.2000232041939276,0.0,412.0292511574105,0.07716483836245584,0.6415165633909018,0.12820564870184073,0.22145397457614496,0.590209265551437
1.941,0.20000536882807385,0.0,410.79163979501635,0.07673206063721227,0.6415374844225775,0.127009840148146,0.2214532254907791,0.5902570947892416
1.941463414634151,0.1999999999999953,0.0,409.7269534765318,0.07633311748646972,0.6415600218220597,0.12591174082573928,0.2214529999999998,0.5903086162110897
1.941963414634151,0.20000624999999528,0.0,408.65998633263746,0.07590500513976686,0.6415878924669849,0.12473794747330352,0.2214532624999998,0.5903723251713725
1.9424634146341508,0.20002499999999523,0.0,407.6705924116734,0.07547929421939249,0.6416196164039489,0.12357554758287133,0.2214540499999998,0.5904448362676891
1.9429634146341508,0.20005624999999516,0.0,406.7521675547703,0.07505597144362021,0.6416553426092413,0.1224245091014781,0.22145536249999978,0.5905264876259559
1.9434634146341507,0.20009999999999528,0.0,405.8971297470139,0.07463502320207918,0.6416952442312558,0.12128480654049831,0.2214571999999998,0.5906176721731523
1.9439634146341507,0.20015624999999515,0.0,405.0961790188678,0.07421643568791092,0.6417395360494138,0.12015642781934263,0.2214595624999998,0.5907188774550725
1.9444634146341506,0.2002249999999952,0.0,404.3422057792485,0.07380019592780473,0.6417883822420465,0.11903934074258207,0.22146244999999978,0.5908304748189726
1.9449634146341506,0.20030624999999525,0.0,403.62813511912015,0.07338629094845,0.641841946987485,0.11793351102732974,0.2214658624999998,0.5909528350200398
1.9454634146341505,0.20039999999999525,0.0,402.946923139791,0.07297470777653604,0.6419003944640603,0.11683890236080255,0.2214697999999998,0.5910863281728458
1.9459634146341505,0.20050624999999522,0.0,402.29155387873186,0.07256543343875221,0.6419638888501037,0.11575547645763948,0.2214742624999998,0.5912313237010813
1.9464634146341504,0.20062499999999517,0.0,401.6550368331546,0.07215845496178785,0.6420325943239461,0.11468319311692249,0.2214792499999998,0.5913881902855722
1.9469634146341503,0.20075624999999508,0.0,401.0304050810753,0.0717537593723323,0.6421066750639189,0.11362201027887021,0.2214847624999998,0.5915572958105763
1.9474634146341503,0.20089999999999497,0.0,400.41116614902984,0.07135133379809774,0.642186284517953,0.11257188040482106,0.2214907999999998,0.5917389828218518
1.9479634146341502,0.20105624999999505,0.0,399.79069042810016,0.0709511657255738,0.6422715798710668,0.11153275666231417,0.2214973624999998,0.5919336015052852
1.9484634146341502,0.20122499999999488,0.0,399.158652405047,0.07055324180825502,0.6423628066457592,0.11050462032117127,0.22150444999999977,0.5921417025819559
1.9489634146341501,0.2014062499999949,0.0,398.5105271808429,0.07015754971971683,0.6424600731625772,0.10948740354255726,0.22151206249999977,0.5923635226948036
1.94946341463415,0.2015999999999949,0.0,397.8418055337733,0.06976407713353464,0.6425634877420681,0.1084810375809411,0.22152019999999978,0.5925992975283332
1.94996341463415,0.20180624999999486,0.0,397.14799499719635,0.06937281172328384,0.6426731587047786,0.10748545282470148,0.22152886249999978,0.5928492617665168
1.95046341463415,0.2020249999999948,0.0,396.42462119732403,0.0689837411625399,0.6427891943712558,0.10650057883615083,0.22153804999999976,0.5931136490499476
1.95096341463415,0.2022562499999947,0.0,395.66722945136183,0.06859685312487819,0.6429117030620468,0.10552634439094473,0.22154776249999977,0.5933926919322455
1.9514634146341499,0.20249999999999457,0.0,394.87138662546835,0.06821213528387415,0.6430407930976985,0.10456267751688747,0.22155799999999976,0.593686621835714
1.9519634146341498,0.20275624999999464,0.0,394.03239526437994,0.06782957532854147,0.6431765796884054,0.10360950791786244,0.22156876249999977,0.593995684684742
1.9524634146341497,0.20302499999999446,0.0,393.14586842553956,0.06744916116060767,0.6433191712623479,0.1026667628089644,0.22158004999999975,0.5943201097290234
1.9529634146341497,0.20330624999999447,0.0,392.213191540192,0.06707088074463392,0.6434685385240857,0.10173432284140904,0.22159186249999976,0.5946598117916092
1.9534634146341496,0.20359999999999445,0.0,391.23272270190705,0.06669472220184426,0.6436247249289251,0.10081209418100819,0.22160419999999975,0.5950148702742848
1.9539634146341496,0.20390624999999418,0.0,390.2028380157947,0.06632067365346273,0.6437877739321731,0.09989998313693779,0.22161706249999974,0.5953853635197812
1.9544634146341495,0.2042249999999941,0.0,389.1219451475125,0.06594872325073063,0.643957728690693,0.09899789616099011,0.22163044999999976,0.5957713681151462
1.9549634146341495,0.20455624999999422,0.0,387.989784156514,0.06557885918716384,0.6441346007278369,0.09810572977128647,0.22164436249999975,0.596172887757857
1.9554634146341494,0.2048999999999941,0.0,386.8082725900645,0.0652110696705299,0.6443183493155978,0.09722336432868924,0.22165879999999974,0.5965898066531217
1.9559634146341494,0.20525624999999392,0.0,385.57949422992635,0.06484534317269305,0.6445089297060995,0.09635068072732006,0.22167376249999973,0.5970219991750546
1.9564634146341493,0.20562499999999395,0.0,384.3055306799231,0.06448166816551751,0.6447062971514654,0.09548756103193594,0.22168924999999973,0.5974693390184223
1.9569634146341492,0.20600624999999373,0.0,382.98846021094886,0.0641200331208675,0.6449104069038194,0.0946338884738828,0.22170526249999972,0.5979316992180769
1.9574634146341492,0.2063999999999937,0.0,381.6307136745298,0.0637604267650503,0.6451212055364041,0.09378954540246008,0.22172179999999972,0.5984089325257169
1.9579634146341491,0.20680624999999364,0.0,380.23487147115014,0.06340283734070523,0.6453386357825417,0.09295441301220711,0.22173886249999972,0.5989008824343476
1.958463414634149,0.20722499999999355,0.0,378.8035565592303,0.06304725349096144,0.6455626390805159,0.0921283743996688,0.22175644999999972,0.5994073889809675
1.958963414634149,0.20765624999999344,0.0,377.33957296612084,0.06269366413990698,0.6457931521451481,0.09131131322382281,0.22177456249999972,0.5999282810354905
1.959463414634149,0.2080999999999933,0.0,375.84570987539036,0.062342058211629955,0.6460301116912592,0.09050311445969662,0.22179319999999972,0.6004633870239081
1.959963414634149,0.20855624999999312,0.0,374.32474045806003,0.06199242463021845,0.6462734544336708,0.08970366438858704,0.2218123624999997,0.6010125349544375
1.9604634146341489,0.20902499999999313,0.0,372.7794207927082,0.06164475231976056,0.6465231170872039,0.0889128505880955,0.2218320499999997,0.6015755524434102
1.9609634146341488,0.2095062499999929,0.0,371.21248887419,0.06129903020434437,0.6467790363666798,0.0881305619220003,0.2218522624999997,0.6021522667409078
1.9614634146341487,0.20999999999999286,0.0,369.62945522664694,0.060955247485501525,0.6470410800352298,0.08735666929004253,0.22187299999999968,0.6027423495449711
1.9619634146341487,0.2105062499999928,0.0,368.03224804352186,0.060613393019974156,0.6473092034444041,0.0865910697781245,0.2218942624999997,0.6033456697225106
1.9624634146341486,0.2110249999999927,0.0,366.4191366691036,0.06027345576436042,0.6475834523610693,0.08583368746227846,0.2219160499999997,0.6039622989485245
1.9629634146341486,0.21155624999999256,0.0,364.7923109369214,0.05993542516890371,0.6478637755135045,0.08508442047509499,0.22193836249999968,0.6045920899374887
1.9634634146341485,0.2120999999999924,0.0,363.15394363655736,0.05959929068384745,0.6481501216299889,0.08434316805935903,0.22196119999999966,0.6052348950606135
1.9639634146341485,0.21265624999999222,0.0,361.5061900549686,0.05926504175943504,0.6484424394388016,0.08360983055976834,0.22198456249999968,0.6058905663656229
1.9644634146341484,0.213224999999992,0.0,359.85118757610627,0.058932667845909885,0.6487406776682217,0.08288430941451536,0.22200844999999966,0.6065589555963645
1.9649634146341484,0.21380624999999198,0.0,358.1910553389622,0.058602158393515395,0.6490447850465285,0.08216650714675794,0.22203286249999965,0.6072399142122533
1.9654634146341483,0.21439999999999193,0.0,356.52789395373236,0.058273502852494975,0.649354710302001,0.08145632735597846,0.22205779999999967,0.6079332934075458
1.9659634146341483,0.21500624999999163,0.0,354.86473382110233,0.05794669070066613,0.649670378251019,0.08075366838151715,0.22208326249999963,0.6086388907054079
1.9664634146341482,0.21562499999999152,0.0,353.2008628094955,0.05762171167585525,0.6499918075744203,0.08005845534807161,0.22210924999999965,0.6093567131217423
1.9669634146341481,0.21625624999999138,0.0,351.53935864644797,0.05729855552616198,0.6503189211416059,0.07937058862548815,0.22213576249999964,0.6100865532156556
1.967463414634148,0.2168999999999912,0.0,349.876083405026,0.056977212030413976,0.6506518242837863,0.07869001747479304,0.22216279999999963,0.6108286100884996
1.967963414634148,0.217556249999991,0.0,348.21598164655364,0.056657671008771095,0.6509903921996301,0.0780166314272956,0.22219036249999963,0.6115825690785459
1.968463414634148,0.218224999999991,0.0,346.55909696558115,0.05633992236768872,0.6513346239174893,0.07735035362110519,0.22221844999999962,0.6123483913304891
1.968963414634148,0.21890624999999075,0.0,344.9060857038624,0.05602395613002139,0.6516845027882976,0.07669110406066529,0.2222470624999996,0.6131260025579226
1.9694634146341479,0.2195999999999907,0.0,343.2571375480084,0.0557097620815168,0.652040023964398,0.07603880586828386,0.2222761999999996,0.6139153542005844
1.9699634146341478,0.22030624999999038,0.0,341.6122802297516,0.055397330383691455,0.6524011867126649,0.07539338468504751,0.2223058624999996,0.6147164062539425
1.9704634146341478,0.22102499999999026,0.0,339.9715918212689,0.055086651221400953,0.6527679889963746,0.07475476644632886,0.2223360499999996,0.6155291152244201
1.9709634146341477,0.2217562499999901,0.0,338.33514963256374,0.05477771477950091,0.6531404287788031,0.07412287766018676,0.22236676249999957,0.6163534370288501
1.9714634146341476,0.22249999999998993,0.0,336.70303021177824,0.05447051124284694,0.6535185040232268,0.0734976454070574,0.22239799999999957,0.6171893269952082
1.9719634146341476,0.22325624999998972,0.0,335.0748773560312,0.05416503097854321,0.6539022238999241,0.07287900046622146,0.22242976249999957,0.6180367646000694
1.9724634146341475,0.2240249999999897,0.0,333.4558160636684,0.053861264051283074,0.6542914551254512,0.07226683932496081,0.22246204999999955,0.6188954145431188
1.9729634146341475,0.22480624999998944,0.0,331.8462382054797,0.05355920092951418,0.6546861865085061,0.07166108999763529,0.22249486249999956,0.6197652111350822
1.9734634146341474,0.22559999999998936,0.0,330.2457770840733,0.053258832160827836,0.6550864265752783,0.07106168593924723,0.22252819999999954,0.6206461315924398
1.9739634146341474,0.22640624999998904,0.0,328.6540692900029,0.05296014829281531,0.6554921838519572,0.07046856106535299,0.22256206249999955,0.6215381524646248
1.9744634146341473,0.2272249999999889,0.0,327.0707546765456,0.05266313987306792,0.6559034668647321,0.06988164975304181,0.22259644999999953,0.6224412496310252
1.9749634146341473,0.22805624999998875,0.0,325.49547633654834,0.052367797449176946,0.6563202841397927,0.06930088684175209,0.2226313624999995,0.6233553982979821
1.9754634146341472,0.22889999999998856,0.0,323.9275817644201,0.05207411184063639,0.6567426520877034,0.0687262100452723,0.2226667999999995,0.6242805902557927
1.9759634146341472,0.22975624999998834,0.0,322.36972636381256,0.05178207337458385,0.657170499788536,0.0681575366845419,0.2227027624999995,0.6252166255891513
1.976463414634147,0.2306249999999881,0.0,320.82244937993585,0.05149167283422633,0.6576038117449564,0.0675947985705221,0.2227392499999995,0.6261634256008188
1.976963414634147,0.23150624999998803,0.0,319.2856766265823,0.051202901175842516,0.6580425886182851,0.0670379321167225,0.2227762624999995,0.6271209464321321
1.977463414634147,0.23239999999998773,0.0,317.7593343734732,0.05091574935571107,0.6584868310698426,0.06648687424020934,0.22281379999999948,0.628089143645669
1.977963414634147,0.2333062499999876,0.0,316.24334934350816,0.05063020833011068,0.6589365397609493,0.06594156236045821,0.22285186249999947,0.6290679722250176
1.9784634146341469,0.23422499999998725,0.0,314.7376487102158,0.05034626905532001,0.6593917153529258,0.06540193439809538,0.22289044999999946,0.6300573865745462
1.9789634146341468,0.23515624999998708,0.0,313.242160095135,0.05006392248761775,0.6598523585070923,0.06486792877353041,0.22292956249999946,0.6310573405191722
1.9794634146341468,0.23609999999998688,0.0,311.7583782018461,0.04978315977373618,0.660318427749366,0.06433947589127827,0.22296919999999945,0.6320676960246725
1.9799634146341467,0.23705624999998665,0.0,310.2872697703825,0.049503971948214646,0.6607898954514557,0.06381650961387755,0.22300936249999942,0.6330883449367528
1.9804634146341467,0.2380249999999864,0.0,308.8253572744858,0.049226349815827866,0.6612668538291947,0.06329898898149233,0.22305004999999942,0.6341194377717725
1.9809634146341466,0.23900624999998632,0.0,307.3731698448151,0.048950284779477084,0.6617492874519858,0.06278685193984417,0.22309126249999942,0.6351608911376297
1.9814634146341465,0.239999999999986,0.0,305.93123141641655,0.04867576824206353,0.6622371808892316,0.06228003703038306,0.22313299999999942,0.6362126212574819
1.9819634146341465,0.24100624999998588,0.0,304.5000607895493,0.048402791606488464,0.6627305187103345,0.06177848338590048,0.2231752624999994,0.6372745439751275
1.9824634146341464,0.2420249999999855,0.0,303.08017169566943,0.048131346275653124,0.6632292854846974,0.061282130726098304,0.2232180499999994,0.6383465747603717
1.9829634146341464,0.24305624999998532,0.0,301.67207286877107,0.04786142365245875,0.6637334657817228,0.060790919353123224,0.22326136249999937,0.6394286287143756
1.9834634146341463,0.2440999999999851,0.0,300.2762681220275,0.04759301513980658,0.6642430441708133,0.060304790147067355,0.22330519999999937,0.6405206205749923
1.9839634146341463,0.24515624999998487,0.0,298.89325642963496,0.047326112140597856,0.6647580052213714,0.05982368456143467,0.22334956249999935,0.6416224647220854
1.9844634146341462,0.2462249999999846,0.0,297.5175038539713,0.0470607066220463,0.6652784994667233,0.05934757819278799,0.22339444999999936,0.6427344294666827
1.9849634146341462,0.2473062499999843,0.0,296.15315497646145,0.04679678943123258,0.6658044117595483,0.05887639232440715,0.22343986249999934,0.6438562142876865
1.985463414634146,0.2483999999999842,0.0,294.800846539888,0.046534352343586265,0.6663357229174875,0.058410069874095596,0.22348579999999932,0.6449877238488659
1.985963414634146,0.24950624999998383,0.0,293.4605430334952,0.046273387225206845,0.6668724322283083,0.05794855804194989,0.2235322624999993,0.646128901755475
1.986463414634146,0.25062499999998367,0.0,292.13220911719566,0.04601388594219384,0.6674145389797774,0.057491804479810865,0.2235792499999993,0.6472796910649427
1.986963414634146,0.2517562499999835,0.0,290.815809625369,0.04575584036064675,0.6679620424596622,0.05703975728883075,0.2236267624999993,0.6484400342871199
1.9874634146341459,0.252899999999983,0.0,289.51130957089777,0.04549924234666507,0.6685149419557297,0.05659236501698512,0.22367479999999929,0.6496098733845241
1.9879634146341458,0.2540562499999828,0.0,288.2186741490205,0.045244083766348316,0.6690732367557468,0.05614957665653409,0.22372336249999927,0.650789149772583
1.9884634146341458,0.2552249999999825,0.0,286.9378687412829,0.044990356485795996,0.6696369261474809,0.05571134164143658,0.22377244999999926,0.6519778043198822
1.9889634146341457,0.2564062499999824,0.0,285.66885891953143,0.04473805237110762,0.670206009418699,0.055277609844716254,0.22382206249999925,0.653175777348408
1.9894634146341457,0.25759999999998207,0.0,284.4132096919709,0.04448716405878212,0.6707804408245358,0.05484832514095815,0.22387219999999924,0.6543829140826309
1.9899634146341456,0.2588062499999817,0.0,283.1693636221068,0.04423768264440469,0.6713602623473774,0.05442344441895697,0.22392286249999924,0.6555992437360185
1.9904634146341456,0.2600249999999815,0.0,281.9366259610316,0.04398960017211312,0.6719454919538899,0.054002922527982944,0.2239740499999992,0.6568247441027573
1.9909634146341455,0.2612562499999813,0.0,280.71486587431804,0.04374290900629459,0.6725361317958142,0.053586712542690394,0.2240257624999992,0.6580593591222947
1.9914634146341454,0.26249999999998086,0.0,279.50395355698106,0.0434976015113363,0.6731321840248913,0.053174767937456194,0.2240779999999992,0.6593030321417808
1.9919634146341454,0.2637562499999806,0.0,278.30376022231184,0.04325367005162541,0.6737336507928623,0.05276704258405037,0.2241307624999992,0.6605557059153255
1.9924634146341453,0.2650249999999803,0.0,277.1141580908444,0.043011106991549135,0.6743405342514684,0.05236349074926578,0.22418404999999916,0.6618173226032558
1.9929634146341453,0.2663062499999802,0.0,275.9350203794468,0.042769904695494645,0.6749528365524508,0.05196406709251197,0.22423786249999916,0.6630878237713718
1.9934634146341452,0.26759999999997985,0.0,274.76622129037867,0.04253005552784913,0.6755705598475501,0.051568726663369,0.22429219999999914,0.6643671503902039
1.9939634146341452,0.2689062499999795,0.0,273.60763600063893,0.04229155185299977,0.6761937062885078,0.05117742489911118,0.22434706249999914,0.6656552428342695
1.9944634146341451,0.2702249999999793,0.0,272.45914065125044,0.04205438603533376,0.6768222780270648,0.05079011762219522,0.22440244999999912,0.6669520408813272
1.994963414634145,0.27155624999997885,0.0,271.32061233675034,0.04181855043923828,0.6774562772149624,0.05040676103771672,0.2244583624999991,0.6682574837116353
1.995463414634145,0.2728999999999786,0.0,270.19475045398275,0.041584040494575675,0.6780956244944027,0.05002730483022774,0.2245147999999991,0.6695713425712737
1.995963414634145,0.27425624999997833,0.0,269.0805886595079,0.04135084524495882,0.6787403459821769,0.04965170327482833,0.22457176249999908,0.6708936055495811
1.996463414634145,0.275624999999978,0.0,267.9773508202204,0.04111895660233447,0.6793904625088157,0.04927991598957219,0.22462924999999906,0.6722242489467122
1.9969634146341448,0.2770062499999777,0.0,266.8849617343594,0.04088836759984298,0.6800459747141714,0.04891190197093833,0.22468726249999907,0.6735632069623576
1.9974634146341448,0.27839999999997733,0.0,265.80334679481683,0.04065907127062474,0.6807068832380961,0.04854762057715566,0.22474579999999905,0.6749104132285371
1.9979634146341447,0.27980624999997716,0.0,264.7324319857159,0.040431060647820115,0.6813731887204424,0.04818703152559225,0.22480486249999904,0.6762658008093788
1.9984634146341447,0.28122499999997674,0.0,263.67214387885383,0.040204328764569475,0.6820448918010622,0.04783009489013027,0.22486444999999902,0.6776293022008985
1.9989634146341446,0.2826562499999765,0.0,262.6224096301041,0.039978868654013185,0.682721993119808,0.04747677109852167,0.224924562499999,0.6790008493307806
1.9994634146341446,0.28409999999997604,0.0,261.5831569760109,0.039754673349291635,0.6834044933165319,0.04712702092972576,0.224985199999999,0.6803803735581572
1.9999634146341445,0.28555624999997575,0.0,260.5543142302499,0.03953173588354518,0.6840923930310863,0.04678080551123341,0.225046362499999,0.6817678056733876
2.0004634146341447,0.2870249999999761,0.0,259.53581028009796,0.039310049289914106,0.6847856929033236,0.04643808631637733,0.22510804999999898,0.6831630758978386
2.0009634146341444,0.2885062499999751,0.0,258.5275745830651,0.039089606601539074,0.6854843935730952,0.04609882516162793,0.22517026249999894,0.6845661138836618
2.001463414634144,0.28999999999997406,0.0,257.52953716329085,0.03887040085156025,0.686188495680254,0.04576298420387674,0.2252329999999989,0.6859768487135779
2.0019634146341443,0.29150624999997454,0.0,256.5416286081636,0.038652425073117835,0.6868979998646529,0.045430525937709895,0.22529626249999893,0.6873952089006541
2.0024634146341445,0.2930249999999748,0.0,255.56378006484724,0.03843567229935238,0.6876129067661435,0.04510141319267118,0.22536004999999892,0.6888211223880799
2.002963414634144,0.2945562499999739,0.0,254.59592323684694,0.03822013556340445,0.6883332170245774,0.044775609130514336,0.2254243624999989,0.6902545165489504
2.003463414634144,0.2960999999999727,0.0,253.6379903805446,0.03800580789841423,0.6890589312798076,0.04445307724244875,0.22548919999999884,0.6916953181860477
2.003963414634144,0.2976562499999731,0.0,252.6899143018127,0.037792682337521886,0.6897900501716868,0.044133781346376084,0.22555456249999886,0.6931434535316181
2.0044634146341442,0.29922499999997343,0.0,251.7516283525579,0.037580751913868005,0.6905265743400668,0.043817685584121635,0.2256204499999989,0.6945988482471486
2.004963414634144,0.3008062499999724,0.0,250.82292983422343,0.03737001458871759,0.6912685085205408,0.04350476471086882,0.22568686249999884,0.6960614354874637
2.0054634146341437,0.30239999999997136,0.0,249.90377230966197,0.03716046099526057,0.6920158528008963,0.04319497863071262,0.22575379999999878,0.6975311386289567
2.005963414634144,0.3040062499999716,0.0,248.9941927354457,0.036952080183171435,0.6927686047709063,0.04288828415475924,0.2258212624999988,0.699007875591787
2.006463414634144,0.30562499999997206,0.0,248.09410996099575,0.0367448660349886,0.6935267655748126,0.04258464844381397,0.22588924999999882,0.7004915707301153
2.0069634146341437,0.3072562499999709,0.0,247.20344348357511,0.03653881243325049,0.6942903363568564,0.04228403895229608,0.22595776249999877,0.701982147816314
2.0074634146341435,0.30889999999996975,0.0,246.32211344229785,0.03633391326049512,0.6950593182612806,0.0419864234257799,0.22602679999999872,0.7034795300405774
2.0079634146341436,0.3105562499999701,0.0,245.45004061213743,0.036130162399260556,0.6958337124323282,0.041691769898535264,0.22609636249999873,0.7049836400105242
2.008463414634144,0.31222499999997066,0.0,244.58714639807292,0.035927553732085206,0.6966135200142404,0.041400046691064556,0.22616644999999877,0.7064943997507981
2.0089634146341435,0.3139062499999694,0.0,243.73335282911603,0.03572608114150747,0.6973987421512587,0.04111122240763696,0.2262370624999987,0.7080117307026774
2.0094634146341432,0.31559999999996835,0.0,242.88858255252535,0.03552573851006541,0.698189379987626,0.04082526593382105,0.22630819999999865,0.7095355537236812
2.0099634146341434,0.3173062499999686,0.0,242.05275882790121,0.03532651972029706,0.6989854346675852,0.04054214643401684,0.22637986249999867,0.7110657890871728
2.0104634146341436,0.31902499999996903,0.0,241.22580552140872,0.03512841865474083,0.6997869073353776,0.04026183334898786,0.22645204999999868,0.7126023564819607
2.0109634146341433,0.3207562499999679,0.0,240.40764710001926,0.034931429195935136,0.7005937991352447,0.03998429639339316,0.22652476249999864,0.7141451750119062
2.011463414634143,0.3224999999999667,0.0,239.59820862572275,0.034735545226418016,0.7014061112114293,0.03970950555331818,0.2265979999999986,0.7156941631955314
2.011963414634143,0.32425624999996705,0.0,238.7974157498274,0.034540760628727525,0.7022238447081743,0.03943743108380849,0.2266717624999986,0.7172492389656204
2.0124634146341434,0.3260249999999676,0.0,238.0051947073175,0.03434706928540208,0.7030470007697212,0.03916804350640534,0.22674604999999864,0.7188103196688203
2.012963414634143,0.3278062499999663,0.0,237.22147231105578,0.034154465078980054,0.7038755805403113,0.03890131360668243,0.22682086249999858,0.7203773220652498
2.013463414634143,0.32959999999996525,0.0,236.44617594631583,0.033962941891999526,0.7047095851641875,0.03863721243178377,0.22689619999999852,0.721950162328105
2.013963414634143,0.3314062499999655,0.0,235.67923356505236,0.03377249360699854,0.7055490157855927,0.038375711287966886,0.22697206249999854,0.7235287560432617
2.014463414634143,0.3332249999999659,0.0,234.92057368040392,0.03358311410651551,0.7063938735487683,0.03811678173814899,0.22704844999999857,0.7251130182088754
2.014963414634143,0.33505624999996475,0.0,234.1701253611089,0.03339479727308881,0.7072441595979556,0.03786039559945517,0.2271253624999985,0.7267028632349896
2.0154634146341426,0.33689999999996356,0.0,233.42781822599835,0.03320753698925652,0.7080998750773976,0.037606524940771595,0.22720279999999846,0.7282982049431412
2.0159634146341427,0.3387562499999639,0.0,232.69358243849916,0.03302132713755669,0.7089610211313372,0.03735514208030389,0.22728076249999848,0.7298989565659633
2.016463414634143,0.3406249999999642,0.0,231.96734870120414,0.03283616160052772,0.7098275989040157,0.037106219583139866,0.2273592499999985,0.7315050307467832
2.0169634146341426,0.34250624999996293,0.0,231.24904825039474,0.03265203426070799,0.7106996095396745,0.03685973025881778,0.22743826249999843,0.7331163395392322
2.0174634146341424,0.34439968771405627,0.0,230.53410363447807,0.032468939000635584,0.7115770541825566,0.036615647158898826,0.22751778688399035,0.7347327944068498
2.0179634146341425,0.3462968935867079,0.0,229.7135343799851,0.03228687033141778,0.7124595443445173,0.036373900821313664,0.22759746953064172,0.7363535917137671
2.0184634146341427,0.34819409945935975,0.0,228.86361723368213,0.03210582269082424,0.7133430016443977,0.03613401045372085,0.2276771521772931,0.7379711903499879
2.0189634146341424,0.35009130533201005,0.0,228.00228869222283,0.0319257903887763,0.7142268673647963,0.03589590015631143,0.2277568348239444,0.7395845556883365
2.019463414634142,0.3519885112046601,0.0,227.13216936611497,0.03174676784867163,0.7151110612467075,0.03565954890781228,0.22783651747059572,0.7411935350000727
2.0199634146341423,0.353885717077312,0.0,226.25586121660572,0.03156874949390791,0.7159955030311251,0.0354249359763731,0.2279162001172471,0.7427979773643378
2.0204634146341425,0.35578292294996383,0.0,225.37594704309166,0.03139172974788314,0.7168801124590415,0.03519204091516588,0.22799588276389848,0.744397733669627
2.020963414634142,0.3576801288226139,0.0,224.494990113319,0.031215703033995318,0.7177648092714494,0.034960843558056315,0.22807556541054977,0.7459926566148554
2.021463414634142,0.359577334695264,0.0,223.6155339366846,0.031040663775642116,0.7186495132093424,0.03473132401535077,0.22815524805720108,0.7475826007100128
2.021963414634142,0.36147454056791584,0.0,222.74010217988356,0.030866606396221224,0.719534144013715,0.03450346266961748,0.22823493070385245,0.7491674222764044
2.0224634146341423,0.3633717464405677,0.0,221.8711987258552,0.030693525319130634,0.7204186214255593,0.03427724017157989,0.22831461335050385,0.7507469794464774
2.022963414634142,0.36526895231321777,0.0,221.00858300798888,0.030521415010870214,0.7213029522274573,0.034052646587248485,0.22839429599715513,0.7523212868713938
2.0234634146341417,0.36716615818586784,0.0,220.14627622495766,0.030350270097900745,0.7221873269165837,0.03382969124777793,0.22847397864380645,0.7538906845479811
2.023963414634142,0.3690633640585197,0.0,219.2853628753502,0.03018008517215118,0.7230717109724514,0.033608359711674696,0.22855366129045782,0.7554551107661814
2.024463414634142,0.37096056993117155,0.0,218.42645539612,0.030010855117756176,0.7239560847715724,0.03338863970347328,0.2286333439371092,0.7570145308206654
2.0249634146341418,0.3728577758038216,0.0,217.56988654059555,0.0298425743088246,0.724840437540401,0.033170518971200776,0.2287130265837605,0.7585689259790881
2.0254634146341415,0.3747549816764719,0.0,216.71576800920383,0.029675237114725576,0.7257247655513515,0.0329539860002523,0.2287927092304118,0.7601182900769735
2.0259634146341416,0.3766521875491238,0.0,215.86412700461995,0.029508838383388525,0.726609067778673,0.03273903043375136,0.22887239187706318,0.7616626217447505
2.026463414634142,0.3785493934217754,0.0,215.0149904837459,0.02934337296274317,0.7274933431966127,0.0325256419182949,0.22895207452371455,0.7632019196359723
2.0269634146341415,0.3804465992944257,0.0,214.16838515818847,0.029178835700719226,0.7283775907794179,0.03231381010458933,0.22903175717036586,0.7647361824273171
2.0274634146341413,0.3823438051670758,0.0,213.32433749491733,0.029015221445246122,0.7292618095013375,0.032103524648080126,0.22911143981701718,0.7662654088185903
2.0279634146341414,0.38424101103972763,0.0,212.48287371691012,0.028852525044253285,0.7301459983366201,0.031894775209574906,0.22919112246366855,0.7677895975327186
2.0284634146341416,0.3861382169123795,0.0,211.64401980384764,0.028690741345670435,0.7310301562595133,0.0316875514558627,0.22927080511031994,0.7693087473157467
2.0289634146341413,0.38803542278502956,0.0,210.807801492723,0.028529865197427288,0.7319142822442641,0.03148184306032452,0.22935048775697123,0.7708228569368365
2.029463414634141,0.38993262865767964,0.0,209.97424427868418,0.028369891447453263,0.7327983752651216,0.03127763970353825,0.22943017040362254,0.7723319251882692
2.029963414634141,0.3918298345303315,0.0,209.14338039902273,0.028210817074169253,0.7336824340670194,0.03107493487252536,0.2295098530502739,0.7738359504959583
2.0304634146341414,0.39372704040298334,0.0,208.3153088248257,0.028052658757792233,0.7345664551894622,0.030873757088340673,0.2295895356969253,0.775334927580715
2.030963414634141,0.3956242462756334,0.0,207.48995099944062,0.027895381849956036,0.7354504409973893,0.030674043441763464,0.2296692183435766,0.7768288610699114
2.031463414634141,0.3975214521482837,0.0,206.6673214650412,0.027738981980535184,0.736334390799506,0.030475785127815975,0.2297489009902279,0.7783177503983814
2.031963414634141,0.39941865802093535,0.0,205.84743460579904,0.02758345477940419,0.7372183039045175,0.030278973340022948,0.22982858363687927,0.7798015950165226
2.032463414634141,0.4013158638935872,0.0,205.0303046485854,0.02742879587643786,0.7381021796211272,0.030083599270981573,0.22990826628353067,0.7812803943902924
2.032963414634141,0.4032130697662375,0.0,204.21594566342168,0.02727500090151098,0.7389860172580389,0.029889654112926434,0.22998794893018196,0.7827541480012093
2.0334634146341406,0.4051102756388876,0.0,203.40437156415683,0.027122065484498074,0.7398698161239576,0.029697129058288446,0.23006763157683327,0.7842228553463533
2.0339634146341408,0.4070074815115394,0.0,202.5955961089933,0.02696998525527367,0.7407535755275887,0.029506015300251036,0.23014731422348464,0.7856865159383621
2.034463414634141,0.4089046873841913,0.0,201.78963290111352,0.02681875584371255,0.7416372947776356,0.029316304033299455,0.23022699687013604,0.7871451293054262
2.0349634146341407,0.41080189325684136,0.0,200.98649538924536,0.026668372879689522,0.7425209731828021,0.029127986453766696,0.23030667951678732,0.7885986949912904
2.0354634146341404,0.41269909912949143,0.0,200.18619686837224,0.026518831993079094,0.7434046100517933,0.028941053760372,0.23038636216343863,0.7900472125552542
2.0359634146341405,0.4145963050021433,0.0,199.38875048026614,0.026370128813755802,0.7442882046933142,0.028755497154757118,0.23046604481009,0.7914906815721673
2.0364634146341407,0.41649351087479514,0.0,198.5941692142188,0.02622225897159443,0.7451717564160687,0.028571307842015704,0.2305457274567414,0.7929291016324254
2.0369634146341404,0.4183907167474452,0.0,197.8024659075962,0.026075218096469777,0.7460552645287601,0.028388477031219172,0.2306254101033927,0.7943624723419707
2.03746341463414,0.4202879226200953,0.0,197.01365324659088,0.02592900181825636,0.7469387283400939,0.02820699593593488,0.230705092750044,0.7957907933222934
2.0379634146341403,0.42218512849274714,0.0,196.22774376685084,0.02578360576682871,0.7478221471587752,0.028026855774741694,0.23078477539669537,0.7972140642104258
2.0384634146341405,0.424082334365399,0.0,195.44474985419055,0.025639025572061616,0.7487055202935073,0.02784804777174045,0.23086445804334677,0.7986322846589387
2.03896341463414,0.42597954023804907,0.0,194.66468374521546,0.025495256863829866,0.7495888470529942,0.027670563157057182,0.23094414068999805,0.8000454543359415
2.03946341463414,0.42787674611069937,0.0,193.8875575281506,0.025352295272007986,0.7504721267459409,0.027494393167342996,0.23102382333664936,0.8014535729250836
2.03996341463414,0.4297739519833512,0.0,193.1133831434423,0.02521013642647051,0.7513553586810525,0.027319529046268734,0.23110350598330073,0.8028566401255484
2.0404634146341403,0.43167115785600285,0.0,192.34217238452902,0.025068775957092223,0.7522385421670328,0.027145962045013565,0.2311831886299521,0.8042546556520498
2.04096341463414,0.43356836372865315,0.0,191.57393689859597,0.024928209493747907,0.7531216765125853,0.026973683422749927,0.23126287127660342,0.8056476192348324
2.0414634146341397,0.4354655696013032,0.0,190.80868818728817,0.024788432666312095,0.7540047610264152,0.026802684447121295,0.23134255392325473,0.8070355306196713
2.04196341463414,0.4373627754739551,0.0,190.0464376075036,0.02464944110465932,0.7548877950172276,0.026632956394716637,0.2314222365699061,0.8084183895678678
2.04246341463414,0.43925998134660693,0.0,189.28719637214505,0.024511230438664367,0.7557707777937263,0.026464490551539512,0.2315019192165575,0.8097961958562454
2.0429634146341398,0.441157187219257,0.0,188.5309755508736,0.024373796298202015,0.7566537086646147,0.02629727821347124,0.23158160186320878,0.8111689492771486
2.0434634146341395,0.4430543930919071,0.0,187.77778607095968,0.024237134313146797,0.757536586938598,0.026131310686729105,0.2316612845098601,0.8125366496384439
2.0439634146341397,0.44495159896455894,0.0,187.02763871801466,0.024101240113373255,0.7584194119243816,0.02596657928832011,0.23174096715651146,0.8138992967635152
2.04446341463414,0.4468488048372108,0.0,186.28054413687144,0.023966109328756164,0.7593021829306688,0.0258030753464898,0.23182064980316286,0.8152568904912588
2.0449634146341396,0.44874601070986087,0.0,185.53651283233745,0.023831737589170305,0.7601848992661634,0.025640790201164786,0.23190033244981414,0.8166094306760836
2.0454634146341393,0.45064321658251116,0.0,184.79555517009615,0.023698120524490215,0.7610675602395705,0.025479715204391268,0.23198001509646546,0.8179569171879104
2.0459634146341394,0.4525404224551628,0.0,184.05768137749877,0.023565253764590434,0.7619501651595953,0.025319841720768153,0.23205969774311683,0.8192993499121686
2.0464634146341396,0.45443762832781465,0.0,183.3229015444352,0.023433132939345735,0.7628327133349415,0.025161161127875673,0.23213938038976822,0.8206367287497894
2.0469634146341393,0.45633483420046494,0.0,182.59122562417312,0.023301753678630903,0.7637152040743126,0.025003664816698433,0.2322190630364195,0.8219690536172075
2.047463414634139,0.458232040073115,0.0,181.86266343432635,0.023171111612320466,0.7645976366864138,0.024847344192043146,0.23229874568307082,0.8232963244463596
2.0479634146341392,0.4601292459457669,0.0,181.1372246575961,0.023041202370288973,0.7654800104799502,0.024692190672952516,0.2323784283297222,0.8246185411846803
2.0484634146341394,0.4620264518184187,0.0,180.4149188428115,0.0229120215824112,0.7663623247636255,0.024538195693114016,0.2324581109763736,0.825935703795097
2.048963414634139,0.4639236576910688,0.0,179.69575540569227,0.022783564878561917,0.7672445788461434,0.024385350701262812,0.23253779362302487,0.8272478122560295
2.049463414634139,0.4658208635637189,0.0,178.97974362991866,0.022655827888615664,0.7681267720362089,0.024233647161580385,0.2326174762696762,0.8285548665613897
2.049963414634139,0.46771806943637073,0.0,178.26689266794077,0.02252880624244699,0.7690089036425273,0.024083076554089033,0.23269715891632756,0.8298568667205763
2.050463414634139,0.4696152753090226,0.0,177.55721154197647,0.02240249556993067,0.7698909729738022,0.023933630375040673,0.23277684156297895,0.8311538127584712
2.050963414634139,0.47151248118167266,0.0,176.8506310598597,0.022276902783366644,0.7707729821271169,0.023785318917982145,0.23285652420963024,0.8324457087917887
2.0514634146341386,0.47340968705432274,0.0,176.14707823618346,0.022152024937032597,0.7716549333529392,0.023638136128362304,0.23293620685628155,0.833732559113359
2.051963414634139,0.4753068929269746,0.0,175.44663491416333,0.022027842742657025,0.7725368233696167,0.023492048758741953,0.23301588950293292,0.835014359940099
2.052463414634139,0.47720409879962644,0.0,174.74930130229362,0.021904352765952966,0.7734186518027423,0.023347049945398705,0.23309557214958432,0.8362911117637534
2.0529634146341387,0.4791013046722765,0.0,174.05507755108718,0.021781551572633465,0.7743004182779083,0.023203132829218466,0.2331752547962356,0.837562815084416
2.0534634146341384,0.4809985105449268,0.0,173.36396375361284,0.021659435728411343,0.7751821224207093,0.02306029055607389,0.23325493744288692,0.8388294704105327
2.0539634146341386,0.48289571641757845,0.0,172.67595994597,0.021538001798999427,0.7760637638567394,0.022918516277199517,0.23333462008953829,0.8400910782588961
2.0544634146341387,0.4847929222902303,0.0,171.99106610785734,0.02141724635011076,0.7769453422115913,0.02277780314956386,0.23341430273618965,0.8413476391546425
2.0549634146341385,0.4866901281628806,0.0,171.30928216306162,0.021297165947458375,0.7778268571108576,0.022638144336236423,0.23349398538284097,0.8425991536312524
2.055463414634138,0.4885873340355307,0.0,170.63060797998315,0.0211777571567551,0.7787083081801327,0.022499533006750783,0.23357366802949228,0.8438456222305513
2.0559634146341383,0.4904845399081825,0.0,169.95504337217213,0.021059016543713765,0.7795896950450109,0.022361962337465662,0.23365335067614365,0.8450870455027063
2.0564634146341385,0.4923817457808344,0.0,169.28258809889306,0.020940940674047406,0.7804710173310847,0.022225425511920516,0.23373303332279505,0.8463234240062216
2.0569634146341382,0.49427895165348446,0.0,168.61324186556072,0.020823526113469062,0.7813522746639469,0.02208991572118803,0.23381271596944633,0.8475547583079397
2.057463414634138,0.49617615752613475,0.0,167.9470043244253,0.02070676942769156,0.7822334666691916,0.021955426164222164,0.23389239861609765,0.8487810489830419
2.057963414634138,0.4980733633987864,0.0,167.28387507494966,0.020590667182427726,0.7831145929724133,0.02182195004820294,0.23397208126274902,0.8500022966150447
2.0584634146341383,0.49997056927143824,0.0,166.6238536644999,0.0204752159433906,0.7839956531992045,0.021689480588878093,0.2340517639094004,0.8512185017957962
2.058963414634138,0.5018677751440885,0.0,165.96693958879482,0.020360412276293215,0.7848766469751579,0.02155801101089919,0.23413144655605173,0.8524296651254757
2.0594634146341377,0.5037649810167386,0.0,165.31313229248016,0.020246252746848402,0.785757573925868,0.02142753454815496,0.234211129202703,0.8536357872125959
2.059963414634138,0.5056621868893905,0.0,164.6624311697386,0.020132733920768996,0.7866384336769287,0.021298044444100522,0.2342908118493544,0.8548368686739976
2.060463414634138,0.5075593927620423,0.0,164.01483556471663,0.020019852363768024,0.7875192258539329,0.021169533952083833,0.23437049449600578,0.856032910134847
2.060963414634138,0.5094565986346924,0.0,163.37034477224557,0.01990760464155852,0.7883999500824731,0.02104199633566647,0.23445017714265706,0.8572239122286356
2.0614634146341375,0.5113538045073425,0.0,162.72895803827467,0.019795987319853322,0.7892806059881438,0.020915424868941795,0.23452985978930838,0.8584098755971814
2.0619634146341377,0.5132510103799943,0.0,162.09067456050155,0.019684996964365258,0.7901611931965391,0.02078981283684882,0.23460954243595974,0.8595908008906245
2.062463414634138,0.5151482162526462,0.0,161.4554934889406,0.019574630140807365,0.7910417113332517,0.020665153535483365,0.23468922508261114,0.8607666887674232
2.0629634146341376,0.5170454221252963,0.0,160.82341392643085,0.019464883414892668,0.7919221600238744,0.020541440272403618,0.23476890772926243,0.8619375398943554
2.0634634146341373,0.5189426279979463,0.0,160.19443492930682,0.019355753352334002,0.7928025388940013,0.02041866636693348,0.23484859037591374,0.8631033549465184
2.0639634146341375,0.5208398338705982,0.0,159.5685555079048,0.019247236518844208,0.7936828475692267,0.020296825150460985,0.2349282730225651,0.8642641346073248
2.0644634146341376,0.52273703974325,0.0,158.94577462718365,0.01913932948013631,0.7945630856751433,0.02017590996673408,0.2350079556692165,0.8654198795684998
2.0649634146341374,0.5246342456159001,0.0,158.32609120726943,0.01903202880192334,0.7954432528373439,0.020055914172151853,0.2350876383158678,0.8665705905300802
2.065463414634137,0.5265314514885502,0.0,157.70950412409834,0.018925331049918136,0.7963233486814224,0.019936831136052355,0.2351673209625191,0.8677162682004164
2.0659634146341372,0.528428657361202,0.0,157.09601220993574,0.01881923278983353,0.7972033728329735,0.019818654240995884,0.23524700360917047,0.8688569132961672
2.0664634146341374,0.5303258632338539,0.0,156.4856142540569,0.01871373058738255,0.7980833249175896,0.01970137688304687,0.23532668625582187,0.8699925265422969
2.066963414634137,0.532223069106504,0.0,155.878309003241,0.01860882100827823,0.7989632045608634,0.0195849924720494,0.23540636890247316,0.8711231086720752
2.067463414634137,0.5341202749791543,0.0,155.2740951624732,0.018504500618233402,0.7998430113883894,0.019469494431900075,0.23548605154912447,0.8722486604270778
2.067963414634137,0.5360174808518059,0.0,154.67297139548495,0.01840076598296091,0.8007227450257616,0.019354876200818147,0.23556573419577584,0.8733691825571823
2.068463414634137,0.5379146867244577,0.0,154.0749363253675,0.018297613668173774,0.8016024050985727,0.019241131231610913,0.2356454168424272,0.8744846758205649
2.068963414634137,0.539811892597108,0.0,153.47998853520468,0.018195040239585025,0.8024819912324155,0.01912825299193598,0.23572509948907852,0.8755951409837003
2.0694634146341366,0.5417090984697581,0.0,152.88812656865386,0.018093042262907498,0.8033615030528841,0.019016234964559606,0.23580478213572983,0.876700578821362
2.069963414634137,0.54360630434241,0.0,152.29934893056912,0.017991616303854038,0.804240940185573,0.018905070647612186,0.2358844647823812,0.8778009901166186
2.070463414634137,0.5455035102150618,0.0,151.71365408766638,0.017890758928137667,0.8051203022560747,0.01879475355483958,0.2359641474290326,0.8788963756608301
2.0709634146341367,0.5474007160877119,0.0,151.1310404690594,0.01779046670147141,0.8059995888899818,0.018685277215851483,0.23604383007568389,0.8799867362536478
2.0714634146341364,0.5492979219603622,0.0,150.55150646696208,0.017690736189568106,0.8068787997128888,0.018576635176365795,0.2361235127223352,0.8810720727030149
2.0719634146341366,0.5511951278330138,0.0,149.9750504372774,0.0175915639581406,0.8077579343503898,0.01846882099844981,0.23620319536898657,0.8821523858251625
2.0724634146341367,0.5530923337056657,0.0,149.4016707002362,0.017492946572901916,0.8086369924280775,0.018361828260758654,0.23628287801563796,0.8832276764446056
2.0729634146341365,0.554989539578316,0.0,148.8312475503666,0.01739489829985641,0.8095159781644538,0.01825567728384336,0.23636256066228928,0.884297950973709
2.073463414634136,0.5568867454509661,0.0,148.26379514596,0.01729740203672941,0.8103948905910503,0.018150341042282664,0.23644224330894056,0.8853632094579726
2.0739634146341364,0.5587839513236179,0.0,147.6993384876391,0.017200448519710778,0.8112737283097009,0.018045804381661104,0.23652192595559196,0.8864234514473196
2.0744634146341365,0.5606811571962698,0.0,147.13786971975165,0.01710403508704291,0.8121524911992783,0.01794206212507314,0.23660160860224333,0.8874786780528151
2.0749634146341362,0.5625783630689198,0.0,146.5793810003049,0.017008159076968205,0.8130311791386549,0.01783910910260557,0.23668129124889462,0.8885288903881321
2.075463414634136,0.5644755689415699,0.0,146.02386450110552,0.01691281782772889,0.8139097920067047,0.01773694015158114,0.23676097389554593,0.8895740895695539
2.075963414634136,0.5663727748142218,0.0,145.47131240796895,0.016818008677567196,0.8147883296823015,0.017635550116799653,0.2368406565421973,0.8906142767159699
2.0764634146341363,0.5682699806868736,0.0,144.9217169209362,0.016723728964725522,0.8156667920443182,0.017534933850777118,0.2369203391888487,0.8916494529488757
2.076963414634136,0.5701671865595237,0.0,144.3750702544608,0.01662997602744626,0.8165451789716269,0.017435086213980832,0.23700002183549998,0.8926796193923712
2.0774634146341358,0.5720643924321738,0.0,143.83136463763398,0.01653674720397165,0.8174234903431019,0.017336002075062546,0.2370797044821513,0.8937047771731652
2.077963414634136,0.5739615983048256,0.0,143.2905923143571,0.016444039832543913,0.8183017260376171,0.01723767631108836,0.23715938712880266,0.8947249274205703
2.078463414634136,0.5758588041774775,0.0,142.75274554357492,0.016351851251405453,0.8191798859340449,0.017140103807766816,0.23723906977545406,0.8957400712665019
2.078963414634136,0.5777560100501276,0.0,142.21781659943403,0.016260178798798663,0.8200579699112579,0.017043279459673065,0.23731875242210534,0.896750209845479
2.0794634146341355,0.5796532159227776,0.0,141.68579777156143,0.016169019812965774,0.82093597784813,0.01694719817047069,0.23739843506875666,0.8977553442946257
2.0799634146341357,0.5815504217954295,0.0,141.15668136517868,0.01607837163214902,0.8218139096235354,0.01685185485313093,0.23747811771540803,0.8987554757536683
2.080463414634136,0.5834476276680813,0.0,140.6304597013961,0.015988231594590795,0.8226917651163463,0.016757244430149632,0.23755780036205942,0.8997506053649333
2.0809634146341356,0.5853448335407314,0.0,140.107125117313,0.015898597038533496,0.8235695442054355,0.01666336183376018,0.2376374830087107,0.9007407342733489
2.0814634146341353,0.5872420394133817,0.0,139.58666996635665,0.015809465302219352,0.8244472467696767,0.0165702020061446,0.23771716565536202,0.9017258636264452
2.0819634146341355,0.5891392452860333,0.0,139.06908661833913,0.0157208337238906,0.8253248726879442,0.01647775989964193,0.2377968483020134,0.902705994574353
2.0824634146341356,0.5910364511586852,0.0,138.55436745979642,0.015632699641789635,0.8262024218391103,0.016386030476953632,0.23787653094866476,0.9036811282698005
2.0829634146341354,0.5929336570313355,0.0,138.04250489411294,0.015545060394158846,0.8270798941020475,0.016295008711346048,0.23795621359531607,0.9046512658681152
2.083463414634135,0.5948308629039856,0.0,137.53349134173524,0.015457913319240468,0.8279572893556298,0.016204689586850573,0.2380358962419674,0.9056164085272242
2.0839634146341353,0.5967280687766374,0.0,137.02731924040836,0.01537125575527674,0.8288346074787314,0.016115068098460843,0.23811557888861876,0.9065765574076532
2.0844634146341354,0.5986252746492893,0.0,136.5239810453679,0.015285085040510054,0.8297118483502246,0.016026139252327452,0.23819526153527015,0.9075317136725226
2.084963414634135,0.6005224805219394,0.0,136.02346922954004,0.015199398513182798,0.8305890118489818,0.015937898065949693,0.23827494418192144,0.9084818784875497
2.085463414634135,0.6024196863945894,0.0,135.5257762837858,0.015114193511537206,0.8314660978538772,0.015850339568364763,0.23835462682857275,0.9094270530210494
2.085963414634135,0.6043168922672413,0.0,135.03089471702106,0.015029467373815525,0.8323431062437847,0.015763458800334248,0.23843430947522412,0.9103672384439322
2.086463414634135,0.6062140981398931,0.0,134.5388170565421,0.014945217438260138,0.833220036897577,0.015677250814527977,0.23851399212187552,0.9113024359297016
2.086963414634135,0.6081113040125432,0.0,134.04953584814612,0.014861441043113434,0.8340968896941262,0.015591710675705653,0.2385936747685268,0.9122326466544549
2.0874634146341347,0.6100085098851935,0.0,133.5630436563698,0.014778135526617655,0.8349736645123066,0.015506833460894511,0.23867335741517812,0.9131578717968855
2.087963414634135,0.6119057157578454,0.0,133.07933306472742,0.01469529822701504,0.8358503612309921,0.015422614259566092,0.2387530400618295,0.9140781125382788
2.088463414634135,0.613802921630497,0.0,132.59839667583321,0.014612926482547974,0.8367269797290552,0.015339048173809412,0.23883272270848088,0.9149933700625117
2.0889634146341347,0.6157001275031473,0.0,132.12022711171304,0.014531017631458847,0.8376035198853684,0.015256130318501603,0.23891240535513217,0.9159036455560525
2.0894634146341344,0.6175973333757974,0.0,131.6448170139782,0.014449569011989898,0.8384799815788058,0.015173855821475978,0.23899208800178348,0.9168089402079627
2.0899634146341346,0.6194945392484492,0.0,131.17215904399993,0.01436857796238337,0.8393563646882413,0.015092219823687851,0.23907177064843485,0.9177092552098937
2.0904634146341348,0.6213917451211011,0.0,130.70224588317788,0.014288041820881647,0.8402326690925472,0.015011217479377725,0.23915145329508625,0.9186045917560858
2.0909634146341345,0.6232889509937511,0.0,130.23507023307957,0.014207957925727117,0.8411088946705964,0.014930843956231687,0.23923113594173753,0.9194949510433685
2.091463414634134,0.6251861568664012,0.0,129.77062481573793,0.01412832361516202,0.8419850413012626,0.014851094435539596,0.23931081858838885,0.9203803342711617
2.0919634146341344,0.6270833627390531,0.0,129.30890237380598,0.0140491362274286,0.8428611088634199,0.01477196411235044,0.23939050123504022,0.9212607426414733
2.0924634146341345,0.6289805686117049,0.0,128.84989567077582,0.013970393100769241,0.8437370972359409,0.014693448195626044,0.2394701838816916,0.9221361773588974
2.0929634146341343,0.630877774484355,0.0,128.39359749119873,0.01389209157342633,0.8446130062976979,0.014615541908391403,0.2395498665283429,0.9230066396306146
2.093463414634134,0.6327749803570051,0.0,127.94000064092616,0.013814228983642107,0.845488835927565,0.014538240487882732,0.2396295491749942,0.9238721306663937
2.093963414634134,0.6346721862296569,0.0,127.48909794724473,0.013736802669658817,0.8463645860044161,0.01446153918569399,0.23970923182164558,0.9247326516785891
2.0944634146341343,0.6365693921023088,0.0,127.04088225918923,0.013659809969718845,0.8472402564071239,0.014385433267920116,0.23978891446829698,0.9255882038821388
2.094963414634134,0.6384665979749589,0.0,126.59534644764999,0.013583248222064574,0.8481158470145607,0.014309918015298448,0.23986859711494826,0.9264387884945653
2.0954634146341338,0.6403638038476092,0.0,126.15248340572157,0.013507114764938245,0.8489913577056005,0.01423498872334733,0.23994827976159958,0.9272844067359761
2.095963414634134,0.642261009720261,0.0,125.71224900024518,0.013431412546564407,0.8498667899282852,0.014160648303927041,0.24002796240825094,0.9281250613315126
2.096463414634134,0.6441582155929126,0.0,125.27454836239352,0.013356145513454737,0.8507421472951963,0.014086901018456652,0.2401076450549023,0.9289607570342828
2.096963414634134,0.6460554214655629,0.0,124.83944058756983,0.013281297336504587,0.8516174269019959,0.01401372368885143,0.24018732770155363,0.9297914923495392
2.0974634146341335,0.647952627338213,0.0,124.40691458537111,0.013206865966718153,0.8524926288139879,0.013941112508012728,0.24026701034820494,0.9306172686409185
2.0979634146341337,0.6498498332108649,0.0,123.97695931621011,0.013132849355099632,0.8533677530964758,0.013869063676244499,0.2403466929948563,0.9314380872704845
2.098463414634134,0.6517470390835167,0.0,123.5495637912519,0.01305924545265335,0.8542427998147618,0.013797573401405132,0.2404263756415077,0.9322539495987258
2.0989634146341336,0.6536442449561668,0.0,123.1247170722315,0.01298605221038363,0.8551177690341478,0.01372663789905738,0.240506058288159,0.9330648569845582
2.0994634146341333,0.6555414508288169,0.0,122.70240827140451,0.01291326757929467,0.8559926608199376,0.013656253392616172,0.2405857409348103,0.9338708107853267
2.0999634146341335,0.6574386567014687,0.0,122.28262655137922,0.012840889510390668,0.8568674752374348,0.013586416113494669,0.24066542358146167,0.9346718123568037
2.1004634146341337,0.6593358625741206,0.0,121.86536112506022,0.01276891595467595,0.8577422123519414,0.013517122301248668,0.24074510622811307,0.9354678630531883
2.1009634146341334,0.6612330684467707,0.0,121.45060125548767,0.012697344863154837,0.8586168722287594,0.01344836820371844,0.24082478887476436,0.936258964227108
2.101463414634133,0.663130274319421,0.0,121.03833625576027,0.012626174186831528,0.8594914549331927,0.013380150077169008,0.24090447152141567,0.9370451172296205
2.1019634146341333,0.6650274801920728,0.0,120.62855548890259,0.012555401876710223,0.8603659605305446,0.013312464186428431,0.24098415416806707,0.9378263234102123
2.1024634146341334,0.6669246860647244,0.0,120.22124836776034,0.012485025883795244,0.8612403890861174,0.013245306805024424,0.24106383681471844,0.9386025841167982
2.102963414634133,0.6688218919373747,0.0,119.81640435488191,0.012415044159090914,0.8621147406652133,0.013178674215318709,0.24114351946136975,0.9393739006957227
2.103463414634133,0.6707190978100248,0.0,119.41401296242753,0.012345454653601432,0.8629890153331357,0.013112562708639263,0.24122320210802103,0.9401402744917611
2.103963414634133,0.6726163036826767,0.0,119.01406375204402,0.012276255318331,0.8638632131551882,0.013046968585411274,0.2413028847546724,0.9409017068481196
2.1044634146341332,0.6745135095553285,0.0,118.61654633475348,0.012207444104283937,0.864737334196673,0.012981888155285972,0.2413825674013238,0.9416581991064332
2.104963414634133,0.6764107154279786,0.0,118.22145037080797,0.012139018962464568,0.8656113785228922,0.012917317737267266,0.24146225004797509,0.9424097526067686
2.1054634146341327,0.6783079213006287,0.0,117.82876556966723,0.01207097784387709,0.8664853461991494,0.012853253659836434,0.2415419326946264,0.9431563686876244
2.105963414634133,0.6802051271732805,0.0,117.43848168979883,0.012003318699525704,0.8673592372907482,0.012789692261075703,0.24162161534127777,0.943898048685931
2.106463414634133,0.6821023330459324,0.0,117.050588538615,0.011936039480414735,0.8682330518629906,0.01272662988878912,0.24170129798792916,0.9446347939370494
2.1069634146341327,0.6839995389185825,0.0,116.66507597233452,0.0118691381375485,0.8691067899811789,0.01266406290062192,0.24178098063458045,0.9453666057747729
2.1074634146341324,0.6858967447912325,0.0,116.28193389589252,0.011802612621931202,0.8699804517106166,0.012601987664177937,0.24186066328123176,0.9460934855313288
2.1079634146341326,0.6877939506638844,0.0,115.9011522628229,0.011736460884567044,0.8708540371166072,0.012540400557135081,0.24194034592788313,0.9468154345373767
2.108463414634133,0.6896911565365362,0.0,115.52272107516136,0.011670680876460343,0.871727546264453,0.012479297967359406,0.24202002857453453,0.9475324541220088
2.1089634146341325,0.6915883624091863,0.0,115.14663038329435,0.01160527054861542,0.872600979219456,0.012418676293016774,0.24209971122118581,0.9482445456127504
2.1094634146341322,0.6934855682818366,0.0,114.77287028590275,0.011540227852036478,0.8734743360469198,0.012358531942682913,0.24217939386783713,0.9489517103355619
2.1099634146341324,0.6953827741544882,0.0,114.40143092979767,0.01147555073772772,0.8743476168121481,0.012298861335451645,0.2422590765144885,0.9496539496148382
2.1104634146341326,0.6972799800271401,0.0,114.03230250986415,0.011411237156693465,0.8752208215804429,0.012239660901041765,0.24233875916113987,0.9503512647734067
2.1109634146341323,0.6991771858997904,0.0,113.66547526891064,0.01134728505993803,0.8760939504171064,0.012180927079901226,0.24241844180779118,0.9510436571325303
2.111463414634132,0.7010743917724405,0.0,113.30093949756585,0.01128369239846562,0.876967003387442,0.012122656323310173,0.2424981244544425,0.9517311280119078
2.111963414634132,0.7029715976450923,0.0,112.93868553418895,0.011220457123280441,0.8778399805567536,0.012064845093482199,0.24257780710109386,0.9524136787296736
2.1124634146341323,0.7048688035177442,0.0,112.57870376474625,0.011157577185386807,0.878712881990343,0.012007489863663573,0.24265748974774526,0.9530913106023965
2.112963414634132,0.7067660093903942,0.0,112.22098462267499,0.011095050535789037,0.8795857077535125,0.011950587118231056,0.24273717239439654,0.9537640249450814
2.113463414634132,0.7086632152630443,0.0,111.86551858884033,0.011032875125491337,0.8804584579115657,0.01189413335278759,0.24281685504104786,0.9544318230711706
2.113963414634132,0.7105604211356962,0.0,111.5122961913658,0.01097104890549791,0.8813311325298062,0.011838125074256581,0.24289653768769923,0.9550947062925433
2.114463414634132,0.712457627008348,0.0,111.16130800554399,0.010909569826813076,0.8822037316735362,0.011782558800974612,0.24297622033435062,0.9557526759195145
2.114963414634132,0.7143548328809981,0.0,110.81254465371386,0.010848435840441147,0.8830762554080575,0.011727431062781919,0.2430559029810019,0.9564057332608361
2.1154634146341316,0.7162520387536484,0.0,110.4659968052046,0.010787644897386331,0.8839487037986739,0.011672738401111882,0.24313558562765322,0.9570538796236991
2.1159634146341317,0.7181492446263003,0.0,110.12165517614034,0.010727194948652834,0.884821076910689,0.011618477369078093,0.24321526827430462,0.9576971163137328
2.116463414634132,0.7200464504989519,0.0,109.77951052940395,0.010667083945244973,0.8856933748094049,0.011564644531560957,0.243294950920956,0.9583354446350026
2.1169634146341316,0.7219436563716022,0.0,109.43955367450164,0.010607309838167062,0.8865655975601237,0.011511236465291372,0.2433746335676073,0.9589688658900133
2.1174634146341313,0.7238408622442523,0.0,109.10177546744083,0.010547870578423308,0.8874377452281489,0.011458249758933493,0.2434543162142586,0.9595973813797094
2.1179634146341315,0.7257380681169041,0.0,108.76616681064138,0.010488764117017919,0.8883098178787844,0.011405681013166163,0.24353399886090996,0.9602209924034748
2.1184634146341317,0.727635273989556,0.0,108.43271865283316,0.01042998840495521,0.889181815577332,0.011353526840762204,0.24361368150756135,0.9608397002591312
2.1189634146341314,0.729532479862206,0.0,108.10142198890843,0.010371541393239491,0.8900537383890939,0.011301783866666613,0.24369336415421264,0.9614535062429407
2.119463414634131,0.7314296857348561,0.0,107.77221454816885,0.010313433663907834,0.8909255888180628,0.011250463933426755,0.24377304680086395,0.9620624133460258
2.1199634146341313,0.733326891607508,0.0,107.44508589637762,0.010255653659524985,0.8917973670103599,0.01119955219797417,0.24385272944751532,0.962666422876624
2.1204634146341315,0.7352240974801598,0.0,107.12003885531985,0.010198194951029218,0.8926690725063655,0.01114904005344108,0.24393241209416672,0.9632655357249879
2.120963414634131,0.7371213033528099,0.0,106.79706213427716,0.01014105597767899,0.8935407054937767,0.011098924768588675,0.244012094740818,0.963859753230986
2.121463414634131,0.73901850922546,0.0,106.47614450232653,0.010084235178732654,0.8944122661602923,0.01104920361876898,0.24409177738746932,0.9644490767302139
2.121963414634131,0.7409157150981118,0.0,106.15727478787639,0.01002773099344857,0.8952837546936113,0.010999873886017315,0.24417146003412069,0.9650335075539931
2.1224634146341312,0.7428129209707637,0.0,105.84044187852834,0.009971541861085193,0.8961551712814307,0.010950932859143723,0.24425114268077208,0.9656130470293719
2.122963414634131,0.7447101268434138,0.0,105.52563472062188,0.009915666220900983,0.897026516111448,0.010902377833822707,0.24433082532742337,0.9661876964791267
2.1234634146341307,0.746607332716064,0.0,105.2128423190906,0.009860102512154295,0.897897789371362,0.010854206112681859,0.24441050797407468,0.9667574572217642
2.123963414634131,0.7485045385887157,0.0,104.90205373702182,0.009804849174103488,0.8987689912488714,0.010806415005389024,0.24449019062072605,0.9673223305715208
2.124463414634131,0.7504017444613675,0.0,104.59325809547532,0.009749904646007019,0.8996401219316735,0.010759001828738478,0.24456987326737745,0.967882317838363
2.1249634146341307,0.7522989503340178,0.0,104.28644457309635,0.009695267367123341,0.9005111816074657,0.010711963906735535,0.24464955591402876,0.968437420327989
2.1254634146341305,0.7541961562066679,0.0,103.98160240586502,0.009640935776710815,0.9013821704639466,0.010665298570679677,0.24472923856068005,0.9689876393418301
2.1259634146341306,0.7560933620793198,0.0,103.67872088682023,0.0095869083140278,0.9022530886888152,0.010619003159246833,0.24480892120733141,0.9695329761770516
2.126463414634131,0.7579905679519716,0.0,103.37778936571405,0.009533183418332751,0.9031239364697686,0.010573075018570065,0.2448886038539828,0.9700734321265516
2.1269634146341305,0.7598877738246217,0.0,103.0787972487567,0.009479759528884121,0.9039947139945044,0.010527511502319179,0.2449682865006341,0.9706090084789636
2.1274634146341302,0.7617849796972718,0.0,102.78173399829817,0.009426635084940271,0.904865421450721,0.010482309971778504,0.2450479691472854,0.9711397065186578
2.1279634146341304,0.7636821855699236,0.0,102.48658913256179,0.009373808525759562,0.9057360590261174,0.010437467795924148,0.24512765179393678,0.971665527525741
2.1284634146341306,0.7655793914425755,0.0,102.19335222534018,0.009321278290600447,0.906606626908391,0.010392982351499533,0.24520733444058818,0.9721864727760572
2.1289634146341303,0.7674765973152256,0.0,101.90201290569225,0.009269042818721379,0.9074771252852388,0.010348851023089682,0.24528701708723946,0.9727025435411881
2.12946341463413,0.7693738031878758,0.0,101.61256085768515,0.00921710054938072,0.9083475543443599,0.010305071203194257,0.24536669973389078,0.9732137410884564
2.12996341463413,0.7712710090605277,0.0,101.3249858200612,0.009165449921836832,0.9092179142734529,0.01026164029229936,0.24544638238054217,0.9737200666809243
2.1304634146341304,0.7731682149331793,0.0,101.0392775860004,0.009114089375348165,0.9100882052602152,0.010218555698948254,0.24552606502719354,0.9742215215773942
2.13096341463413,0.7750654208058296,0.0,100.75542600278875,0.009063017349173174,0.910958427492344,0.010175814839810449,0.24560574767384485,0.9747181070324102
2.13146341463413,0.7769626266784797,0.0,100.47342097156356,0.009012232282570221,0.9118285811575382,0.01013341513974992,0.24568543032049614,0.9752098242962601
2.13196341463413,0.7788598325511316,0.0,100.1932524470148,0.008961732614797666,0.9126986664434964,0.010091354031891707,0.24576511296714754,0.9756966746149748
2.13246341463413,0.7807570384237834,0.0,99.91491043708152,0.008911516785113963,0.9135686835379162,0.010049628957687797,0.2458447956137989,0.9761786592303289
2.13296341463413,0.7826542442964335,0.0,99.63838500271153,0.008861583232777564,0.9144386326284946,0.010008237366981396,0.2459244782604502,0.9766557793798415
2.1334634146341296,0.7845514501690836,0.0,99.3636662575404,0.00881193039704683,0.9153085139029306,0.009967176718069834,0.2460041609071015,0.977128036296779
2.1339634146341298,0.7864486560417354,0.0,99.09074436762765,0.008762556717180126,0.9161783275489228,0.00992644447776687,0.24608384355375287,0.9775954312101541
2.13446341463413,0.7883458619143873,0.0,98.81960955116232,0.0087134606324359,0.9170480737541687,0.009886038121463301,0.24616352620040427,0.9780579653447263
2.1349634146341296,0.7902430677870373,0.0,98.55025207817583,0.008664640582072605,0.9179177527063654,0.00984595513318649,0.24624320884705556,0.9785156399210032
2.1354634146341294,0.7921402736596874,0.0,98.28266227030535,0.008616095005348606,0.918787364593212,0.009806193005658789,0.24632289149370687,0.9789684561552427
2.1359634146341295,0.7940374795323393,0.0,98.01683050046432,0.008567822341522265,0.9196569096024069,0.009766749240354724,0.24640257414035824,0.9794164152594521
2.1364634146341297,0.7959346854049911,0.0,97.75274719257632,0.008519821029852031,0.9205263879216476,0.009727621347557199,0.24648225678700963,0.979859518441389
2.1369634146341294,0.7978318912776414,0.0,97.49040282132204,0.008472089509596357,0.9213957997386314,0.009688806846412202,0.24656193943366095,0.980297766904562
2.137463414634129,0.7997290971502915,0.0,97.22978791181232,0.008424626220013604,0.9222651452410571,0.009650303264982691,0.24664162208031223,0.9807311618482336
2.1379634146341293,0.8016263030229434,0.0,96.97089303938643,0.00837742960036214,0.9231344246166234,0.009612108140301213,0.24672130472696363,0.9811597044674185
2.1384634146341295,0.8035235088955952,0.0,96.71370882925571,0.008330498089900414,0.9240036380530277,0.009574219018421409,0.246800987373615,0.9815833959528851
2.138963414634129,0.8054207147682454,0.0,96.45822595629082,0.008283830127886874,0.9248727857379673,0.00953663345446851,0.2468806700202663,0.9820022374911563
2.139463414634129,0.8073179206408955,0.0,96.20443514469204,0.008237424153579885,0.9257418678591408,0.009499349012688608,0.2469603526669176,0.9824162302645112
2.139963414634129,0.8092151265135473,0.0,95.95232716779012,0.008191278606237813,0.9266108846042472,0.009462363266496795,0.247040035313569,0.9828253754509849
2.1404634146341293,0.8111123323861992,0.0,95.7018928476998,0.008145391925119108,0.9274798361609837,0.009425673798524575,0.24711971796022036,0.9832296742243694
2.140963414634129,0.8130095382588493,0.0,95.45312305509123,0.008099762549482217,0.9283487227170477,0.009389278200665796,0.24719940060687168,0.983629127754214
2.1414634146341287,0.8149067441314993,0.0,95.20600870888231,0.008054388918585505,0.9292175444601378,0.009353174074121737,0.24727908325352296,0.9840237372058273
2.141963414634129,0.8168039500041512,0.0,94.96054077604217,0.008009269471687341,0.930086301577953,0.009317359029445235,0.24735876590017436,0.9844135037402776
2.142463414634129,0.818701155876803,0.0,94.71671027121137,0.007964402648046171,0.9309549942581905,0.009281830686583692,0.24743844854682573,0.9847984285143925
2.1429634146341288,0.8205983617494531,0.0,94.47450825655606,0.007919786886920441,0.9318236226885476,0.009246586674921056,0.24751813119347704,0.9851785126807604
2.1434634146341285,0.8224955676221033,0.0,94.23392584139596,0.007875420627568522,0.9326921870567231,0.009211624633318876,0.24759781384012833,0.9855537573877323
2.1439634146341287,0.8243927734947551,0.0,93.99495360698265,0.007831303072570192,0.9335606875785811,0.009176943018186081,0.24767749648677972,0.9859241637913555
2.144463414634129,0.8262899793674069,0.0,93.75755293070641,0.007787449602421122,0.9344291259046836,0.009142557379167277,0.2477571791334311,0.9862897336427812
2.1449634146341285,0.8281871852400571,0.0,93.52171333512139,0.007743839236905702,0.9352975023131573,0.009108444798204073,0.2478368617800824,0.9866504680901917
2.1454634146341283,0.8300843911127073,0.0,93.28742496359921,0.007700470821990193,0.9361658170542673,0.009074603394147052,0.2479165444267337,0.9870063682641924
2.1459634146341284,0.8319815969853591,0.0,93.05467801043773,0.007657343203640854,0.9370340703782786,0.00904103129097037,0.2479962270733851,0.9873574352897717
2.1464634146341286,0.8338788028580109,0.0,92.82346272050145,0.007614455227824021,0.9379022625354546,0.00900772661782722,0.24807590972003646,0.9877036702863022
2.1469634146341283,0.835776008730661,0.0,92.59376938888747,0.007571805740506031,0.9387703937760589,0.00897468750910423,0.24815559236668777,0.9880450743675419
2.147463414634128,0.8376732146033111,0.0,92.3655883605686,0.007529393587653143,0.9396384643503566,0.008941912104475098,0.24823527501333906,0.9883816486416352
2.147963414634128,0.839570420475963,0.0,92.13891003012262,0.0074872176152316165,0.9405064745086126,0.008909398548953494,0.24831495765999045,0.9887133942111149
2.1484634146341284,0.8414676263486148,0.0,91.91372484129954,0.007445276669207789,0.9413744245010905,0.00887714499294498,0.24839464030664182,0.9890403121729008
2.148963414634128,0.8433648322212649,0.0,91.69002328675369,0.007403569595547995,0.9422423145780539,0.008845149592298214,0.24847432295329314,0.989362403618302
2.149463414634128,0.845262038093915,0.0,91.46779590769229,0.0073620952402184935,0.9431101449897675,0.008813410508355038,0.24855400559994442,0.9896796696330189
2.149963414634128,0.8471592439665668,0.0,91.24703329355576,0.007320852449185548,0.9439779159864967,0.00878192590800011,0.24863368824659582,0.9899921112971428
2.150463414634128,0.8490564498392187,0.0,91.02772608163936,0.007279840068415492,0.944845627818505,0.008750693963709453,0.2487133708932472,0.9902997296851567
2.150963414634128,0.8509536557118688,0.0,90.80986495684215,0.00723905694387466,0.9457132807360557,0.008719712853598257,0.24879305353989847,0.9906025258659366
2.1514634146341276,0.8528508615845191,0.0,90.5934406512854,0.007198501921529313,0.9465808749894139,0.008688980761467681,0.2488727361865498,0.9909005009027531
2.1519634146341278,0.8547480674571709,0.0,90.37844394397453,0.007158173847345714,0.9474484108288447,0.008658495876851096,0.24895241883320118,0.991193655853272
2.152463414634128,0.8566452733298225,0.0,90.16486566052207,0.007118071567290196,0.9483158885046116,0.00862825639505931,0.24903210147985255,0.9914819917695544
2.1529634146341277,0.8585424792024728,0.0,89.95269667280031,0.007078193927329094,0.9491833082669779,0.008598260517225112,0.24911178412650387,0.9917655096980581
2.1534634146341274,0.8604396850751229,0.0,89.74192789860744,0.007038539773428667,0.950050670366209,0.008568506450346791,0.24919146677315515,0.9920442106796393
2.1539634146341275,0.8623368909477748,0.0,89.53255030136458,0.006999107951555181,0.9509179750525698,0.008538992407330932,0.24927114941980655,0.9923180957495531
2.1544634146341277,0.8642340968204266,0.0,89.32455488979079,0.0069598973076749684,0.9517852225763237,0.008509716607034572,0.24935083206645792,0.9925871659374533
2.1549634146341274,0.8661313026930767,0.0,89.11793271758502,0.006920906687754361,0.9526524131877343,0.00848067727430634,0.24943051471310923,0.9928514222673946
2.155463414634127,0.8680285085657268,0.0,88.91267488310972,0.006882134937759623,0.9535195471370665,0.008451872640026722,0.24951019735976052,0.9931108657578336
2.1559634146341273,0.8699257144383786,0.0,88.70877252908163,0.006843580903657017,0.9543866246745857,0.008423300941147778,0.2495898800064119,0.993365497421629
2.1564634146341275,0.8718229203110305,0.0,88.50621684224028,0.006805243431412876,0.955253646050555,0.008394960420731968,0.24966956265306328,0.9936153182660427
2.156963414634127,0.8737201261836806,0.0,88.3049990530476,0.006767121366993531,0.9561206115152381,0.00836684932799,0.2497492452997146,0.9938603292927403
2.157463414634127,0.8756173320563309,0.0,88.10511043538872,0.006729213556365247,0.9569875213189,0.008338965918318153,0.24982892794636588,0.9941005314977931
2.157963414634127,0.8775145379289825,0.0,87.9065423062389,0.006691518845494288,0.9578543757118058,0.008311308453334606,0.24990861059301725,0.9943359258716785
2.1584634146341273,0.8794117438016343,0.0,87.7092860253906,0.006654036080346985,0.9587211749442189,0.008283875200915256,0.24998829323966865,0.99456651339928
2.158963414634127,0.8813089496742846,0.0,87.51333299509376,0.00661676410688967,0.959587919266403,0.008256664435228385,0.25006797588631996,0.9947922950598892
2.1594634146341267,0.8832061555469347,0.0,87.3186746597859,0.006579701771088606,0.9604546089286229,0.008229674436768846,0.2501476585329713,0.9950132718272061
2.159963414634127,0.8851033614195866,0.0,87.12530250579381,0.006542847918910059,0.9613212441811437,0.008202903492391419,0.25022734117962264,0.9952294446693408
2.160463414634127,0.8870005672922384,0.0,86.93320806100755,0.006506201396320362,0.9621878252742291,0.008176349895343434,0.250307023826274,0.9954408145488131
2.160963414634127,0.8888977731648885,0.0,86.74238289460853,0.006469761049285842,0.9630543524581424,0.008150011945296486,0.2503867064729253,0.9956473824225537
2.1614634146341265,0.8907949790375386,0.0,86.55281861673451,0.0064335257237727655,0.9639208259831487,0.008123887948377626,0.25046638911957664,0.9958491492419062
2.1619634146341267,0.8926921849101904,0.0,86.36450687819298,0.006397494265747399,0.964787246099513,0.008097976217199574,0.250546071766228,0.9960461159526267
2.162463414634127,0.8945893907828423,0.0,86.17743937019328,0.006361665521176073,0.965653613057499,0.008072275070890535,0.2506257544128794,0.9962382834948852
2.1629634146341266,0.8964865966554924,0.0,85.99160782402171,0.006326038336025116,0.9665199271073699,0.008046782835122931,0.2507054370595307,0.9964256528032659
2.1634634146341263,0.8983838025281424,0.0,85.80700401073558,0.006290611556260794,0.967386188499391,0.008021497842141585,0.250785119706182,0.9966082248067689
2.1639634146341264,0.9002810084007943,0.0,85.62361974090543,0.006255384027849374,0.9682523974838272,0.007996418430791168,0.25086480235283337,0.9967860004288109
2.1644634146341266,0.9021782142734461,0.0,85.44144686428847,0.006220354596757185,0.9691185543109421,0.007971542946543085,0.25094448499948474,0.996958980587225
2.1649634146341263,0.9040754201460962,0.0,85.26047726958508,0.0061855221089505575,0.9699846592309991,0.007946869741521381,0.25102416764613605,0.9971271661942626
2.165463414634126,0.9059726260187465,0.0,85.080702884092,0.006150885410395756,0.9708507124942634,0.007922397174528131,0.25110385029278737,0.9972905581565941
2.1659634146341262,0.9078698318913984,0.0,84.90211567346715,0.006116443347059049,0.9717167143509997,0.007898123611068092,0.25118353293943874,0.9974491573753095
2.1664634146341264,0.90976703776405,0.0,84.72470764138582,0.0060821947649067655,0.972582665051472,0.007874047423372882,0.2512632155860901,0.997602964745919
2.166963414634126,0.9116642436367003,0.0,84.5484708293372,0.006048138509905234,0.9734485648459434,0.007850166990424115,0.2513428982327414,0.9977519811583544
2.167463414634126,0.9135614495093504,0.0,84.37339731626017,0.00601427342802072,0.9743144139846792,0.007826480697976168,0.25142258087939273,0.9978962074969693
2.167963414634126,0.9154586553820022,0.0,84.19947921830777,0.005980598365219493,0.9751802127179443,0.0078029869385782035,0.2515022635260441,0.9980356446405405
2.168463414634126,0.9173558612546541,0.0,84.0267086885611,0.005947112167467881,0.9760459612960022,0.0077796841115955985,0.25158194617269547,0.9981702934622684
2.168963414634126,0.9192530671273041,0.0,83.85507791673297,0.005913813680732211,0.9769116599691164,0.007756570623230681,0.2516616288193468,0.9983001548297777
2.1694634146341256,0.9211502729999542,0.0,83.68457912891337,0.005880701750978752,0.9777773089875521,0.007733644886542828,0.2517413114659981,0.9984252296051188
2.169963414634126,0.9230474788726061,0.0,83.51520458727019,0.005847775224173771,0.9786429086015742,0.007710905321468047,0.25182099411264947,0.9985455186447681
2.170463414634126,0.9249446847452579,0.0,83.34694658979176,0.005815032946283597,0.9795084590614462,0.00768835035483792,0.25190067675930083,0.9986610227996288
2.1709634146341257,0.926841890617908,0.0,83.17979747000753,0.005782473763274556,0.9803739606174318,0.007665978420397887,0.25198035940595215,0.9987717429150315
2.1714634146341254,0.9287390964905583,0.0,83.0137495967218,0.005750096521112918,0.9812394135197957,0.007643787958824974,0.25206004205260346,0.9988776798307359
2.1719634146341256,0.9306363023632099,0.0,82.84879537372593,0.0057179000657649505,0.9821048180188032,0.007621777417745022,0.25213972469925483,0.9989788343809306
2.1724634146341257,0.9325335082358618,0.0,82.68492001153672,0.0056858906719585035,0.9829701747421965,0.007599952004233118,0.2522194073459062,0.9990752074352317
2.1729634146341255,0.9344307141085121,0.0,82.52209890341975,0.005654066027624761,0.9838354848342158,0.007578309082846171,0.2522990899925575,0.9991667999025993
2.173463414634125,0.9363279199811622,0.0,82.36032580648978,0.005622417804595305,0.9847007484834569,0.00755684059251658,0.2523787726392088,0.9992536125734488
2.1739634146341253,0.938225125853814,0.0,82.19959317599645,0.005590945165835648,0.985565965948202,0.007535545301167145,0.2524584552858602,0.9993356462404067
2.1744634146341255,0.9401223317264659,0.0,82.03989350068225,0.005559647274311361,0.9864311374867316,0.007514421980605446,0.25253813793251156,0.9994129016903572
2.1749634146341252,0.9420195375991159,0.0,81.8812193025585,0.005528523292988013,0.9872962633573262,0.007493469406553019,0.2526178205791629,0.9994853797044438
2.175463414634125,0.943916743471766,0.0,81.72356313661473,0.005497572384831117,0.9881613438182679,0.007472686358674247,0.2526975032258142,0.99955308105807
2.175963414634125,0.9458139493444179,0.0,81.5669175905579,0.0054667937128061875,0.9890263791278386,0.007452071620604687,0.25277718587246556,0.9996160065208994
2.1764634146341253,0.9477111552170697,0.0,81.4112752846043,0.005436186439878794,0.989891369544319,0.007431623979978883,0.25285686851911693,0.9996741568568573
2.176963414634125,0.9496083610897198,0.0,81.25662887114206,0.0054057497290145055,0.9907563153259893,0.007411342228457669,0.25293655116576824,0.999727532824131
2.1774634146341247,0.9515055669623699,0.0,81.10297103453735,0.005375482743178835,0.9916212167311318,0.007391225161754826,0.25301623381241956,0.99977613517517
2.177963414634125,0.9534027728350217,0.0,80.95029449083985,0.005345384645337299,0.9924860740180284,0.007371271579663468,0.2530959164590709,0.9998199646566883
2.178463414634125,0.9552999787076736,0.0,80.79859198755769,0.005315454598455466,0.9933508874449597,0.007351480286081731,0.2531755991057223,0.9998590220096633
2.178963414634125,0.9571971845803237,0.0,80.64785630339414,0.0052856917654989025,0.9942156572702061,0.007331850089038029,0.2532552817523736,0.9998933079693376
2.1794634146341245,0.959094390452974,0.0,80.49808024800286,0.005256095309433124,0.9950803837520497,0.007312379800715723,0.2533349643990249,0.9999228232652198
2.1799634146341247,0.9609915963256258,0.0,80.3492566617052,0.005226664393223646,0.9959450671487725,0.007293068237477397,0.2534146470456763,0.9999475686210842
2.180463414634125,0.9628888021982774,0.0,80.20137841531024,0.005197398179836037,0.9968097077186551,0.0072739142198885946,0.25349432969232766,0.9999675447549732
2.1809634146341246,0.9647860080709277,0.0,80.05443840980696,0.005168295832235865,0.997674305719978,0.007254916572740999,0.25357401233897897,0.999982752379196
2.1814634146341243,0.9666832139435778,0.0,79.90842957613656,0.0051393565133886435,0.998538861411023,0.007236074125075136,0.2536536949856303,0.999993192200331
2.1819634146341245,0.9685804198162297,0.0,79.76334487496631,0.005110579386259891,0.9994033750500724,0.007217385710202619,0.25373337763228165,0.9999988649192255
2.1824634146341246,0.9704776256888815,0.0,79.61917729644239,0.005081963613815172,1.0002678468954065,0.007198850165727884,0.253813060278933,0.9999997712309969
2.1829634146341244,0.9723748315615316,0.0,79.47591985993297,0.005053508359020057,1.001132277205306,0.007180466333569438,0.25389274292558434,0.999995911825033
2.183463414634124,0.9742720374341817,0.0,79.3335656138008,0.005025212784840059,1.0019966662380528,0.007162233059980518,0.25397242557223565,0.9999872873849931
2.1839634146341242,0.9761692433068335,0.0,79.19210763517742,0.004997076054240696,1.002861014251929,0.0071441491955694155,0.254052108218887,0.9999738985888083
2.1844634146341244,0.9780664491794854,0.0,79.05153902969379,0.004969097330187534,1.003725321505215,0.007126213595319293,0.2541317908655384,0.9999557461086823
2.184963414634124,0.9799636550521355,0.0,78.911852931291,0.0049412757756461395,1.0045895882561917,0.00710842511860741,0.2542114735121897,0.9999328306110926
2.185463414634124,0.9818608609247857,0.0,78.77304250196518,0.004913610553582031,1.0054538147631407,0.007090782629223925,0.254291156158841,0.99990515275679
2.185963414634124,0.9837580667974374,0.0,78.63510093151953,0.004886100826960723,1.006318001284344,0.00707328499539026,0.2543708388054924,0.9998727132008005
2.186463414634124,0.9856552726700892,0.0,78.49802143736255,0.004858745758747783,1.0071821480780823,0.007055931089776998,0.25445052145214375,0.9998355125924251
2.186963414634124,0.9875524785427395,0.0,78.36179726426312,0.004831544511908777,1.0080462554026361,0.007038719789521298,0.25453020409879507,0.9997935515752409
2.1874634146341236,0.9894496844153896,0.0,78.22642168414028,0.004804496249409222,1.0089103235162875,0.007021649976243728,0.2546098867454464,0.9997468307871017
2.187963414634124,0.9913468902880415,0.0,78.09188799581034,0.004777600134214635,1.0097743526773182,0.007004720536064827,0.25468956939209775,0.9996953508601384
2.188463414634124,0.9932440961606933,0.0,77.95818952479628,0.004750855329290583,1.0106383431440091,0.006987930359621115,0.2547692520387491,0.99963911242076
2.1889634146341237,0.9951413020333434,0.0,77.8253196230777,0.00472426099760263,1.0115022951746406,0.006971278342080661,0.25484893468540043,0.9995781160896539
2.1894634146341234,0.9970385079059935,0.0,77.69327166888112,0.004697816302116295,1.0123662090274947,0.006954763383158126,0.25492861733205174,0.9995123624817867
2.1899634146341236,0.9989357137786453,0.0,77.56203906647167,0.004671520405797096,1.0132300849608533,0.00693838438712952,0.2550082999787031,0.999441852206405
2.1904634146341238,1.0008329196512973,0.0,77.43161524590745,0.004645372471610596,1.014093923232997,0.006922140262846407,0.2550879826253545,0.9993665858670356
2.1909634146341235,1.0027301255239474,0.0,77.30199366285095,0.004619371662522363,1.0149577241022065,0.0069060299237496785,0.2551676652720058,0.9992865640614869
2.191463414634123,1.0046273313965974,0.0,77.17316779834842,0.004593517141497913,1.0158214878267635,0.0068900522878828935,0.2552473479186571,0.9992017873818482
2.1919634146341234,1.0065245372692493,0.0,77.0451311585944,0.004567808071502766,1.0166852146649503,0.006874206277905219,0.2553270305653085,0.9991122564144915
2.1924634146341235,1.0084217431419011,0.0,76.91787727474741,0.004542243615502485,1.0175489048750472,0.0068584908211039766,0.25540671321195985,0.9990179717400719
2.1929634146341233,1.0103189490145512,0.0,76.79139970270833,0.004516822936462637,1.018412558715335,0.006842904849406689,0.25548639585861116,0.9989189339335279
2.193463414634123,1.0122161548872013,0.0,76.66569202290592,0.0044915451973487385,1.0192761764440954,0.00682744729939273,0.2555660785052625,0.998815143564082
2.193963414634123,1.0141133607598531,0.0,76.54074784010032,0.00446640956112631,1.0201397583196106,0.0068121171123045835,0.25564576115191384,0.9987066011952414
2.1944634146341233,1.016010566632505,0.0,76.41656078317148,0.004441415190760914,1.021003304600161,0.006796913234058785,0.2557254437985652,0.9985933073847987
2.194963414634123,1.017907772505155,0.0,76.29312450491453,0.004416561249218115,1.0218668155440271,0.006781834615256259,0.2558051264452165,0.9984752626848326
2.1954634146341228,1.0198049783778051,0.0,76.17043268182579,0.004391846899463434,1.0227302914094913,0.006766880211192452,0.25588480909186784,0.9983524676417079
2.195963414634123,1.021702184250457,0.0,76.0484790139231,0.004367271304462388,1.0235937324548352,0.006752048981866951,0.2559644917385192,0.9982249227960767
2.196463414634123,1.0235993901231089,0.0,75.92725722453464,0.004342833627180543,1.0244571389383395,0.006737339891992848,0.2560441743851706,0.9980926286828787
2.196963414634123,1.025496595995759,0.0,75.80676106010036,0.0043185330305834605,1.0253205111182846,0.0067227519110056085,0.2561238570318219,0.9979555858313419
2.1974634146341225,1.027393801868409,0.0,75.68698428996923,0.00429436867763666,1.0261838492529527,0.006708284013071561,0.2562035396784732,0.9978137947649829
2.1979634146341227,1.0292910077410609,0.0,75.56792070621461,0.004270339731305665,1.0270471536006256,0.006693935177096113,0.25628322232512457,0.9976672560016077
2.198463414634123,1.0311882136137127,0.0,75.44956412342349,0.004246445354556035,1.027910424419584,0.006679704386731584,0.25636290497177594,0.9975159700533122
2.1989634146341226,1.0330854194863628,0.0,75.3319083785421,0.004222684710353334,1.0287736619681085,0.0066655906303846445,0.25644258761842725,0.9973599374264829
2.1994634146341223,1.0349826253590133,0.0,75.21494733061905,0.004199056961663083,1.0296368665044808,0.006651592901223389,0.25652227026507857,0.9971991586217971
2.1999634146341225,1.0368798312316647,0.0,75.09867486068659,0.0041755612714508014,1.0305000382869831,0.006637710197184111,0.25660195291172994,0.9970336341342237
2.2004634146341226,1.0387770371043166,0.0,74.98308487151763,0.004152196802682053,1.031363177573896,0.006623941520977789,0.2566816355583813,0.9968633644530238
2.2009634146341224,1.040674242976967,0.0,74.868171686274,0.004128962839898826,1.0322262846016128,0.006610285974287275,0.2567613182050326,0.9966883500662496
2.201463414634122,1.0425714488496172,0.0,74.75397424556343,0.004105873703910344,1.033089357157021,0.006596754280428581,0.25684100085168393,0.996508591973645
2.2019634146341223,1.044468654722269,0.0,74.64042760720022,0.004082912030057487,1.0339523987307617,0.006583332625288117,0.2569206834983353,0.9963240899886077
2.2024634146341224,1.0463658605949209,0.0,74.52752651137254,0.004060077229826509,1.0348154095414448,0.006570020229938352,0.25700036614498667,0.9961348445741757
2.202963414634122,1.048263066467571,0.0,74.41526571665108,0.004037368714703666,1.0356783898076802,0.006556816318070162,0.257080048791638,0.9959408561885562
2.203463414634122,1.050160272340221,0.0,74.30363999978626,0.0040147858961751765,1.0365413397480794,0.006543720116008879,0.2571597314382893,0.9957421252851257
2.203963414634122,1.0520574782128729,0.0,74.1926441556095,0.0039923281857272555,1.0374042595812538,0.00653073085272994,0.25723941408494067,0.9955386523124304
2.204463414634122,1.0539546840855247,0.0,74.08227299688679,0.003969994994846158,1.038267149525813,0.006517847759874317,0.25731909673159203,0.9953304377141872
2.204963414634122,1.0558518899581748,0.0,73.97252135413522,0.0039477857350181415,1.039130009800367,0.006505070071763649,0.25739877937824335,0.9951174819292831
2.2054634146341217,1.0577490958308249,0.0,73.86338407550059,0.003925699817729421,1.0399928406235275,0.006492397025414922,0.25747846202489466,0.9948997853917766
2.205963414634122,1.0596463017034767,0.0,73.75485602661928,0.003903736654466215,1.0408556422139057,0.006479827860555035,0.25755814467154603,0.9946773485308971
2.206463414634122,1.0615435075761286,0.0,73.64693209048151,0.003881895656714778,1.0417184147901113,0.006467361819635011,0.2576378273181974,0.9944501717710467
2.2069634146341217,1.0634407134487787,0.0,73.53960716725787,0.0038601762359613653,1.0425811585707545,0.0064549981478438405,0.2577175099648487,0.9942182555317993
2.2074634146341214,1.0653379193214287,0.0,73.43287617420224,0.003838577803692194,1.0434438737744465,0.00644273609312207,0.2577971926115,0.9939816002279017
2.2079634146341216,1.0672351251940806,0.0,73.32673404546973,0.003817099771393482,1.0443065606197985,0.006430574906175077,0.2578768752581514,0.9937402062692733
2.2084634146341218,1.0691323310667324,0.0,73.22117573202176,0.003795741550551484,1.045169219325421,0.006418513840486139,0.25795655790480276,0.9934940740610078
2.2089634146341215,1.0710295369393825,0.0,73.11619620145682,0.003774502552652455,1.0460318501099233,0.006406552152329092,0.2580362405514541,0.9932432040033723
2.209463414634121,1.0729267428120326,0.0,73.01179043787462,0.003753382189182612,1.046894453191917,0.006394689100780689,0.2581159231981054,0.9929875964918083
2.2099634146341214,1.0748239486846844,0.0,72.90795344177359,0.003732379871628173,1.0477570287900138,0.006382923947732758,0.25819560584475676,0.9927272519169318
2.2104634146341215,1.0767211545573363,0.0,72.80468022988481,0.003711495011475393,1.048619577122823,0.006371255957904047,0.25827528849140813,0.992462170664534
2.2109634146341213,1.0786183604299864,0.0,72.70196583505017,0.0036907270202105264,1.049482098408955,0.006359684398851708,0.25835497113805944,0.992192353115582
2.211463414634121,1.0805155663026365,0.0,72.5998053060853,0.0036700753093197908,1.050344592867021,0.006348208540982532,0.25843465378471075,0.9919177996462178
2.211963414634121,1.0824127721752883,0.0,72.49819370766512,0.0036495392902894043,1.0512070607156323,0.006336827657563899,0.2585143364313621,0.99163851062776
2.2124634146341213,1.0843099780479402,0.0,72.39712612017294,0.0036291183746056214,1.052069502173399,0.0063255410247344945,0.2585940190780135,0.9913544864267041
2.212963414634121,1.0862071839205902,0.0,72.29659763960939,0.003608811973754696,1.0529319174589307,0.006314347921514632,0.2586737017246648,0.9910657274047224
2.2134634146341208,1.0881043897932408,0.0,72.19660337739026,0.003588619499222847,1.053794306790839,0.006303247629816354,0.2587533843713161,0.9907722339186642
2.213963414634121,1.0900015956658922,0.0,72.09713846031102,0.003568540362496292,1.0546566703877354,0.006292239434453231,0.2588330670179675,0.9904740063205563
2.214463414634121,1.091898801538544,0.0,71.99819803035737,0.0035485739750612854,1.0555190084682295,0.006281322623149956,0.25891274966461886,0.9901710449576041
2.214963414634121,1.0937960074111945,0.0,71.89977724461849,0.0035287197484040805,1.0563813212509314,0.0062704964865515425,0.25899243231127017,0.9898633501721915
2.2154634146341206,1.0956932132838446,0.0,71.80187127512653,0.0035089770940108967,1.0572436089544526,0.006259760318232283,0.2590721149579215,0.9895509223018805
2.2159634146341207,1.0975904191564965,0.0,71.70447530876652,0.0034893454233679523,1.0581058717974041,0.006249113414704483,0.25915179760457285,0.9892337616794121
2.216463414634121,1.0994876250291483,0.0,71.60758454714465,0.0034698241479615005,1.0589681099983963,0.006238555075426909,0.2592314802512242,0.9889118686327074
2.2169634146341206,1.1013848309017984,0.0,71.5111942064843,0.003450412679277796,1.0598303237760385,0.006228084602812878,0.25931116289787554,0.9885852434848673
2.2174634146341203,1.1032820367744485,0.0,71.41529951745926,0.0034311104288030562,1.0606925133489427,0.006217701302238186,0.25939084554452685,0.9882538865541722
2.2179634146341205,1.1051792426471003,0.0,71.319895725129,0.0034119168080235015,1.0615546789357198,0.006207404482048713,0.2594705281911782,0.9879177981540831
2.2184634146341207,1.1070764485197522,0.0,71.22497808880067,0.0033928312284253843,1.0624168207549798,0.006197193453567795,0.2595502108378296,0.9875769785932421
2.2189634146341204,1.1089736543924023,0.0,71.1305418819081,0.0033738531014949583,1.0632789390253328,0.006187067531103303,0.2596298934844809,0.9872314281754726
2.21946341463412,1.1108708602650523,0.0,71.0365823918917,0.0033549818387184423,1.0641410339653903,0.006177026031954434,0.2597095761311322,0.9868811471997788
2.2199634146341203,1.1127680661377042,0.0,70.94309492011683,0.003336216851582056,1.0650031057937632,0.006167068276418319,0.2597892587777836,0.986526135960347
2.2204634146341204,1.114665272010356,0.0,70.850074781724,0.0033175575515720524,1.0658651547290618,0.006157193587796349,0.25986894142443495,0.9861663947465458
2.22096341463412,1.116562477883006,0.0,70.7575173055493,0.003299003350174684,1.0667271809898957,0.006147401292400212,0.25994862407108627,0.9858019238429263
2.22146341463412,1.1184596837556562,0.0,70.66541783397673,0.0032805536588761705,1.0675891847948766,0.006137690719557689,0.2600283067177376,0.985432723529222
2.22196341463412,1.120356889628308,0.0,70.57377172287136,0.0032622078891627318,1.0684511663626157,0.006128061201618217,0.26010798936438895,0.9850587940803492
2.2224634146341202,1.12225409550096,0.0,70.48257434142327,0.0032439654525206205,1.069313125911723,0.006118512073958228,0.2601876720110403,0.9846801357664082
2.22296341463412,1.12415130137361,0.0,70.39182107210385,0.0032258257604360894,1.0701750636608083,0.006109042674986226,0.26026735465769163,0.9842967488526834
2.2234634146341197,1.12604850724626,0.0,70.30150731049076,0.003207788224395358,1.0710369798284831,0.006099652346147533,0.26034703730434294,0.9839086335996419
2.22396341463412,1.127945713118912,0.0,70.21162846520524,0.003189852255884646,1.0718988746333586,0.006090340431928966,0.2604267199509943,0.9835157902629356
2.22446341463412,1.1298429189915637,0.0,70.1221799577973,0.003172017266390206,1.0727607482940449,0.0060811062798631806,0.2605064025976457,0.9831182190934012
2.2249634146341197,1.1317401248642138,0.0,70.03315722265341,0.0031542826673982907,1.0736226010291516,0.006071949240532736,0.260586085244297,0.9827159203370611
2.2254634146341195,1.133637330736864,0.0,69.94455570686279,0.00313664787039512,1.0744844330572905,0.006062868667574045,0.2606657678909483,0.9823088942351212
2.2259634146341196,1.1355345366095158,0.0,69.8563708701482,0.003119112286866914,1.0753462445970727,0.006053863917681011,0.2607454505375997,0.9818971410239735
2.22646341463412,1.1374317424821676,0.0,69.76859818476608,0.003101675328299925,1.0762080358671082,0.006044934350608469,0.26082513318425105,0.9814806609351963
2.2269634146341195,1.1393289483548177,0.0,69.68123313537617,0.0030843364061804044,1.077069807086007,0.006036079329175462,0.26090481583090236,0.9810594541955538
2.2274634146341192,1.1412261542274682,0.0,69.594271218986,0.0030670949319945733,1.0779315584723803,0.006027298219268146,0.2609844984775537,0.9806335210269961
2.2279634146341194,1.1431233601001196,0.0,69.50770794481195,0.0030499503172286523,1.0787932902448396,0.006018590389842655,0.26106418112420504,0.9802028616466596
2.2284634146341196,1.1450205659727715,0.0,69.42153883422594,0.003032901973368893,1.0796550026219947,0.006009955212927673,0.2611438637708564,0.9797674762668687
2.2289634146341193,1.146917771845422,0.0,69.33575942062915,0.0030159493119015467,1.0805166958224555,0.00600139206362681,0.2612235464175077,0.9793273650951345
2.229463414634119,1.148814977718072,0.0,69.25036524936922,0.0029990917443128346,1.0813783700648334,0.0059929003201207405,0.26130322906415904,0.9788825283341551
2.229963414634119,1.150712183590724,0.0,69.16535187763728,0.0029823286820889775,1.08224002556774,0.00598447936366919,0.2613829117108104,0.9784329661818159
2.2304634146341193,1.1526093894633758,0.0,69.08071487440802,0.002965659536716227,1.083101662549785,0.005976128578612743,0.2614625943574618,0.9779786788311916
2.230963414634119,1.1545065953360258,0.0,68.99644982031793,0.002949083719680834,1.083963281229578,0.005967847352374387,0.2615422770041131,0.9775196664705446
2.231463414634119,1.156403801208676,0.0,68.91255230758667,0.0029326006424690194,1.0848248818257311,0.0059596350754609,0.2616219596507644,0.9770559292833251
2.231963414634119,1.1583010070813278,0.0,68.8290179399287,0.0029162097165670057,1.0856864645568551,0.005951491141464097,0.26170164229741577,0.9765874674481723
2.232463414634119,1.1601982129539796,0.0,68.74584233246632,0.002899910353461043,1.0865480296415602,0.00594341494706182,0.26178132494406714,0.9761142811389146
2.232963414634119,1.1620954188266297,0.0,68.66302111164352,0.002883701964637382,1.0874095772984562,0.005935405892018834,0.26186100759071845,0.9756363705245702
2.2334634146341186,1.1639926246992798,0.0,68.58054991514099,0.002867583961582245,1.0882711077461544,0.0059274633791874375,0.26194069023736977,0.9751537357693456
2.2339634146341187,1.1658898305719316,0.0,68.49842439179744,0.0028515557557818533,1.0891326212032664,0.005919586814508011,0.26202037288402114,0.9746663770326373
2.234463414634119,1.1677870364445835,0.0,68.4166814936874,0.0028356258831317995,1.0899941155177149,0.005911781439723493,0.2621000555306725,0.974174295829669
2.2349634146341186,1.1696842423172336,0.0,68.33529162795261,0.002819788676766876,1.0908555923551937,0.005904043379591417,0.2621797381773238,0.9736774915108
2.2354634146341184,1.1715814481898836,0.0,68.25422815620207,0.0028040386942916476,1.091717053215665,0.005896368942186335,0.26225942082397513,0.9731759634867183
2.2359634146341185,1.1734786540625355,0.0,68.17348777780255,0.002788375538838662,1.0925784982604936,0.005888757671862651,0.2623391034706265,0.972669711925484
2.2364634146341187,1.1753758599351873,0.0,68.09306720044475,0.0027727988135404953,1.093439927651043,0.005881209114628922,0.26241878611727787,0.9721587369916067
2.2369634146341184,1.1772730658078374,0.0,68.01296314006106,0.0027573081215297233,1.0943013415486758,0.005873722818155488,0.2624984687639292,0.971643038846046
2.237463414634118,1.1791702716804875,0.0,67.9331723208165,0.0027419030659388945,1.0951627401147568,0.005866298331781951,0.2625781514105805,0.9711226176462093
2.2379634146341183,1.1810674775531393,0.0,67.85369147500694,0.002726583249900557,1.096024123510651,0.005858935206524528,0.26265783405723186,0.9705974735459543
2.2384634146341185,1.1829646834257912,0.0,67.77451734303568,0.0027113482765472874,1.096885491897721,0.005851632995083189,0.26273751670388323,0.9700676066955887
2.238963414634118,1.1848618892984413,0.0,67.69564667334896,0.0026961977490116604,1.0977468454373305,0.0058443912518486695,0.26281719935053455,0.9695330172418706
2.239463414634118,1.1867590951710913,0.0,67.61707622237756,0.002681131270426225,1.0986081842908437,0.00583720953290928,0.26289688199718586,0.968993705328007
2.239963414634118,1.1886563010437432,0.0,67.538802754489,0.00266614844392353,1.0994695086196256,0.005830087396057582,0.26297656464383723,0.9684496710936551
2.2404634146341182,1.190553506916395,0.0,67.46082304193537,0.002651248872636151,1.1003308185850391,0.005823024400796899,0.2630562472904886,0.9679009146749233
2.240963414634118,1.1924507127890451,0.0,67.38313386481194,0.002636432159696663,1.1011921143484475,0.0058160201083476614,0.2631359299371399,0.9673474362043709
2.2414634146341177,1.1943479186616952,0.0,67.30573201099058,0.0026216979082376154,1.1020533960712153,0.005809074081653569,0.2632156125837912,0.9667892358110065
2.241963414634118,1.196245124534347,0.0,67.22861427606406,0.0026070457213915564,1.1029146639147074,0.005802185885387622,0.2632952952304426,0.9662263136202897
2.242463414634118,1.198142330406999,0.0,67.15177746331169,0.002592475202291062,1.1037759180402866,0.005795355085957982,0.26337497787709396,0.9656586697541317
2.2429634146341177,1.200039536279649,0.0,67.07521838365494,0.002577985954068707,1.1046371586093164,0.005788581251513679,0.2634546605237453,0.9650863043308953
2.2434634146341175,1.2019367421522995,0.0,66.9989338555933,0.00256357757985704,1.1054983857831613,0.005781863951950114,0.2635343431703966,0.9645092174653931
2.2439634146341176,1.2038339480249514,0.0,66.92292070515084,0.002549249682788611,1.1063595997231859,0.005775202758914482,0.26361402581704796,0.9639274092688893
2.244463414634118,1.2057311538976032,0.0,66.84717576584418,0.002535001865995995,1.1072208005907533,0.005768597245810973,0.26369370846369933,0.9633408798491004
2.2449634146341175,1.2076283597702533,0.0,66.77169587865068,0.002520833732611766,1.1080819885472266,0.005762046987805844,0.26377339111035064,0.962749629310195
2.2454634146341172,1.2095255656429034,0.0,66.69647789190032,0.002506744885768474,1.1089431637539708,0.005755551561832329,0.26385307375700195,0.9621536577527917
2.2459634146341174,1.2114227715155552,0.0,66.62151866131205,0.002492734928598669,1.1098043263723503,0.00574911054659536,0.2639327564036533,0.9615529652739617
2.2464634146341176,1.213319977388207,0.0,66.54681504987659,0.0024788034642349247,1.1106654765637283,0.0057427235225762305,0.2640124390503047,0.9609475519672287
2.2469634146341173,1.2152171832608571,0.0,66.47236392785777,0.0024649500958098163,1.111526614489468,0.005736390072036981,0.264092121696956,0.9603374179225689
2.247463414634117,1.2171143891335072,0.0,66.39816217273818,0.0024511744264558927,1.112387740310934,0.00573010977902471,0.2641718043436073,0.9597225632264097
2.247963414634117,1.219011595006159,0.0,66.32420666916019,0.002437476059305705,1.1132488541894907,0.005723882229375707,0.2642514869902587,0.959102987961631
2.2484634146341174,1.220908800878811,0.0,66.25049430889312,0.002423854597491827,1.1141099562865016,0.005717707010719453,0.26433116963691006,0.958478692207566
2.248963414634117,1.222806006751461,0.0,66.17702199079602,0.002410309644146832,1.1149710467633298,0.005711583712482451,0.26441085228356137,0.9578496760400007
2.249463414634117,1.224703212624111,0.0,66.10378662076036,0.0023968408024032713,1.1158321257813397,0.005705511925891898,0.2644905349302127,0.9572159395311731
2.249963414634117,1.226600418496763,0.0,66.03078511169954,0.0023834476753936944,1.1166931935018964,0.005699491243979223,0.26457021757686405,0.9565774827497735
2.250463414634117,1.2284976243694148,0.0,65.95801438346203,0.0023701298662506757,1.1175542500863627,0.0056935212615835135,0.2646499002235154,0.9559343057609467
2.250963414634117,1.2303948302420649,0.0,65.88547136283738,0.002356886978106789,1.1184152956961018,0.005687601575354716,0.26472958287016674,0.9552864086262908
2.2514634146341166,1.232292036114715,0.0,65.81315298349608,0.0023437186140945845,1.1192763304924782,0.005681731783756756,0.26480926551681805,0.9546337914038556
2.2519634146341168,1.2341892419873668,0.0,65.74105618592014,0.002330624377346613,1.120137354636857,0.005675911487070474,0.2648889481634694,0.9539764541481444
2.252463414634117,1.2360864478600186,0.0,65.66917791744108,0.0023176038709954473,1.1209983682906008,0.005670140287396475,0.2649686308101208,0.9533143969101152
2.2529634146341166,1.2379836537326687,0.0,65.59751513212055,0.002304656698173662,1.1218593716150733,0.005664417788657766,0.2650483134567721,0.9526476197371794
2.2534634146341164,1.2398808596053188,0.0,65.52606479076915,0.002291782462013808,1.1227203647716388,0.00565874359660227,0.2651279961034234,0.9519761226732012
2.2539634146341165,1.2417780654779706,0.0,65.4548238608742,0.0022789807656484343,1.123581347921662,0.005653117318805257,0.2652076787500748,0.9512999057584984
2.2544634146341167,1.2436752713506225,0.0,65.38378931659403,0.002266251212210116,1.124442321226506,0.005647538564671572,0.26528736139672615,0.9506189690298441
2.2549634146341164,1.2455724772232726,0.0,65.31295813869208,0.0022535934048314265,1.1253032848475342,0.005642006945437751,0.26536704404337746,0.9499333125204646
2.255463414634116,1.2474696830959227,0.0,65.24232731453239,0.0022410069466449155,1.126164238946111,0.0056365220741739904,0.2654467266900288,0.9492429362600402
2.2559634146341163,1.2493668889685745,0.0,65.17189383801482,0.0022284914407831352,1.1270251836836012,0.005631083565786004,0.26552640933668015,0.9485478402747047
2.2564634146341165,1.2512640948412264,0.0,65.10165470957169,0.002216046490378658,1.1278861192213678,0.00562569103701673,0.2656060919833315,0.9478480245870475
2.256963414634116,1.2531613007138764,0.0,65.0316069361092,0.0022036716985640572,1.128747045720774,0.005620344106447919,0.26568577462998283,0.9471434892161127
2.257463414634116,1.255058506586527,0.0,64.96174753099007,0.002191366668471884,1.1296079633431846,0.0056150423945015675,0.26576545727663414,0.946434234177397
2.257963414634116,1.2569557124591788,0.0,64.89207351398622,0.0021791310032346894,1.1304688722499638,0.005609785523441234,0.2658451399232855,0.9457202594828528
2.2584634146341163,1.2588529183318302,0.0,64.82258191126259,0.0021669643059850467,1.1313297726024756,0.005604573117373279,0.2659248225699369,0.9450015651408866
2.258963414634116,1.2607501242044807,0.0,64.75326975536133,0.002154866179855529,1.1321906645620823,0.005599404802247886,0.2660045052165882,0.9442781511563617
2.2594634146341157,1.2626473300771308,0.0,64.68413408512095,0.0021428362279786867,1.1330515482901489,0.00559428020586002,0.2660841878632395,0.9435500175305938
2.259963414634116,1.2645445359497827,0.0,64.61517194568701,0.0021308740534870725,1.13391242394804,0.005589198957850252,0.2661638705098909,0.9428171642613533
2.260463414634116,1.2664417418224345,0.0,64.54638038848802,0.002118979259513258,1.1347732916971187,0.005584160689705485,0.26624355315654225,0.9420795913428679
2.2609634146341158,1.2683389476950846,0.0,64.47775647116143,0.002107151449189817,1.1356341516987485,0.005579165034759506,0.26632323580319356,0.9413372987658192
2.2614634146341155,1.2702361535677347,0.0,64.4092972575912,0.0020953902256493004,1.1364950041142936,0.005574211628193461,0.26640291844984487,0.9405902865173437
2.2619634146341157,1.2721333594403865,0.0,64.34099981781478,0.0020836951920242593,1.1373558491051188,0.005569300107036214,0.26648260109649624,0.9398385545810326
2.262463414634116,1.2740305653130384,0.0,64.27286122804674,0.002072065951447268,1.1382166868325874,0.00556443011016459,0.2665622837431476,0.939082102936934
2.2629634146341155,1.2759277711856885,0.0,64.20487857062218,0.002060502107050897,1.1390775174580623,0.005559601278303494,0.2666419663897989,0.9383209315615509
2.2634634146341153,1.2778249770583385,0.0,64.13704893398625,0.002049003261967699,1.1399383411429083,0.005554813254025925,0.26672164903645024,0.9375550404278413
2.2639634146341154,1.2797221829309904,0.0,64.06936941265378,0.0020375690193302257,1.14079915804849,0.005550065681752886,0.2668013316831016,0.9367844295052179
2.2644634146341156,1.2816193888036422,0.0,64.00183710721005,0.0020261989822710495,1.1416599683361706,0.005545358207753198,0.266881014329753,0.9360090987595509
2.2649634146341153,1.2835165946762923,0.0,63.93444912426157,0.002014892753922743,1.1425207721673132,0.005540690480143192,0.2669606969764043,0.9352290481531659
2.265463414634115,1.2854138005489424,0.0,63.86720257642781,0.002003649937417858,1.1433815697032825,0.005536062148886303,0.2670403796230556,0.934444277644843
2.265963414634115,1.2873110064215942,0.0,63.80009458230329,0.001992470135888946,1.144242361105443,0.0055314728657925695,0.26712006226970697,0.9336547871898181
2.2664634146341154,1.289208212294246,0.0,63.733122266460555,0.0019813529524685797,1.1451031465351582,0.005526922284518031,0.26719974491635834,0.9328605767397844
2.266963414634115,1.2911054181668962,0.0,63.6662827594083,0.0019702979902893308,1.1459639261537908,0.005522410060564051,0.26727942756300965,0.9320616462428912
2.267463414634115,1.2930026240395462,0.0,63.599573197565334,0.0019593048524837522,1.1468247001227059,0.005517935851276494,0.26735911020966097,0.931257995643742
2.267963414634115,1.294899829912198,0.0,63.53299072326021,0.0019483731421843953,1.1476854686032678,0.005513499315844861,0.26743879285631234,0.9304496248833967
2.268463414634115,1.29679703578485,0.0,63.46653248469615,0.0019375024625238328,1.1485462317568398,0.005509100115301331,0.2675184755029637,0.9296365338993726
2.268963414634115,1.2986942416575,0.0,63.40019563594678,0.0019266924166346355,1.149406989744785,0.005504737912519683,0.267598158149615,0.9288187226256432
2.2694634146341146,1.30059144753015,0.0,63.33397733691732,0.0019159426076493572,1.150267742728468,0.005500412372214168,0.26767784079626633,0.927996190992637
2.2699634146341148,1.302488653402802,0.0,63.26787475333143,0.0019052526387005491,1.1511284908692536,0.0054961231609382665,0.2677575234429177,0.9271689389272383
2.270463414634115,1.3043858592754538,0.0,63.20188505673355,0.0018946221129207837,1.1519892343285048,0.005491869947083414,0.26783720608956907,0.9263369663527897
2.2709634146341147,1.3062830651481039,0.0,63.13606795559413,0.0018840615909604722,1.1528499695303958,0.005487658042699779,0.2679168887362204,0.9255002768321335
2.2714634146341144,1.3081802710207542,0.0,63.070363869527526,0.0018735603117284987,1.1537107000247002,0.005483481748527936,0.2679965713828717,0.9246588670214179
2.2719634146341146,1.310077476893406,0.0,63.00476325528355,0.0018631166585462715,1.1545714263750098,0.005479340111536548,0.26807625402952306,0.9238127364425859
2.2724634146341147,1.3119746827660577,0.0,62.93926420199075,0.0018527303744928015,1.1554321486892318,0.005475232881879463,0.26815593667617443,0.922961885056915
2.2729634146341144,1.313871888638708,0.0,62.87386480263414,0.0018424012026471,1.1562928670752741,0.005471159810668192,0.26823561932282575,0.9221063128233121
2.273463414634114,1.315769094511358,0.0,62.80856315406056,0.0018321288860881592,1.1571535816410456,0.005467120649975387,0.26831530196947706,0.9212460196983138
2.2739634146341143,1.31766630038401,0.0,62.74335735695446,0.001821913167894972,1.1580142924944554,0.005463115152838228,0.26839498461612843,0.9203810056360864
2.2744634146341145,1.3195635062566617,0.0,62.678245515828955,0.0018117537911465495,1.1588749997434111,0.00545914307326176,0.2684746672627798,0.9195112705884283
2.2749634146341142,1.3214607121293118,0.0,62.61322573903196,0.0018016504989219017,1.1597357034958202,0.0054552041662220725,0.2685543499094311,0.9186368145047685
2.275463414634114,1.323357918001962,0.0,62.54829613872773,0.0017916030343000224,1.1605964038595917,0.005451298187669469,0.2686340325560824,0.9177576373321649
2.275963414634114,1.3252551238746137,0.0,62.48345483086375,0.0017816111403599036,1.161457100942635,0.005447424894531501,0.2687137152027338,0.9168737390153053
2.2764634146341143,1.3271523297472656,0.0,62.418699935217546,0.0017716745601805567,1.1623177948528576,0.005443584044715962,0.26879339784938516,0.9159851194965103
2.276963414634114,1.3290495356199157,0.0,62.35402957535901,0.0017617930368409916,1.1631784856981666,0.005439775397113761,0.2688730804960365,0.915091778715731
2.2774634146341137,1.330946741492566,0.0,62.28944187862312,0.0017519663134202019,1.1640391735864717,0.005435998711601716,0.2689527631426878,0.9141937166105466
2.277963414634114,1.3328439473652176,0.0,62.22493497612763,0.0017421941329971802,1.1648998586256816,0.00543225374904529,0.26903244578933916,0.9132909331161678
2.278463414634114,1.3347411532378695,0.0,62.16050700277592,0.0017324762386509373,1.165760540923704,0.0054285402713012375,0.2691121284359905,0.912383428165437
2.278963414634114,1.3366383591105198,0.0,62.09615609722068,0.0017228123734604832,1.1666212205884463,0.0054248580412201335,0.26919181108264184,0.9114712016888276
2.2794634146341135,1.3385355649831698,0.0,62.03188040188214,0.0017132022805048115,1.1674818977278176,0.0054212068226488705,0.26927149372929315,0.9105542536144414
2.2799634146341137,1.3404327708558217,0.0,61.96767806291231,0.0017036457028629152,1.1683425724497274,0.005417586380433036,0.2693511763759445,0.9096325838680112
2.280463414634114,1.3423299767284735,0.0,61.903547230238466,0.0016941423836138048,1.1692032448620826,0.0054139964804192356,0.2694308590225959,0.9087061923729022
2.2809634146341136,1.3442271826011236,0.0,61.839486057508076,0.0016846920658364901,1.1700639150727914,0.005410436889457312,0.2695105416692472,0.9077750790501097
2.2814634146341133,1.3461243884737737,0.0,61.77549270210313,0.001675294492609965,1.1709245831897626,0.005406907375402497,0.2695902243158985,0.9068392438182588
2.2819634146341135,1.3480215943464255,0.0,61.711565325149905,0.0016659494070132225,1.171785249320905,0.005403407707117471,0.2696699069625499,0.9058986865936048
2.2824634146341136,1.3499188002190774,0.0,61.6477020914745,0.001656656552125273,1.1726459135741267,0.005399937654474372,0.26974958960920126,0.9049534072900356
2.2829634146341133,1.3518160060917275,0.0,61.583901169652556,0.0016474156710251265,1.1735065760573349,0.005396496988356688,0.26982927225585257,0.9040034058190698
2.283463414634113,1.3537132119643778,0.0,61.520160731950625,0.0016382265067917763,1.1743672368784388,0.00539308548066108,0.2699089549025039,0.9030486820898547
2.2839634146341132,1.3556104178370296,0.0,61.45647895436145,0.0016290888025042162,1.1752278961453473,0.0053897029042991465,0.26998863754915525,0.902089236009169
2.2844634146341134,1.3575076237096813,0.0,61.39285401657062,0.0016200023012414562,1.1760885539659685,0.00538634903319909,0.2700683201958066,0.9011250674814228
2.284963414634113,1.3594048295823316,0.0,61.32928410199237,0.0016109667460825058,1.1769492104482093,0.005383023642307308,0.27014800284245793,0.9001561764086585
2.285463414634113,1.3613020354549816,0.0,61.26576739771701,0.001601981880106359,1.1778098656999791,0.005379726507589913,0.27022768548910925,0.8991825626905465
2.285963414634113,1.3631992413276335,0.0,61.20230209454717,0.0015930474463920097,1.178670519829187,0.005376457406034165,0.2703073681357606,0.8982042262243881
2.286463414634113,1.3650964472002853,0.0,61.138886386960664,0.0015841631880184675,1.1795311729437405,0.005373216115649844,0.270387050782412,0.8972211669051171
2.286963414634113,1.3669936530729354,0.0,61.07551847316191,0.001575328848064742,1.1803918251515473,0.0053700024154705326,0.2704667334290633,0.8962333846252984
2.2874634146341126,1.3688908589455855,0.0,61.01219655501579,0.0015665441696098273,1.1812524765605161,0.005366816085554818,0.2705464160757146,0.8952408792751261
2.287963414634113,1.3707880648182373,0.0,60.948918838084936,0.0015578088957327169,1.1821131272785566,0.005363656906987445,0.270626098722366,0.8942436507424243
2.288463414634113,1.3726852706908892,0.0,60.88568353161314,0.001549122769512421,1.1829737774135758,0.0053605246618803615,0.27070578136901735,0.8932416989126506
2.2889634146341127,1.3745824765635393,0.0,60.822488848548446,0.0015404855340279489,1.1838344270734813,0.005357419133373719,0.27078546401566866,0.8922350236688932
2.2894634146341124,1.3764796824361896,0.0,60.75933300549279,0.0015318969323582943,1.1846950763661825,0.00535434010563678,0.27086514666232,0.8912236248918686
2.2899634146341126,1.3783768883088412,0.0,60.69621422274023,0.0015233567075824516,1.1855557253995885,0.005351287363868749,0.27094482930897135,0.8902075024599251
2.2904634146341127,1.380274094181493,0.0,60.6331307242909,0.0015148646027794304,1.1864163742816065,0.005348260694299573,0.2710245119556227,0.8891866562490434
2.2909634146341125,1.3821713000541433,0.0,60.57008073779171,0.00150642036102824,1.1872770231201444,0.005345259884190611,0.27110419460227403,0.8881610861328345
2.291463414634112,1.3840685059267934,0.0,60.50706249459001,0.0014980237254078742,1.188137672023111,0.005342284721835265,0.27118387724892534,0.8871307919825393
2.2919634146341124,1.3859657117994453,0.0,60.444074229704235,0.0014896744389973275,1.1889983210984156,0.00533933499655955,0.2712635598955767,0.8860957736670286
2.2924634146341125,1.3878629176720971,0.0,60.38111418184374,0.0014813722448756097,1.1898589704539657,0.0053364104987225665,0.2713432425422281,0.8850560310528067
2.2929634146341122,1.3897601235447472,0.0,60.31818059339469,0.0014731168861217292,1.1907196201976689,0.0053335110197169355,0.2714229251888794,0.8840115640040082
2.293463414634112,1.3916573294173973,0.0,60.25527171042088,0.0014649081058146806,1.191580270437434,0.005330636351969129,0.2715026078355307,0.8829623723823967
2.293963414634112,1.3935545352900491,0.0,60.19238578267452,0.0014567456470334585,1.1924409212811706,0.005327786288939764,0.2715822904821821,0.881908456047367
2.2944634146341123,1.395451741162701,0.0,60.129521063597565,0.0014486292528570722,1.1933015728367857,0.005324960625123817,0.27166197312883344,0.8808498148559465
2.294963414634112,1.397348947035351,0.0,60.066675810308666,0.0014405586663645302,1.1941622252121875,0.005322159156050783,0.27174165577548476,0.8797864486627927
2.2954634146341117,1.3992461529080011,0.0,60.003848283624485,0.0014325336306348275,1.1950228785152843,0.005319381678284731,0.27182133842213607,0.8787183573201934
2.295963414634112,1.401143358780653,0.0,59.941036748037455,0.0014245538887469582,1.1958835328539859,0.005316627989424356,0.27190102106878744,0.8776455406780659
2.296463414634112,1.4030405646533048,0.0,59.87823947174733,0.001416619183779932,1.1967441883361996,0.005313897888102918,0.2719807037154388,0.8765679985839606
2.296963414634112,1.404937770525955,0.0,59.815454726649136,0.001408729258812757,1.1976048450698327,0.005311191173988147,0.2720603863620901,0.8754857308830594
2.2974634146341115,1.4068349763986052,0.0,59.75268078832641,0.0014008838569244285,1.1984655031627947,0.005308507647782054,0.27214006900874144,0.8743987374181721
2.2979634146341117,1.408732182271257,0.0,59.68991593606883,0.0013930827211939409,1.1993261627229943,0.0053058471112207165,0.2722197516553928,0.8733070180297398
2.298463414634112,1.4106293881439087,0.0,59.62715845286107,0.0013853255947003026,1.2001868238583395,0.005303209367073988,0.2722994343020442,0.8722105725558359
2.2989634146341116,1.412526594016559,0.0,59.56440662542524,0.0013776122205225233,1.2010474866767376,0.005300594219145146,0.2723791169486955,0.8711094008321654
2.2994634146341113,1.414423799889209,0.0,59.50165874417141,0.0013699423417395974,1.2019081512860974,0.005298001472270471,0.2724587995953468,0.8700035026920613
2.2999634146341115,1.416321005761861,0.0,59.4389131032115,0.0013623157014305194,1.2027688177943285,0.005295430932318794,0.27253848224199817,0.8688928779664873
2.3004634146341116,1.4182182116345128,0.0,59.376168000416996,0.0013547320426742985,1.2036294863093382,0.005292882406190971,0.27261816488864954,0.8677775264840404
2.3009634146341114,1.4201154175071629,0.0,59.3134217373558,0.001347191108549943,1.2044901569390343,0.005290355701819301,0.27269784753530085,0.8666574480709475
2.301463414634111,1.422012623379813,0.0,59.25067261934555,0.0013396926421364477,1.2053508297913254,0.0052878506281668815,0.27277753018195217,0.8655326425510654
2.3019634146341112,1.4239098292524648,0.0,59.18791895541046,0.0013322363865128082,1.206211504974121,0.005285366995226934,0.27285721282860353,0.8644031097458802
2.3024634146341114,1.4258070351251166,0.0,59.12515905835446,0.0013248220847580329,1.2070721825953286,0.005282904614022059,0.2729368954752549,0.8632688494745119
2.302963414634111,1.4277042409977667,0.0,59.06239124469922,0.0013174494799511295,1.2079328627628556,0.005280463296603436,0.2730165781219062,0.8621298615537101
2.303463414634111,1.429601446870417,0.0,58.99961383473842,0.0013101183151710937,1.2087935455846113,0.005278042856049984,0.27309626076855753,0.8609861457978535
2.303963414634111,1.4314986527430686,0.0,58.9368251524957,0.001302828333496921,1.2096542311685046,0.005275643106467454,0.2731759434152089,0.8598377020189517
2.304463414634111,1.4333958586157205,0.0,58.87402352579872,0.0012955792780076194,1.210514919622443,0.005273263862987507,0.27325562606186027,0.8586845300266467
2.304963414634111,1.4352930644883708,0.0,58.811207286213495,0.0012883708917821968,1.2113756110543343,0.005270904941766707,0.2733353087085116,0.8575266296282104
2.3054634146341106,1.4371902703610209,0.0,58.74837476910448,0.001281202917899649,1.2122363055720875,0.005268566159985479,0.2734149913551629,0.8563640006285443
2.305963414634111,1.4390874762336727,0.0,58.6855243136225,0.0012740750994389713,1.2130970032836115,0.0052662473358470316,0.27349467400181426,0.85519664283018
2.306463414634111,1.4409846821063246,0.0,58.62265426270266,0.0012669871794791718,1.2139577042968142,0.005263948288576226,0.27357435664846563,0.8540245560332813
2.3069634146341107,1.4428818879789747,0.0,58.559762963086534,0.0012599389010992585,1.214818408719603,0.0052616688384184065,0.27365403929511695,0.8528477400356429
2.3074634146341104,1.4447790938516247,0.0,58.49684876532541,0.0012529300073782271,1.2156791166598868,0.005259408806638174,0.27373372194176826,0.851666194632688
2.3079634146341106,1.4466762997242766,0.0,58.43391002378374,0.0012459602413950732,1.2165398282255748,0.005257168015518136,0.27381340458841963,0.8504799196174699
2.3084634146341108,1.4485735055969284,0.0,58.370945096662155,0.0012390293462288043,1.217400543524575,0.00525494628835762,0.273893087235071,0.8492889147806741
2.3089634146341105,1.4504707114695785,0.0,58.307952345986955,0.001232137064958429,1.2182612626647942,0.0052527434494713246,0.2739727698817223,0.8480931799106177
2.30946341463411,1.4523679173422286,0.0,58.244930137648076,0.0012252831406629424,1.2191219857541418,0.005250559324187948,0.2740524525283736,0.8468927147932452
2.3099634146341104,1.4542651232148804,0.0,58.18187684135555,0.00121846731642134,1.2199827129005272,0.005248393738848784,0.274132135175025,0.8456875192121308
2.3104634146341105,1.4561623290875323,0.0,58.11879083071151,0.0012116893353126307,1.2208434442118574,0.005246246520806277,0.27421181782167636,0.8444775929484829
2.3109634146341103,1.4580595349601824,0.0,58.05568253363829,0.0012049512252879449,1.221704179044991,0.005244118419838195,0.2742915004683277,0.8432629368430695
2.31146341463411,1.4599567408328327,0.0,57.99258408497266,0.0011982586737746676,1.2225649154017666,0.005242011646417506,0.274371183114979,0.8420435536741214
2.31196341463411,1.4618539467054845,0.0,57.92944910544056,0.0011916026311823398,1.2234256561784254,0.005239922476270016,0.27445086576163036,0.8408194392896686
2.3124634146341103,1.4637511525781361,0.0,57.866276555954975,0.0011849829393500086,1.2242864014470622,0.005237850782435086,0.2745305484082817,0.8395905935137986
2.31296341463411,1.4656483584507864,0.0,57.8030654000634,0.0011783994401167214,1.2251471512797727,0.005235796438455697,0.27461023105493304,0.8383570161690151
2.3134634146341098,1.4675455643234365,0.0,57.739814603969464,0.0011718519753215135,1.2260079057486535,0.0052337593183799476,0.27468991370158435,0.8371187070762365
2.31396341463411,1.4694427701960884,0.0,57.67652313655461,0.0011653403868034202,1.2268686649258012,0.005231739296762524,0.2747695963482357,0.8358756660547977
2.31446341463411,1.4713399760687402,0.0,57.61318996938074,0.0011588645164014887,1.227729428883311,0.00522973624866614,0.2748492789948871,0.8346278929224523
2.31496341463411,1.4732371819413903,0.0,57.5498140766788,0.0011524242059547662,1.2285901976932783,0.005227750049662909,0.2749289616415384,0.8333753874953698
2.3154634146341095,1.4751343878140404,0.0,57.48639443538498,0.001146019297302288,1.2294509714277997,0.005225780575835693,0.2750086442881897,0.8321181495881348
2.3159634146341097,1.4770315936866922,0.0,57.42293002511528,0.0011396496322830896,1.2303117501589722,0.005223827703779414,0.2750883269348411,0.8308561790137473
2.31646341463411,1.478928799559344,0.0,57.35941982821622,0.0011333150527362181,1.2311725339588906,0.0052218913106023244,0.27516800958149246,0.8295894755836275
2.3169634146341096,1.4808260054319942,0.0,57.295862829730105,0.0011270154005007206,1.2320333228996507,0.005219971273927222,0.27524769222814377,0.8283180391076097
2.3174634146341093,1.4827232113046445,0.0,57.232258017436436,0.0011207505174156325,1.2328941170533487,0.0052180674718926455,0.2753273748747951,0.8270418693939449
2.3179634146341095,1.484620417177296,0.0,57.16860438183643,0.0011145202453199895,1.2337549164920816,0.005216179783154012,0.27540705752144645,0.8257609662492984
2.3184634146341097,1.486517623049948,0.0,57.10490091616618,0.0011083244260528386,1.2346157212879447,0.005214308086884738,0.2754867401680978,0.8244753294787546
2.3189634146341094,1.4884148289225982,0.0,57.04114661642891,0.0011021629014532264,1.2354765315130332,0.005212452262777303,0.27556642281474913,0.8231849588858148
2.319463414634109,1.4903120347952483,0.0,56.977340481365566,0.0010960355133601885,1.2363373472394437,0.005210612191044261,0.27564610546140045,0.8218898542723936
2.3199634146341093,1.4922092406679002,0.0,56.913481512492076,0.0010899421036127614,1.237198168539273,0.005208787752419255,0.2757257881080518,0.8205900154388222
2.3204634146341094,1.494106446540552,0.0,56.849568714093984,0.0010838825140499911,1.2380589954846164,0.00520697882815795,0.2758054707547032,0.8192854421838501
2.320963414634109,1.496003652413202,0.0,56.785601093249554,0.0010778565865109248,1.238919828147569,0.005205185300038955,0.2758851534013545,0.8179761343046431
2.321463414634109,1.4979008582858522,0.0,56.721577659824725,0.0010718641628345979,1.2397806666002278,0.005203407050364682,0.2759648360480058,0.8166620915967806
2.321963414634109,1.499798064158504,0.0,56.65749742646806,0.0010659050848600465,1.2406415109146893,0.00520164396196219,0.2760445186946572,0.8153433138542585
2.322463414634109,1.5016952700311559,0.0,56.59335940866744,0.0010599791944263177,1.2415023611630487,0.005199895918183981,0.27612420134130855,0.814019800869491
2.322963414634109,1.503592475903806,0.0,56.52916262472155,0.0010540863333724573,1.2423632174174015,0.00519816280290875,0.27620388398795986,0.8126915524333079
2.3234634146341087,1.505489681776456,0.0,56.46490609574952,0.0010482263435375016,1.2432240797498444,0.005196444500542106,0.2762835666346112,0.8113585683349532
2.323963414634109,1.5073868876491079,0.0,56.40058884572414,0.0010423990667604867,1.2440849482324738,0.005194740896017257,0.27636324928126255,0.8100208483620872
2.324463414634109,1.5092840935217597,0.0,56.33620990145805,0.0010366043448804593,1.2449458229373853,0.0051930518747956445,0.2764429319279139,0.8086783923007879
2.3249634146341087,1.5111812993944098,0.0,56.27176829262308,0.0010308420197364654,1.245806703936674,0.0051913773228675604,0.27652261457456523,0.8073311999355494
2.3254634146341084,1.5130785052670601,0.0,56.20726305176496,0.0010251119331675415,1.2466675913024368,0.005189717126752708,0.27660229722121654,0.8059792710492795
2.3259634146341086,1.514975711139712,0.0,56.14269321430872,0.0010194139270127234,1.24752848510677,0.005188071173500724,0.2766819798678679,0.804622605423302
2.3264634146341088,1.5168729170123636,0.0,56.078057818559486,0.0010137478431110577,1.2483893854217694,0.0051864393506916955,0.2767616625145193,0.8032612028373588
2.3269634146341085,1.518770122885014,0.0,56.01335590574113,0.001008113523301591,1.2492502923195299,0.005184821546436596,0.2768413451611706,0.8018950630696074
2.327463414634108,1.520667328757664,0.0,55.94858651996901,0.001002510809423359,1.2501112058721482,0.005183217649377716,0.2769210278078219,0.8005241858966197
2.3279634146341084,1.5225645346303158,0.0,55.88374870828415,0.000996939543315398,1.2509721261517213,0.005181627548689042,0.2770007104544733,0.7991485710933817
2.3284634146341086,1.5244617405029677,0.0,55.818841520668606,0.0009913995668167546,1.251833053230344,0.005180051134076611,0.27708039310112464,0.7977682184332994
2.3289634146341083,1.5263589463756178,0.0,55.75386401003275,0.000985890721766475,1.2526939871801122,0.005178488295778822,0.27716007574777596,0.796383127688193
2.329463414634108,1.5282561522482678,0.0,55.6888152322544,0.0009804128500035952,1.253554928073122,0.005176938924566706,0.27723975839442727,0.794993298628297
2.329963414634108,1.5301533581209197,0.0,55.623694246166416,0.000974965793367152,1.2544158759814705,0.005175402911744174,0.27731944104107864,0.7935987310222609
2.3304634146341083,1.5320505639935715,0.0,55.5585001135772,0.0009695493936961913,1.2552768309772528,0.005173880149148224,0.27739912368773,0.7921994246371528
2.330963414634108,1.5339477698662216,0.0,55.49323189928667,0.0009641634928297592,1.2561377931325644,0.00517237052914911,0.2774788063343813,0.7907953792384557
2.331463414634108,1.535844975738872,0.0,55.427888671092965,0.0009588079326068922,1.2569987625195016,0.005170873944650478,0.27755848898103264,0.7893865945900664
2.331963414634108,1.5377421816115235,0.0,55.362469499803936,0.0009534825548666269,1.2578597392101614,0.005169390289089473,0.277638171627684,0.7879730704542971
2.332463414634108,1.5396393874841754,0.0,55.296973459234735,0.0009481872014480092,1.2587207232766389,0.005167919456436806,0.2777178542743354,0.7865548065918777
2.332963414634108,1.5415365933568257,0.0,55.23139962625697,0.0009429217141900851,1.2595817147910295,0.005166461341196792,0.2777975369209867,0.7851318027619535
2.3334634146341076,1.5434337992294758,0.0,55.165747080773144,0.0009376859349318912,1.26044271382543,0.0051650158384073455,0.277877219567638,0.7837040587220829
2.3339634146341077,1.5453310051021276,0.0,55.100014905742626,0.0009324797055124642,1.2613037204519366,0.005163582843639956,0.27795690221428937,0.7822715742282403
2.334463414634108,1.5472282109747795,0.0,55.03420218719842,0.0009273028677708498,1.2621647347426455,0.00516216225299962,0.27803658486094074,0.7808343490348162
2.3349634146341076,1.5491254168474295,0.0,54.96830801425001,0.000922155263546094,1.263025756769651,0.005160753963124753,0.27811626750759205,0.7793923828946185
2.3354634146341073,1.5510226227200796,0.0,54.90233147911433,0.0009170367346772337,1.2638867866050503,0.0051593578711870485,0.27819595015424337,0.777945675558867
2.3359634146341075,1.5529198285927315,0.0,54.83627167707692,0.0009119471230033052,1.2647478243209402,0.005157973874891324,0.27827563280089473,0.7764942267771957
2.3364634146341077,1.5548170344653833,0.0,54.77012770659763,0.0009068862703633547,1.2656088699894157,0.005156601872475337,0.2783553154475461,0.7750380362976584
2.3369634146341074,1.5567142403380334,0.0,54.70389866922082,0.0009018540185964278,1.266469923682572,0.005155241762709552,0.2784349980941974,0.7735771038667227
2.337463414634107,1.5586114462106835,0.0,54.63758366964869,0.0008968502095415612,1.2673309854725063,0.005153893444896891,0.27851468074084873,0.7721114292292686
2.3379634146341073,1.5605086520833353,0.0,54.57118181574943,0.0008918746850377919,1.2681920554313149,0.005152556818872446,0.2785943633875001,0.7706410121285923
2.3384634146341075,1.5624058579559872,0.0,54.50469221855636,0.0008869272869241653,1.269053133631093,0.005151231785003175,0.27867404603415147,0.7691658523064069
2.338963414634107,1.5643030638286373,0.0,54.43811399227629,0.0008820078570397276,1.2699142201439362,0.005149918244187554,0.2787537286808028,0.7676859495028405
2.339463414634107,1.5662002697012876,0.0,54.37144625432611,0.0008771162372235152,1.270775315041941,0.005148616097855197,0.2788334113274541,0.7662013034564338
2.339963414634107,1.5680974755739394,0.0,54.304688125322784,0.0008722522693145652,1.2716364183972042,0.005147325247966464,0.27891309397410546,0.7647119139041423
2.3404634146341072,1.569994681446591,0.0,54.23783872910622,0.0008674157951519233,1.2724975302818209,0.00514604559701203,0.27899277662075683,0.7632177805813396
2.340963414634107,1.5718918873192413,0.0,54.170897192762006,0.0008626066565746349,1.2733586507678865,0.0051447770480124244,0.27907245926740815,0.7617189032218135
2.3414634146341067,1.5737890931918914,0.0,54.10386264660739,0.0008578246954217371,1.2742197799274977,0.005143519504517546,0.27915214191405946,0.7602152815577639
2.341963414634107,1.5756862990645433,0.0,54.036734224246715,0.0008530697535322669,1.2750809178327511,0.005142272870606147,0.27923182456071083,0.7587069153198063
2.342463414634107,1.5775835049371951,0.0,53.96951106254368,0.0008483416727452699,1.2759420645557422,0.005141037050885304,0.2793115072073622,0.7571938042369726
2.3429634146341067,1.5794807108098452,0.0,53.90219230166319,0.0008436402948997914,1.2768032201685662,0.00513981195048984,0.2793911898540135,0.7556759480367101
2.3434634146341065,1.5813779166824953,0.0,53.834777085085406,0.0008389654618348686,1.2776643847433196,0.005138597475081738,0.2794708725006648,0.7541533464448782
2.3439634146341066,1.5832751225551471,0.0,53.76726455957856,0.0008343170153895386,1.2785255583520994,0.005137393530849521,0.2795505551473162,0.7526259991857503
2.344463414634107,1.585172328427799,0.0,53.69965387527786,0.0008296947974028467,1.2793867410670006,0.005136200024507614,0.27963023779396756,0.7510939059820179
2.3449634146341065,1.587069534300449,0.0,53.63194418565856,0.0008250986497138385,1.2802479329601186,0.0051350168632956755,0.2797099204406189,0.7495570665547859
2.3454634146341062,1.5889667401730994,0.0,53.56413464755509,0.000820528414161551,1.28110913410355,0.0051338439549779,0.2797896030872702,0.7480154806235724
2.3459634146341064,1.590863946045751,0.0,53.49622442118049,0.0008159839325850215,1.281970344569392,0.005132681207842308,0.27986928573392156,0.7464691479063086
2.3464634146341066,1.5927611519184028,0.0,53.42821267014117,0.0008114650468232953,1.2828315644297392,0.00513152853070001,0.2799489683805729,0.744918068119344
2.3469634146341063,1.5946583577910531,0.0,53.36009856147031,0.0008069715987154176,1.283692793756687,0.005130385832884444,0.28002865102722424,0.743362240977442
2.347463414634106,1.5965555636637032,0.0,53.29188126559235,0.000802503430100426,1.2845540326223326,0.005129253024250589,0.28010833367387555,0.7418016661937771
2.347963414634106,1.598452769536355,0.0,53.22355995638877,0.0007980603828173572,1.2854152810987722,0.00512813001517416,0.2801880163205269,0.7402363434799389
2.3484634146341063,1.600349975409007,0.0,53.15513381119495,0.000793642298705257,1.2862765392581013,0.005127016716550794,0.2802676989671783,0.7386662725459336
2.348963414634106,1.602247181281657,0.0,53.0866020108248,0.0007892490196031704,1.2871378071724149,0.005125913039795188,0.2803473816138296,0.7370914531001821
2.349463414634106,1.604144387154307,0.0,53.017963739545046,0.0007848803873501348,1.28799908491381,0.005124818896840241,0.2804270642604809,0.7355118848495154
2.349963414634106,1.606041593026959,0.0,52.94921818515502,0.0007805362437851874,1.2888603725543835,0.005123734200136161,0.2805067469071323,0.7339275674991799
2.350463414634106,1.6079387988996108,0.0,52.880364538961196,0.0007762164307473735,1.28972167016623,0.005122658862649569,0.28058642955378366,0.7323385007528389
2.350963414634106,1.6098360047722609,0.0,52.811401995802235,0.0007719207900757383,1.2905829778214453,0.005121592797862573,0.28066611220043497,0.7307446843125684
2.3514634146341056,1.611733210644911,0.0,52.74232975405129,0.000767649163609319,1.291444295592126,0.0051205359197718184,0.2807457948470863,0.729146117878857
2.3519634146341057,1.6136304165175628,0.0,52.67314701566863,0.0007634013931871531,1.2923056235503687,0.005119488142887534,0.28082547749373765,0.7275428011506063
2.352463414634106,1.6155276223902146,0.0,52.6038529861768,0.0007591773206482861,1.2931669617682688,0.005118449382232563,0.280905160140389,0.7259347338251352
2.3529634146341056,1.6174248282628647,0.0,52.53444687470434,0.0007549767878317626,1.2940283103179215,0.005117419553341357,0.28098484278704033,0.7243219155981762
2.3534634146341054,1.619322034135515,0.0,52.464927893993085,0.0007507996365766201,1.2948896692714236,0.005116398572258981,0.28106452543369165,0.7227043461638725
2.3539634146341055,1.6212192400081669,0.0,52.39529526041024,0.0007466457087218965,1.2957510387008717,0.00511538635554008,0.281144208080343,0.7210820252147816
2.3544634146341057,1.6231164458808185,0.0,52.32554819397415,0.0007425148461066365,1.296612418678361,0.005114382820247855,0.2812238907269944,0.7194549524418772
2.3549634146341054,1.6250136517534688,0.0,52.255685918361976,0.000738406890569885,1.297473809275987,0.005113387883952997,0.2813035733736457,0.7178231275345464
2.355463414634105,1.6269108576261189,0.0,52.18570766094026,0.0007343216839506797,1.298335210565846,0.005112401464732636,0.281383256020297,0.7161865501805875
2.3559634146341053,1.6288080634987707,0.0,52.11561265275477,0.0007302590680880584,1.2991966226200353,0.005111423481169253,0.2814629386669484,0.7145452200662123
2.3564634146341055,1.6307052693714226,0.0,52.045403204570626,0.0007262189945649854,1.3000580453081707,0.005110453885537109,0.28154262131359975,0.7128991372635197
2.356963414634105,1.6326024752440726,0.0,51.975082767631434,0.0007222015719286394,1.300919478424442,0.005109492677571363,0.28162230396025106,0.7112483019922251
2.357463414634105,1.6344996811167227,0.0,51.904649582436015,0.0007182066837466685,1.3017809221059977,0.005108539788861666,0.2817019866069024,0.7095927138164979
2.357963414634105,1.6363968869893746,0.0,51.83410191663248,0.0007142342041934656,1.3026423764886168,0.005107595148524701,0.28178166925355375,0.707932372300135
2.3584634146341052,1.6382940928620264,0.0,51.763438044234704,0.0007102840074434304,1.3035038417080762,0.005106658686059142,0.2818613519002051,0.706267277003951
2.358963414634105,1.6401912987346765,0.0,51.69265645203721,0.0007063559682175524,1.304365317886521,0.005105730331504445,0.28194103454685643,0.7045974275122352
2.3594634146341047,1.6420885046073266,0.0,51.62175645769447,0.0007024499615928514,1.3052268050915683,0.005104810015370007,0.28202071719350774,0.7029228235127353
2.359963414634105,1.6439857104799784,0.0,51.550737379772634,0.0006985658645636032,1.3060883033910136,0.005103897669111547,0.2821003998401591,0.7012434646913611
2.360463414634105,1.6458829163526303,0.0,51.479598534199745,0.0006947035545934504,1.3069498128530668,0.005102993224694162,0.2821800824868105,0.6995593507317197
2.3609634146341048,1.6477801222252804,0.0,51.40833924181121,0.0006908629091681658,1.3078113335458559,0.0051020966144579944,0.28225976513346174,0.6978704813160774
2.3614634146341045,1.6496773280979307,0.0,51.33695887651682,0.0006870438065904734,1.308672865534239,0.005101207771350153,0.2823394477801131,0.6961768561316378
2.3619634146341046,1.6515745339705825,0.0,51.26575125510583,0.000683246126263758,1.309534389354514,0.005100326623783328,0.2824191304267645,0.6944785134149496
2.362463414634105,1.6534717398432344,0.0,51.19333123739471,0.0006794697477039406,1.3103959969226655,0.005099453130259058,0.28249881307341584,0.6927752713468898
2.3629634146341045,1.6553689457158844,0.0,51.12180882384391,0.0006757145517401478,1.3112575482735018,0.005098587188264088,0.28257849572006716,0.6910674063863798
2.3634634146341043,1.6572634741223602,0.0,51.03634227897654,0.000671980419595999,1.3121188206189889,0.0050977286755925924,0.28265806591313913,0.6893553629317968
2.3639634146341044,1.6591462485126058,0.0,50.89489713908752,0.0006682672328160011,1.312978514684259,0.005096877195339655,0.28273714243752945,0.6876417389860814
2.3644634146341046,1.6610165229028515,0.0,50.7148829649466,0.0006645748740439453,1.3138351481086705,0.00509603231692465,0.28281569396191975,0.6859295274604874
2.3649634146341043,1.6628742972930957,0.0,50.51215409688467,0.0006609032266310497,1.3146876752419092,0.005095193734570305,0.28289372048631,0.6842208770753913
2.365463414634104,1.6647195716833398,0.0,50.30022061517695,0.0006572521741946397,1.315535200691099,0.005094361189998411,0.28297122201070024,0.6825176566480482
2.365963414634104,1.6665523460735854,0.0,50.08059138873796,0.0006536216012738384,1.3163776272748458,0.005093534631447639,0.28304819853509056,0.6808201433671517
2.3664634146341044,1.6683726204638312,0.0,49.8577090424032,0.0006500113929959755,1.3172146597979955,0.005092713959282157,0.2831246500594809,0.6791290166111034
2.366963414634104,1.6701803948540752,0.0,49.631779854604616,0.0006464214351321092,1.3180462860415627,0.005091899145401231,0.28320057658387116,0.6774443875483689
2.367463414634104,1.6719756692443193,0.0,49.403130858342315,0.0006428516142425396,1.3188724855431613,0.0050910901597518935,0.28327597810826144,0.6757663838122654
2.367963414634104,1.6737584436345652,0.0,49.17509115066049,0.0006393018168727049,1.3196930343717947,0.005090286923539049,0.28335085463265175,0.674095547749217
2.368463414634104,1.6755287180248108,0.0,48.94663642645878,0.0006357719312136938,1.3205080020160023,0.005089489429616104,0.28342520615704203,0.6724318260322395
2.368963414634104,1.6772864924150548,0.0,48.71662745316075,0.0006322618455772845,1.3213174664343823,0.005088697671928545,0.2834990326814323,0.670775145931727
2.3694634146341036,1.679031766805299,0.0,48.48812946844618,0.0006287714565964811,1.3221212195879075,0.005087911579308539,0.28357233420582256,0.6691260200612216
2.3699634146341038,1.6807645411955447,0.0,48.259730228955505,0.0006253006394267915,1.322919357547433,0.005087131146125633,0.28364511073021287,0.6674843383965343
2.370463414634104,1.6824848155857903,0.0,48.03131629112357,0.0006218492865475028,1.3237118882992394,0.005086356350382055,0.2837173622546032,0.6658501701968775
2.3709634146341036,1.6841925899760346,0.0,47.80295251229736,0.0006184172912338064,1.324498807659674,0.005085587167190607,0.28378908877899345,0.6642236091436541
2.3714634146341034,1.6858878643662787,0.0,47.57470317682749,0.0006150045467608877,1.3252801114450852,0.00508482357141353,0.2838602903033837,0.6626047484001052
2.3719634146341035,1.6875706387565244,0.0,47.346631993090504,0.0006116109464039324,1.326055795471821,0.005084065537669408,0.283930966827774,0.6609936806098151
2.3724634146341037,1.68924091314677,0.0,47.11880209094308,0.0006082363834381318,1.326825855556229,0.005083313040340009,0.28400111835216435,0.6593904978952136
2.3729634146341034,1.6908986875370142,0.0,46.89127601958996,0.0006048807511386774,1.3275902875146555,0.005082566053577091,0.2840707448765546,0.6577952918560759
2.373463414634103,1.6925439619272584,0.0,46.664115745775135,0.0006015439427807548,1.3283490871634493,0.005081824551309148,0.28413984640094486,0.6562081535680151
2.3739634146341033,1.6941767363175042,0.0,46.43738265240452,0.0005982258516395495,1.3291022503189585,0.005081088507248123,0.28420842292533516,0.6546291735809873
2.3744634146341035,1.6957970107077498,0.0,46.21119725609455,0.0005949263716733143,1.3298497686257345,0.005080357894198385,0.2842764744497255,0.6530584506937164
2.374963414634103,1.697404785097994,0.0,45.98666032753786,0.0005916454086580336,1.3305915650008924,0.005079632673577201,0.2843440009741157,0.6514962281577192
2.375463414634103,1.6990000594882384,0.0,45.762044946980474,0.0005883828403935372,1.3313277601094287,0.0050789128406546185,0.28441100249850604,0.6499423322094033
2.375963414634103,1.7005828338784839,0.0,45.53744089722506,0.0005851385669900762,1.3320583479566717,0.005078198369509268,0.28447747902289633,0.6483968544396874
2.3764634146341033,1.7021531082687296,0.0,45.31293713248259,0.0005819124885579074,1.3327833225479482,0.005077489234028985,0.28454343054728665,0.6468598859500903
2.376963414634103,1.7037108826589737,0.0,45.08862177365681,0.0005787045052072879,1.3335026778885857,0.005076785407916827,0.2846088570716769,0.6453315173505813
2.3774634146341027,1.7052561570492182,0.0,44.86458210454458,0.0005755145170484688,1.3342164079839125,0.0050760868646970375,0.28467375859606714,0.6438118387574329
2.377963414634103,1.7067889314394638,0.0,44.64090456877759,0.0005723424241917013,1.334924506839257,0.005075393577720963,0.2847381351204575,0.6423009397910731
2.378463414634103,1.7083092058297094,0.0,44.41767476756543,0.0005691881267472424,1.3356269684599462,0.0050747055201729365,0.2848019866448478,0.6407989095739359
2.3789634146341028,1.7098169802199537,0.0,44.19497745824785,0.0005660515248253487,1.3363237868513076,0.005074022665076107,0.284865313169238,0.6393058367283043
2.3794634146341025,1.711312254610198,0.0,43.97289655367306,0.0005629325185362716,1.3370149560186693,0.005073344985298221,0.28492811469362833,0.6378218093741532
2.3799634146341027,1.7127950290004437,0.0,43.75151512226828,0.0005598310079902625,1.3377004699673596,0.005072672453557371,0.2849903912180186,0.6363469151269914
2.380463414634103,1.7142653033906894,0.0,43.53091538906568,0.000556746893297578,1.3383803227027058,0.005072005042427683,0.285052142742409,0.6348812410957038
2.3809634146341025,1.7157230777809336,0.0,43.30857465603786,0.000553680101130734,1.3390546961394079,0.005071342766195835,0.2851133692667992,0.6334244675568043
2.3814634146341023,1.717168352171178,0.0,43.0860369764071,0.0005506305065350487,1.3397234798481703,0.0050706855703821045,0.2851740707911895,0.6319769044638068
2.3819634146341024,1.7186011265614236,0.0,42.86444537518391,0.000547598002855848,1.3403865913508335,0.005070033411011291,0.2852342473155798,0.630538802386992
2.3824634146341026,1.7200214009516692,0.0,42.64372578790711,0.0005445824984450803,1.3410440358234508,0.005069386264242621,0.2852938988399701,0.6291102220320562
2.3829634146341023,1.7214291753419135,0.0,42.42380488969893,0.000541583901654694,1.341695818442075,0.005068744106009731,0.28535302536436036,0.6276912234030627
2.383463414634102,1.7228244497321579,0.0,42.20461009305259,0.0005386021208366324,1.3423419443827613,0.0050681069120277235,0.28541162688875066,0.626281865804306
2.383963414634102,1.7242072241224036,0.0,41.98606954623418,0.0005356370643428384,1.3429824188215638,0.005067474657800174,0.28546970341314093,0.6248822078421856
2.3844634146341024,1.725577498512649,0.0,41.768112132278226,0.0005326886405252608,1.3436172469345358,0.005066847318626062,0.2855272549375313,0.6234923074270736
2.384963414634102,1.7269352729028935,0.0,41.55066746848389,0.0005297567577358477,1.3442464338977307,0.005066224869606637,0.2855842814619215,0.6221122217751764
2.385463414634102,1.728280547293138,0.0,41.333665906692,0.0005268413243265425,1.344869984887203,0.005065607285652213,0.2856407829863118,0.6207420074103966
2.385963414634102,1.7296133216833836,0.0,41.117038533924784,0.0005239422486492883,1.3454879050790067,0.0050649945414889,0.2856967595107021,0.6193817201661966
2.386463414634102,1.7309335960736292,0.0,40.90071717380221,0.0005210594390560336,1.346100199649196,0.005064386611665268,0.2857522110350924,0.6180314151874577
2.386963414634102,1.7322413704638735,0.0,40.68463438849522,0.0005181928038987268,1.3467068737738235,0.005063783470558933,0.28580713755948267,0.6166911469323407
2.3874634146341016,1.733536644854118,0.0,40.468723481224906,0.000515342251529311,1.3473079326289439,0.0050631850923830825,0.28586153908387296,0.6153609691741357
2.3879634146341018,1.7348194192443636,0.0,40.25291849942409,0.0005125076902997295,1.3479033813906116,0.00506259145119293,0.2859154156082633,0.6140409350031206
2.388463414634102,1.7360896936346093,0.0,40.037154238444735,0.0005096890285619307,1.34849322523488,0.005062002520892097,0.28596876713265357,0.6127310968284159
2.3889634146341017,1.7373474680248537,0.0,39.821366245911236,0.000506886174667863,1.3490774693378023,0.0050614182752389296,0.2860215936570438,0.6114315063798333
2.3894634146341014,1.7385927424150982,0.0,39.60558631165854,0.0005040990510447016,1.349656111670254,0.005060838690099147,0.2860738951814341,0.61014223077691
2.3899634146341016,1.7398255168053438,0.0,39.39020464139817,0.0005013275704616414,1.350229123062458,0.005060263734641656,0.2861256717058244,0.6088633971903754
2.3904634146341017,1.7410457911955892,0.0,39.1752122855326,0.0004985716207545076,1.3507965043102372,0.005059693376793697,0.28617692323021476,0.6075950655730795
2.3909634146341014,1.7422535655858338,0.0,38.96059959921007,0.0004958311187968529,1.3513582562711668,0.005059127591370704,0.286227649754605,0.6063372951214447
2.391463414634101,1.7434488399760784,0.0,38.746357063215235,0.0004931059814622252,1.3519143798028226,0.005058566353063247,0.2862778512789953,0.6050901444132486
2.3919634146341013,1.7446316143663239,0.0,38.532475284255604,0.0004903961256241725,1.3524648757627806,0.0050580096364424175,0.2863275278033856,0.6038536714079326
2.3924634146341015,1.7458018887565694,0.0,38.318944995323115,0.00048770146815624765,1.3530097450086158,0.005057457415965178,0.2863766793277759,0.6026279334469135
2.3929634146341012,1.746959663146814,0.0,38.105757056005366,0.0004850219259320035,1.3535489883979037,0.005056909665979634,0.2864253058521662,0.6014129872538869
2.393463414634101,1.7481049375370585,0.0,37.89290245285247,0.00048235741582498804,1.35408260678822,0.005056366360730268,0.28647340737655647,0.6002088889351367
2.393963414634101,1.749237711927304,0.0,37.680372299759995,0.00047970785470874926,1.3546106010371406,0.0050558274743631,0.28652098390094677,0.5990156939798403
2.3944634146341013,1.7503579863175496,0.0,37.468157838368136,0.00047707315945683993,1.355132972002241,0.0050552929809308,0.2865680354253371,0.5978334572603813
2.394963414634101,1.7514657607077941,0.0,37.25625043843483,0.0004744532469428128,1.3556497205410958,0.005054762854397747,0.28661456194972734,0.5966622330326545
2.3954634146341007,1.7525610350980387,0.0,37.044641598302334,0.0004718480340402159,1.3561608475112814,0.005054237068645012,0.2866605634741176,0.5955020749363704
2.395963414634101,1.7536438094882842,0.0,36.83332294532587,0.00046925743762259734,1.3566663537703734,0.005053715597475306,0.28670603999850797,0.5943530359953664
2.396463414634101,1.7547140838785298,0.0,36.62228623628084,0.00046668137456350986,1.3571662401759472,0.005053198414617852,0.28675099152289824,0.5932151686179132
2.396963414634101,1.7557718582687745,0.0,36.411523357927535,0.0004641197617365061,1.3576605075855779,0.005052685493733216,0.28679541804728853,0.5920885245970242
2.3974634146341005,1.756817132659019,0.0,36.20102632742027,0.00046157251601513415,1.3581491568568413,0.00505217680841806,0.2868393195716788,0.5909731551107578
2.3979634146341007,1.7578499070492646,0.0,35.99078729285504,0.0004590395542729422,1.3586321888473136,0.005051672332209854,0.2868826960960691,0.589869110722528
2.398463414634101,1.75887018143951,0.0,35.78182060682366,0.0004565208333822498,1.3591095232734125,0.00505117203681769,0.2869255476204594,0.5887766272141021
2.3989634146341006,1.7598779558297546,0.0,35.57316631708337,0.0004540162229501603,1.359581236106993,0.005050675895184064,0.2869678741448497,0.5876955823972161
2.3994634146341003,1.7608732302199994,0.0,35.36481883801419,0.0004515256477340213,1.360047328001764,0.005050183882457061,0.28700967566923996,0.5866260255063463
2.3999634146341005,1.761856004610245,0.0,35.1567770669244,0.0004490490326986579,1.3605077992604144,0.005049695973715504,0.2870509521936303,0.5855680059707039
2.4004634146341006,1.7628262790004903,0.0,34.94903994974541,0.0004465863028088995,1.3609626501856327,0.005049212143973638,0.2870917037180206,0.5845215726114943
2.4009634146341003,1.763784053390735,0.0,34.74160648119745,0.00044413738302957566,1.361411881080107,0.005048732368185501,0.28713193024241085,0.5834867736420235
2.4014634146341,1.7647293277809797,0.0,34.53447570499794,0.0004417021983255115,1.3618554922465265,0.005048256621249253,0.28717163176680116,0.5824636566678063
2.4019634146341002,1.7656621021712253,0.0,34.32764671394967,0.00043928067366153206,1.36229348398758,0.005047784878011433,0.28721080829119144,0.5814522686866745
2.4024634146341004,1.7665823765614708,0.0,34.12111865020499,0.0004368727340024669,1.362725856605956,0.005047317113271194,0.28724945981558175,0.5804526560888887
2.4029634146341,1.7674901509517154,0.0,33.91489070536934,0.00043447830431314545,1.3631526104043423,0.0050468533017844494,0.28728758633997203,0.5794648646572449
2.4034634146341,1.7683854253419602,0.0,33.708962120713885,0.00043209730955839286,1.3635737456854287,0.0050463934182679955,0.28732518786436234,0.5784889395671787
2.4039634146341,1.7692681997322057,0.0,33.50333218732403,0.0004297296747030343,1.3639892627519035,0.005045937437403567,0.2873622643887526,0.5775249253868807
2.4044634146341,1.770138474122451,0.0,33.29800024631943,0.00042737532471189915,1.3643991619064553,0.0050454853338418445,0.2873988159131429,0.5765728660774012
2.4049634146341,1.7709962485126958,0.0,33.09296568901382,0.00042503418454981686,1.3648034434517722,0.005045037082206408,0.2874348424375332,0.5756328049927604
2.4054634146340996,1.7718415229029405,0.0,32.88822795708091,0.0004227061791816126,1.3652021076905436,0.005044592657097639,0.2874703439619235,0.5747047848800528
2.4059634146341,1.7726742972931862,0.0,32.6837865427764,0.00042039123357211157,1.3655951549254581,0.00504415203309657,0.28750532048631383,0.5737888478795609
2.4064634146341,1.7734945716834316,0.0,32.47964098908641,0.0004180892726861432,1.365982585459204,0.005043715184768681,0.28753977201070413,0.572885035524861
2.4069634146340997,1.7743023460736762,0.0,32.275790889964114,0.00041580022148853684,1.36636439959447,0.005043282086667644,0.2875736985350944,0.5719933887429319
2.4074634146340994,1.775097620463921,0.0,32.07232883368408,0.000413524011325813,1.3667405898403095,0.0050428527137997845,0.2876071000594847,0.5711139660828504
2.4079634146340996,1.7758803948541666,0.0,31.86937405080984,0.0004112605802645682,1.3671111463697483,0.0050424270423050825,0.28763997658387497,0.5702468310302591
2.4084634146340997,1.776650669244412,0.0,31.666513813619662,0.0004090098335167271,1.3674761041219683,0.005042005046417809,0.2876723281082653,0.5693919416433046
2.4089634146340995,1.7774084436346569,0.0,31.463744029475695,0.000406771703117265,1.3678354638898886,0.005041586702117919,0.2877041546326556,0.5685493351559644
2.409463414634099,1.7781537180249016,0.0,31.261060740920723,0.00040454612110115307,1.3681892264664293,0.005041171985364338,0.2877354561570459,0.5677190481953205
2.4099634146340994,1.778886492415147,0.0,31.05846012647924,0.00040233301950336284,1.3685373926445104,0.0050407608720985314,0.2877662326814362,0.5669011167818432
2.4104634146340995,1.7796067668053925,0.0,30.855938501535924,0.00040013233035886953,1.3688799632170512,0.005040353338248021,0.2877964842058265,0.5660955763296779
2.4109634146340992,1.7803145411956374,0.0,30.65349231919274,0.00039794398570264835,1.3692169389769708,0.0050399493597298554,0.28782621073021675,0.5653024616469253
2.411463414634099,1.7810098155858822,0.0,30.451118171133224,0.00039576791756967074,1.3695483207171897,0.0050395489124540295,0.28785541225460703,0.5645218069359219
2.411963414634099,1.7816925899761278,0.0,30.248812788538906,0.000393604057994908,1.369874109230627,0.005039151972326854,0.28788408877899735,0.5637536457935274
2.4124634146340993,1.7823628643663731,0.0,30.0465730429676,0.0003914523390133355,1.3701943053102026,0.0050387585152542845,0.2879122403033877,0.5629980112114048
2.412963414634099,1.783020638756618,0.0,29.844395947283925,0.0003893126926599284,1.3705089097488359,0.005038368517145193,0.28793986682777795,0.5622549355763042
2.4134634146340987,1.7836659131468628,0.0,29.642278656620654,0.00038718505096965803,1.3708179233394464,0.005037981953914589,0.28796696835216823,0.5615244506703458
2.413963414634099,1.7842986875371083,0.0,29.440218469281863,0.0003850693459774959,1.3711213468749541,0.005037598801486811,0.28799354487655854,0.560806587671301
2.414463414634099,1.7849189619273538,0.0,29.238212827728862,0.0003829655097184172,1.3714191811482788,0.005037219035798644,0.2880195964009489,0.5601013771528766
2.414963414634099,1.7855267363175986,0.0,29.03625931954913,0.0003808734742273971,1.3717114269523392,0.005036842632802411,0.2880451229253391,0.5594088490849995
2.4154634146340985,1.7861220107078435,0.0,28.834355678462916,0.000378793171539407,1.3719980850800557,0.005036469568469002,0.2880701244497294,0.5587290328340933
2.4159634146340987,1.786704785098089,0.0,28.632128121931476,0.00037672454084664443,1.3722791893087734,0.005036099823199601,0.28809460097411976,0.5580618788507733
2.416463414634099,1.7872750594883344,0.0,28.429521996812692,0.0003746675148193827,1.372554745474724,0.005035733373478556,0.28811855249851004,0.5574074031385957
2.4169634146340986,1.7878328338785794,0.0,28.226992001927762,0.0003726220201199255,1.3728247139752368,0.005035370190557013,0.28814197902290034,0.5567657291112338
2.4174634146340983,1.7883781082688242,0.0,28.02447310543444,0.00037058799441651253,1.3730891012639408,0.005035010252077909,0.2881648805472906,0.5561368702744418
2.4179634146340985,1.7889108826590696,0.0,27.821901338870447,0.0003685653753773835,1.373347913794465,0.005034653535675942,0.2881872570716809,0.5555208394940072
2.4184634146340986,1.789431157049315,0.0,27.619213806762133,0.00036655410067078166,1.3736011580204388,0.0050343000189809264,0.28820910859607124,0.5549176489980456
2.4189634146340984,1.7899389314395602,0.0,27.41634869715008,0.00036455410796495035,1.3738488403954907,0.005033949679621088,0.28823043512046154,0.5543273103792952
2.419463414634098,1.790434205829805,0.0,27.213245293067843,0.0003625653349281292,1.37409096737325,0.005033602495226318,0.2882512366448518,0.5537498345974043
2.4199634146340983,1.7909169802200504,0.0,27.009843984914276,0.00036058771922855794,1.374327545407346,0.0050332584434313625,0.2882715131692421,0.5531852319812223
2.4204634146340984,1.7913872546102958,0.0,26.806086283759292,0.0003586211985344799,1.3745585809514076,0.005032917501878969,0.2882912646936324,0.5526335122310837
2.420963414634098,1.7918450290005408,0.0,26.601914835569804,0.00035666571051413834,1.3747840804590634,0.005032579648222984,0.2883104912180227,0.5520946844210914
2.421463414634098,1.7922903033907858,0.0,26.397273436359136,0.0003547211928357729,1.375004050383943,0.005032244860131384,0.288329192742413,0.5515687570013943
2.421963414634098,1.7927230777810312,0.0,26.19210704829537,0.0003527875831676234,1.375218497179675,0.005031913115289273,0.2883473692668033,0.5510557378004662
2.422463414634098,1.7931433521712767,0.0,25.98636181663623,0.0003508648191779331,1.3754274272998892,0.005031584391401821,0.28836502079119364,0.5505556340273802
2.422963414634098,1.7935511265615216,0.0,25.77999002382103,0.0003489528386501307,1.3756308467365448,0.005031258666180919,0.28838214731558387,0.5500684533800587
2.4234634146340976,1.7939464009517667,0.0,25.57362092199251,0.0003470515909822674,1.3758286980170658,0.005030935914423335,0.2883987488399742,0.54959435505994
2.423963414634098,1.794329175342012,0.0,25.36664864089766,0.0003451610011589559,1.376021039201332,0.005030616115825606,0.2884148253643645,0.5491332209118318
2.424463414634098,1.7946994497322575,0.0,25.158947924408142,0.0003432810115739462,1.3762078838045837,0.005030299249609708,0.28843037688875484,0.5486850387859594
2.4249634146340977,1.7950572241225025,0.0,24.95039600688193,0.00034141156462098827,1.3763892453420619,0.00502998529499174,0.2884454034131451,0.5482497958891364
2.4254634146340974,1.7954024985127477,0.0,24.74087265971397,0.00033955260269382856,1.376565137329007,0.005029674231185217,0.28845990493753537,0.5478274787894963
2.4259634146340976,1.795735272902993,0.0,24.530260241942823,0.0003377040681862138,1.37673557328066,0.005029366037404315,0.2884738814619257,0.5474180734212131
2.4264634146340978,1.7960555472932385,0.0,24.31844375485741,0.00033586590349189385,1.3769005667122616,0.005029060692867057,0.288487332986316,0.5470215650892094
2.4269634146340975,1.7963633216834836,0.0,24.105310900741056,0.00033403805100461854,1.377060131139052,0.005028758176798441,0.2885002595107063,0.546637938473855
2.427463414634097,1.7966585960737287,0.0,23.89075214559971,0.00033222045311813447,1.3772142800762721,0.005028458468433514,0.2885126610350966,0.5462671776356498
2.4279634146340974,1.7969413704639738,0.0,23.674660785955826,0.0003304130522261883,1.3773630270391628,0.005028161547020394,0.2885245375594869,0.5459092660198983
2.4284634146340975,1.7972116448542192,0.0,23.456933019683092,0.00032861579072253,1.3775063855429646,0.005027867391823235,0.2885358890838772,0.5455641864613732
2.4289634146340973,1.7974694192444645,0.0,23.23746802095802,0.0003268286110009093,1.3776443691029177,0.005027575982125136,0.2885467156082675,0.5452319211889647
2.429463414634097,1.7977146936347095,0.0,23.01616801912421,0.0003250514554550728,1.3777769912342632,0.005027287297230994,0.2885570171326578,0.544912451830317
2.429963414634097,1.797947468024955,0.0,22.79264246016704,0.00032328426752930477,1.377904294887326,0.005027001318668099,0.2885667936570481,0.5446056884748502
2.4304634146340973,1.7981677424152003,0.0,22.566475042834096,0.0003215269919998143,1.3780263264960122,0.005026718028359332,0.2885760451814384,0.5443115321298801
2.430963414634097,1.7983755168054454,0.0,22.338219957655028,0.0003197795714036627,1.3781430360008473,0.005026437401295175,0.2885847717058287,0.5440301158292791
2.4314634146340968,1.7985707911956905,0.0,22.107461291927528,0.00031804195160022096,1.378254470373131,0.0050261594196857546,0.288592973230219,0.5437613381464993
2.431963414634097,1.798753565585936,0.0,21.873793655051234,0.0003163140784488602,1.378360676584162,0.00502588406567041,0.2886006497546093,0.5435050969858901
2.432463414634097,1.7989238399761813,0.0,21.63682258832574,0.00031459589780895455,1.37846170160524,0.005025611321322653,0.2886078012789996,0.5432612895984255
2.432963414634097,1.7990816143664266,0.0,21.39616502372728,0.0003128873555398781,1.3785575924076636,0.005025341168655026,0.2886144278033899,0.5430298125972999
2.4334634146340965,1.7992268887566716,0.0,21.151449791508583,0.0003111883975010019,1.3786483959627325,0.005025073589623878,0.2886205293277802,0.542810561973373
2.4339634146340967,1.799359663146917,0.0,20.902318176803607,0.00030949896955169713,1.3787341592417457,0.00502480856613405,0.2886261058521705,0.5426034331104848
2.434463414634097,1.7994799375371624,0.0,20.648425760274726,0.0003078190176341097,1.378814929086917,0.00502454608004856,0.2886311573765608,0.5424083211124812
2.4349634146340966,1.7995877119274075,0.0,20.389706861176325,0.00030614848880861664,1.378890724465186,0.0050242861116428315,0.2886356839009511,0.5422251878643065
2.4354634146340963,1.7996829863176529,0.0,20.125843510268144,0.00030448732964516895,1.3789615918431188,0.005024028642827638,0.2886396854253414,0.5420539282771983
2.4359634146340965,1.799765760707898,0.0,19.856246276916973,0.0003028354882005444,1.3790276081890744,0.005023773657554828,0.2886431619497317,0.5418943629798134
2.4364634146340967,1.7998360350981435,0.0,19.58034921312651,0.0003011929125315237,1.3790888504714112,0.00502352113966124,0.28864611347412206,0.5417463120161482
2.4369634146340964,1.7998938094883887,0.0,19.29761127440482,0.00029955955069488745,1.3791453956584874,0.005023271072874888,0.2886485399985123,0.5416095948691617
2.437463414634096,1.799939083878634,0.0,19.007517871981054,0.00029793535074741347,1.3791973207186623,0.005023023440821033,0.28865044152290265,0.5414840304840178
2.4379634146340963,1.7999718582688793,0.0,18.710194512976926,0.00029632026111270875,1.3792446354352776,0.0050227782231926235,0.2886518180472929,0.5413695997881485
2.4384634146340964,1.7999921326591246,0.0,18.40388389858197,0.0002947142308037591,1.3792875591015008,0.0050225354118527575,0.28865266957168323,0.541265776501357
2.438963414634096,1.7999999070493697,0.0,18.08825744510458,0.000293117209109828,1.3793261598571012,0.005022294989697342,0.28865299609607353,0.5411723993879622
2.439024390243908,1.8,0.0,18.049117359239055,0.00029292306420733785,1.379330574496858,0.00502226583252184,0.288653,0.5411617195532004
